3941.00486304007  6.992017E-17
3944.56397687865  6.901769E-17
3948.12309071723  4.887104E-17
3951.68220455581  4.501624E-17
3955.2413183944  6.270891E-17
3958.80043223298  5.808399E-17
3962.35954607156  6.454045E-17
3965.91865991014  5.532690E-17
3969.47777374872  5.947939E-17
3973.03688758731  6.896345E-17
3976.59600142589  7.205867E-17
3980.15511526447  6.327926E-17
3983.71422910305  6.144330E-17
3987.27334294163  6.528721E-17
3990.83245678022  6.923252E-17
3994.3915706188  6.030113E-17
3997.95068445738  5.649033E-17
4001.50979829596  5.438783E-17
4005.06891213454  5.729638E-17
4008.62802597313  6.204031E-17
4012.18713981171  6.314420E-17
4015.74625365029  6.389610E-17
4019.30536748887  6.634229E-17
4022.86448132745  5.489295E-17
4026.42359516604  6.275874E-17
4029.98270900462  7.648531E-17
4033.5418228432  7.180554E-17
4037.10093668178  6.722895E-17
4040.66005052037  6.127718E-17
4044.21916435895  7.643178E-17
4047.77827819753  6.449331E-17
4051.33739203611  7.295316E-17
4054.89650587469  6.189857E-17
4058.45561971328  6.427847E-17
4062.01473355186  7.320790E-17
4065.57384739044  7.265838E-17
4069.13296122902  6.326424E-17
4072.69207506761  6.175394E-17
4076.25118890619  6.659311E-17
4079.81030274477  6.136174E-17
4083.36941658335  6.091549E-17
4086.92853042193  6.954409E-17
4090.48764426052  7.307408E-17
4094.0467580991  7.004725E-17
4097.60587193768  6.969845E-17
4101.16498577626  7.029695E-17
4104.72409961484  7.188553E-17
4108.28321345343  5.970535E-17
4111.84232729201  6.405288E-17
4115.40144113059  6.575705E-17
4118.96055496917  6.587409E-17
4122.51966880775  6.124200E-17
4126.07878264634  5.819485E-17
4129.63789648492  6.253507E-17
4133.1970103235  6.291468E-17
4136.75612416208  5.808125E-17
4140.31523800067  6.371482E-17
4143.87435183925  6.812975E-17
4147.43346567783  5.945864E-17
4150.99257951641  6.577498E-17
4154.55169335499  6.884835E-17
4158.11080719358  6.032414E-17
4161.66992103216  5.763551E-17
4165.22903487074  6.125002E-17
4168.78814870932  5.899039E-17
4172.3472625479  7.246432E-17
4175.90637638649  7.114735E-17
4179.46549022507  7.301455E-17
4183.02460406365  7.364950E-17
4186.58371790223  6.723332E-17
4190.14283174082  6.503170E-17
4193.7019455794  6.539754E-17
4197.26105941798  6.148271E-17
4200.82017325656  6.741634E-17
4204.37928709514  7.087417E-17
4207.93840093373  6.270567E-17
4211.49751477231  5.434717E-17
4215.05662861089  5.933517E-17
4218.61574244947  5.834407E-17
4222.17485628805  5.861335E-17
4225.73397012664  5.948294E-17
4229.29308396522  5.826142E-17
4232.8521978038  6.186105E-17
4236.41131164238  5.905321E-17
4239.97042548096  5.658571E-17
4243.52953931955  5.851555E-17
4247.08865315813  5.967068E-17
4250.64776699671  6.075879E-17
4254.20688083529  6.740274E-17
4257.76599467388  6.173043E-17
4261.32510851246  6.298881E-17
4264.88422235104  6.818127E-17
4268.44333618962  6.205005E-17
4272.0024500282  6.360596E-17
4275.56156386678  6.278062E-17
4279.12067770537  6.102191E-17
4282.67979154395  6.114706E-17
4286.23890538253  6.007352E-17
4289.79801922111  6.160050E-17
4293.3571330597  6.124728E-17
4296.91624689828  6.324037E-17
4300.47536073686  6.550468E-17
4304.03447457544  6.287033E-17
4307.59358841402  5.436288E-17
4311.15270225261  5.630450E-17
4314.71181609119  6.419800E-17
4318.27092992977  5.667877E-17
4321.83004376835  6.576198E-17
4325.38915760693  6.708850E-17
4328.94827144552  6.289136E-17
4332.5073852841  6.176941E-17
4336.06649912268  6.381733E-17
4339.62561296126  6.174507E-17
4343.18472679985  6.138805E-17
4346.74384063843  5.536210E-17
4350.30295447701  5.753518E-17
4353.86206831559  5.522537E-17
4357.42118215417  6.163607E-17
4360.98029599276  6.452035E-17
4364.53940983134  6.469376E-17
4368.09852366992  6.537247E-17
4371.6576375085  6.003063E-17
4375.21675134709  5.688387E-17
4378.77586518567  6.334842E-17
4382.33497902425  6.418627E-17
4385.89409286283  6.155879E-17
4389.45320670141  6.603681E-17
4393.01232054  5.953781E-17
4396.57143437858  5.909956E-17
4400.13054821716  6.448049E-17
4403.68966205574  6.303550E-17
4407.24877589432  5.889942E-17
4410.80788973291  6.118899E-17
4414.36700357149  5.870030E-17
4417.92611741007  6.050365E-17
4421.48523124865  5.434351E-17
4425.04434508723  6.082864E-17
4428.60345892582  6.781002E-17
4432.1625727644  5.505491E-17
4435.72168660298  6.191094E-17
4439.28080044156  5.995701E-17
4442.83991428014  6.104258E-17
4446.39902811873  5.972246E-17
4449.95814195731  6.576136E-17
4453.51725579589  6.478239E-17
4457.07636963447  5.936501E-17
4460.63548347306  7.066636E-17
4464.19459731164  6.610845E-17
4467.75371115022  6.446988E-17
4471.3128249888  6.237593E-17
4474.87193882738  6.465099E-17
4478.43105266597  6.902334E-17
4481.99016650455  5.717277E-17
4485.54928034313  5.953087E-17
4489.10839418171  5.607561E-17
4492.66750802029  5.735533E-17
4496.22662185888  6.267808E-17
4499.78573569746  6.048681E-17
4503.34484953604  6.071991E-17
4506.90396337462  5.554612E-17
4510.4630772132  5.624069E-17
4514.02219105179  6.091819E-17
4517.58130489037  6.067815E-17
4521.14041872895  5.113412E-17
4524.69953256753  5.653918E-17
4528.25864640611  5.780285E-17
4531.8177602447  6.312171E-17
4535.37687408328  5.287551E-17
4538.93598792186  5.252695E-17
4542.49510176044  5.794752E-17
4546.05421559903  5.944815E-17
4549.61332943761  5.621064E-17
4553.17244327619  5.465313E-17
4556.73155711477  5.432460E-17
4560.29067095335  5.438859E-17
4563.84978479194  5.529779E-17
4567.40889863052  5.325831E-17
4570.9680124691  5.541013E-17
4574.52712630768  6.884786E-17
4578.08624014626  1.034981E-16
4581.64535398485  2.166765E-16
4585.20446782343  3.626502E-16
4588.76358166201  4.409485E-16
4592.32269550059  3.085839E-16
4595.88180933918  1.228004E-16
4599.44092317776  6.482411E-17
4603.00003701634  6.016079E-17
4606.55915085492  6.055932E-17
4610.1182646935  5.936597E-17
4613.67737853209  5.731296E-17
4617.23649237067  5.934924E-17
4620.79560620925  6.426418E-17
4624.35472004783  6.174235E-17
4627.91383388642  5.939525E-17
4631.472947725  6.423692E-17
4635.03206156358  6.030204E-17
4638.59117540216  5.962156E-17
4642.15028924074  6.467714E-17
4645.70940307932  6.309815E-17
4649.26851691791  6.393360E-17
4652.82763075649  6.606044E-17
4656.38674459507  6.785583E-17
4659.94585843365  7.413579E-17
4663.50497227224  7.117235E-17
4667.06408611082  6.514385E-17
4670.6231999494  6.627191E-17
4674.18231378798  6.220519E-17
4677.74142762656  6.592258E-17
4681.30054146515  5.958625E-17
4684.85965530373  6.605170E-17
4688.41876914231  6.755873E-17
4691.97788298089  7.116034E-17
4695.53699681948  7.097083E-17
4699.09611065806  7.160273E-17
4702.65522449664  6.931408E-17
4706.21433833522  6.540543E-17
4709.7734521738  6.340247E-17
4713.33256601239  6.511406E-17
4716.89167985097  6.626914E-17
4720.45079368955  6.493690E-17
4724.00990752813  6.672207E-17
4727.56902136671  6.466094E-17
4731.1281352053  6.711769E-17
4734.68724904388  6.916657E-17
4738.24636288246  6.586402E-17
4741.80547672104  6.687706E-17
4745.36459055962  7.078157E-17
4748.92370439821  7.312480E-17
4752.48281823679  7.514553E-17
4756.04193207537  8.308385E-17
4759.60104591395  1.012926E-16
4763.16015975253  1.105262E-16
4766.71927359112  8.951778E-17
4770.2783874297  7.210296E-17
4773.83750126828  6.752803E-17
4777.39661510686  7.275180E-17
4780.95572894545  7.922140E-17
4784.51484278403  8.746761E-17
4788.07395662261  9.258344E-17
4791.63307046119  7.703211E-17
4795.19218429978  5.925306E-17
4798.75129813836  5.831908E-17
4802.31041197694  5.924358E-17
4805.86952581552  6.642048E-17
4809.4286396541  7.134881E-17
4812.98775349268  7.277787E-17
4816.54686733127  7.239483E-17
4820.10598116985  6.817973E-17
4823.66509500843  7.063462E-17
4827.22420884701  7.074243E-17
4830.7833226856  7.002790E-17
4834.34243652418  6.610459E-17
4837.90155036276  5.852463E-17
4841.46066420134  6.064780E-17
4845.01977803993  6.464681E-17
4848.57889187851  6.726782E-17
4852.13800571709  7.117358E-17
4855.69711955567  7.032091E-17
4859.25623339425  7.395883E-17
4862.81534723283  7.015012E-17
4866.37446107142  6.963985E-17
4869.93357491  6.972734E-17
4873.49268874858  6.776628E-17
4877.05180258716  6.814978E-17
4880.61091642575  7.668867E-17
4884.17003026433  8.660490E-17
4887.72914410291  8.861016E-17
4891.28825794149  7.028366E-17
4894.84737178007  6.388189E-17
4898.40648561865  6.324611E-17
4901.96559945724  6.394460E-17
4905.52471329582  6.267298E-17
4909.0838271344  7.036050E-17
4912.64294097298  7.275883E-17
4916.20205481157  7.002357E-17
4919.76116865015  7.430370E-17
4923.32028248873  6.947220E-17
4926.87939632731  7.007218E-17
4930.43851016589  6.946061E-17
4933.99762400448  6.665006E-17
4937.55673784306  6.961346E-17
4941.11585168164  6.783944E-17
4944.67496552022  6.898760E-17
4948.23407935881  7.100909E-17
4951.79319319739  7.145549E-17
4955.35230703597  7.260621E-17
4958.91142087455  7.266044E-17
4962.47053471313  7.225437E-17
4966.02964855172  7.090705E-17
4969.5887623903  6.761192E-17
4973.14787622888  7.492710E-17
4976.70699006746  7.251413E-17
4980.26610390604  6.893421E-17
4983.82521774463  7.240696E-17
4987.38433158321  7.334718E-17
4990.94344542179  6.248706E-17
4994.50255926037  7.070444E-17
4998.06167309896  7.513380E-17
5001.62078693754  7.529044E-17
5005.17990077612  7.459320E-17
5008.7390146147  7.122122E-17
5012.29812845328  7.095038E-17
5015.85724229187  7.142448E-17
5019.41635613045  7.043256E-17
5022.97546996903  6.657835E-17
5026.53458380761  6.509167E-17
5030.09369764619  7.113207E-17
5033.65281148478  6.859581E-17
5037.21192532336  6.568907E-17
5040.77103916194  7.101243E-17
5044.33015300052  9.488466E-17
5047.88926683911  1.121780E-16
5051.44838067769  1.031507E-16
5055.00749451627  7.177438E-17
5058.56660835485  6.098295E-17
5062.12572219343  6.522282E-17
5065.68483603201  6.615983E-17
5069.2439498706  6.636581E-17
5072.80306370918  6.741065E-17
5076.36217754776  6.924483E-17
5079.92129138634  6.797954E-17
5083.48040522493  6.782227E-17
5087.03951906351  6.725671E-17
5090.59863290209  6.716272E-17
5094.15774674067  6.881587E-17
5097.71686057925  6.839918E-17
5101.27597441784  6.871278E-17
5104.83508825642  6.478966E-17
5108.394202095  6.960141E-17
5111.95331593358  6.467420E-17
5115.51242977217  6.439055E-17
5119.07154361075  6.713608E-17
5122.63065744933  6.730533E-17
5126.18977128791  6.630733E-17
5129.74888512649  6.834655E-17
5133.30799896508  6.738321E-17
5136.86711280366  6.420939E-17
5140.42622664224  6.680805E-17
5143.98534048082  6.602498E-17
5147.5444543194  6.183970E-17
5151.10356815798  6.450743E-17
5154.66268199657  7.038584E-17
5158.22179583515  6.640660E-17
5161.78090967373  6.400975E-17
5165.34002351231  6.578221E-17
5168.8991373509  6.453604E-17
5172.45825118948  6.488773E-17
5176.01736502806  6.565031E-17
5179.57647886664  6.784515E-17
5183.13559270523  6.775214E-17
5186.69470654381  6.565613E-17
5190.25382038239  6.599235E-17
5193.81293422097  6.730988E-17
5197.37204805955  6.509913E-17
5200.93116189814  6.293231E-17
5204.49027573672  6.160257E-17
5208.0493895753  6.295488E-17
5211.60850341388  6.327827E-17
5215.16761725246  6.462650E-17
5218.72673109105  6.795009E-17
5222.28584492963  6.422759E-17
5225.84495876821  6.672784E-17
5229.40407260679  6.463675E-17
5232.96318644537  5.878880E-17
5236.52230028396  6.039155E-17
5240.08141412254  6.030825E-17
5243.64052796112  5.805566E-17
5247.1996417997  6.579896E-17
5250.75875563829  6.535012E-17
5254.31786947687  6.012295E-17
5257.87698331545  6.043811E-17
5261.43609715403  6.001017E-17
5264.99521099261  6.421381E-17
5268.5543248312  6.544065E-17
5272.11343866978  6.260008E-17
5275.67255250836  6.684612E-17
5279.23166634694  6.587533E-17
5282.79078018552  6.053676E-17
5286.34989402411  6.250891E-17
5289.90900786269  6.006747E-17
5293.46812170127  6.357844E-17
5297.02723553985  6.112834E-17
5300.58634937843  5.877474E-17
5304.14546321702  5.795969E-17
5307.7045770556  5.987256E-17
5311.26369089418  6.064166E-17
5314.82280473276  6.060203E-17
5318.38191857135  5.866700E-17
5321.94103240993  5.903671E-17
5325.50014624851  6.060296E-17
5329.05926008709  6.021164E-17
5332.61837392567  7.454683E-17
5336.17748776426  1.066182E-16
5339.73660160284  1.389462E-16
5343.29571544142  1.475997E-16
5346.85482928  1.030654E-16
5350.41394311858  5.996703E-17
5353.97305695717  5.671406E-17
5357.53217079575  5.934484E-17
5361.09128463433  6.151504E-17
5364.65039847291  6.832350E-17
5368.20951231149  6.674025E-17
5371.76862615008  6.483794E-17
5375.32773998866  6.304585E-17
5378.88685382724  6.279229E-17
5382.44596766582  6.532166E-17
5386.00508150441  5.883004E-17
5389.56419534299  6.315715E-17
5393.12330918157  6.483763E-17
5396.68242302015  5.904011E-17
5400.24153685873  6.170726E-17
5403.80065069732  6.099736E-17
5407.3597645359  5.911434E-17
5410.91887837448  6.175635E-17
5414.47799221306  6.270623E-17
5418.03710605165  5.953134E-17
5421.59621989023  6.090552E-17
5425.15533372881  6.082867E-17
5428.71444756739  6.165717E-17
5432.27356140597  6.052060E-17
5435.83267524455  5.946462E-17
5439.39178908314  5.933484E-17
5442.95090292172  5.864269E-17
5446.5100167603  5.955850E-17
5450.06913059888  6.000068E-17
5453.62824443747  5.962202E-17
5457.18735827605  5.814159E-17
5460.74647211463  5.573601E-17
5464.30558595321  6.214632E-17
5467.86469979179  6.350506E-17
5471.42381363038  6.341286E-17
5474.98292746896  6.245891E-17
5478.54204130754  6.306656E-17
5482.10115514612  6.087838E-17
5485.66026898471  6.298111E-17
5489.21938282329  6.004515E-17
5492.77849666187  6.269936E-17
5496.33761050045  6.485370E-17
5499.89672433903  6.652517E-17
5503.45583817762  6.844556E-17
5507.0149520162  6.803954E-17
5510.57406585478  6.490019E-17
5514.13317969336  5.894124E-17
5517.69229353194  5.902889E-17
5521.25140737053  6.098432E-17
5524.81052120911  6.288184E-17
5528.36963504769  6.184786E-17
5531.92874888627  5.758548E-17
5535.48786272486  5.927380E-17
5539.04697656344  6.433034E-17
5542.60609040202  6.127860E-17
5546.1652042406  5.946546E-17
5549.72431807918  5.705719E-17
5553.28343191776  6.086737E-17
5556.84254575635  6.535362E-17
5560.40165959493  6.173729E-17
5563.96077343351  5.857576E-17
5567.51988727209  6.139974E-17
5571.07900111068  6.643992E-17
5574.63811494926  6.830826E-17
5578.19722878784  6.219983E-17
5581.75634262642  5.965333E-17
5585.315456465  6.100773E-17
5588.87457030359  6.162094E-17
5592.43368414217  6.036507E-17
5595.99279798075  5.914613E-17
5599.55191181933  5.842765E-17
5603.11102565791  5.843643E-17
5606.6701394965  5.729813E-17
5610.22925333508  6.013459E-17
5613.78836717366  5.796847E-17
5617.34748101224  5.696612E-17
5620.90659485082  5.839335E-17
5624.46570868941  5.847897E-17
5628.02482252799  6.010801E-17
5631.58393636657  6.056833E-17
5635.14305020515  5.874379E-17
5638.70216404374  5.723200E-17
5642.26127788232  5.580416E-17
5645.8203917209  5.728651E-17
5649.37950555948  6.404920E-17
5652.93861939806  6.015852E-17
5656.49773323665  5.760748E-17
5660.05684707523  6.021379E-17
5663.61596091381  6.250054E-17
5667.17507475239  6.155031E-17
5670.73418859098  6.479607E-17
5674.29330242956  6.311409E-17
5677.85241626814  6.037260E-17
5681.41153010672  5.919042E-17
5684.9706439453  6.262019E-17
5688.52975778388  5.697772E-17
5692.08887162247  5.669043E-17
5695.64798546105  6.083037E-17
5699.20709929963  6.032226E-17
5702.76621313821  5.670555E-17
5706.3253269768  5.768298E-17
5709.88444081538  6.084565E-17
5713.44355465396  5.909288E-17
5717.00266849254  5.754766E-17
5720.56178233112  6.141481E-17
5724.12089616971  5.859043E-17
5727.68001000829  5.559918E-17
5731.23912384687  6.246296E-17
5734.79823768545  6.029415E-17
5738.35735152404  6.201184E-17
5741.91646536262  6.166068E-17
5745.4755792012  5.737427E-17
5749.03469303978  5.981340E-17
5752.59380687836  6.215321E-17
5756.15292071694  6.031589E-17
5759.71203455553  5.982997E-17
5763.27114839411  6.108901E-17
5766.83026223269  6.076186E-17
5770.38937607127  5.945425E-17
5773.94848990986  6.059163E-17
5777.50760374844  5.813399E-17
5781.06671758702  5.826822E-17
5784.6258314256  5.518383E-17
5788.18494526418  5.705661E-17
5791.74405910277  5.625501E-17
5795.30317294135  5.554604E-17
5798.86228677993  5.771508E-17
5802.42140061851  5.739370E-17
5805.98051445709  5.545568E-17
5809.53962829568  5.690846E-17
5813.09874213426  5.755436E-17
5816.65785597284  5.648292E-17
5820.21696981142  5.942990E-17
5823.77608365001  5.728314E-17
5827.33519748859  5.534496E-17
5830.89431132717  5.987789E-17
5834.45342516575  5.814381E-17
5838.01253900433  5.540607E-17
5841.57165284292  6.193103E-17
5845.1307666815  6.209919E-17
5848.68988052008  5.815200E-17
5852.24899435866  5.787010E-17
5855.80810819724  5.850955E-17
5859.36722203583  5.508580E-17
5862.92633587441  5.074347E-17
5866.48544971299  5.120185E-17
5870.04456355157  5.365144E-17
5873.60367739016  5.736231E-17
5877.16279122874  6.203119E-17
5880.72190506732  5.687772E-17
5884.2810189059  5.667869E-17
5887.84013274448  4.899467E-17
5891.39924658307  4.911577E-17
5894.95836042165  4.984369E-17
5898.51747426023  5.604271E-17
5902.07658809881  5.299690E-17
5905.63570193739  5.742937E-17
5909.19481577598  5.652742E-17
5912.75392961456  5.739231E-17
5916.31304345314  5.590063E-17
5919.87215729172  5.346334E-17
5923.43127113031  5.781510E-17
5926.99038496889  5.467937E-17
5930.54949880747  5.220642E-17
5934.10861264605  5.399085E-17
5937.66772648463  5.645985E-17
5941.22684032322  5.731018E-17
5944.7859541618  5.176740E-17
5948.34506800038  5.167792E-17
5951.90418183896  5.478691E-17
5955.46329567754  5.706202E-17
5959.02240951613  5.688188E-17
5962.58152335471  5.744295E-17
5966.14063719329  5.632395E-17
5969.69975103187  6.135441E-17
5973.25886487046  9.214716E-17
5976.81797870904  1.701550E-16
5980.37709254762  2.653887E-16
5983.9362063862  2.857528E-16
5987.49532022478  1.822423E-16
5991.05443406337  6.905800E-17
5994.61354790195  5.376098E-17
5998.17266174053  5.205303E-17
6001.73177557911  5.641625E-17
6005.29088941769  5.475822E-17
6008.85000325628  5.173519E-17
6012.40911709486  5.174032E-17
6015.96823093344  5.406507E-17
6019.52734477202  5.187713E-17
6023.0864586106  4.977909E-17
6026.64557244919  5.432420E-17
6030.20468628777  5.443152E-17
6033.76380012635  5.362891E-17
6037.32291396493  5.561745E-17
6040.88202780352  5.366343E-17
6044.4411416421  5.183488E-17
6048.00025548068  5.406766E-17
6051.55936931926  5.849612E-17
6055.11848315784  5.397630E-17
6058.67759699643  5.333517E-17
6062.23671083501  5.127292E-17
6065.79582467359  5.195595E-17
6069.35493851217  5.319655E-17
6072.91405235076  5.249063E-17
6076.47316618934  5.300483E-17
6080.03228002792  4.845475E-17
6083.5913938665  4.987089E-17
6087.15050770508  5.715978E-17
6090.70962154366  6.275053E-17
6094.26873538225  9.889210E-17
6097.82784922083  1.828931E-16
6101.38696305941  2.628561E-16
6104.94607689799  2.504683E-16
6108.50519073657  1.359991E-16
6112.06430457516  5.871694E-17
6115.62341841374  5.184889E-17
6119.18253225232  5.287327E-17
6122.7416460909  5.166435E-17
6126.30075992949  5.013315E-17
6129.85987376807  5.325503E-17
6133.41898760665  5.318576E-17
6136.97810144523  5.425910E-17
6140.53721528382  5.257603E-17
6144.0963291224  5.694279E-17
6147.65544296098  6.781845E-17
6151.21455679956  1.066255E-16
6154.77367063814  2.856913E-16
6158.33278447673  5.524932E-16
6161.89189831531  7.026759E-16
6165.45101215389  5.089530E-16
6169.01012599247  1.820341E-16
6172.56923983105  6.078553E-17
6176.12835366964  5.493824E-17
6179.68746750822  5.074689E-17
6183.2465813468  4.674839E-17
6186.80569518538  4.821848E-17
6190.36480902396  5.107506E-17
6193.92392286254  5.042459E-17
6197.48303670113  5.184723E-17
6201.04215053971  5.088009E-17
6204.60126437829  5.193620E-17
6208.16037821687  5.027607E-17
6211.71949205546  4.976914E-17
6215.27860589404  5.068393E-17
6218.83771973262  5.286453E-17
6222.3968335712  5.310034E-17
6225.95594740979  5.091098E-17
6229.51506124837  5.407359E-17
6233.07417508695  5.261835E-17
6236.63328892553  4.809463E-17
6240.19240276411  5.021318E-17
6243.75151660269  5.211129E-17
6247.31063044128  4.606916E-17
6250.86974427986  4.765590E-17
6254.42885811844  4.902712E-17
6257.98797195702  4.705047E-17
6261.54708579561  4.991099E-17
6265.10619963419  5.113325E-17
6268.66531347277  4.839805E-17
6272.22442731135  4.803508E-17
6275.78354114993  4.714561E-17
6279.34265498852  4.896597E-17
6282.9017688271  4.745176E-17
6286.46088266568  4.745364E-17
6290.01999650426  5.045945E-17
6293.57911034285  4.681321E-17
6297.13822418143  4.483366E-17
6300.69733802001  4.938469E-17
6304.25645185859  4.921159E-17
6307.81556569717  4.965531E-17
6311.37467953576  4.900005E-17
6314.93379337434  4.667300E-17
6318.49290721292  4.804081E-17
6322.0520210515  4.799719E-17
6325.61113489008  4.619139E-17
6329.17024872867  4.330219E-17
6332.72936256725  4.335840E-17
6336.28847640583  4.579277E-17
6339.84759024441  4.501724E-17
6343.40670408299  4.875355E-17
6346.96581792158  4.921098E-17
6350.52493176016  4.817601E-17
6354.08404559874  4.787258E-17
6357.64315943732  4.892869E-17
6361.20227327591  4.503343E-17
6364.76138711449  4.759041E-17
6368.32050095307  4.820270E-17
6371.87961479165  4.538233E-17
6375.43872863023  4.603263E-17
6378.99784246882  4.630727E-17
6382.5569563074  4.745092E-17
6386.11607014598  4.756006E-17
6389.67518398456  4.891197E-17
6393.23429782314  5.234399E-17
6396.79341166173  5.336297E-17
6400.35252550031  5.049395E-17
6403.91163933889  4.740608E-17
6407.47075317747  4.772742E-17
6411.02986701605  4.445642E-17
6414.58898085464  4.386519E-17
6418.14809469322  4.628658E-17
6421.7072085318  4.535503E-17
6425.26632237038  4.673052E-17
6428.82543620897  4.789464E-17
6432.38455004755  4.858415E-17
6435.94366388613  4.774777E-17
6439.50277772471  4.470939E-17
6443.06189156329  4.665209E-17
6446.62100540188  4.947916E-17
6450.18011924046  4.810553E-17
6453.73923307904  4.692356E-17
6457.29834691762  4.605158E-17
6460.8574607562  4.685658E-17
6464.41657459479  4.787162E-17
6467.97568843337  4.721884E-17
6471.53480227195  4.796203E-17
6475.09391611053  4.701919E-17
6478.65302994912  4.747421E-17
6482.2121437877  4.792096E-17
6485.77125762628  4.598607E-17
6489.33037146486  4.889324E-17
6492.88948530344  4.863847E-17
6496.44859914203  4.982986E-17
6500.00771298061  4.987539E-17
6503.56682681919  4.694561E-17
6507.12594065777  4.444144E-17
6510.68505449635  4.688244E-17
6514.24416833494  4.689381E-17
6517.80328217352  4.536155E-17
6521.3623960121  4.734684E-17
6524.92150985068  4.627487E-17
6528.48062368926  4.547088E-17
6532.03973752785  4.848431E-17
6535.59885136643  5.000427E-17
6539.15796520501  4.879780E-17
6542.71707904359  4.919025E-17
6546.27619288218  4.777715E-17
6549.83530672076  4.862079E-17
6553.39442055934  4.679214E-17
6556.95353439792  4.438542E-17
6560.5126482365  4.709310E-17
6564.07176207509  4.678498E-17
6567.63087591367  4.675816E-17
6571.18998975225  4.742601E-17
6574.74910359083  4.903414E-17
6578.30821742942  4.711262E-17
6581.867331268  4.539454E-17
6585.42644510658  4.837153E-17
6588.98555894516  5.059862E-17
6592.54467278374  5.169166E-17
6596.10378662232  4.840936E-17
6599.6629004609  4.830223E-17
6603.22201429949  4.719622E-17
6606.78112813807  4.518284E-17
6610.34024197665  4.760447E-17
6613.89935581524  4.915229E-17
6617.45846965382  5.160203E-17
6621.0175834924  5.079098E-17
6624.57669733098  4.693173E-17
6628.13581116956  4.804844E-17
6631.69492500815  4.725303E-17
6635.25403884673  4.778742E-17
6638.81315268531  4.708435E-17
6642.37226652389  4.860646E-17
6645.93138036248  4.669276E-17
6649.49049420106  4.547533E-17
6653.04960803964  4.784904E-17
6656.60872187822  4.860948E-17
6660.1678357168  5.119581E-17
6663.72694955539  4.853847E-17
6667.28606339397  4.567205E-17
6670.84517723255  4.862065E-17
6674.40429107113  4.720876E-17
6677.96340490971  4.689348E-17
6681.5225187483  4.915318E-17
6685.08163258688  4.761810E-17
6688.64074642546  4.926017E-17
6692.19986026404  4.772031E-17
6695.75897410262  4.681462E-17
6699.31808794121  4.864140E-17
6702.87720177979  4.830371E-17
6706.43631561837  4.705776E-17
6709.99542945695  4.689413E-17
6713.55454329554  4.672243E-17
6717.11365713412  4.714121E-17
6720.6727709727  4.712469E-17
6724.23188481128  4.774591E-17
6727.79099864986  4.889394E-17
6731.35011248844  4.882291E-17
6734.90922632703  4.680032E-17
6738.46834016561  4.708006E-17
6742.02745400419  4.595101E-17
6745.58656784277  4.618010E-17
6749.14568168136  4.652690E-17
6752.70479551994  4.619183E-17
6756.26390935852  4.697838E-17
6759.8230231971  4.944436E-17
6763.38213703568  4.656033E-17
6766.94125087427  4.670529E-17
6770.50036471285  4.211398E-17
6774.05947855143  4.506406E-17
6777.61859239001  4.780025E-17
6781.17770622859  4.610729E-17
6784.73682006718  4.852489E-17
6788.29593390576  5.010918E-17
6791.85504774434  5.001730E-17
6795.41416158292  4.782608E-17
6798.97327542151  4.778752E-17
6802.53238926009  4.782421E-17
6806.09150309867  4.793738E-17
6809.65061693725  4.664647E-17
6813.20973077583  4.835856E-17
6816.76884461441  4.736036E-17
6820.327958453  4.481091E-17
6823.88707229158  4.374890E-17
6827.44618613016  5.057525E-17
6831.00529996874  5.002845E-17
6834.56441380733  4.738499E-17
6838.12352764591  4.923649E-17
6841.68264148449  4.837884E-17
6845.24175532307  4.673274E-17
6848.80086916165  4.644850E-17
6852.35998300024  4.689095E-17
6855.91909683882  4.780319E-17
6859.4782106774  4.786431E-17
6863.03732451598  4.623348E-17
6866.59643835457  4.458543E-17
6870.15555219315  4.118421E-17
6873.71466603173  4.217917E-17
6877.27377987031  4.272566E-17
6880.83289370889  4.468578E-17
6884.39200754748  4.710890E-17
6887.95112138606  4.806166E-17
6891.51023522464  4.465077E-17
6895.06934906322  4.059818E-17
6898.6284629018  4.249037E-17
6902.18757674039  4.310828E-17
6905.74669057897  4.476930E-17
6909.30580441755  4.364559E-17
6912.86491825613  4.027937E-17
6916.42403209471  4.164300E-17
6919.9831459333  4.313479E-17
6923.54225977188  4.363936E-17
6927.10137361046  4.314833E-17
6930.66048744904  4.156553E-17
6934.21960128763  4.603858E-17
6937.77871512621  4.528170E-17
6941.33782896479  4.256899E-17
6944.89694280337  4.590516E-17
6948.45605664195  4.284612E-17
6952.01517048054  4.266380E-17
6955.57428431912  4.678083E-17
6959.1333981577  4.280620E-17
6962.69251199628  4.440314E-17
6966.25162583486  4.753617E-17
6969.81073967345  4.876318E-17
6973.36985351203  4.885658E-17
6976.92896735061  4.362126E-17
6980.48808118919  4.526379E-17
6984.04719502778  4.740109E-17
6987.60630886636  4.307228E-17
6991.16542270494  4.402301E-17
6994.72453654352  4.361170E-17
6998.2836503821  4.236140E-17
7001.84276422069  4.123824E-17
7005.40187805927  4.578322E-17
7008.96099189785  4.503000E-17
7012.52010573643  4.332951E-17
7016.07921957501  4.394707E-17
7019.6383334136  4.364643E-17
7023.19744725218  4.303906E-17
7026.75656109076  4.595379E-17
7030.31567492934  4.497414E-17
7033.87478876792  4.256844E-17
7037.43390260651  4.456087E-17
7040.99301644509  4.491601E-17
7044.55213028367  4.358603E-17
7048.11124412225  4.154049E-17
7051.67035796084  4.183057E-17
7055.22947179942  4.533701E-17
7058.788585638  4.416915E-17
7062.34769947658  4.323479E-17
7065.90681331516  4.424985E-17
7069.46592715375  4.486500E-17
7073.02504099233  4.316745E-17
7076.58415483091  4.512576E-17
7080.14326866949  4.920129E-17
7083.70238250808  4.811657E-17
7087.26149634666  4.704562E-17
7090.82061018524  4.254587E-17
7094.37972402382  4.380736E-17
7097.9388378624  4.513613E-17
7101.49795170099  4.304786E-17
7105.05706553957  4.346408E-17
7108.61617937815  4.079561E-17
7112.17529321673  4.235854E-17
7115.73440705531  4.330926E-17
7119.2935208939  4.272003E-17
7122.85263473248  4.345068E-17
7126.41174857106  4.478598E-17
7129.97086240964  4.475790E-17
7133.52997624823  4.632783E-17
7137.08909008681  4.332027E-17
7140.64820392539  4.489983E-17
7144.20731776397  4.409566E-17
7147.76643160255  4.043207E-17
7151.32554544113  4.322160E-17
7154.88465927972  4.700754E-17
7158.4437731183  4.440579E-17
7162.00288695688  4.448246E-17
7165.56200079546  4.439866E-17
7169.12111463405  4.189450E-17
7172.68022847263  4.179005E-17
7176.23934231121  4.146608E-17
7179.79845614979  4.406940E-17
7183.35756998837  4.313664E-17
7186.91668382696  3.931745E-17
7190.47579766554  4.201728E-17
7194.03491150412  4.226619E-17
7197.5940253427  4.186159E-17
7201.15313918129  4.112664E-17
7204.71225301987  4.008281E-17
7208.27136685845  4.187776E-17
7211.83048069703  4.153226E-17
7215.38959453561  4.435865E-17
7218.94870837419  4.628105E-17
7222.50782221278  5.393117E-17
7226.06693605136  6.762713E-17
7229.62604988994  7.757039E-17
7233.18516372852  7.895510E-17
7236.7442775671  6.003029E-17
7240.30339140569  4.611066E-17
7243.86250524427  4.290695E-17
7247.42161908285  3.945060E-17
7250.98073292143  3.768145E-17
7254.53984676002  4.014649E-17
7258.0989605986  4.397583E-17
7261.65807443718  4.206894E-17
7265.21718827576  4.230981E-17
7268.77630211434  4.130100E-17
7272.33541595293  4.287456E-17
7275.89452979151  4.022892E-17
7279.45364363009  4.555730E-17
7283.01275746867  4.498743E-17
7286.57187130726  4.575020E-17
7290.13098514584  4.242511E-17
7293.69009898442  4.270324E-17
7297.249212823  4.311807E-17
7300.80832666159  4.104665E-17
7304.36744050017  4.259121E-17
7307.92655433875  4.384426E-17
7311.48566817733  4.185879E-17
7315.04478201591  4.097199E-17
7318.60389585449  3.989098E-17
7322.16300969308  4.251119E-17
7325.72212353166  3.931342E-17
7329.28123737024  4.171353E-17
7332.84035120882  4.094452E-17
7336.3994650474  4.495217E-17
7339.95857888599  4.097338E-17
7343.51769272457  4.206650E-17
7347.07680656315  4.444193E-17
7350.63592040173  4.111136E-17
7354.19503424031  4.382850E-17
7357.7541480789  4.338522E-17
7361.31326191748  3.905832E-17
7364.87237575606  3.642035E-17
7368.43148959464  3.770150E-17
7371.99060343323  3.918481E-17
7375.54971727181  4.114819E-17
7379.10883111039  4.065298E-17
7382.66794494897  4.100241E-17
7386.22705878755  4.257445E-17
7389.78617262614  4.161539E-17
7393.34528646472  4.142064E-17
7396.9044003033  4.225267E-17
7400.46351414188  4.103927E-17
7404.02262798046  4.099381E-17
7407.58174181905  4.299021E-17
7411.14085565763  4.188661E-17
7414.69996949621  4.227947E-17
7418.25908333479  4.277329E-17
7421.81819717337  4.036482E-17
7425.37731101196  4.083452E-17
7428.93642485054  4.149834E-17
7432.49553868912  4.404895E-17
7436.0546525277  4.286008E-17
7439.61376636629  4.098878E-17
7443.17288020487  4.253121E-17
7446.73199404345  4.202152E-17
7450.29110788203  4.114355E-17
7453.85022172061  4.045310E-17
7457.4093355592  4.212129E-17
7460.96844939778  3.919048E-17
7464.52756323636  4.099682E-17
7468.08667707494  4.052816E-17
7471.64579091353  4.047330E-17
7475.20490475211  4.127165E-17
7478.76401859069  4.021633E-17
7482.32313242927  3.715903E-17
7485.88224626785  4.056456E-17
7489.44136010644  4.321542E-17
7493.00047394502  3.879126E-17
7496.5595877836  4.102987E-17
7500.11870162218  3.663493E-17
7503.67781546076  3.546929E-17
7507.23692929935  3.941698E-17
7510.79604313793  3.956056E-17
7514.35515697651  4.064783E-17
7517.91427081509  4.109982E-17
7521.47338465367  4.052143E-17
7525.03249849226  3.940721E-17
7528.59161233084  3.973759E-17
7532.15072616942  4.018005E-17
7535.709840008  3.868513E-17
7539.26895384659  4.001046E-17
7542.82806768517  3.919313E-17
7546.38718152375  3.661497E-17
7549.94629536233  3.843074E-17
7553.50540920091  3.826226E-17
7557.0645230395  3.639766E-17
7560.62363687808  3.672847E-17
7564.18275071666  3.907959E-17
7567.74186455524  3.841928E-17
7571.30097839382  3.685358E-17
7574.86009223241  3.496487E-17
7578.41920607099  3.622848E-17
7581.97831990957  3.469976E-17
7585.53743374815  3.390158E-17
7589.09654758674  3.630928E-17
7592.65566142532  3.681948E-17
7596.2147752639  3.398367E-17
7599.77388910248  3.268084E-17
7603.33300294106  3.579420E-17
7606.89211677965  3.596136E-17
7610.45123061823  3.359282E-17
7614.01034445681  3.342847E-17
7617.56945829539  3.498327E-17
7621.12857213397  3.430909E-17
7624.68768597256  3.391145E-17
7628.24679981114  3.382327E-17
7631.80591364972  3.465803E-17
7635.3650274883  3.367568E-17
7638.92414132688  3.268515E-17
7642.48325516546  3.538331E-17
7646.04236900405  3.375675E-17
7649.60148284263  3.223402E-17
7653.16059668121  3.354720E-17
7656.7197105198  3.457053E-17
7660.27882435838  3.344450E-17
7663.83793819696  3.197303E-17
7667.39705203554  3.170734E-17
7670.95616587412  3.527949E-17
7674.51527971271  3.257258E-17
7678.07439355129  3.287182E-17
7681.63350738987  3.287156E-17
7685.19262122845  3.217015E-17
7688.75173506703  3.309888E-17
7692.31084890562  3.184571E-17
7695.8699627442  3.344121E-17
7699.42907658278  3.247754E-17
7702.98819042136  3.123953E-17
7706.54730425995  3.126046E-17
7710.10641809853  3.344347E-17
7713.66553193711  3.131813E-17
7717.22464577569  3.345993E-17
7720.78375961427  3.632246E-17
7724.34287345286  3.470613E-17
7727.90198729144  3.251329E-17
7731.46110113002  3.275905E-17
7735.0202149686  3.493902E-17
7738.57932880718  3.487989E-17
7742.13844264577  3.478063E-17
7745.69755648435  3.807541E-17
7749.25667032293  4.347412E-17
7752.81578416151  4.873443E-17
7756.37489800009  4.706857E-17
7759.93401183868  3.790917E-17
7763.49312567726  3.330569E-17
7767.05223951584  3.417120E-17
7770.61135335442  3.326767E-17
7774.17046719301  3.410334E-17
7777.72958103159  3.285334E-17
7781.28869487017  3.305495E-17
7784.84780870875  3.246111E-17
7788.40692254733  2.973580E-17
7791.96603638592  3.251216E-17
7795.5251502245  3.557860E-17
7799.08426406308  3.172348E-17
7802.64337790166  2.973889E-17
7806.20249174024  3.031600E-17
7809.76160557883  3.213670E-17
7813.32071941741  2.989304E-17
7816.87983325599  3.034689E-17
7820.43894709457  3.000778E-17
7823.99806093315  3.201238E-17
7827.55717477174  3.416650E-17
7831.11628861032  3.612836E-17
7834.6754024489  3.816046E-17
7838.23451628748  3.208441E-17
7841.79363012607  2.937203E-17
7845.35274396465  3.205254E-17
7848.91185780323  2.942827E-17
7852.47097164181  2.850588E-17
7856.03008548039  2.948932E-17
7859.58919931897  2.897897E-17
7863.14831315756  3.162965E-17
7866.70742699614  3.228786E-17
7870.26654083472  2.932335E-17
7873.8256546733  2.969495E-17
7877.38476851189  3.082014E-17
7880.94388235047  2.752984E-17
7884.50299618905  3.024316E-17
7888.06211002763  3.088123E-17
7891.62122386621  2.931000E-17
7895.1803377048  3.224971E-17
7898.73945154338  2.928700E-17
7902.29856538196  2.598141E-17
7905.85767922054  3.011325E-17
7909.41679305912  2.915667E-17
7912.97590689771  3.183737E-17
7916.53502073629  3.581934E-17
7920.09413457487  3.106114E-17
7923.65324841345  3.013585E-17
7927.21236225204  2.939234E-17
7930.77147609062  2.864529E-17
7934.3305899292  2.910204E-17
7937.88970376778  2.918477E-17
7941.44881760637  2.890102E-17
7945.00793144495  3.168847E-17
7948.56704528353  3.058447E-17
7952.12615912211  2.893306E-17
7955.68527296069  2.993747E-17
7959.24438679928  2.949988E-17
7962.80350063786  3.007295E-17
7966.36261447644  3.589374E-17
7969.92172831502  2.927144E-17
7973.4808421536  2.768193E-17
7977.03995599218  2.655239E-17
7980.59906983077  2.814987E-17
7984.15818366935  2.980657E-17
7987.71729750793  2.709147E-17
7991.27641134651  3.191121E-17
7994.8355251851  3.107813E-17
7998.39463902368  2.930608E-17
8001.95375286226  2.789656E-17
8005.51286670084  3.108935E-17
8009.07198053942  2.930558E-17
8012.63109437801  2.998757E-17
8016.19020821659  2.869501E-17
8019.74932205517  3.110221E-17
8023.30843589375  2.832747E-17
8026.86754973234  3.011656E-17
8030.42666357092  3.113123E-17
8033.9857774095  3.105763E-17
8037.54489124808  2.814447E-17
8041.10400508666  2.761513E-17
8044.66311892524  2.888055E-17
8048.22223276383  3.347076E-17
8051.78134660241  4.546919E-17
8055.34046044099  6.584518E-17
8058.89957427957  7.800131E-17
8062.45868811816  8.290176E-17
8066.01780195674  1.263797E-16
8069.57691579532  2.893620E-16
8073.1360296339  5.263470E-16
8076.69514347248  6.517949E-16
8080.25425731107  5.167042E-16
8083.81337114965  2.132261E-16
8087.37248498823  6.381818E-17
8090.93159882681  4.710738E-17
8094.49071266539  7.031087E-17
8098.04982650398  1.139884E-16
8101.60894034256  1.444733E-16
8105.16805418114  1.270835E-16
8108.72716801972  7.216481E-17
8112.28628185831  3.328795E-17
8115.84539569689  2.347059E-17
8119.40450953547  2.399994E-17
8122.96362337405  2.773892E-17
8126.52273721263  2.407199E-17
8130.08185105122  2.358262E-17
8133.6409648898  2.217218E-17
8137.20007872838  2.572195E-17
8140.75919256696  2.604663E-17
8144.31830640554  2.301936E-17
8147.87742024413  2.124413E-17
8151.43653408271  2.310060E-17
8154.99564792129  2.297334E-17
8158.55476175987  2.228846E-17
8162.11387559845  2.129326E-17
8165.67298943704  2.110102E-17
8169.23210327562  2.064366E-17
8172.7912171142  2.090153E-17
8176.35033095278  2.085185E-17
8179.90944479137  2.053978E-17
8183.46855862995  1.983990E-17
8187.02767246853  2.107765E-17
8190.58678630711  2.074899E-17
8194.14590014569  2.115147E-17
8197.70501398428  1.984958E-17
8201.26412782286  1.908227E-17
8204.82324166144  2.115728E-17
8208.38235550002  2.033834E-17
8211.94146933861  2.118515E-17
