3942.28001510891  2.476493E-17
3945.83689642503  2.353380E-17
3949.39377774115  2.230266E-17
3952.95065905726  2.107152E-17
3956.50754037338  1.984039E-17
3960.0644216895  1.813094E-17
3963.62130300562  2.055223E-17
3967.17818432173  2.297353E-17
3970.73506563785  2.539482E-17
3974.29194695397  1.429932E-17
3977.84882827008  4.244903E-17
3981.4057095862  4.331401E-17
3984.96259090232  5.068134E-17
3988.51947221844  1.681567E-17
3992.07635353455  1.713789E-17
3995.63323485067  7.127009E-17
3999.19011616679  1.580549E-18
4002.74699748291  8.709689E-18
4006.30387879902  -4.706395E-19
4009.86076011514  1.287971E-17
4013.41764143126  2.402575E-17
4016.97452274737  -3.136658E-18
4020.53140406349  1.069241E-17
4024.08828537961  4.304524E-17
4027.64516669573  1.436132E-17
4031.20204801185  1.052683E-17
4034.75892932796  9.264258E-18
4038.31581064408  1.528732E-17
4041.8726919602  1.696434E-17
4045.42957327631  3.791116E-17
4048.98645459243  2.443309E-17
4052.54333590855  5.866558E-18
4056.10021722467  3.348847E-17
4059.65709854078  4.086723E-17
4063.2139798569  3.866496E-17
4066.77086117302  2.849951E-17
4070.32774248914  1.912623E-17
4073.88462380525  4.927328E-17
4077.44150512137  4.910538E-18
4080.99838643749  3.482462E-17
4084.55526775361  1.551681E-17
4088.11214906972  4.319229E-19
4091.66903038584  1.996030E-17
4095.22591170196  1.862834E-17
4098.78279301807  2.453763E-17
4102.33967433419  3.148840E-17
4105.89655565031  1.714971E-17
4109.45343696642  4.618348E-19
4113.01031828254  1.171469E-17
4116.56719959866  3.282170E-17
4120.12408091478  2.320531E-17
4123.68096223089  4.075321E-17
4127.23784354701  1.423950E-17
4130.79472486313  1.175251E-17
4134.35160617925  1.341993E-17
4137.90848749536  3.444396E-17
4141.46536881148  2.196501E-17
4145.0222501276  4.686290E-18
4148.57913144372  2.156415E-17
4152.13601275983  1.267265E-17
4155.69289407595  2.845244E-17
4159.24977539207  9.272689E-18
4162.80665670819  1.305770E-17
4166.3635380243  1.716833E-17
4169.92041934042  -1.276944E-20
4173.47730065654  3.548207E-18
4177.03418197265  -2.408365E-18
4180.59106328877  -1.259703E-17
4184.14794460489  -1.401370E-17
4187.70482592101  -5.826647E-18
4191.26170723712  4.460181E-18
4194.81858855324  1.440761E-17
4198.37546986936  3.770788E-18
4201.93235118547  4.703432E-18
4205.48923250159  2.717393E-17
4209.04611381771  3.428736E-17
4212.60299513383  1.697102E-17
4216.15987644995  1.093885E-17
4219.71675776606  1.793250E-17
4223.27363908218  -5.983764E-18
4226.8305203983  8.637201E-18
4230.38740171441  2.345619E-17
4233.94428303053  -2.071242E-18
4237.50116434665  1.106040E-17
4241.05804566277  2.150947E-17
4244.61492697888  9.116349E-18
4248.171808295  9.303992E-18
4251.72868961112  1.491078E-17
4255.28557092724  -2.855601E-18
4258.84245224335  -4.451066E-18
4262.39933355947  4.589016E-18
4265.95621487559  1.221664E-17
4269.5130961917  2.408647E-17
4273.06997750782  2.461701E-17
4276.62685882394  2.063010E-17
4280.18374014006  1.040891E-17
4283.74062145617  1.577523E-17
4287.29750277229  -1.801806E-18
4290.85438408841  2.286935E-17
4294.41126540453  1.400936E-17
4297.96814672064  1.666371E-17
4301.52502803676  1.878293E-17
4305.08190935288  2.665407E-17
4308.638790669  2.650281E-17
4312.19567198511  4.674888E-18
4315.75255330123  2.972439E-18
4319.30943461735  1.057241E-17
4322.86631593346  2.437082E-17
4326.42319724958  1.978090E-17
4329.9800785657  9.132811E-18
4333.53695988182  1.169979E-17
4337.09384119793  1.186182E-17
4340.65072251405  1.211496E-17
4344.20760383017  1.636436E-17
4347.76448514629  2.486627E-17
4351.3213664624  1.895536E-17
4354.87824777852  1.001129E-17
4358.43512909464  1.967955E-17
4361.99201041075  1.549983E-17
4365.54889172687  3.965644E-18
4369.10577304299  1.568773E-17
4372.66265435911  2.427760E-17
4376.21953567522  9.869851E-18
4379.77641699134  8.182477E-18
4383.33329830746  9.254061E-18
4386.89017962358  8.074361E-18
4390.44706093969  1.416156E-17
4394.00394225581  9.015374E-18
4397.56082357193  -7.455156E-19
4401.11770488805  1.045990E-17
4404.67458620416  2.223580E-17
4408.23146752028  1.694515E-17
4411.7883488364  1.908922E-17
4415.34523015251  1.340190E-17
4418.90211146863  1.518920E-17
4422.45899278475  2.677669E-18
4426.01587410087  1.138571E-17
4429.57275541698  2.644983E-17
4433.1296367331  2.564631E-17
4436.68651804922  2.412169E-17
4440.24339936534  3.245795E-17
4443.80028068145  2.861027E-17
4447.35716199757  3.854112E-17
4450.91404331369  2.753272E-17
4454.47092462981  3.968219E-17
4458.02780594592  3.155916E-17
4461.58468726204  1.104528E-17
4465.14156857816  3.316614E-17
4468.69844989427  2.086031E-17
4472.25533121039  2.324015E-17
4475.81221252651  2.882065E-17
4479.36909384263  3.186209E-17
4482.92597515874  4.292697E-18
4486.48285647486  1.622163E-17
4490.03973779098  2.589039E-17
4493.5966191071  2.185873E-17
4497.15350042321  1.599740E-17
4500.71038173933  2.730895E-17
4504.26726305545  1.370443E-17
4507.82414437157  5.804024E-18
4511.38102568768  2.124514E-17
4514.9379070038  1.023786E-17
4518.49478831992  8.379310E-18
4522.05166963603  7.532782E-19
4525.60855095215  9.120749E-18
4529.16543226827  5.590969E-18
4532.72231358439  6.819279E-18
4536.2791949005  2.165741E-17
4539.83607621662  7.041856E-18
4543.39295753274  1.936402E-17
4546.94983884886  2.404636E-17
4550.50672016497  2.132264E-17
4554.06360148109  1.832477E-17
4557.62048279721  7.125522E-18
4561.17736411332  9.122144E-18
4564.73424542944  4.702181E-18
4568.29112674556  1.622827E-17
4571.84800806168  1.791380E-17
4575.40488937779  1.883565E-17
4578.96177069391  2.403180E-17
4582.51865201003  2.122985E-17
4586.07553332615  2.087284E-17
4589.63241464226  2.004927E-17
4593.18929595838  2.117646E-17
4596.7461772745  8.970762E-18
4600.30305859061  2.019616E-17
4603.85993990673  3.078873E-17
4607.41682122285  3.679868E-17
4610.97370253897  2.856386E-17
4614.53058385508  2.145862E-17
4618.0874651712  1.750033E-17
4621.64434648732  3.051787E-17
4625.20122780344  3.489053E-17
4628.75810911955  1.970423E-17
4632.31499043567  2.506911E-17
4635.87187175179  1.414923E-17
4639.42875306791  2.011224E-17
4642.98563438402  2.370900E-17
4646.54251570014  2.841008E-17
4650.09939701626  2.888565E-17
4653.65627833238  2.705801E-17
4657.21315964849  1.721042E-17
4660.77004096461  2.512920E-17
4664.32692228073  1.924764E-17
4667.88380359684  2.156337E-17
4671.44068491296  2.867227E-17
4674.99756622908  1.917770E-17
4678.5544475452  8.928357E-18
4682.11132886131  2.325371E-17
4685.66821017743  2.468181E-17
4689.22509149355  1.969765E-17
4692.78197280966  1.951002E-17
4696.33885412578  1.093830E-17
4699.8957354419  1.244509E-17
4703.45261675802  2.098909E-17
4707.00949807413  2.582716E-17
4710.56637939025  2.761623E-17
4714.12326070637  3.228889E-17
4717.68014202249  3.117911E-17
4721.2370233386  3.631219E-17
4724.79390465472  3.422722E-17
4728.35078597084  3.209619E-17
4731.90766728696  2.438222E-17
4735.46454860307  2.159176E-17
4739.02142991919  2.819841E-17
4742.57831123531  2.863189E-17
4746.13519255142  2.439807E-17
4749.69207386754  5.038278E-17
4753.24895518366  3.732872E-17
4756.80583649978  3.302309E-17
4760.36271781589  3.735826E-17
4763.91959913201  3.787191E-17
4767.47648044813  3.642215E-17
4771.03336176425  3.410078E-17
4774.59024308036  2.729056E-17
4778.14712439648  2.059687E-17
4781.7040057126  2.829754E-17
4785.26088702871  3.467431E-17
4788.81776834483  4.280613E-17
4792.37464966095  3.145639E-17
4795.93153097707  2.502256E-17
4799.48841229319  3.446788E-17
4803.0452936093  2.925392E-17
4806.60217492542  3.893252E-17
4810.15905624154  2.690200E-17
4813.71593755765  3.743900E-17
4817.27281887377  4.050408E-17
4820.82970018989  3.573182E-17
4824.38658150601  3.753529E-17
4827.94346282212  3.949439E-17
4831.50034413824  2.675780E-17
4835.05722545436  3.850572E-17
4838.61410677047  4.001450E-17
4842.17098808659  2.787789E-17
4845.72786940271  2.642658E-17
4849.28475071883  2.772379E-17
4852.84163203494  3.526939E-17
4856.39851335106  2.954883E-17
4859.95539466718  2.837722E-17
4863.5122759833  3.704473E-17
4867.06915729941  3.585284E-17
4870.62603861553  3.080145E-17
4874.18291993165  3.135863E-17
4877.73980124777  2.791439E-17
4881.29668256388  2.752400E-17
4884.85356388  2.944515E-17
4888.41044519612  3.284609E-17
4891.96732651223  2.997292E-17
4895.52420782835  2.964132E-17
4899.08108914447  4.326743E-17
4902.63797046059  4.505119E-17
4906.1948517767  3.827671E-17
4909.75173309282  3.535050E-17
4913.30861440894  3.955519E-17
4916.86549572506  2.909240E-17
4920.42237704117  3.585260E-17
4923.97925835729  4.517751E-17
4927.53613967341  4.332834E-17
4931.09302098953  3.472709E-17
4934.64990230564  4.173510E-17
4938.20678362176  4.644921E-17
4941.76366493788  4.609144E-17
4945.32054625399  3.248682E-17
4948.87742757011  3.188817E-17
4952.43430888623  3.694977E-17
4955.99119020235  3.172256E-17
4959.54807151846  3.997244E-17
4963.10495283458  4.512890E-17
4966.6618341507  3.785401E-17
4970.21871546682  4.119689E-17
4973.77559678293  3.022917E-17
4977.33247809905  3.345988E-17
4980.88935941517  3.630867E-17
4984.44624073129  3.119017E-17
4988.0031220474  3.767643E-17
4991.56000336352  3.282097E-17
4995.11688467964  4.011387E-17
4998.67376599575  3.434244E-17
5002.23064731187  4.200488E-17
5005.78752862799  3.640799E-17
5009.34440994411  3.735795E-17
5012.90129126022  3.204867E-17
5016.45817257634  2.878445E-17
5020.01505389246  3.737454E-17
5023.57193520858  4.303547E-17
5027.12881652469  3.601997E-17
5030.68569784081  3.717156E-17
5034.24257915693  3.668434E-17
5037.79946047305  3.564919E-17
5041.35634178916  4.679082E-17
5044.91322310528  3.748514E-17
5048.4701044214  2.338332E-17
5052.02698573751  3.218221E-17
5055.58386705363  2.612126E-17
5059.14074836975  3.508287E-17
5062.69762968587  3.099603E-17
5066.25451100198  4.664198E-17
5069.8113923181  4.592023E-17
5073.36827363422  3.320931E-17
5076.92515495034  2.869394E-17
5080.48203626645  2.662618E-17
5084.03891758257  3.767193E-17
5087.59579889869  3.339068E-17
5091.1526802148  3.077346E-17
5094.70956153092  3.128754E-17
5098.26644284704  2.492235E-17
5101.82332416316  3.093581E-17
5105.38020547928  3.705355E-17
5108.93708679539  3.901298E-17
5112.49396811151  4.601044E-17
5116.05084942763  4.103310E-17
5119.60773074374  3.616729E-17
5123.16461205986  4.180373E-17
5126.72149337598  4.540060E-17
5130.2783746921  3.668645E-17
5133.83525600821  3.489595E-17
5137.39213732433  4.094051E-17
5140.94901864045  3.592457E-17
5144.50589995656  3.663693E-17
5148.06278127268  3.266765E-17
5151.6196625888  3.850921E-17
5155.17654390492  4.357505E-17
5158.73342522103  4.269346E-17
5162.29030653715  4.092715E-17
5165.84718785327  4.554471E-17
5169.40406916939  4.843487E-17
5172.9609504855  4.496568E-17
5176.51783180162  4.392735E-17
5180.07471311774  3.606399E-17
5183.63159443386  2.949373E-17
5187.18847574997  3.109887E-17
5190.74535706609  3.751408E-17
5194.30223838221  4.765107E-17
5197.85911969832  4.502338E-17
5201.41600101444  3.423942E-17
5204.97288233056  4.192199E-17
5208.52976364668  3.935739E-17
5212.08664496279  4.232532E-17
5215.64352627891  4.450462E-17
5219.20040759503  4.099179E-17
5222.75728891115  4.000642E-17
5226.31417022726  3.619248E-17
5229.87105154338  5.158546E-17
5233.4279328595  3.599548E-17
5236.98481417562  3.817616E-17
5240.54169549173  4.381848E-17
5244.09857680785  4.197947E-17
5247.65545812397  4.531234E-17
5251.21233944008  4.504106E-17
5254.7692207562  4.603850E-17
5258.32610207232  4.321531E-17
5261.88298338844  5.026232E-17
5265.43986470455  4.515103E-17
5268.99674602067  4.605885E-17
5272.55362733679  4.145863E-17
5276.1105086529  3.914488E-17
5279.66738996902  5.098697E-17
5283.22427128514  4.190658E-17
5286.78115260126  5.013200E-17
5290.33803391738  4.886834E-17
5293.89491523349  4.877879E-17
5297.45179654961  4.395117E-17
5301.00867786573  5.026763E-17
5304.56555918184  5.158158E-17
5308.12244049796  4.833960E-17
5311.67932181408  4.345669E-17
5315.2362031302  4.755192E-17
5318.79308444631  4.583340E-17
5322.34996576243  3.630608E-17
5325.90684707855  4.363944E-17
5329.46372839466  5.041640E-17
5333.02060971078  5.921205E-17
5336.5774910269  5.827796E-17
5340.13437234302  5.130680E-17
5343.69125365913  4.724160E-17
5347.24813497525  4.816136E-17
5350.80501629137  4.171095E-17
5354.36189760749  4.177778E-17
5357.9187789236  4.646509E-17
5361.47566023972  4.679845E-17
5365.03254155584  4.195060E-17
5368.58942287196  4.406621E-17
5372.14630418807  4.705276E-17
5375.70318550419  4.726519E-17
5379.26006682031  3.795292E-17
5382.81694813642  4.226949E-17
5386.37382945254  4.505487E-17
5389.93071076866  4.830252E-17
5393.48759208478  5.091275E-17
5397.04447340089  5.373830E-17
5400.60135471701  4.733532E-17
5404.15823603313  4.689532E-17
5407.71511734925  4.972173E-17
5411.27199866536  4.792137E-17
5414.82887998148  4.259922E-17
5418.3857612976  4.077308E-17
5421.94264261372  4.380634E-17
5425.49952392983  4.731759E-17
5429.05640524595  4.697188E-17
5432.61328656207  4.774490E-17
5436.17016787818  5.256326E-17
5439.7270491943  4.973724E-17
5443.28393051042  4.579865E-17
5446.84081182654  4.658814E-17
5450.39769314265  5.609607E-17
5453.95457445877  5.456227E-17
5457.51145577489  5.752035E-17
5461.06833709101  5.249587E-17
5464.62521840712  5.675853E-17
5468.18209972324  5.221345E-17
5471.73898103936  5.428410E-17
5475.29586235547  6.086960E-17
5478.85274367159  4.960527E-17
5482.40962498771  4.709175E-17
5485.96650630383  4.844705E-17
5489.52338761995  4.536977E-17
5493.08026893606  4.190659E-17
5496.63715025218  5.396208E-17
5500.1940315683  6.227969E-17
5503.75091288441  5.191638E-17
5507.30779420053  4.978259E-17
5510.86467551665  5.200933E-17
5514.42155683277  5.291057E-17
5517.97843814888  5.046820E-17
5521.535319465  5.025486E-17
5525.09220078112  4.887278E-17
5528.64908209723  4.809827E-17
5532.20596341335  5.489712E-17
5535.76284472947  5.533877E-17
5539.31972604559  4.979141E-17
5542.8766073617  4.740977E-17
5546.43348867782  4.864851E-17
5549.99036999394  5.071438E-17
5553.54725131006  5.185827E-17
5557.10413262617  5.164273E-17
5560.66101394229  5.636383E-17
5564.21789525841  3.891188E-17
5567.77477657453  6.052032E-18
5571.33165789064  -7.351130E-19
5574.88853920676  3.912322E-17
5578.44542052288  3.950701E-17
5582.00230183899  9.225768E-17
5585.55918315511  1.084240E-16
5589.11606447123  5.438762E-17
5592.67294578735  5.254060E-17
5596.22982710346  4.946103E-17
5599.78670841958  5.129951E-17
5603.3435897357  5.034036E-17
5606.90047105182  5.490441E-17
5610.45735236793  5.784089E-17
5614.01423368405  6.153189E-17
5617.57111500017  6.014966E-17
5621.12799631628  5.221065E-17
5624.6848776324  4.538418E-17
5628.24175894852  5.508376E-17
5631.79864026464  5.280720E-17
5635.35552158075  5.059970E-17
5638.91240289687  4.862742E-17
5642.46928421299  5.250292E-17
5646.02616552911  5.484484E-17
5649.58304684522  4.745897E-17
5653.13992816134  5.189866E-17
5656.69680947746  5.697659E-17
5660.25369079357  5.226030E-17
5663.81057210969  5.708575E-17
5667.36745342581  5.567202E-17
5670.92433474193  4.890417E-17
5674.48121605805  4.144361E-17
5678.03809737416  5.594208E-17
5681.59497869028  5.766960E-17
5685.1518600064  5.273637E-17
5688.70874132251  5.871514E-17
5692.26562263863  4.645202E-17
5695.82250395475  4.913548E-17
5699.37938527087  5.663201E-17
5702.93626658698  5.540284E-17
5706.4931479031  4.801191E-17
5710.05002921922  5.524518E-17
5713.60691053533  4.978143E-17
5717.16379185145  5.024197E-17
5720.72067316757  5.448339E-17
5724.27755448369  5.415823E-17
5727.8344357998  5.318545E-17
5731.39131711592  4.920132E-17
5734.94819843204  4.794890E-17
5738.50507974816  4.581472E-17
5742.06196106427  4.515920E-17
5745.61884238039  4.566425E-17
5749.17572369651  4.251281E-17
5752.73260501263  4.367453E-17
5756.28948632874  4.636159E-17
5759.84636764486  4.482402E-17
5763.40324896098  4.726119E-17
5766.9601302771  4.496072E-17
5770.51701159321  4.278034E-17
5774.07389290933  5.414523E-17
5777.63077422545  5.514475E-17
5781.18765554156  5.137699E-17
5784.74453685768  4.987361E-17
5788.3014181738  5.178668E-17
5791.85829948992  5.762926E-17
5795.41518080603  5.721567E-17
5798.97206212215  5.503082E-17
5802.52894343827  5.354213E-17
5806.08582475439  5.080133E-17
5809.6427060705  5.221498E-17
5813.19958738662  5.178660E-17
5816.75646870274  4.874959E-17
5820.31335001885  5.099390E-17
5823.87023133497  5.412593E-17
5827.42711265109  4.527179E-17
5830.98399396721  5.114102E-17
5834.54087528332  5.448830E-17
5838.09775659944  5.042236E-17
5841.65463791556  5.424669E-17
5845.21151923168  5.153069E-17
5848.76840054779  5.782296E-17
5852.32528186391  5.862181E-17
5855.88216318003  5.159304E-17
5859.43904449614  5.374145E-17
5862.99592581226  5.179560E-17
5866.55280712838  5.215638E-17
5870.1096884445  5.553873E-17
5873.66656976061  5.637498E-17
5877.22345107673  4.908492E-17
5880.78033239285  4.686501E-17
5884.33721370897  4.760334E-17
5887.89409502508  4.287646E-17
5891.4509763412  4.066702E-17
5895.00785765732  4.393151E-17
5898.56473897344  4.706281E-17
5902.12162028955  5.040314E-17
5905.67850160567  4.696259E-17
5909.23538292179  5.435559E-17
5912.7922642379  5.370524E-17
5916.34914555402  4.977985E-17
5919.90602687014  5.014312E-17
5923.46290818626  5.476902E-17
5927.01978950238  4.314471E-17
5930.57667081849  4.746479E-17
5934.13355213461  4.984319E-17
5937.69043345073  4.657066E-17
5941.24731476684  4.861592E-17
5944.80419608296  4.590201E-17
5948.36107739908  4.408780E-17
5951.9179587152  5.219621E-17
5955.47484003131  5.156395E-17
5959.03172134743  5.247068E-17
5962.58860266355  5.157484E-17
5966.14548397966  4.857652E-17
5969.70236529578  4.723240E-17
5973.2592466119  4.683775E-17
5976.81612792802  5.154680E-17
5980.37300924413  5.095978E-17
5983.92989056025  4.811141E-17
5987.48677187637  4.673234E-17
5991.04365319249  5.016208E-17
5994.6005345086  4.940185E-17
5998.15741582472  4.804422E-17
6001.71429714084  4.389634E-17
6005.27117845695  4.462067E-17
6008.82805977307  4.173775E-17
6012.38494108919  4.720353E-17
6015.94182240531  5.225889E-17
6019.49870372142  4.935600E-17
6023.05558503754  5.179352E-17
6026.61246635366  4.957652E-17
6030.16934766978  4.601203E-17
6033.72622898589  4.630925E-17
6037.28311030201  4.877646E-17
6040.83999161813  5.060422E-17
6044.39687293425  5.370506E-17
6047.95375425036  4.928791E-17
6051.51063556648  4.980014E-17
6055.0675168826  4.946065E-17
6058.62439819872  5.474012E-17
6062.18127951483  4.766759E-17
6065.73816083095  4.740398E-17
6069.29504214707  4.962524E-17
6072.85192346318  5.063456E-17
6076.4088047793  4.997597E-17
6079.96568609542  4.916019E-17
6083.52256741154  4.193442E-17
6087.07944872765  4.745290E-17
6090.63633004377  5.591993E-17
6094.19321135989  5.701342E-17
6097.750092676  5.364344E-17
6101.30697399212  4.622414E-17
6104.86385530824  4.631358E-17
6108.42073662436  3.827498E-17
6111.97761794047  3.950204E-17
6115.53449925659  4.395241E-17
6119.09138057271  4.936418E-17
6122.64826188883  4.118997E-17
6126.20514320494  4.303173E-17
6129.76202452106  4.554890E-17
6133.31890583718  4.313282E-17
6136.87578715329  4.380114E-17
6140.43266846941  4.630628E-17
6143.98954978553  4.747457E-17
6147.54643110165  4.798135E-17
6151.10331241777  5.265074E-17
6154.66019373388  5.046348E-17
6158.21707505  4.966957E-17
6161.77395636612  4.847504E-17
6165.33083768223  5.149577E-17
6168.88771899835  5.666370E-17
6172.44460031447  5.754028E-17
6176.00148163059  5.226605E-17
6179.5583629467  5.805716E-17
6183.11524426282  5.258690E-17
6186.67212557894  5.161189E-17
6190.22900689506  5.419263E-17
6193.78588821117  5.270503E-17
6197.34276952729  5.328079E-17
6200.89965084341  5.227306E-17
6204.45653215952  4.881565E-17
6208.01341347564  5.254001E-17
6211.57029479176  4.782549E-17
6215.12717610788  4.679822E-17
6218.68405742399  5.554988E-17
6222.24093874011  5.283804E-17
6225.79782005623  4.477968E-17
6229.35470137235  4.304764E-17
6232.91158268846  4.856644E-17
6236.46846400458  5.472647E-17
6240.0253453207  5.586035E-17
6243.58222663682  5.723322E-17
6247.13910795293  5.310576E-17
6250.69598926905  5.191499E-17
6254.25287058517  5.659457E-17
6257.80975190128  5.551224E-17
6261.3666332174  5.382847E-17
6264.92351453352  5.622003E-17
6268.48039584964  5.466175E-17
6272.03727716575  5.212885E-17
6275.59415848187  5.860569E-17
6279.15103979799  5.411537E-17
6282.7079211141  5.482354E-17
6286.26480243022  5.905205E-17
6289.82168374634  5.224650E-17
6293.37856506246  4.994108E-17
6296.93544637857  4.559430E-17
6300.49232769469  4.452795E-17
6304.04920901081  5.486641E-17
6307.60609032693  5.275561E-17
6311.16297164304  5.224398E-17
6314.71985295916  6.425178E-17
6318.27673427528  5.607267E-17
6321.83361559139  5.141552E-17
6325.39049690751  5.863708E-17
6328.94737822363  6.134619E-17
6332.50425953975  5.814560E-17
6336.06114085587  5.486138E-17
6339.61802217198  5.702430E-17
6343.1749034881  5.163066E-17
6346.73178480422  5.394123E-17
6350.28866612033  5.398465E-17
6353.84554743645  5.586433E-17
6357.40242875257  5.533859E-17
6360.95931006869  5.960287E-17
6364.5161913848  5.742236E-17
6368.07307270092  5.679255E-17
6371.62995401704  5.998651E-17
6375.18683533316  5.515304E-17
6378.74371664927  5.243077E-17
6382.30059796539  5.904101E-17
6385.85747928151  5.972403E-17
6389.41436059762  5.715165E-17
6392.97124191374  5.354563E-17
6396.52812322986  5.069203E-17
6400.08500454598  5.692609E-17
6403.64188586209  5.858241E-17
6407.19876717821  5.507214E-17
6410.75564849433  5.618338E-17
6414.31252981045  5.901138E-17
6417.86941112656  5.485338E-17
6421.42629244268  5.685568E-17
6424.9831737588  5.822806E-17
6428.54005507491  5.182236E-17
6432.09693639103  5.156043E-17
6435.65381770715  5.508393E-17
6439.21069902327  5.204802E-17
6442.76758033938  5.321322E-17
6446.3244616555  4.913958E-17
6449.88134297162  5.411408E-17
6453.43822428774  5.475236E-17
6456.99510560385  4.805889E-17
6460.55198691997  5.184042E-17
6464.10886823609  5.250079E-17
6467.66574955221  5.119291E-17
6471.22263086832  5.502971E-17
6474.77951218444  5.971937E-17
6478.33639350056  5.791204E-17
6481.89327481667  5.461704E-17
6485.45015613279  5.668779E-17
6489.00703744891  5.666473E-17
6492.56391876503  4.890162E-17
6496.12080008115  5.442369E-17
6499.67768139726  5.447502E-17
6503.23456271338  6.184620E-17
6506.7914440295  6.384149E-17
6510.34832534561  5.810225E-17
6513.90520666173  5.273138E-17
6517.46208797785  4.881593E-17
6521.01896929397  5.607148E-17
6524.57585061008  4.647444E-17
6528.1327319262  5.617286E-17
6531.68961324232  5.966763E-17
6535.24649455843  5.804852E-17
6538.80337587455  5.762513E-17
6542.36025719067  5.366495E-17
6545.91713850679  5.523651E-17
6549.4740198229  6.254119E-17
6553.03090113902  5.728496E-17
6556.58778245514  5.554614E-17
6560.14466377126  5.460162E-17
6563.70154508737  5.980325E-17
6567.25842640349  5.754148E-17
6570.81530771961  6.475888E-17
6574.37218903573  6.629990E-17
6577.92907035184  6.073384E-17
6581.48595166796  5.449427E-17
6585.04283298408  5.981122E-17
6588.59971430019  5.543825E-17
6592.15659561631  5.725237E-17
6595.71347693243  5.438561E-17
6599.27035824855  5.851164E-17
6602.82723956466  6.454326E-17
6606.38412088078  5.091665E-17
6609.9410021969  5.260692E-17
6613.49788351302  5.166954E-17
6617.05476482913  5.366366E-17
6620.61164614525  5.347616E-17
6624.16852746137  5.416398E-17
6627.72540877749  5.909135E-17
6631.2822900936  5.781629E-17
6634.83917140972  5.833346E-17
6638.39605272584  5.694751E-17
6641.95293404195  5.225381E-17
6645.50981535807  5.784588E-17
6649.06669667419  5.682165E-17
6652.62357799031  5.810644E-17
6656.18045930642  6.084473E-17
6659.73734062254  5.982880E-17
6663.29422193866  5.829815E-17
6666.85110325477  5.441482E-17
6670.40798457089  5.807953E-17
6673.96486588701  6.014097E-17
6677.52174720313  5.621764E-17
6681.07862851925  5.758740E-17
6684.63550983536  5.611070E-17
6688.19239115148  5.485765E-17
6691.7492724676  5.137756E-17
6695.30615378371  5.504928E-17
6698.86303509983  5.998008E-17
6702.41991641595  5.468271E-17
6705.97679773207  6.024995E-17
6709.53367904818  6.388516E-17
6713.0905603643  5.549247E-17
6716.64744168042  5.904724E-17
6720.20432299654  6.251609E-17
6723.76120431265  5.371111E-17
6727.31808562877  5.587874E-17
6730.87496694489  6.139286E-17
6734.431848261  5.718343E-17
6737.98872957712  5.636442E-17
6741.54561089324  5.558574E-17
6745.10249220936  5.515971E-17
6748.65937352547  5.610499E-17
6752.21625484159  5.676778E-17
6755.77313615771  5.277520E-17
6759.33001747383  5.641022E-17
6762.88689878994  6.365857E-17
6766.44378010606  6.402973E-17
6770.00066142218  6.383534E-17
6773.55754273829  5.915458E-17
6777.11442405441  6.060003E-17
6780.67130537053  6.173882E-17
6784.22818668665  5.616110E-17
6787.78506800277  5.401071E-17
6791.34194931888  5.828409E-17
6794.898830635  5.991645E-17
6798.45571195112  5.659795E-17
6802.01259326723  6.224151E-17
6805.56947458335  6.220466E-17
6809.12635589947  5.738387E-17
6812.68323721559  5.859488E-17
6816.2401185317  5.739308E-17
6819.79699984782  5.297413E-17
6823.35388116394  5.403489E-17
6826.91076248005  5.637671E-17
6830.46764379617  5.648167E-17
6834.02452511229  5.596660E-17
6837.58140642841  5.533364E-17
6841.13828774452  6.623874E-17
6844.69516906064  6.111950E-17
6848.25205037676  5.328277E-17
6851.80893169288  6.099296E-17
6855.36581300899  5.832415E-17
6858.92269432511  6.018083E-17
6862.47957564123  5.785376E-17
6866.03645695734  5.956131E-17
6869.59333827346  5.762786E-17
6873.15021958958  6.125424E-17
6876.7071009057  5.817116E-17
6880.26398222182  5.898114E-17
6883.82086353793  5.926480E-17
6887.37774485405  5.952345E-17
6890.93462617017  5.642656E-17
6894.49150748628  5.390639E-17
6898.0483888024  6.473274E-17
6901.60527011852  5.778234E-17
6905.16215143464  5.160624E-17
6908.71903275075  5.339480E-17
6912.27591406687  5.809228E-17
6915.83279538299  4.960311E-17
6919.3896766991  5.368809E-17
6922.94655801522  5.653324E-17
6926.50343933134  5.588945E-17
6930.06032064746  5.509414E-17
6933.61720196357  5.601604E-17
6937.17408327969  5.693927E-17
6940.73096459581  4.857141E-17
6944.28784591193  5.476079E-17
6947.84472722804  5.631153E-17
6951.40160854416  5.333639E-17
6954.95848986028  6.185915E-17
6958.51537117639  5.295110E-17
6962.07225249251  5.069883E-17
6965.62913380863  5.371710E-17
6969.18601512475  4.826104E-17
6972.74289644087  4.129871E-17
6976.29977775698  5.181187E-17
6979.8566590731  4.928278E-17
6983.41354038922  5.543994E-17
6986.97042170533  6.123448E-17
6990.52730302145  5.851393E-17
6994.08418433757  5.225757E-17
6997.64106565369  4.867405E-17
7001.1979469698  5.156161E-17
7004.75482828592  5.435915E-17
7008.31170960204  6.166201E-17
7011.86859091816  5.869997E-17
7015.42547223427  5.397980E-17
7018.98235355039  5.381393E-17
7022.53923486651  5.965454E-17
7026.09611618262  6.164996E-17
7029.65299749874  6.071340E-17
7033.20987881486  5.779137E-17
7036.76676013098  5.489588E-17
7040.32364144709  5.761936E-17
7043.88052276321  5.685674E-17
7047.43740407933  5.311142E-17
7050.99428539545  5.756989E-17
7054.55116671156  6.117247E-17
7058.10804802768  6.457921E-17
7061.6649293438  6.197675E-17
7065.22181065991  5.628528E-17
7068.77869197603  5.880780E-17
7072.33557329215  6.114583E-17
7075.89245460827  5.895838E-17
7079.44933592438  5.805728E-17
7083.0062172405  6.362032E-17
7086.56309855662  5.822920E-17
7090.11997987274  5.501712E-17
7093.67686118885  5.255493E-17
7097.23374250497  5.462013E-17
7100.79062382109  5.876854E-17
7104.3475051372  5.142402E-17
7107.90438645332  5.673116E-17
7111.46126776944  5.775484E-17
7115.01814908556  5.482380E-17
7118.57503040167  5.542198E-17
7122.13191171779  5.744926E-17
7125.68879303391  5.636772E-17
7129.24567435003  5.825523E-17
7132.80255566614  6.013189E-17
7136.35943698226  5.623095E-17
7139.91631829838  6.170040E-17
7143.4731996145  6.132986E-17
7147.03008093061  5.951220E-17
7150.58696224673  5.492179E-17
7154.14384356285  5.600126E-17
7157.70072487897  5.993593E-17
7161.25760619508  5.709239E-17
7164.8144875112  6.182147E-17
7168.37136882732  6.446206E-17
7171.92825014343  5.661625E-17
7175.48513145955  5.061198E-17
7179.04201277567  5.403377E-17
7182.59889409179  5.990956E-17
7186.1557754079  5.528062E-17
7189.71265672402  4.978733E-17
7193.26953804014  4.509773E-17
7196.82641935626  4.685810E-17
7200.38330067237  4.864864E-17
7203.94018198849  4.891775E-17
7207.49706330461  5.098347E-17
7211.05394462072  5.171651E-17
7214.61082593684  5.373215E-17
7218.16770725296  5.264331E-17
7221.72458856908  5.516177E-17
7225.28146988519  5.329799E-17
7228.83835120131  5.110631E-17
7232.39523251743  4.607446E-17
7235.95211383355  4.171189E-17
7239.50899514966  4.909054E-17
7243.06587646578  5.752029E-17
7246.6227577819  6.109229E-17
7250.17963909801  6.593271E-17
7253.73652041413  6.223714E-17
7257.29340173025  5.564130E-17
7260.85028304637  5.493164E-17
7264.40716436249  5.053544E-17
7267.9640456786  4.608018E-17
7271.52092699472  5.461128E-17
7275.07780831084  5.013817E-17
7278.63468962695  4.723159E-17
7282.19157094307  7.227511E-17
7285.74845225919  6.707211E-17
7289.30533357531  5.285957E-17
7292.86221489142  5.538265E-17
7296.41909620754  4.825025E-17
7299.97597752366  5.735001E-17
7303.53285883977  5.808920E-17
7307.08974015589  4.899988E-17
7310.64662147201  5.124278E-17
7314.20350278813  6.416953E-17
7317.76038410424  5.054790E-17
7321.31726542036  5.734857E-17
7324.87414673648  6.352195E-17
7328.4310280526  4.342300E-17
7331.98790936871  4.239061E-17
7335.54479068483  4.749878E-17
7339.10167200095  5.227969E-17
7342.65855331707  5.276304E-17
7346.21543463318  7.087000E-17
7349.7723159493  6.207758E-17
7353.32919726542  4.486069E-17
7356.88607858154  5.329073E-17
7360.44295989765  4.629521E-17
7363.99984121377  3.396098E-17
7367.55672252989  4.998571E-17
7371.113603846  5.182983E-17
7374.67048516212  6.791817E-17
7378.22736647824  7.152183E-17
7381.78424779436  5.183096E-17
7385.34112911047  5.277576E-17
7388.89801042659  5.227070E-17
7392.45489174271  5.098351E-17
7396.01177305882  5.114101E-17
7399.56865437494  5.589339E-17
7403.12553569106  5.434767E-17
7406.68241700718  5.440086E-17
7410.23929832329  5.670724E-17
7413.79617963941  5.193268E-17
7417.35306095553  5.015237E-17
7420.90994227165  5.254240E-17
7424.46682358776  5.539867E-17
7428.02370490388  5.856486E-17
7431.58058622  5.141098E-17
7435.13746753611  5.339606E-17
7438.69434885223  6.401730E-17
7442.25123016835  5.984493E-17
7445.80811148447  5.756681E-17
7449.36499280059  5.256084E-17
7452.9218741167  5.217392E-17
7456.47875543282  5.621090E-17
7460.03563674894  5.943124E-17
7463.59251806505  5.800337E-17
7467.14939938117  5.391993E-17
7470.70628069729  5.686001E-17
7474.26316201341  5.790813E-17
7477.82004332952  5.318884E-17
7481.37692464564  5.202437E-17
7484.93380596176  5.855173E-17
7488.49068727787  5.652377E-17
7492.04756859399  5.737890E-17
7495.60444991011  5.287486E-17
7499.16133122623  4.989417E-17
7502.71821254234  5.536039E-17
7506.27509385846  5.389350E-17
7509.83197517458  5.033013E-17
7513.3888564907  5.445640E-17
7516.94573780681  4.586568E-17
7520.50261912293  5.067556E-17
7524.05950043905  5.683622E-17
7527.61638175516  6.075429E-17
7531.17326307128  5.547549E-17
7534.7301443874  6.074570E-17
7538.28702570352  6.374593E-17
7541.84390701963  6.115371E-17
7545.40078833575  5.207976E-17
7548.95766965187  5.648531E-17
7552.51455096799  5.763918E-17
7556.0714322841  5.170391E-17
7559.62831360022  5.180029E-17
7563.18519491634  5.330495E-17
7566.74207623246  5.507421E-17
7570.29895754857  5.084793E-17
7573.85583886469  5.928147E-17
7577.41272018081  5.358543E-17
7580.96960149693  5.085269E-17
7584.52648281304  5.713221E-17
7588.08336412916  4.965517E-17
7591.64024544528  5.522831E-17
7595.19712676139  5.191504E-17
7598.75400807751  5.212882E-17
7602.31088939363  5.679074E-17
7605.86777070975  5.295222E-17
7609.42465202586  5.227793E-17
7612.98153334198  5.181854E-17
7616.5384146581  5.498297E-17
7620.09529597422  5.709160E-17
7623.65217729033  5.431651E-17
7627.20905860645  4.821179E-17
7630.76593992257  5.173965E-17
7634.32282123869  5.824896E-17
7637.8797025548  5.347406E-17
7641.43658387092  5.185584E-17
7644.99346518704  5.471646E-17
7648.55034650316  5.484914E-17
7652.10722781927  5.080237E-17
7655.66410913539  5.001787E-17
7659.22099045151  5.653953E-17
7662.77787176762  5.688983E-17
7666.33475308374  5.172449E-17
7669.89163439986  5.195588E-17
7673.44851571598  5.643039E-17
7677.00539703209  5.376670E-17
7680.56227834821  5.588539E-17
7684.11915966433  5.134988E-17
7687.67604098044  4.813179E-17
7691.23292229656  5.409092E-17
7694.78980361268  5.635630E-17
7698.3466849288  5.719965E-17
7701.90356624491  5.008946E-17
7705.46044756103  4.166631E-17
7709.01732887715  5.618351E-17
7712.57421019327  4.792579E-17
7716.13109150938  5.489150E-17
7719.6879728255  7.520956E-17
7723.24485414162  6.382265E-17
7726.80173545774  6.011837E-17
7730.35861677385  6.146207E-17
7733.91549808997  6.054388E-17
7737.47237940609  5.623526E-17
7741.0292607222  4.885570E-17
7744.58614203832  3.164773E-17
7748.14302335444  3.952987E-17
7751.69990467056  5.118686E-17
7755.25678598667  5.998453E-17
7758.81366730279  6.669385E-17
7762.37054861891  5.870269E-17
7765.92742993503  5.754478E-17
7769.48431125114  5.476035E-17
7773.04119256726  5.338193E-17
7776.59807388338  5.793386E-17
7780.15495519949  5.646768E-17
7783.71183651561  4.978368E-17
7787.26871783173  5.113824E-17
7790.82559914785  5.936741E-17
7794.38248046396  5.718634E-17
7797.93936178008  5.497489E-17
7801.4962430962  6.266155E-17
7805.05312441232  5.935906E-17
7808.61000572843  5.107816E-17
7812.16688704455  5.513872E-17
7815.72376836067  5.491777E-17
7819.28064967679  5.333649E-17
7822.8375309929  5.437688E-17
7826.39441230902  6.044977E-17
7829.95129362514  7.256465E-17
7833.50817494126  4.877477E-17
7837.06505625737  5.325944E-17
7840.62193757349  5.104116E-17
7844.17881888961  4.610406E-17
7847.73570020572  4.922624E-17
7851.29258152184  4.371266E-17
7854.84946283796  4.429099E-17
7858.40634415407  4.665342E-17
7861.96322547019  5.545326E-17
7865.52010678631  4.735579E-17
7869.07698810243  5.234926E-17
7872.63386941855  5.199394E-17
7876.19075073466  5.121422E-17
7879.74763205078  6.019968E-17
7883.3045133669  4.350107E-17
7886.86139468301  5.138283E-17
7890.41827599913  5.532043E-17
7893.97515731525  5.171530E-17
7897.53203863137  5.419448E-17
7901.08891994748  5.412996E-17
7904.6458012636  4.177517E-17
7908.20268257972  4.763184E-17
7911.75956389584  3.551062E-17
7915.31644521195  5.025104E-17
7918.87332652807  6.384170E-17
7922.43020784419  5.150961E-17
7925.98708916031  5.768511E-17
7929.54397047642  6.200376E-17
7933.10085179254  5.318722E-17
7936.65773310866  5.293278E-17
7940.21461442477  4.929452E-17
7943.77149574089  5.304262E-17
7947.32837705701  5.570552E-17
7950.88525837313  4.685437E-17
7954.44213968924  4.017571E-17
7957.99902100536  3.473558E-17
7961.55590232148  4.156693E-17
7965.11278363759  3.826667E-17
7968.66966495371  3.906762E-17
7972.22654626983  6.140855E-17
7975.78342758595  4.896056E-17
7979.34030890206  4.244662E-17
7982.89719021818  5.550633E-17
7986.4540715343  5.401922E-17
7990.01095285042  4.295660E-17
7993.56783416653  3.114129E-17
7997.12471548265  4.103270E-17
8000.68159679877  6.288961E-17
8004.23847811489  6.288161E-17
8007.795359431  5.004063E-17
8011.35224074712  4.803682E-17
8014.90912206324  5.438791E-17
8018.46600337936  5.643902E-17
8022.02288469547  6.023302E-17
8025.57976601159  5.598462E-17
8029.13664732771  5.823761E-17
8032.69352864382  6.883731E-17
8036.25040995994  5.828166E-17
8039.80729127606  5.746035E-17
8043.36417259218  5.121536E-17
8046.92105390829  6.024261E-17
8050.47793522441  5.231152E-17
8054.03481654053  3.937379E-17
8057.59169785665  5.298115E-17
8061.14857917276  5.767562E-17
8064.70546048888  4.843780E-17
8068.262341805  5.650322E-17
8071.81922312111  5.589005E-17
8075.37610443723  4.725170E-17
8078.93298575335  5.123131E-17
8082.48986706947  5.704963E-17
8086.04674838558  5.416924E-17
8089.6036297017  5.367509E-17
8093.16051101782  5.898839E-17
8096.71739233394  5.328145E-17
8100.27427365005  4.490577E-17
8103.83115496617  4.919918E-17
8107.38803628229  5.426481E-17
8110.94491759841  5.385850E-17
8114.50179891452  5.236519E-17
8118.05868023064  5.198744E-17
8121.61556154676  5.223211E-17
8125.17244286287  5.007977E-17
8128.72932417899  4.830145E-17
8132.28620549511  5.038982E-17
8135.84308681123  5.074793E-17
8139.39996812734  6.355194E-17
8142.95684944346  4.840284E-17
8146.51373075958  4.986866E-17
8150.07061207569  4.851396E-17
8153.62749339181  4.461965E-17
8157.18437470793  4.484303E-17
8160.74125602405  4.841029E-17
8164.29813734016  4.235371E-17
8167.85501865628  4.697604E-17
8171.4118999724  4.711084E-17
8174.96878128852  5.067480E-17
8178.52566260463  5.094049E-17
8182.08254392075  4.694878E-17
8185.63942523687  4.935979E-17
8189.19630655299  4.608820E-17
8192.75318786911  4.919994E-17
8196.31006918522  4.996234E-17
8199.86695050134  4.684788E-17
8203.42383181746  5.168209E-17
8206.98071313357  5.757726E-17
8210.53759444969  5.623615E-17
