3850.  0.
3852.52463054187  0.
3855.04926108374  0.
3857.57389162562  0.
3860.09852216749  0.
3862.62315270936  0.
3865.14778325123  0.
3867.6724137931  0.
3870.19704433497  0.
3872.72167487685  0.
3875.24630541872  0.
3877.77093596059  0.
3880.29556650246  0.
3882.82019704433  0.
3885.34482758621  0.
3887.86945812808  0.
3890.39408866995  0.
3892.91871921182  0.
3895.44334975369  0.
3897.96798029557  0.
3900.49261083744  0.
3903.01724137931  0.
3905.54187192118  0.
3908.06650246305  0.
3910.59113300493  0.
3913.1157635468  0.
3915.64039408867  0.
3918.16502463054  0.
3920.68965517241  0.
3923.21428571429  0.
3925.73891625616  0.
3928.26354679803  0.
3930.7881773399  0.
3933.31280788177  0.
3935.83743842365  0.
3938.36206896552  0.
3940.88669950739  0.
3943.41133004926  0.
3945.93596059113  0.
3948.460591133  0.
3950.98522167488  0.
3953.50985221675  0.
3956.03448275862  0.
3958.55911330049  0.
3961.08374384236  0.
3963.60837438424  0.
3966.13300492611  0.
3968.65763546798  0.
3971.18226600985  0.
3973.70689655172  0.
3976.2315270936  0.
3978.75615763547  0.
3981.28078817734  0.
3983.80541871921  0.
3986.33004926108  0.
3988.85467980295  0.
3991.37931034483  0.
3993.9039408867  0.
3996.42857142857  0.
3998.95320197044  0.
4001.47783251231  0.
4004.00246305419  0.
4006.52709359606  0.
4009.05172413793  0.
4011.5763546798  0.
4014.10098522167  0.
4016.62561576355  0.
4019.15024630542  0.
4021.67487684729  0.
4024.19950738916  0.
4026.72413793103  0.
4029.24876847291  0.
4031.77339901478  0.
4034.29802955665  0.
4036.82266009852  0.
4039.34729064039  0.
4041.87192118227  0.
4044.39655172414  0.
4046.92118226601  0.
4049.44581280788  0.
4051.97044334975  0.
4054.49507389162  0.
4057.0197044335  0.
4059.54433497537  0.
4062.06896551724  0.
4064.59359605911  0.
4067.11822660098  0.
4069.64285714286  0.
4072.16748768473  0.
4074.6921182266  0.
4077.21674876847  0.
4079.74137931034  0.
4082.26600985221  0.
4084.79064039409  0.
4087.31527093596  0.
4089.83990147783  0.
4092.3645320197  0.
4094.88916256158  0.
4097.41379310345  23.506
4099.93842364532  64.34164
4102.46305418719  45.63372
4104.98768472906  68.17843
4107.51231527093  68.55962
4110.03694581281  81.07726
4112.56157635468  34.49535
4115.08620689655  18.3994
4117.61083743842  69.35336
4120.13546798029  93.10783
4122.66009852217  84.06609
4125.18472906404  83.52776
4127.70935960591  11.18442
4130.23399014778  40.4814
4132.75862068965  75.54855
4135.28325123153  58.43153
4137.8078817734  44.651
4140.33251231527  66.55539
4142.85714285714  58.77896
4145.38177339901  69.21617
4147.90640394089  60.18264
4150.43103448276  43.77546
4152.95566502463  80.33347
4155.4802955665  83.34927
4158.00492610837  86.36449
4160.52955665024  89.38029
4163.05418719212  92.3955
4165.57881773399  95.41071
4168.10344827586  103.6601
4170.62807881773  92.21451
4173.1527093596  31.4853
4175.67733990147  88.28256
4178.20197044335  83.08302
4180.72660098522  120.6567
4183.25123152709  85.03825
4185.77586206896  47.28975
4188.30049261084  36.17554
4190.82512315271  74.16814
4193.34975369458  100.3633
4195.87438423645  6.185084
4198.39901477832  89.15689
4200.92364532019  91.04784
4203.44827586207  92.93842
4205.97290640394  94.82936
4208.49753694581  96.71994
4211.02216748768  98.61052
4213.54679802955  94.76971
4216.07142857143  124.898
4218.5960591133  90.45256
4221.12068965517  47.98724
4223.64532019704  85.18112
4226.16995073891  78.64215
4228.69458128079  46.13994
4231.21921182266  57.95658
4233.74384236453  90.80128
4236.2684729064  57.67034
4238.79310344827  124.0394
4241.31773399014  98.45752
4243.84236453202  115.2675
4246.36699507389  71.34077
4248.89162561576  75.71931
4251.41625615763  85.30894
4253.94088669951  53.32143
4256.46551724138  93.39443
4258.99014778325  98.83756
4261.51477832512  55.46774
4264.03940886699  54.12635
4266.56403940886  139.4074
4269.08866995074  85.58688
4271.61330049261  102.353
4274.13793103448  114.1657
4276.66256157635  69.87949
4279.18719211822  91.94041
4281.7118226601  93.8028
4284.23645320197  146.8099
4286.76108374384  76.44637
4289.28571428571  44.51427
4291.81034482758  81.97629
4294.33497536945  92.42413
4296.85960591133  72.5976
4299.3842364532  141.7232
4301.90886699507  77.10895
4304.43349753694  109.8304
4306.95812807881  134.3993
4309.48275862069  103.2336
4312.00738916256  120.5032
4314.53201970443  121.9587
4317.0566502463  135.3083
4319.58128078817  130.976
4322.10591133005  170.4104
4324.63054187192  114.7681
4327.15517241379  91.8163
4329.67980295566  152.9206
4332.20443349753  180.3336
4334.72906403941  154.8985
4337.25369458128  123.2602
4339.77832512315  77.72781
4342.30295566502  81.58894
4344.82758620689  104.7049
4347.35221674877  153.4416
4349.87684729064  187.9436
4352.40147783251  84.8942
4354.92610837438  107.2104
4357.45073891625  111.4363
4359.97536945813  134.3875
4362.5  163.8868
4365.02463054187  164.7402
4367.54926108374  188.664
4370.07389162561  141.7951
4372.59852216748  137.9056
4375.12315270936  138.662
4377.64778325123  128.3162
4380.1724137931  92.23952
4382.69704433497  145.2889
4385.22167487684  163.1876
4387.74630541871  132.8096
4390.27093596059  159.2392
4392.79556650246  107.4297
4395.32019704433  139.7464
4397.8448275862  127.3318
4400.36945812808  149.8295
4402.89408866995  125.8607
4405.41871921182  107.4344
4407.94334975369  117.8467
4410.46798029556  131.9185
4412.99261083744  134.5572
4415.51724137931  85.89807
4418.04187192118  146.2196
4420.56650246305  170.1299
4423.09113300492  139.659
4425.61576354679  137.903
4428.14039408867  141.3737
4430.66502463054  115.8919
4433.18965517241  133.2078
4435.71428571428  120.9758
4438.23891625615  188.771
4440.76354679803  156.576
4443.2881773399  178.4873
4445.81280788177  161.6321
4448.33743842364  164.4731
4450.86206896551  170.4591
4453.38669950739  195.6169
4455.91133004926  128.3422
4458.43596059113  132.5217
4460.960591133  148.218
4463.48522167487  154.5536
4466.00985221674  139.441
4468.53448275862  78.13979
4471.05911330049  114.1572
4473.58374384236  169.154
4476.10837438423  149.259
4478.6330049261  194.9554
4481.15763546798  159.8212
4483.68226600985  181.3435
4486.20689655172  206.3826
4488.73152709359  186.5104
4491.25615763546  143.03
4493.78078817734  176.8356
4496.30541871921  102.6813
4498.83004926108  149.421
4501.35467980295  200.5713
4503.87931034482  183.6448
4506.40394088669  191.8914
4508.92857142857  189.6307
4511.45320197044  198.4323
4513.97783251231  222.5822
4516.50246305418  188.3387
4519.02709359605  144.8562
4521.55172413793  186.5816
4524.0763546798  172.6915
4526.60098522167  156.1568
4529.12561576354  130.0203
4531.65024630541  169.3441
4534.17487684729  168.0761
4536.69950738916  209.4247
4539.22413793103  217.0714
4541.7487684729  193.9697
4544.27339901477  215.5234
4546.79802955665  168.3512
4549.32266009852  181.4254
4551.84729064039  196.467
4554.37192118226  196.0513
4556.89655172413  170.9947
4559.42118226601  176.4597
4561.94581280788  204.7276
4564.47044334975  148.3132
4566.99507389162  233.7395
4569.51970443349  268.9465
4572.04433497536  230.4864
4574.56896551724  241.6947
4577.09359605911  219.7305
4579.61822660098  196.6615
4582.14285714285  220.644
4584.66748768472  242.6102
4587.1921182266  205.604
4589.71674876847  206.6628
4592.24137931034  183.8359
4594.76600985221  191.5671
4597.29064039408  167.8448
4599.81527093596  228.2111
4602.33990147783  206.9781
4604.8645320197  175.2423
4607.38916256157  182.1758
4609.91379310344  250.0841
4612.43842364532  198.2013
4614.96305418719  203.8958
4617.48768472906  187.4892
4620.01231527093  188.0046
4622.5369458128  199.9974
4625.06157635468  265.6456
4627.58620689655  204.2815
4630.11083743842  205.2949
4632.63546798029  310.498
4635.16009852216  220.1353
4637.68472906403  239.5681
4640.20935960591  177.6302
4642.73399014778  243.3347
4645.25862068965  232.7664
4647.78325123152  273.7567
4650.30788177339  265.3009
4652.83251231527  245.7259
4655.35714285714  293.3521
4657.88177339901  246.1856
4660.40640394088  282.5611
4662.93103448275  222.2795
4665.45566502463  219.3266
4667.9802955665  219.8758
4670.50492610837  261.3703
4673.02955665024  243.8499
4675.55418719211  291.5293
4678.07881773399  228.2618
4680.60344827586  217.7437
4683.12807881773  267.7
4685.6527093596  263.5963
4688.17733990147  233.2415
4690.70197044334  260.3519
4693.22660098521  230.8047
4695.75123152709  236.6514
4698.27586206896  288.3621
4700.80049261083  315.7961
4703.3251231527  190.4381
4705.84975369457  199.5608
4708.37438423645  231.2476
4710.89901477832  308.8124
4713.42364532019  291.8087
4715.94827586206  322.5335
4718.47290640393  270.1874
4720.99753694581  257.4301
4723.52216748768  209.203
4726.04679802955  292.6292
4728.57142857142  288.1754
4731.09605911329  280.9868
4733.62068965517  290.1628
4736.14532019704  274.9423
4738.66995073891  291.7572
4741.19458128078  269.6508
4743.71921182265  245.7085
4746.24384236452  335.4677
4748.7684729064  308.4316
4751.29310344827  267.7443
4753.81773399014  293.7227
4756.34236453201  314.9641
4758.86699507389  242.0418
4761.39162561576  292.7647
4763.91625615763  303.9686
4766.4408866995  285.5025
4768.96551724137  307.7716
4771.49014778324  312.696
4774.01477832512  279.871
4776.53940886699  353.5199
4779.06403940886  375.1372
4781.58866995073  290.2563
4784.1133004926  269.0729
4786.63793103448  269.4196
4789.16256157635  302.8777
4791.68719211822  332.7955
4794.21182266009  377.1498
4796.73645320196  346.3065
4799.26108374384  348.218
4801.78571428571  325.5948
4804.31034482758  331.3773
4806.83497536945  338.5369
4809.35960591132  386.0992
4811.8842364532  360.6972
4814.40886699507  300.0201
4816.93349753694  332.0912
4819.45812807881  295.1182
4821.98275862068  385.5148
4824.50738916255  348.2184
4827.03201970443  408.4663
4829.5566502463  315.3555
4832.08128078817  417.8439
4834.60591133004  383.9737
4837.13054187191  402.7198
4839.65517241379  436.4251
4842.17980295566  336.2592
4844.70443349753  416.6412
4847.2290640394  354.6284
4849.75369458127  390.1615
4852.27832512315  372.2869
4854.80295566502  435.9809
4857.32758620689  432.1985
4859.85221674876  367.9583
4862.37684729063  390.1353
4864.90147783251  401.8937
4867.42610837438  436.7807
4869.95073891625  428.5868
4872.47536945812  475.6654
4874.99999999999  396.7671
4877.52463054187  374.6718
4880.04926108374  420.5334
4882.57389162561  390.94
4885.09852216748  448.7192
4887.62315270935  461.8328
4890.14778325122  373.594
4892.6724137931  376.6119
4895.19704433497  440.7683
4897.72167487684  341.8568
4900.24630541871  411.6011
4902.77093596058  392.7305
4905.29556650246  443.3818
4907.82019704433  482.2083
4910.3448275862  460.9278
4912.86945812807  401.3031
4915.39408866994  439.817
4917.91871921181  453.8468
4920.44334975369  467.6669
4922.96798029556  416.5628
4925.49261083743  477.8328
4928.0172413793  486.8937
4930.54187192117  486.4445
4933.06650246305  490.2564
4935.59113300492  466.5995
4938.11576354679  499.2231
4940.64039408866  486.6913
4943.16502463053  502.008
4945.68965517241  458.611
4948.21428571428  488.7399
4950.73891625615  469.8258
4953.26354679802  466.8996
4955.78817733989  534.4312
4958.31280788177  505.037
4960.83743842364  532.546
4963.36206896551  494.0217
4965.88669950738  542.3362
4968.41133004925  540.2995
4970.93596059112  573.5313
4973.460591133  541.0214
4975.98522167487  498.1668
4978.50985221674  548.0627
4981.03448275861  527.1949
4983.55911330049  455.0793
4986.08374384236  473.4114
4988.60837438423  534.1266
4991.1330049261  531.684
4993.65763546797  554.4642
4996.18226600984  535.6765
4998.70689655172  417.7358
5001.23152709359  467.5664
5003.75615763546  561.7732
5006.28078817733  489.5114
5008.80541871921  499.1487
5011.33004926108  487.2155
5013.85467980295  480.0493
5016.37931034482  501.5039
5018.90394088669  524.3459
5021.42857142856  531.1866
5023.95320197044  568.6112
5026.47783251231  510.9012
5029.00246305418  573.2239
5031.52709359605  616.0735
5034.05172413792  558.4946
5036.5763546798  539.9011
5039.10098522167  585.0158
5041.62561576354  588.4182
5044.15024630541  542.6019
5046.67487684728  456.0676
5049.19950738916  438.7801
5051.72413793103  508.1416
5054.2487684729  490.3943
5056.77339901477  567.1638
5059.29802955664  522.8803
5061.82266009851  592.7621
5064.34729064039  575.4496
5066.87192118226  529.2071
5069.39655172413  555.5817
5071.921182266  561.0369
5074.44581280787  504.0894
5076.97044334975  484.5597
5079.49507389162  502.4089
5082.01970443349  546.5464
5084.54433497536  493.1311
5087.06896551723  449.4065
5089.59359605911  544.024
5092.11822660098  434.0117
5094.64285714285  456.656
5097.16748768472  498.4738
5099.69211822659  502.5173
5102.21674876846  497.4617
5104.74137931034  492.407
5107.26600985221  487.3513
5109.79064039408  482.2967
5112.31527093595  477.241
5114.83990147782  472.1863
5117.3645320197  467.1306
5119.88916256157  462.076
5122.41379310344  457.0213
5124.93842364531  507.1699
5127.46305418718  488.2895
5129.98768472906  561.723
5132.51231527093  541.989
5135.0369458128  561.9345
5137.56157635467  558.6021
5140.08620689654  587.5491
5142.61083743842  478.8215
5145.13546798029  433.6366
5147.66009852216  528.1128
5150.18472906403  539.2496
5152.7093596059  568.5742
5155.23399014777  616.443
5157.75862068965  523.6437
5160.28325123152  556.631
5162.80788177339  586.2479
5165.33251231526  493.3078
5167.85714285714  495.5024
5170.38177339901  459.4407
5172.90640394088  490.5799
5175.43103448275  501.3752
5177.95566502462  500.7912
5180.48029556649  493.0462
5183.00492610837  531.5195
5185.52955665024  570.0001
5188.05418719211  608.4733
5190.57881773398  561.0521
5193.10344827585  582.9406
5195.62807881773  581.5294
5198.1527093596  589.0939
5200.67733990147  558.8624
5203.20197044334  542.4684
5205.72660098521  496.8705
5208.25123152708  446.3235
5210.77586206896  510.193
5213.30049261083  506.8278
5215.8251231527  580.6504
5218.34975369457  555.9922
5220.87438423644  628.1847
5223.39901477832  652.21
5225.92364532019  675.1047
5228.44827586206  698.1465
5230.97290640393  624.1278
5233.4975369458  654.7331
5236.02216748767  615.1533
5238.54679802955  616.5063
5241.07142857142  595.2941
5243.59605911329  653.4288
5246.12068965516  585.9722
5248.64532019704  594.8049
5251.16995073891  582.1581
5253.69458128078  539.8787
5256.21921182265  556.4372
5258.74384236452  504.0027
5261.26847290639  534.6034
5263.79310344827  551.3502
5266.31773399014  588.6946
5268.84236453201  594.9957
5271.36699507388  649.2713
5273.89162561575  693.8167
5276.41625615763  688.0767
5278.9408866995  688.7227
5281.46551724137  700.1731
5283.99014778324  750.2559
5286.51477832511  751.1144
5289.03940886699  745.4196
5291.56403940886  774.9526
5294.08866995073  863.8281
5296.6133004926  842.8823
5299.13793103447  826.8782
5301.66256157634  813.1171
5304.18719211822  887.2796
5306.71182266009  895.6723
5309.23645320196  936.0335
5311.76108374383  897.1365
5314.28571428571  879.7528
5316.81034482758  886.2998
5319.33497536945  804.7059
5321.85960591132  848.97
5324.38423645319  844.6899
5326.90886699506  837.1938
5329.43349753694  884.839
5331.95812807881  872.3621
5334.48275862068  889.7432
5337.00738916255  811.7559
5339.53201970442  835.338
5342.0566502463  849.7808
5344.58128078817  856.9646
5347.10591133004  954.761
5349.63054187191  934.8331
5352.15517241378  1002.298
5354.67980295566  975.1233
5357.20443349753  890.6154
5359.7290640394  995.3434
5362.25369458127  1064.527
5364.77832512314  1013.858
5367.30295566502  1088.274
5369.82758620689  943.6966
5372.35221674876  959.112
5374.87684729063  995.3103
5377.4014778325  1042.318
5379.92610837437  974.5862
5382.45073891625  883.5528
5384.97536945812  918.335
5387.49999999999  936.0763
5390.02463054186  978.3689
5392.54926108374  865.4818
5395.07389162561  890.7708
5397.59852216748  987.5353
5400.12315270935  998.4182
5402.64778325122  918.2886
5405.17241379309  1006.388
5407.69704433497  1017.103
5410.22167487684  1066.638
5412.74630541871  1037.69
5415.27093596058  1017.123
5417.79556650245  1019.105
5420.32019704432  1038.308
5422.8448275862  992.9644
5425.36945812807  1067.971
5427.89408866994  919.7894
5430.41871921181  1039.166
5432.94334975368  929.2289
5435.46798029555  912.4094
5437.99261083743  788.4501
5440.5172413793  768.3276
5443.04187192117  834.566
5445.56650246304  905.7017
5448.09113300492  936.1953
5450.61576354679  876.7552
5453.14039408866  926.6484
5455.66502463053  928.8395
5458.1896551724  896.3665
5460.71428571428  920.2032
5463.23891625615  917.1416
5465.76354679802  1047.411
5468.28817733989  1058.372
5470.81280788176  974.3803
5473.33743842363  1023.809
5475.8620689655  976.2648
5478.38669950738  989.148
5480.91133004925  1071.106
5483.43596059112  988.65
5485.96059113299  981.5107
5488.48522167487  1054.646
5491.00985221674  1022.708
5493.53448275861  1032.521
5496.05911330048  1086.294
5498.58374384235  1068.892
5501.10837438423  1042.486
5503.6330049261  1053.18
5506.15763546797  1084.357
5508.68226600984  1115.528
5511.20689655171  1146.705
5513.73152709359  1071.938
5516.25615763546  1088.332
5518.78078817733  964.3392
5521.3054187192  889.3354
5523.83004926107  1020.54
5526.35467980294  1112.407
5528.87931034482  1019.722
5531.40394088669  1113.917
5533.92857142856  1026.135
5536.45320197043  1118.503
5538.9778325123  1131.867
5541.50246305418  1132.862
5544.02709359605  1133.857
5546.55172413792  1134.852
5549.07635467979  1135.847
5551.60098522166  1136.842
5554.12561576353  1137.837
5556.65024630541  1138.832
5559.17487684728  1096.165
5561.69950738915  1206.143
5564.22413793102  1169.983
5566.7487684729  1156.224
5569.27339901477  1130.03
5571.79802955664  1103.841
5574.32266009851  1077.647
5576.84729064038  1051.458
5579.37192118225  1025.264
5581.89655172413  999.075
5584.421182266  954.0275
5586.94581280787  1080.108
5589.47044334974  1152.171
5591.99507389161  1108.886
5594.51970443349  1094.19
5597.04433497536  1101.912
5599.56896551723  1076.022
5602.0935960591  986.728
5604.61822660097  1008.807
5607.14285714285  1080.141
5609.66748768472  1093.441
5612.19211822659  935.3312
5614.71674876846  988.4277
5617.24137931033  965.8907
5619.76600985221  1082.748
5622.29064039408  1007.769
5624.81527093595  896.2803
5627.33990147782  963.1528
5629.86453201969  996.2453
5632.38916256156  958.9683
5634.91379310343  1012.989
5637.43842364531  1051.854
5639.96305418718  1079.697
5642.48768472905  1069.49
5645.01231527092  1119.803
5647.5369458128  1028.804
5650.06157635467  1033.293
5652.58620689654  1070.36
5655.11083743841  1023.97
5657.63546798028  1044.566
5660.16009852216  1107.15
5662.68472906403  1146.701
5665.2093596059  1088.53
5667.73399014777  1042.781
5670.25862068964  1035.417
5672.78325123151  1082.352
5675.30788177339  1131.484
5677.83251231526  1046.579
5680.35714285713  1036.501
5682.881773399  1049.869
5685.40640394087  1072.613
5687.93103448275  1079.351
5690.45566502462  1106.34
5692.98029556649  1091.139
5695.50492610836  1028.52
5698.02955665023  1077.609
5700.55418719211  1046.729
5703.07881773398  1079.524
5705.60344827585  1148.247
5708.12807881772  1170.845
5710.65270935959  1062.361
5713.17733990147  1142.148
5715.70197044334  1101.635
5718.22660098521  1149.158
5720.75123152708  1051.888
5723.27586206895  1079.487
5725.80049261082  1120.009
5728.3251231527  1064.088
5730.84975369457  1084.757
5733.37438423644  1073.16
5735.89901477831  1126.62
5738.42364532018  1160.031
5740.94827586206  1197.214
5743.47290640393  1161.816
5745.9975369458  1237.092
5748.52216748767  1096.842
5751.04679802954  1071.482
5753.57142857142  1166.034
5756.09605911329  1171.492
5758.62068965516  1151.059
5761.14532019703  1148.645
5763.6699507389  1058.137
5766.19458128078  1089.174
5768.71921182265  993.8979
5771.24384236452  1037.402
5773.76847290639  1083.827
5776.29310344826  1060.571
5778.81773399013  1096.847
5781.34236453201  1011.955
5783.86699507388  1034.694
5786.39162561575  1162.612
5788.91625615762  1240.304
5791.44088669949  1079.157
5793.96551724137  925.1025
5796.49014778324  1035.008
5799.01477832511  1114.706
5801.53940886698  1062.678
5804.06403940885  1069.179
5806.58866995073  1043.349
5809.1133004926  1116.966
5811.63793103447  1074.606
5814.16256157634  1129.195
5816.68719211821  1117.915
5819.21182266009  1087.247
5821.73645320196  1082.529
5824.26108374383  1044.803
5826.7857142857  1009.073
5829.31034482757  1024.933
5831.83497536944  926.9509
5834.35960591132  1010.588
5836.88423645319  1048.244
5839.40886699506  1047.864
5841.93349753693  986.63
5844.45812807881  1023.43
5846.98275862068  1043.401
5849.50738916255  1014.032
5852.03201970442  1026.393
5854.55665024629  1059.946
5857.08128078816  1090.155
5859.60591133004  1000.66
5862.13054187191  1049.835
5864.65517241378  1061.77
5867.17980295565  1125.579
5869.70443349752  1029.092
5872.2290640394  1000.394
5874.75369458127  1056.706
5877.27832512314  1078.353
5879.80295566501  1011.903
5882.32758620688  921.151
5884.85221674876  906.613
5887.37684729063  1133.005
5889.9014778325  895.858
5892.42610837437  1172.631
5894.95073891624  1085.961
5897.47536945811  979.9244
5899.99999999999  851.2577
5902.52463054186  874.6594
5905.04926108373  879.4204
5907.5738916256  971.9243
5910.09852216747  908.3077
5912.62315270935  911.7483
5915.14778325122  982.1051
5917.67241379309  924.014
5920.19704433496  836.1398
5922.72167487683  979.2625
5925.24630541871  1071.144
5927.77093596058  1006.947
5930.29556650245  927.2188
5932.82019704432  973.9004
5935.34482758619  994.2369
5937.86945812806  858.4411
5940.39408866994  835.0281
5942.91871921181  904.0953
5945.44334975368  1054.177
5947.96798029555  997.2331
5950.49261083742  1139.19
5953.0172413793  1242.362
5955.54187192117  1321.864
5958.06650246304  1114.262
5960.59113300491  922.8522
5963.11576354678  958.4586
5965.64039408866  957.9097
5968.16502463053  881.1764
5970.6896551724  958.5508
5973.21428571427  1102.05
5975.73891625614  1041.425
5978.26354679801  907.9151
5980.78817733989  941.0488
5983.31280788176  966.8565
5985.83743842363  908.4941
5988.3620689655  1040.118
5990.88669950737  1026.359
5993.41133004925  1015.582
5995.93596059112  961.3956
5998.46059113299  997.9472
6000.98522167486  1097.447
6003.50985221673  976.8853
6006.03448275861  1066.2
6008.55911330048  1082.575
6011.08374384235  1066.673
6013.60837438422  889.3034
6016.13300492609  910.3842
6018.65763546797  1009.628
6021.18226600984  939.6536
6023.70689655171  971.3276
6026.23152709358  1045.177
6028.75615763545  946.0042
6031.28078817733  919.2609
6033.8054187192  1033.116
6036.33004926107  1090.33
6038.85467980294  1043.603
6041.37931034481  991.8353
6043.90394088668  1009.763
6046.42857142856  1089.339
6048.95320197043  1053.23
6051.4778325123  1038.196
6054.00246305417  1080.842
6056.52709359604  1134.78
6059.05172413792  978.705
6061.57635467979  1000.804
6064.10098522166  1088.132
6066.62561576353  1072.132
6069.1502463054  1037.693
6071.67487684728  1147.242
6074.19950738915  1114.969
6076.72413793102  1133.45
6079.24876847289  1099.591
6081.77339901476  1081.333
6084.29802955663  1160.804
6086.82266009851  1130.248
6089.34729064038  1150.136
6091.87192118225  1071.116
6094.39655172412  1115.66
6096.92118226599  1237.535
6099.44581280787  1157.957
6101.97044334974  1202.764
6104.49507389161  1086.781
6107.01970443348  1035.147
6109.54433497535  1036.652
6112.06896551723  1265.544
6114.5935960591  1386.927
6117.11822660097  1383.069
6119.64285714284  1256.446
6122.16748768471  1294.069
6124.69211822659  1131.555
6127.21674876846  1155.914
6129.74137931033  1076.383
6132.2660098522  1219.793
6134.79064039407  1188.164
6137.31527093595  1173.668
6139.83990147782  1125.009
6142.36453201969  1217.574
6144.88916256156  1210.134
6147.41379310343  1141.622
6149.93842364531  1188.247
6152.46305418718  1174.168
6154.98768472905  1194.075
6157.51231527092  1241.427
6160.03694581279  1245.567
6162.56157635466  1205.633
6165.08620689654  1205.402
6167.61083743841  1212.333
6170.13546798028  1102.079
6172.66009852215  1241.401
6175.18472906402  1176.166
6177.70935960589  1332.023
6180.23399014777  1344.25
6182.75862068964  1345.296
6185.28325123151  1343.668
6187.80788177338  1267.442
6190.33251231526  1297.975
6192.85714285713  1238.321
6195.381773399  1220.789
6197.90640394087  1230.403
6200.43103448274  1247.083
6202.95566502461  1239.791
6205.48029556649  1235.562
6208.00492610836  1200.593
6210.52955665023  1180.005
6213.0541871921  1226.896
6215.57881773397  1146.039
6218.10344827585  1027.096
6220.62807881772  1164.661
6223.15270935959  1164.276
6225.67733990146  1276.943
6228.20197044333  1199.099
6230.72660098521  1150.4
6233.25123152708  1273.654
6235.77586206895  1207.028
6238.30049261082  1354.974
6240.82512315269  1309.632
6243.34975369457  1186.443
6245.87438423644  1085.47
6248.39901477831  1171.635
6250.92364532018  1201.869
6253.44827586205  1046.532
6255.97290640392  1146.828
6258.4975369458  1286.624
6261.02216748767  1346.695
6263.54679802954  1188.968
6266.07142857141  1246.111
6268.59605911328  1303.69
6271.12068965516  1137.95
6273.64532019703  1251.603
6276.1699507389  1188.672
6278.69458128077  1127.676
6281.21921182264  1099.267
6283.74384236451  1174.317
6286.26847290639  1344.648
6288.79310344826  1378.09
6291.31773399013  1109.262
6293.842364532  1049.491
6296.36699507388  1243.043
6298.89162561575  1598.051
6301.41625615762  1455.292
6303.94088669949  1252.922
6306.46551724136  1131.437
6308.99014778323  1336.258
6311.51477832511  1238.731
6314.03940886698  1286.089
6316.56403940885  1302.868
6319.08866995072  1178.489
6321.61330049259  1221.547
6324.13793103447  1243.397
6326.66256157634  1243.153
6329.18719211821  1449.238
6331.71182266008  1481.312
6334.23645320195  1347.355
6336.76108374383  1241.734
6339.2857142857  1277.969
6341.81034482757  1204.471
6344.33497536944  1164.393
6346.85960591131  1291.446
6349.38423645319  1273.78
6351.90886699506  1191.7
6354.43349753693  1317.86
6356.9581280788  1181.354
6359.48275862067  1151.343
6362.00738916254  1328.282
6364.53201970442  1301.192
6367.05665024629  1321.265
6369.58128078816  1178.75
6372.10591133003  1224.877
6374.6305418719  1277.562
6377.15517241378  1284.29
6379.67980295565  1192.225
6382.20443349752  1160.22
6384.72906403939  1276.769
6387.25369458126  1181.339
6389.77832512314  1194.893
6392.30295566501  1147.797
6394.82758620688  1224.379
6397.35221674875  1171.916
6399.87684729062  1040.626
6402.40147783249  1139.571
6404.92610837437  1239.424
6407.45073891624  1255.443
6409.97536945811  1225.544
6412.49999999998  1151.8
6415.02463054186  1151.85
6417.54926108373  1042.294
6420.0738916256  1221.086
6422.59852216747  1171.941
6425.12315270934  1140.134
6427.64778325122  1111.704
6430.17241379309  1189.78
6432.69704433496  1154.936
6435.22167487683  1038.441
6437.7463054187  1123.369
6440.27093596057  1151.814
6442.79556650245  1166.252
6445.32019704432  1128.063
6447.84482758619  1076.957
6450.36945812806  1134.953
6452.89408866993  1162.627
6455.41871921181  1140.763
6457.94334975368  1201.572
6460.46798029555  1131.541
6462.99261083742  1200.679
6465.51724137929  1145.716
6468.04187192116  1321.529
6470.56650246304  1185.466
6473.09113300491  1155.636
6475.61576354678  1160.293
6478.14039408865  1244.167
6480.66502463052  1305.151
6483.1896551724  1085.231
6485.71428571427  1113.216
6488.23891625614  1167.128
6490.76354679801  1118.108
6493.28817733988  1045.929
6495.81280788176  1107.842
6498.33743842363  1240.991
6500.8620689655  1235.862
6503.38669950737  1005.054
6505.91133004924  1150.509
6508.43596059111  1239.17
6510.96059113299  1113.846
6513.48522167486  1120.49
6516.00985221673  1094.092
6518.5344827586  1138.607
6521.05911330047  1086.219
6523.58374384235  1114.416
6526.10837438422  1090.712
6528.63300492609  1174.789
6531.15763546796  1202.529
6533.68226600983  1089.107
6536.20689655171  1057.502
6538.73152709358  994.725
6541.25615763545  1067.239
6543.78078817732  1114.132
6546.30541871919  964.8034
6548.83004926107  918.3525
6551.35467980294  1106.265
6553.87931034481  1223.566
6556.40394088668  1085.907
6558.92857142855  1044.838
6561.45320197042  1086.202
6563.9778325123  1089.418
6566.50246305417  1059.922
6569.02709359604  1212.008
6571.55172413791  1116.718
6574.07635467979  1029.445
6576.60098522166  1168.675
6579.12561576353  1184.333
6581.6502463054  1030.651
6584.17487684727  1102.577
6586.69950738914  1104.44
6589.22413793102  1050.069
6591.74876847289  1113.344
6594.27339901476  1129.516
6596.79802955663  1126.88
6599.3226600985  1108.747
6601.84729064038  1008.312
6604.37192118225  1148.007
6606.89655172412  1088.647
6609.42118226599  1117.388
6611.94581280786  1022.349
6614.47044334974  966.8146
6616.99507389161  1014.274
6619.51970443348  1135.01
6622.04433497535  1029.198
6624.56896551722  1019.97
6627.0935960591  1005.906
6629.61822660097  1062.216
6632.14285714284  1116.627
6634.66748768471  1051.036
6637.19211822658  1055.573
6639.71674876845  996.9725
6642.24137931033  950.3647
6644.7660098522  997.1942
6647.29064039407  966.491
6649.81527093594  989.3198
6652.33990147781  949.1129
6654.86453201969  900.4019
6657.38916256156  881.0188
6659.91379310343  951.0574
6662.4384236453  1251.244
6664.96305418717  1862.8
6667.48768472904  1983.008
6670.01231527092  2018.157
6672.53694581279  1464.091
6675.06157635466  988.2261
6677.58620689653  961.4635
6680.1108374384  983.7056
6682.63546798027  926.0161
6685.16009852215  949.2368
6687.68472906402  951.196
6690.20935960589  985.5116
6692.73399014776  994.0435
6695.25862068964  963.022
6697.78325123151  1007.734
6700.30788177338  1016.253
6702.83251231525  945.8061
6705.35714285712  940.3805
6707.881773399  952.3096
6710.40640394087  963.1578
6712.93103448274  1007.238
6715.45566502461  1098.518
6717.98029556648  1029.969
6720.50492610836  1159.084
6723.02955665023  1190.945
6725.5541871921  1069.51
6728.07881773397  1049.882
6730.60344827584  1046.092
6733.12807881771  1119.285
6735.65270935959  1008.818
6738.17733990146  1032.348
6740.70197044333  1133.917
6743.2266009852  1004.784
6745.75123152707  1123.971
6748.27586206895  1049.821
6750.80049261082  915.5386
6753.32512315269  874.3857
6755.84975369456  967.2933
6758.37438423643  1098.745
6760.8990147783  1024.877
6763.42364532018  1053.206
6765.94827586205  955.1314
6768.47290640392  877.0284
6770.99753694579  772.175
6773.52216748767  959.9298
6776.04679802954  1083.219
6778.57142857141  1059.66
6781.09605911328  991.0877
6783.62068965515  900.298
6786.14532019702  955.2206
6788.6699507389  1043.731
6791.19458128077  1019.708
6793.71921182264  1151.496
6796.24384236451  1144.541
6798.76847290638  1249.035
6801.29310344826  1286.172
6803.81773399013  1372.538
6806.342364532  1127.864
6808.86699507387  1037.842
6811.39162561574  984.8618
6813.91625615762  1011.354
6816.44088669949  943.9637
6818.96551724136  920.6365
6821.49014778323  963.4022
6824.0147783251  985.84
6826.53940886698  1037.227
6829.06403940885  1018.811
6831.58866995072  1135.615
6834.11330049259  1089.897
6836.63793103446  1067.509
6839.16256157633  918.4497
6841.68719211821  919.6755
6844.21182266008  962.2984
6846.73645320195  941.7797
6849.26108374382  902.6924
6851.78571428569  940.1475
6854.31034482757  939.5477
6856.83497536944  1013.709
6859.35960591131  818.9744
6861.88423645318  1361.425
6864.40886699505  1643.17
6866.93349753693  1718.468
6869.4581280788  1136.646
6871.98275862067  1126.713
6874.50738916254  978.3049
6877.03201970441  1168.896
6879.55665024628  1312.164
6882.08128078816  1021.866
6884.60591133003  904.6249
6887.1305418719  957.1776
6889.65517241377  883.2466
6892.17980295564  929.6312
6894.70443349752  791.7639
6897.22906403939  846.869
6899.75369458126  828.6268
6902.27832512313  978.4831
6904.802955665  846.993
6907.32758620688  963.6708
6909.85221674875  871.2254
6912.37684729062  968.1556
6914.90147783249  916.8978
6917.42610837436  789.9277
6919.95073891623  1065.803
6922.47536945811  1101.031
6924.99999999998  1175.556
6927.52463054185  1031.363
6930.04926108372  947.8057
6932.57389162559  1048.654
6935.09852216747  1077.22
6937.62315270934  1066.473
6940.14778325121  1054.329
6942.67241379308  921.7052
6945.19704433495  1085.916
6947.72167487683  1251.472
6950.2463054187  1139.689
6952.77093596057  967.1785
6955.29556650244  864.649
6957.82019704431  1013.69
6960.34482758618  1029.473
6962.86945812806  906.6061
6965.39408866993  933.1066
6967.9187192118  1087.29
6970.44334975367  1016.057
6972.96798029555  1020.468
6975.49261083742  1147.588
6978.01724137929  998.3876
6980.54187192116  1007.007
6983.06650246303  955.9827
6985.59113300491  1091.191
6988.11576354678  1089.465
6990.64039408865  1089.922
6993.16502463052  1093.399
6995.68965517239  1055.806
6998.21428571426  970.4473
7000.73891625614  1082.695
7003.26354679801  1063.813
7005.78817733988  1030.643
7008.31280788175  1020.881
7010.83743842362  1125.866
7013.3620689655  1101.191
7015.88669950737  1068.588
7018.41133004924  997.5262
7020.93596059111  1127.429
7023.46059113298  1146.183
7025.98522167486  1152.413
7028.50985221673  1094.804
7031.0344827586  1085.378
7033.55911330047  1042.026
7036.08374384234  1089.061
7038.60837438421  1023.96
7041.13300492609  1050.532
7043.65763546796  1019.163
7046.18226600983  1091.964
7048.7068965517  1122.146
7051.23152709357  1037.291
7053.75615763545  1063.159
7056.28078817732  1020.34
7058.80541871919  1083.938
7061.33004926106  1046.735
7063.85467980293  1055.163
7066.37931034481  984.6044
7068.90394088668  1086.528
7071.42857142855  1022.394
7073.95320197042  1071.406
7076.47783251229  1102.158
7079.00246305416  992.455
7081.52709359604  1013.436
7084.05172413791  1072.418
7086.57635467978  1045.02
7089.10098522165  982.346
7091.62561576352  968.7958
7094.1502463054  1026.5
7096.67487684727  1025.314
7099.19950738914  968.488
7101.72413793101  1024.003
7104.24876847288  1094.358
7106.77339901476  1009.207
7109.29802955663  1016.364
7111.8226600985  972.9316
7114.34729064037  1076.174
7116.87192118224  1058.743
7119.39655172411  1002.898
7121.92118226599  1026.758
7124.44581280786  1046.265
7126.97044334973  1061.227
7129.4950738916  1187.903
7132.01970443348  1186.816
7134.54433497535  1165.822
7137.06896551722  1049.5
7139.59359605909  967.0881
7142.11822660096  1070.882
7144.64285714283  1082.039
7147.16748768471  982.8406
7149.69211822658  1073.085
7152.21674876845  1037.138
7154.74137931032  1007.838
7157.26600985219  1136.422
7159.79064039406  1096.031
7162.31527093594  1064.341
7164.83990147781  1030.873
7167.36453201968  998.407
7169.88916256155  972.0581
7172.41379310343  975.8925
7174.9384236453  977.2787
7177.46305418717  957.8302
7179.98768472904  928.6484
7182.51231527091  935.4475
7185.03694581279  891.3644
7187.56157635466  823.8778
7190.08620689653  928.2374
7192.6108374384  931.3185
7195.13546798027  1013.344
7197.66009852214  971.1641
7200.18472906402  929.4056
7202.70935960589  947.0536
7205.23399014776  867.1943
7207.75862068963  919.8384
7210.2832512315  988.515
7212.80788177338  1024.457
7215.33251231525  952.0621
7217.85714285712  932.1516
7220.38177339899  969.715
7222.90640394086  847.9575
7225.43103448274  854.4112
7227.95566502461  876.0889
7230.48029556648  711.025
7233.00492610835  718.3945
7235.52955665022  698.3044
7238.05418719209  1007.919
7240.57881773397  763.8138
7243.10344827584  1112.614
7245.62807881771  1124.873
7248.15270935958  797.4537
7250.67733990146  792.7551
7253.20197044333  969.2469
7255.7266009852  921.9319
7258.25123152707  905.9664
7260.77586206894  896.5384
7263.30049261081  879.7196
7265.82512315269  892.6403
7268.34975369456  729.1553
7270.87438423643  450.8407
7273.3990147783  1019.083
7275.92364532017  1408.568
7278.44827586204  1081.907
7280.97290640392  661.2258
7283.49753694579  766.3937
7286.02216748766  1054.881
7288.54679802953  713.4846
7291.0714285714  703.4281
7293.59605911328  927.4604
7296.12068965515  1007.802
7298.64532019702  871.4627
7301.16995073889  823.3582
7303.69458128076  989.217
7306.21921182264  929.221
7308.74384236451  648.9471
7311.26847290638  375.4132
7313.79310344825  1054.032
7316.31773399012  1154.347
7318.842364532  966.9423
7321.36699507387  841.7656
7323.89162561574  648.549
7326.41625615761  916.738
7328.94088669948  912.6927
7331.46551724136  1155.455
7333.99014778323  688.5625
7336.5147783251  485.4894
7339.03940886697  998.1461
7341.56403940884  1237.326
7344.08866995071  1177.117
7346.61330049259  794.3434
7349.13793103446  864.1975
7351.66256157633  871.1737
7354.1871921182  913.8622
7356.71182266007  1050.759
7359.23645320195  1100.781
7361.76108374382  915.3464
7364.28571428569  546.7927
7366.81034482756  1000.307
7369.33497536943  1167.6
7371.85960591131  1070.401
7374.38423645318  690.52
7376.90886699505  858.0038
7379.43349753692  960.4625
7381.95812807879  878.6829
7384.48275862067  799.9435
7387.00738916254  751.7325
7389.53201970441  952.4013
7392.05665024628  1117.283
7394.58128078815  928.1588
7397.10591133002  634.8848
7399.6305418719  861.0963
7402.15517241377  1008.651
7404.67980295564  1055.03
7407.20443349751  788.0425
7409.72906403938  841.9562
7412.25369458126  868.5715
7414.77832512313  854.784
7417.302955665  865.0003
7419.82758620687  976.878
7422.35221674874  878.6674
7424.87684729062  904.8167
7427.40147783249  813.6869
7429.92610837436  941.7318
7432.45073891623  933.7252
7434.9753694581  935.7317
7437.49999999998  1129.23
7440.02463054185  923.5462
7442.54926108372  854.8271
7445.07389162559  754.4321
7447.59852216746  911.8153
7450.12315270934  880.0298
7452.64778325121  880.3018
7455.17241379308  889.3729
7457.69704433495  826.0275
7460.22167487682  810.8424
7462.74630541869  826.7208
7465.27093596057  882.9316
7467.79556650244  846.6385
7470.32019704431  690.9045
7472.84482758618  783.326
7475.36945812805  893.8026
7477.89408866993  804.0873
7480.4187192118  861.2242
7482.94334975367  1038.304
7485.46798029554  778.9382
7487.99261083741  752.5379
7490.51724137928  757.9233
7493.04187192116  935.4097
7495.56650246303  877.5768
7498.0911330049  862.1971
7500.61576354677  838.4374
7503.14039408864  829.5244
7505.66502463052  927.4914
7508.18965517239  929.9972
7510.71428571426  853.4593
7513.23891625613  791.7885
7515.76354679801  764.9362
7518.28817733987  663.2181
7520.81280788175  859.3964
7523.33743842362  971.6786
7525.86206896549  1017.616
7528.38669950736  539.0555
7530.91133004924  646.381
7533.43596059111  911.1632
7535.96059113298  706.6642
7538.48522167485  821.9323
7541.00985221672  840.0071
7543.5344827586  852.2292
7546.05911330047  775.3357
7548.58374384234  828.153
7551.10837438421  856.392
7553.63300492608  783.2003
7556.15763546796  785.1124
7558.68226600983  955.0667
7561.2068965517  954.0912
7563.73152709357  726.2058
7566.25615763544  770.123
7568.78078817731  874.5027
7571.30541871919  877.2267
7573.83004926106  978.1342
7576.35467980293  718.9091
7578.8793103448  645.8316
7581.40394088667  766.3603
7583.92857142855  943.5394
7586.45320197042  992.858
7588.97783251229  855.6747
7591.50246305416  699.4329
7594.02709359603  632.9664
7596.55172413791  602.8681
7599.07635467978  513.5411
7601.60098522165  329.6423
7604.12561576352  224.9606
7606.65024630539  332.1869
7609.17487684726  295.8303
7611.69950738914  317.3028
7614.22413793101  557.3972
7616.74876847288  671.2169
7619.27339901475  776.0218
7621.79802955662  703.9456
7624.3226600985  445.9504
7626.84729064037  527.1346
7629.37192118224  505.9242
7631.89655172411  540.4136
7634.42118226599  401.1711
7636.94581280786  489.8792
7639.47044334973  479.2559
7641.9950738916  425.7798
7644.51970443347  499.0883
7647.04433497534  521.8932
7649.56896551722  606.6704
7652.09359605909  679.7946
7654.61822660096  696.7023
7657.14285714283  675.2809
7659.6674876847  687.2298
7662.19211822657  922.2622
7664.71674876845  849.9455
7667.24137931032  758.7912
7669.76600985219  762.0312
7672.29064039406  828.7957
7674.81527093594  809.7538
7677.33990147781  805.057
7679.86453201968  801.3717
7682.38916256155  747.5384
7684.91379310342  784.9714
7687.43842364529  876.5521
7689.96305418716  866.3934
7692.48768472904  898.9058
7695.01231527091  865.782
7697.53694581278  894.8009
7700.06157635465  952.5175
7702.58620689653  825.0347
7705.1108374384  687.3235
7707.63546798027  336.5522
7710.16009852214  533.2284
7712.68472906401  834.5624
7715.20935960588  1026.601
7717.73399014776  1001.713
7720.25862068963  648.6393
7722.7832512315  512.5274
7725.30788177337  710.9958
7727.83251231524  892.2772
7730.35714285712  702.6346
7732.88177339899  755.5822
7735.40640394086  807.1772
7737.93103448273  783.7318
7740.4556650246  768.2055
7742.98029556648  574.3293
7745.50492610835  118.9152
7748.02955665022  853.2707
7750.55418719209  1214.869
7753.07881773396  1225.72
7755.60344827584  714.1799
7758.12807881771  1022.144
7760.65270935958  905.5227
7763.17733990145  749.4766
7765.70197044332  532.5021
7768.22660098519  723.3335
7770.75123152707  837.9265
7773.27586206894  800.4528
7775.80049261081  601.2416
7778.32512315268  851.4664
7780.84975369456  789.3249
7783.37438423643  790.7498
7785.8990147783  681.6262
7788.42364532017  329.3231
7790.94827586204  695.9725
7793.47290640391  1127.967
7795.99753694579  1294.857
7798.52216748766  902.8562
7801.04679802953  618.116
7803.5714285714  660.0628
7806.09605911327  760.1635
7808.62068965515  842.0475
7811.14532019702  880.8215
7813.66995073889  538.0225
7816.19458128076  378.4989
7818.71921182263  1046.529
7821.24384236451  1527.675
7823.76847290638  835.7886
7826.29310344825  247.5714
7828.81773399012  374.2943
7831.34236453199  713.437
7833.86699507387  719.1066
7836.39162561574  550.9647
7838.91625615761  745.7974
7841.44088669948  848.971
7843.96551724135  912.5255
7846.49014778322  530.5087
7849.01477832509  615.7642
7851.53940886697  1078.163
7854.06403940884  1009.459
7856.58866995071  825.0778
7859.11330049258  491.6545
7861.63793103446  640.8965
7864.16256157633  599.0374
7866.6871921182  502.0947
7869.21182266007  1123.967
7871.73645320194  932.0709
7874.26108374382  552.0393
7876.78571428569  560.1584
7879.31034482756  819.4734
7881.83497536943  943.9207
7884.3596059113  699.2944
7886.88423645317  692.7235
7889.40886699505  680.4916
7891.93349753692  747.4246
7894.45812807879  768.7079
7896.98275862066  668.4594
7899.50738916254  643.7805
7902.03201970441  736.2928
7904.55665024628  608.1411
7907.08128078815  300.2168
7909.60591133002  726.4611
7912.13054187189  1508.809
7914.65517241377  1360.279
7917.17980295564  850.8701
7919.70443349751  510.8391
7922.22906403938  836.3834
7924.75369458125  759.4849
7927.27832512312  367.2255
7929.802955665  634.4131
7932.32758620687  903.6857
7934.85221674874  747.3107
7937.37684729061  490.4423
7939.90147783248  581.4875
7942.42610837436  593.3431
7944.95073891623  743.4814
7947.4753694581  894.0506
7949.99999999997  792.1245
7952.52463054185  807.6342
7955.04926108372  588.3174
7957.57389162559  565.1402
7960.09852216746  540.7928
7962.62315270933  1170.622
7965.1477832512  1272.664
7967.67241379307  1067.899
7970.19704433495  314.0207
7972.72167487682  568.0721
7975.24630541869  644.4882
7977.77093596056  829.42
7980.29556650243  972.4678
7982.82019704431  877.7377
7985.34482758618  591.8647
7987.86945812805  293.2151
7990.39408866992  698.9509
7992.91871921179  1031.141
7995.44334975367  949.2628
7997.96798029554  226.1756
8000.49261083741  389.3606
8003.01724137928  668.2665
8005.54187192115  739.7075
8008.06650246303  594.1445
8010.5911330049  642.1605
8013.11576354677  873.6063
8015.64039408864  788.0273
8018.16502463051  532.189
8020.68965517239  182.0402
8023.21428571426  559.5961
8025.73891625613  973.3605
8028.263546798  945.3896
8030.78817733987  786.2199
8033.31280788175  585.2134
8035.83743842362  730.3636
8038.36206896549  847.6111
8040.88669950736  769.8568
8043.41133004923  656.3878
8045.9359605911  608.6957
8048.46059113298  799.3654
8050.98522167485  815.2946
8053.50985221672  639.5795
8056.03448275859  415.8764
8058.55911330047  677.9603
8061.08374384234  1019.045
8063.60837438421  1026.016
8066.13300492608  752.0226
8068.65763546795  605.6074
8071.18226600982  647.5377
8073.7068965517  587.386
8076.23152709357  603.5009
8078.75615763544  651.9457
8081.28078817731  607.6535
8083.80541871918  628.1573
8086.33004926105  675.7853
8088.85467980292  619.8146
8091.3793103448  657.4202
8093.90394088667  645.1
8096.42857142854  492.4417
8098.95320197041  506.3946
8101.47783251229  731.601
8104.00246305416  586.0997
8106.52709359603  655.183
8109.0517241379  594.1992
8111.57635467977  648.5328
8114.10098522165  615.3068
8116.62561576352  639.7654
8119.15024630539  663.5089
8121.67487684726  654.4197
8124.19950738913  625.7556
8126.72413793101  536.7364
8129.24876847288  587.7516
8131.77339901475  603.3975
8134.29802955662  572.7656
8136.82266009849  580.7556
8139.34729064036  575.0082
8141.87192118223  595.6014
8144.39655172411  647.0433
8146.92118226598  628.8526
8149.44581280785  673.0493
8151.97044334973  569.752
8154.4950738916  591.929
8157.01970443347  576.1392
8159.54433497534  590.7988
8162.06896551721  601.7365
8164.59359605908  526.8262
8167.11822660095  496.6183
8169.64285714283  521.6987
8172.1674876847  599.8224
8174.69211822657  589.2719
8177.21674876844  525.457
8179.74137931031  592.6709
8182.26600985219  592.083
8184.79064039406  574.3319
8187.31527093593  575.5035
8189.8399014778  598.3113
8192.36453201967  613.2873
8194.88916256155  574.1986
8197.41379310342  534.5725
8199.93842364529  505.3625
8202.46305418716  568.0853
8204.98768472903  590.9238
8207.51231527091  589.4726
8210.03694581278  620.3851
8212.56157635465  591.9681
8215.08620689652  573.5931
8217.61083743839  564.9012
8220.13546798027  481.9252
8222.66009852214  541.1553
8225.18472906401  614.9674
8227.70935960588  548.782
8230.23399014775  476.2479
8232.75862068963  477.433
8235.2832512315  578.4841
8237.80788177337  544.6136
8240.33251231524  536.624
8242.85714285711  593.0054
8245.38177339898  581.467
8247.90640394086  510.9961
8250.43103448273  562.2562
8252.9556650246  542.1862
8255.48029556647  496.9969
8258.00492610835  507.81
8260.52955665022  509.7103
8263.05418719209  535.8057
8265.57881773396  530.0976
8268.10344827583  612.68
8270.6280788177  517.1778
8273.15270935958  469.587
8275.67733990145  439.9935
8278.20197044332  471.1663
8280.72660098519  697.0228
8283.25123152706  476.7101
8285.77586206893  601.1444
8288.30049261081  529.3407
8290.82512315268  684.5071
8293.34975369455  237.9787
8295.87438423642  786.11
8298.39901477829  1036.809
8300.92364532017  574.7144
8303.44827586204  203.6876
8305.97290640391  256.564
8308.49753694578  600.6329
8311.02216748765  753.9771
8313.54679802953  526.148
8316.0714285714  420.4277
8318.59605911327  502.6907
8321.12068965514  586.9725
8323.64532019701  533.7538
8326.16995073889  480.9741
8328.69458128076  571.1149
8331.21921182263  444.3283
8333.7438423645  370.3223
8336.26847290637  289.9603
8338.79310344824  78.85648
8341.31773399012  991.3897
8343.84236453199  1433.961
8346.36699507386  938.9233
8348.89162561573  -207.5893
8351.4162561576  295.403
8353.94088669948  785.3179
8356.46551724135  406.0694
8358.99014778322  157.148
8361.51477832509  521.7922
8364.03940886696  559.892
8366.56403940883  600.6667
8369.08866995071  555.4315
8371.61330049258  385.468
8374.13793103445  446.456
8376.66256157632  392.095
8379.1871921182  617.0366
8381.71182266007  529.2368
8384.23645320194  615.8737
8386.76108374381  377.3215
8389.28571428568  267.8663
8391.81034482755  217.5204
8394.33497536943  412.0316
8396.8596059113  908.1408
8399.38423645317  942.5242
8401.90886699504  691.0861
8404.43349753691  166.0178
8406.95812807879  155.2785
8409.48275862066  186.8631
8412.00738916253  445.7148
8414.5320197044  671.8214
8417.05665024627  584.8684
8419.58128078815  288.3819
8422.10591133002  258.6961
8424.63054187189  255.0635
8427.15517241376  776.5146
8429.67980295563  775.0366
8432.20443349751  595.9435
8434.72906403938  -373.0215
8437.25369458125  -505.4849
8439.77832512312  35.97825
8442.30295566499  50.77133
8444.82758620686  167.0489
8447.35221674874  368.084
8449.87684729061  607.7742
8452.40147783248  554.2701
8454.92610837435  397.65
8457.45073891623  -16.83756
8459.9753694581  -54.49549
8462.49999999997  467.6827
8465.02463054184  705.5179
8467.54926108371  614.0158
8470.07389162558  211.3229
8472.59852216746  282.536
8475.12315270933  417.1991
8477.6477832512  361.6405
8480.17241379307  367.8385
8482.69704433494  380.7502
8485.22167487682  470.9566
8487.74630541869  400.8144
8490.27093596056  511.0763
8492.79556650243  524.2018
8495.3201970443  318.4248
8497.84482758617  271.0167
8500.36945812805  345.8248
8502.89408866992  718.965
8505.41871921179  627.6201
8507.94334975366  570.0028
8510.46798029553  316.8968
8512.99261083741  322.3712
8515.51724137928  384.2466
8518.04187192115  370.8797
8520.56650246302  476.5718
8523.09113300489  452.428
8525.61576354677  462.3103
8528.14039408864  408.8721
8530.66502463051  494.5299
8533.18965517238  438.3715
8535.71428571425  361.4557
8538.23891625613  469.8033
8540.763546798  486.8098
8543.28817733987  342.9118
8545.81280788174  488.8327
8548.33743842361  522.4047
8550.86206896548  510.2266
8553.38669950736  469.6228
8555.91133004923  348.0897
8558.4359605911  416.7404
8560.96059113297  429.6742
8563.48522167484  425.2766
8566.00985221671  401.5883
8568.53448275859  438.9796
8571.05911330046  438.2736
8573.58374384233  395.8827
8576.1083743842  436.6212
8578.63300492608  346.7122
8581.15763546795  383.0335
8583.68226600982  389.8377
8586.20689655169  429.1091
8588.73152709356  426.9405
8591.25615763544  376.3573
8593.78078817731  397.825
8596.30541871918  437.5648
8598.83004926105  513.0293
8601.35467980292  467.6327
8603.87931034479  378.5536
8606.40394088667  411.3606
8608.92857142854  477.1217
8611.45320197041  392.1709
8613.97783251228  356.9578
8616.50246305415  458.5463
8619.02709359603  362.6132
8621.5517241379  387.3437
8624.07635467977  413.7119
8626.60098522164  542.4516
8629.12561576351  555.9153
8631.65024630539  407.7297
8634.17487684726  453.6097
8636.69950738913  454.6285
8639.224137931  327.7146
8641.74876847287  448.3327
8644.27339901475  404.4481
8646.79802955662  349.8278
8649.32266009849  358.0856
8651.84729064036  385.3638
8654.37192118223  417.6917
8656.89655172411  359.2119
8659.42118226598  391.2072
8661.94581280785  343.1207
8664.47044334972  358.017
8666.99507389159  452.2392
8669.51970443346  394.2736
8672.04433497534  407.6769
8674.56896551721  402.8435
8677.09359605908  297.1403
8679.61822660095  395.9212
8682.14285714283  384.5062
8684.6674876847  365.9231
8687.19211822657  328.7164
8689.71674876844  317.9532
8692.24137931031  384.4142
8694.76600985218  385.4817
8697.29064039406  305.8499
8699.81527093593  383.7494
8702.3399014778  374.5314
8704.86453201967  296.4985
8707.38916256154  412.2737
8709.91379310341  434.4371
8712.43842364529  415.7897
8714.96305418716  396.3816
8717.48768472903  397.8038
8720.0123152709  426.2163
8722.53694581277  368.8265
8725.06157635465  441.7285
8727.58620689652  356.1023
8730.11083743839  360.851
8732.63546798026  418.293
8735.16009852213  379.484
8737.68472906401  398.5637
8740.20935960588  435.1578
8742.73399014775  350.4799
8745.25862068962  362.9609
8747.78325123149  389.4191
8750.30788177336  344.5208
8752.83251231524  300.6338
8755.35714285711  181.3127
8757.88177339898  522.851
8760.40640394085  565.9467
8762.93103448272  530.5126
8765.4556650246  916.1317
8767.98029556647  565.0006
8770.50492610834  231.8266
8773.02955665021  -135.0113
8775.55418719208  90.2547
8778.07881773396  187.6287
8780.60344827583  364.5591
8783.1280788177  168.7133
8785.65270935957  99.19518
8788.17733990144  294.5502
8790.70197044332  684.9868
8793.22660098519  429.9926
8795.75123152706  403.2206
8798.27586206893  338.6754
8800.8004926108  420.9799
8803.32512315268  349.5702
8805.84975369455  372.774
8808.37438423642  414.7442
8810.89901477829  306.2961
8813.42364532016  300.7111
8815.94827586203  246.7986
8818.47290640391  169.4794
8820.99753694578  38.14803
8823.52216748765  -39.46857
8826.04679802952  878.1583
8828.57142857139  887.4905
8831.09605911327  520.9532
8833.62068965514  -87.72511
8836.14532019701  307.7004
8838.66995073888  543.3376
8841.19458128076  326.3028
8843.71921182263  146.6178
8846.2438423645  291.9056
8848.76847290637  284.1288
8851.29310344824  238.2953
8853.81773399011  359.1726
8856.34236453199  372.8654
8858.86699507386  306.0333
8861.39162561573  285.4818
8863.9162561576  247.4745
8866.44088669947  553.0473
8868.96551724134  529.6629
8871.49014778322  399.507
8874.01477832509  110.0232
8876.53940886696  175.382
8879.06403940883  57.51847
8881.58866995071  190.931
8884.11330049258  987.1868
8886.63793103445  693.6897
8889.16256157632  545.791
8891.68719211819  -173.0367
8894.21182266006  34.83573
8896.73645320194  145.711
8899.26108374381  290.1295
8901.78571428568  493.2527
8904.31034482755  461.2283
8906.83497536942  306.7951
8909.3596059113  80.63897
8911.88423645317  104.62
8914.40886699504  -109.8282
8916.93349753691  241.5787
8919.45812807878  584.147
8921.98275862065  778.2675
8924.50738916252  446.8208
8927.0320197044  61.01333
8929.55665024627  268.8699
8932.08128078814  361.3604
8934.60591133001  354.7943
8937.13054187189  242.1102
8939.65517241376  451.5991
8942.17980295563  495.1833
8944.7044334975  560.8559
8947.22906403937  364.9385
8949.75369458124  -46.47195
8952.27832512312  66.80173
8954.80295566499  132.8282
8957.32758620686  649.8604
8959.85221674873  650.5483
8962.37684729061  252.1521
8964.90147783248  -169.1483
8967.42610837435  274.7438
8969.95073891622  314.1934
8972.47536945809  322.2909
8974.99999999996  278.0455
8977.52463054184  342.4901
8980.04926108371  429.3109
8982.57389162558  471.1493
8985.09852216745  432.6068
8987.62315270932  399.5062
8990.1477832512  438.2589
8992.67241379307  704.4833
8995.19704433494  454.3785
8997.72167487681  443.4986
9000.24630541868  432.6187
9002.77093596056  421.7387
9005.29556650243  410.8546
9007.8201970443  399.9746
9010.34482758617  389.0947
9012.86945812804  378.2147
9015.39408866991  367.3306
9017.91871921179  356.4506
9020.44334975366  359.2316
9022.96798029553  290.7907
9025.4926108374  523.6494
9028.01724137927  664.8793
9030.54187192115  731.1058
9033.06650246302  802.974
9035.59113300489  668.1869
9038.11576354676  499.8383
9040.64039408864  344.1982
9043.16502463051  211.8475
9045.68965517238  234.3492
9048.21428571425  479.6369
9050.73891625612  416.3945
9053.26354679799  333.5842
9055.78817733987  191.8487
9058.31280788174  221.8449
9060.83743842361  225.6843
9063.36206896548  202.9628
9065.88669950735  280.7618
9068.41133004922  242.5718
9070.9359605911  241.4514
9073.46059113297  186.8385
9075.98522167484  206.8552
9078.50985221671  159.6404
9081.03448275859  132.8901
9083.55911330046  217.3513
9086.08374384233  245.2477
9088.6083743842  231.3849
9091.13300492607  271.3813
9093.65763546794  308.4749
9096.18226600982  189.0843
9098.70689655169  126.4417
9101.23152709356  213.2743
9103.75615763543  296.4122
9106.2807881773  356.9966
9108.80541871918  284.1326
9111.33004926105  286.6363
9113.85467980292  309.6123
9116.37931034479  249.7229
9118.90394088666  263.4757
9121.42857142853  229.8662
9123.95320197041  258.1838
9126.47783251228  212.9184
9129.00246305415  187.5943
9131.52709359602  185.6774
9134.05172413789  97.58016
9136.57635467977  -19.10752
9139.10098522164  98.59933
9141.62561576351  167.0116
9144.15024630538  17.18655
9146.67487684725  -259.5304
9149.19950738912  -152.3485
9151.724137931  -140.4789
9154.24876847287  -141.4548
9156.77339901474  133.2056
9159.29802955661  59.69667
9161.82266009849  -20.32904
9164.34729064036  40.08776
9166.87192118223  -5.521671
9169.3965517241  27.90659
9171.92118226597  143.3417
9174.44581280784  99.41307
9176.97044334972  1.657105
9179.49507389159  -69.9762
9182.01970443346  -234.3873
9184.54433497533  84.89105
9187.0689655172  220.3829
9189.59359605908  168.9073
9192.11822660095  86.5881
9194.64285714282  -29.45103
9197.16748768469  62.66606
9199.69211822656  22.58534
9202.21674876844  111.5246
9204.74137931031  207.9744
9207.26600985218  275.5984
9209.79064039405  230.311
9212.31527093592  264.8717
9214.8399014778  220.7093
9217.36453201967  9.001806
9219.88916256154  184.188
9222.41379310341  135.7708
9224.93842364528  153.2622
9227.46305418715  70.61245
9229.98768472903  209.9854
9232.5123152709  168.9019
9235.03694581277  -67.14496
9237.56157635464  107.201
9240.08620689652  116.009
9242.61083743839  40.08147
9245.13546798026  -56.13752
9247.66009852213  59.77337
9250.184729064  8.801486
9252.70935960587  57.09742
9255.23399014775  154.6162
9257.75862068962  206.456
9260.28325123149  199.0584
9262.80788177336  217.5935
9265.33251231523  158.1424
9267.85714285711  227.1607
9270.38177339898  211.7565
9272.90640394085  144.1823
9275.43103448272  164.7961
9277.95566502459  159.5115
9280.48029556646  35.35999
9283.00492610834  -303.6764
9285.52955665021  -180.6124
9288.05418719208  104.1969
9290.57881773395  116.0172
9293.10344827582  106.65
9295.6280788177  102.4286
9298.15270935957  31.69243
9300.67733990144  67.92449
9303.20197044331  242.7246
9305.72660098518  182.024
9308.25123152706  324.7907
9310.77586206893  141.4904
9313.3004926108  176.748
9315.82512315267  55.91706
9318.34975369454  0.2951872
9320.87438423642  309.9475
9323.39901477829  288.7466
9325.92364532016  228.9148
9328.44827586203  -90.67225
9330.9729064039  44.64948
9333.49753694577  263.6092
9336.02216748765  192.8854
9338.54679802952  140.7451
9341.07142857139  29.56936
9343.59605911326  113.8547
9346.12068965513  105.8495
9348.645320197  151.3776
9351.16995073888  102.5779
9353.69458128075  102.7244
9356.21921182262  107.6866
9358.7438423645  118.5295
9361.26847290637  55.04408
9363.79310344824  -25.60104
9366.31773399011  -9.364391
9368.84236453198  -32.0676
9371.36699507385  348.8586
9373.89162561572  397.8271
9376.4162561576  573.7059
9378.94088669947  -90.32472
9381.46551724134  -194.2154
9383.99014778321  134.9407
9386.51477832508  217.8997
9389.03940886696  141.3362
9391.56403940883  164.6035
9394.0886699507  215.2201
9396.61330049257  111.684
9399.13793103444  214.9764
9401.66256157632  190.7182
9404.18719211819  108.2607
9406.71182266006  65.08897
9409.23645320193  85.74198
9411.7610837438  143.9851
9414.28571428568  230.7552
9416.81034482755  188.5668
9419.33497536942  205.3846
9421.85960591129  36.88616
9424.38423645316  64.29845
9426.90886699503  51.6548
9429.43349753691  -31.29701
9431.95812807878  8.671561
9434.48275862065  289.5866
9437.00738916252  333.0557
9439.5320197044  287.1543
9442.05665024627  3.37676
9444.58128078814  -153.6481
9447.10591133001  174.7697
9449.63054187188  187.6808
9452.15517241375  140.4626
9454.67980295563  276.8069
9457.2044334975  222.6466
9459.72906403937  179.9486
9462.25369458124  132.976
9464.77832512311  96.76338
9467.30295566499  64.85516
9469.82758620686  19.79774
9472.35221674873  490.8769
9474.8768472906  408.5858
9477.40147783247  254.0361
9479.92610837435  -124.4078
9482.45073891622  59.95281
9484.97536945809  74.72559
9487.49999999996  74.00803
9490.02463054183  128.3019
9492.5492610837  114.3951
9495.07389162558  -2.472185
9497.59852216745  170.7
9500.12315270932  179.729
9502.64778325119  192.2151
9505.17241379306  18.61484
9507.69704433494  35.3954
9510.22167487681  132.3104
9512.74630541868  165.7863
9515.27093596055  189.5387
9517.79556650243  200.4417
9520.3201970443  42.77763
9522.84482758617  -2.44683
9525.36945812804  128.4413
9527.89408866991  205.2667
9530.41871921178  158.4315
9532.94334975366  151.7757
9535.46798029553  171.874
9537.9926108374  155.6541
9540.51724137927  109.0551
9543.04187192114  86.85068
9545.56650246301  46.65666
9548.09113300489  213.1187
9550.61576354676  214.2296
9553.14039408863  128.8981
9555.6650246305  43.70398
9558.18965517237  63.06887
9560.71428571425  156.4981
9563.23891625612  189.1581
9565.76354679799  241.8903
9568.28817733986  236.5016
9570.81280788173  -11.93535
9573.3374384236  63.57129
9575.86206896548  110.9832
9578.38669950735  156.5778
9580.91133004922  68.77114
9583.43596059109  178.2927
9585.96059113297  123.4689
9588.48522167484  150.7945
9591.00985221671  149.1761
9593.53448275858  153.1082
9596.05911330045  191.3632
9598.58374384232  162.2701
9601.1083743842  185.5391
9603.63300492607  240.9429
9606.15763546794  117.4319
9608.68226600981  73.90847
9611.20689655168  78.56408
9613.73152709356  22.77369
9616.25615763543  111.4371
9618.7807881773  99.7179
9621.30541871917  41.95229
9623.83004926104  53.37148
9626.35467980291  41.63108
9628.87931034479  149.41
9631.40394088666  101.3376
9633.92857142853  50.34135
9636.4532019704  23.93785
9638.97783251228  51.34576
9641.50246305415  64.15421
9644.02709359602  105.6497
9646.55172413789  144.4434
9649.07635467976  129.9343
9651.60098522163  126.7762
9654.12561576351  146.8754
9656.65024630538  94.91851
9659.17487684725  78.10978
9661.69950738912  55.36808
9664.22413793099  65.60006
9666.74876847287  138.6259
9669.27339901474  120.4319
9671.79802955661  169.4871
9674.32266009848  97.70449
9676.84729064035  122.6651
9679.37192118223  181.1028
9681.8965517241  227.8217
9684.42118226597  121.4962
9686.94581280784  10.32402
9689.47044334971  53.09263
9691.99507389159  88.88946
9694.51970443346  52.75125
9697.04433497533  191.19
9699.5689655172  108.1275
9702.09359605907  150.5873
9704.61822660094  148.7415
9707.14285714282  51.91761
9709.66748768469  46.59378
9712.19211822656  137.1344
9714.71674876843  2.617254
9717.24137931031  42.11388
9719.76600985218  99.22496
9722.29064039405  223.0009
9724.81527093592  184.9799
9727.33990147779  99.13165
9729.86453201966  83.6703
9732.38916256154  118.0956
9734.91379310341  102.0943
9737.43842364528  113.8885
9739.96305418715  170.7409
9742.48768472902  66.00697
9745.0123152709  41.21766
9747.53694581277  33.52813
9750.06157635464  78.87153
9752.58620689651  25.66469
9755.11083743838  52.06164
9757.63546798025  65.24158
9760.16009852213  57.70441
9762.684729064  56.49456
9765.20935960587  27.60856
9767.73399014774  74.07252
9770.25862068961  93.23684
9772.78325123148  73.46288
9775.30788177336  88.31215
9777.83251231523  41.2797
9780.3571428571  17.71715
9782.88177339897  40.53967
9785.40640394085  57.80014
9787.93103448272  48.62294
9790.45566502459  111.2529
9792.98029556646  57.7983
9795.50492610833  27.21839
9798.02955665021  123.6249
9800.55418719208  204.4055
9803.07881773395  -24.41129
9805.60344827582  -92.94421
9808.12807881769  -50.03072
9810.65270935956  48.8026
9813.17733990144  74.16428
9815.70197044331  55.61543
9818.22660098518  70.72285
9820.75123152705  127.2154
9823.27586206892  134.2632
9825.80049261079  64.06312
9828.32512315267  32.48083
9830.84975369454  61.61226
9833.37438423641  13.15893
9835.89901477828  21.00542
9838.42364532016  -3.748751
9840.94827586203  72.5835
9843.4729064039  63.83118
9845.99753694577  62.09514
9848.52216748764  48.46099
9851.04679802951  34.09573
9853.57142857139  50.73804
9856.09605911326  73.1484
9858.62068965513  42.65947
9861.145320197  63.81007
9863.66995073887  74.20416
9866.19458128075  54.62359
9868.71921182262  81.90806
9871.24384236449  67.61321
9873.76847290636  60.23196
9876.29310344823  110.6788
9878.81773399011  81.8329
9881.34236453198  39.12326
9883.86699507385  69.03028
9886.39162561572  78.94586
9888.9162561576  -1.432258
9891.44088669947  90.54972
9893.96551724134  74.75694
9896.49014778321  -27.90697
9899.01477832508  -42.80587
9901.53940886695  -68.64246
9904.06403940882  5.17895
9906.5886699507  55.38396
9909.11330049257  82.8398
9911.63793103444  69.93562
9914.16256157631  59.07537
9916.68719211819  50.02693
9919.21182266006  89.35431
9921.73645320193  156.6229
9924.2610837438  143.7829
9926.78571428567  42.2798
9929.31034482754  -33.39609
9931.83497536942  -19.96816
9934.35960591129  -55.7363
9936.88423645316  -35.29633
9939.40886699503  -41.594
9941.93349753691  -71.29043
9944.45812807878  77.23611
9946.98275862065  168.2218
9949.50738916252  183.354
9952.03201970439  73.74633
9954.55665024626  -14.83749
9957.08128078813  38.90312
9959.60591133001  80.18324
9962.13054187188  138.883
9964.65517241375  129.711
9967.17980295562  169.1427
9969.70443349749  180.6441
9972.22906403936  81.14616
9974.75369458124  122.7494
9977.27832512311  129.7294
9979.80295566498  180.325
9982.32758620685  116.7758
9984.85221674873  93.56375
9987.3768472906  169.6228
9989.90147783247  11.11617
9992.42610837434  -93.23428
9994.95073891621  -27.89041
9997.47536945809  -2.099572
9999.99999999996  201.6018
