3602.42194897163  6.967995E-17
3604.84389794327  -8.927750E-17
3607.2658469149  4.107209E-17
3609.68779588654  9.234658E-17
3612.10974485817  5.230520E-17
3614.5316938298  7.637057E-17
3616.95364280144  -1.489521E-17
3619.37559177307  3.777530E-17
3621.79754074471  9.752963E-17
3624.21948971634  3.716158E-17
3626.64143868798  7.350613E-17
3629.06338765961  -5.182928E-17
3631.48533663124  -4.273419E-17
3633.90728560288  7.778384E-17
3636.32923457451  2.372495E-17
3638.75118354615  6.877049E-17
3641.17313251778  5.929969E-17
3643.59508148941  8.145447E-17
3646.01703046105  5.471253E-17
3648.43897943268  3.645173E-17
3650.86092840432  6.773010E-17
3653.28287737595  6.160532E-17
3655.70482634758  5.322240E-17
3658.12677531922  7.801664E-17
3660.54872429085  6.888534E-17
3662.97067326249  3.860493E-17
3665.39262223412  7.187049E-17
3667.81457120576  4.999074E-17
3670.23652017739  4.941637E-17
3672.65846914902  5.189304E-17
3675.08041812066  8.004972E-17
3677.50236709229  4.792479E-17
3679.92431606392  1.371736E-17
3682.34626503556  6.795973E-17
3684.76821400719  6.256053E-17
3687.19016297883  2.594648E-17
3689.61211195046  2.840283E-17
3692.0340609221  5.381511E-17
3694.45600989373  3.461144E-17
3696.87795886536  2.241544E-17
3699.299907837  3.934151E-17
3701.72185680863  3.791445E-17
3704.14380578027  2.461818E-17
3706.5657547519  2.022995E-17
3708.98770372353  2.676789E-17
3711.40965269517  5.346957E-17
3713.8316016668  4.870710E-17
3716.25355063844  4.004186E-17
3718.67549961007  4.755878E-17
3721.09744858171  4.269931E-17
3723.51939755334  3.828022E-17
3725.94134652497  2.185608E-17
3728.36329549661  1.801448E-17
3730.78524446824  4.164318E-17
3733.20719343988  3.628350E-17
3735.62914241151  4.628351E-17
3738.05109138314  5.464436E-17
3740.47304035478  4.330897E-17
3742.89498932641  2.389732E-17
3745.31693829805  4.172426E-17
3747.73888726968  2.757312E-17
3750.16083624131  2.150821E-17
3752.58278521295  2.620859E-17
3755.00473418458  2.017294E-17
3757.42668315622  4.684080E-17
3759.84863212785  3.620114E-17
3762.27058109948  3.294919E-17
3764.69253007112  3.668655E-17
3767.11447904275  3.774492E-17
3769.53642801439  1.653510E-17
3771.95837698602  3.525187E-17
3774.38032595766  2.393294E-17
3776.80227492929  3.616170E-17
3779.22422390092  4.122086E-17
3781.64617287256  4.265692E-17
3784.06812184419  3.739896E-17
3786.49007081583  2.903016E-17
3788.91201978746  3.107037E-17
3791.33396875909  2.920906E-17
3793.75591773073  5.053167E-17
3796.17786670236  4.645941E-17
3798.599815674  2.591930E-17
3801.02176464563  4.216598E-17
3803.44371361726  2.995267E-17
3805.8656625889  4.292988E-17
3808.28761156053  4.666510E-17
3810.70956053217  3.575921E-17
3813.1315095038  3.222236E-17
3815.55345847543  4.777197E-17
3817.97540744707  1.949312E-17
3820.3973564187  2.971015E-17
3822.81930539034  2.858333E-17
3825.24125436197  3.897879E-17
3827.66320333361  3.471441E-17
3830.08515230524  3.097831E-17
3832.50710127687  2.681051E-17
3834.92905024851  3.238091E-17
3837.35099922014  4.110965E-17
3839.77294819178  3.462197E-17
3842.19489716341  3.711123E-17
3844.61684613504  3.388638E-17
3847.03879510668  2.768220E-17
3849.46074407831  3.556824E-17
3851.88269304995  2.763541E-17
3854.30464202158  3.295920E-17
3856.72659099321  2.624226E-17
3859.14853996485  3.147211E-17
3861.57048893648  3.055349E-17
3863.99243790812  2.931226E-17
3866.41438687975  2.310277E-17
3868.83633585139  2.472714E-17
3871.25828482302  3.344742E-17
3873.68023379465  2.907885E-17
3876.10218276629  3.183758E-17
3878.52413173792  3.297119E-17
3880.94608070956  2.710280E-17
3883.36802968119  3.205187E-17
3885.78997865282  3.120143E-17
3888.21192762446  2.729152E-17
3890.63387659609  2.473140E-17
3893.05582556773  3.097524E-17
3895.47777453936  3.434950E-17
3897.89972351099  2.298518E-17
3900.32167248263  3.353206E-17
3902.74362145426  3.126842E-17
3905.1655704259  2.863753E-17
3907.58751939753  3.163582E-17
3910.00946836917  3.378832E-17
3912.4314173408  3.462666E-17
3914.85336631243  2.822777E-17
3917.27531528407  3.587256E-17
3919.6972642557  3.242175E-17
3922.11921322734  3.270109E-17
3924.54116219897  3.806877E-17
3926.9631111706  3.802657E-17
3929.38506014224  3.347141E-17
3931.80700911387  4.286635E-17
3934.22895808551  3.073527E-17
3936.65090705714  2.872070E-17
3939.07285602877  4.102835E-17
3941.49480500041  8.627526E-17
3943.91675397204  1.080645E-16
3946.33870294368  1.126737E-16
3948.76065191531  9.415764E-17
3951.18260088695  5.111689E-17
3953.60454985858  3.982235E-17
3956.02649883021  3.762210E-17
3958.44844780185  4.286220E-17
3960.87039677348  3.534028E-17
3963.29234574512  3.253403E-17
3965.71429471675  3.336118E-17
3968.13624368838  3.587473E-17
3970.55819266002  2.903220E-17
3972.98014163165  3.357624E-17
3975.40209060329  3.500360E-17
3977.82403957492  3.811705E-17
3980.24598854655  3.859026E-17
3982.66793751819  3.759469E-17
3985.08988648982  3.420731E-17
3987.51183546146  3.368856E-17
3989.93378443309  3.515495E-17
3992.35573340472  2.863384E-17
3994.77768237636  2.990945E-17
3997.19963134799  4.028226E-17
3999.62158031963  3.064648E-17
4002.04352929126  3.743846E-17
4004.4654782629  4.009672E-17
4006.88742723453  3.191725E-17
4009.30937620616  3.141624E-17
4011.7313251778  3.286758E-17
4014.15327414943  3.621398E-17
4016.57522312107  3.251984E-17
4018.9971720927  3.454840E-17
4021.41912106433  3.956228E-17
4023.84107003597  2.902118E-17
4026.2630190076  3.444882E-17
4028.68496797924  3.702374E-17
4031.10691695087  3.610736E-17
4033.5288659225  3.822832E-17
4035.95081489414  2.831358E-17
4038.37276386577  4.142181E-17
4040.79471283741  3.086453E-17
4043.21666180904  3.956584E-17
4045.63861078068  3.928367E-17
4048.06055975231  2.539828E-17
4050.48250872394  3.162079E-17
4052.90445769558  2.355377E-17
4055.32640666721  3.194808E-17
4057.74835563885  3.015434E-17
4060.17030461048  3.099458E-17
4062.59225358211  2.702510E-17
4065.01420255375  2.914732E-17
4067.43615152538  3.162442E-17
4069.85810049702  3.503520E-17
4072.28004946865  3.638017E-17
4074.70199844028  3.929917E-17
4077.12394741192  4.165921E-17
4079.54589638355  3.766173E-17
4081.96784535519  3.986696E-17
4084.38979432682  4.687770E-17
4086.81174329846  3.479977E-17
4089.23369227009  3.937085E-17
4091.65564124172  3.547056E-17
4094.07759021336  4.195702E-17
4096.49953918499  4.361589E-17
4098.92148815662  3.537548E-17
4101.34343712826  3.387403E-17
4103.76538609989  3.322229E-17
4106.18733507153  3.302939E-17
4108.60928404316  3.708602E-17
4111.0312330148  3.395690E-17
4113.45318198643  3.389603E-17
4115.87513095806  4.063313E-17
4118.2970799297  3.859954E-17
4120.71902890133  3.249511E-17
4123.14097787297  3.981224E-17
4125.5629268446  3.446933E-17
4127.98487581623  3.958390E-17
4130.40682478787  4.069460E-17
4132.8287737595  4.275215E-17
4135.25072273114  3.457956E-17
4137.67267170277  4.399352E-17
4140.09462067441  4.742084E-17
4142.51656964604  3.883188E-17
4144.93851861767  4.081038E-17
4147.36046758931  4.137198E-17
4149.78241656094  3.694397E-17
4152.20436553258  4.000389E-17
4154.62631450421  3.942459E-17
4157.04826347584  3.340862E-17
4159.47021244748  3.607156E-17
4161.89216141911  3.500168E-17
4164.31411039075  3.029000E-17
4166.73605936238  3.570097E-17
4169.15800833401  3.888264E-17
4171.57995730565  4.230429E-17
4174.00190627728  4.080560E-17
4176.42385524892  3.837039E-17
4178.84580422055  3.979818E-17
4181.26775319218  3.330139E-17
4183.68970216382  3.954679E-17
4186.11165113545  4.249578E-17
4188.53360010709  3.770589E-17
4190.95554907872  3.519454E-17
4193.37749805035  3.335122E-17
4195.79944702199  3.450381E-17
4198.22139599362  3.402915E-17
4200.64334496526  3.344879E-17
4203.06529393689  3.682607E-17
4205.48724290853  3.007566E-17
4207.90919188016  3.729174E-17
4210.33114085179  2.912810E-17
4212.75308982343  3.278422E-17
4215.17503879506  3.700681E-17
4217.5969877667  4.103780E-17
4220.01893673833  4.129025E-17
4222.44088570997  3.946495E-17
4224.8628346816  4.326463E-17
4227.28478365323  4.152085E-17
4229.70673262487  3.783063E-17
4232.1286815965  4.217863E-17
4234.55063056814  4.608862E-17
4236.97257953977  4.507917E-17
4239.3945285114  3.923275E-17
4241.81647748304  3.852145E-17
4244.23842645467  4.497190E-17
4246.66037542631  4.582218E-17
4249.08232439794  4.452350E-17
4251.50427336957  3.686251E-17
4253.92622234121  3.742829E-17
4256.34817131284  4.483086E-17
4258.77012028448  4.367223E-17
4261.19206925611  4.156190E-17
4263.61401822774  4.158493E-17
4266.03596719938  3.780790E-17
4268.45791617101  3.975492E-17
4270.87986514265  4.013226E-17
4273.30181411428  4.110540E-17
4275.72376308591  4.205929E-17
4278.14571205755  4.398262E-17
4280.56766102918  3.493131E-17
4282.98961000082  3.366245E-17
4285.41155897245  4.386900E-17
4287.83350794409  4.083594E-17
4290.25545691572  3.905806E-17
4292.67740588735  4.493315E-17
4295.09935485899  4.056656E-17
4297.52130383062  3.580066E-17
4299.94325280226  4.079820E-17
4302.36520177389  3.920152E-17
4304.78715074552  3.982329E-17
4307.20909971716  3.449323E-17
4309.63104868879  3.578006E-17
4312.05299766043  4.289486E-17
4314.47494663206  3.843198E-17
4316.89689560369  3.702071E-17
4319.31884457533  3.594053E-17
4321.74079354696  3.621922E-17
4324.1627425186  4.224831E-17
4326.58469149023  3.264967E-17
4329.00664046186  3.514790E-17
4331.4285894335  2.999113E-17
4333.85053840513  3.288392E-17
4336.27248737677  3.401282E-17
4338.6944363484  3.538815E-17
4341.11638532004  4.499061E-17
4343.53833429167  4.294496E-17
4345.9602832633  3.607720E-17
4348.38223223494  3.751323E-17
4350.80418120657  4.095960E-17
4353.22613017821  4.076757E-17
4355.64807914984  3.777184E-17
4358.07002812147  3.653660E-17
4360.49197709311  3.828736E-17
4362.91392606474  3.938478E-17
4365.33587503638  4.207074E-17
4367.75782400801  3.927760E-17
4370.17977297965  4.146915E-17
4372.60172195128  3.710620E-17
4375.02367092291  3.415156E-17
4377.44561989455  3.970958E-17
4379.86756886618  3.974470E-17
4382.28951783781  3.632905E-17
4384.71146680945  3.824197E-17
4387.13341578108  4.027015E-17
4389.55536475272  4.219601E-17
4391.97731372435  3.814159E-17
4394.39926269599  4.046065E-17
4396.82121166762  3.927132E-17
4399.24316063925  3.560139E-17
4401.66510961089  3.946355E-17
4404.08705858252  3.618118E-17
4406.50900755416  3.870888E-17
4408.93095652579  3.738178E-17
4411.35290549742  4.091085E-17
4413.77485446906  3.666623E-17
4416.19680344069  4.184355E-17
4418.61875241233  3.636740E-17
4421.04070138396  3.547357E-17
4423.4626503556  3.738101E-17
4425.88459932723  3.859753E-17
4428.30654829886  3.844787E-17
4430.7284972705  3.633145E-17
4433.15044624213  4.275116E-17
4435.57239521377  3.957931E-17
4437.9943441854  4.479053E-17
4440.41629315703  4.048819E-17
4442.83824212867  3.645735E-17
4445.2601911003  3.348919E-17
4447.68214007194  3.211925E-17
4450.10408904357  3.912886E-17
4452.5260380152  4.238459E-17
4454.94798698684  3.689707E-17
4457.36993595847  4.009671E-17
4459.79188493011  3.433494E-17
4462.21383390174  3.501384E-17
4464.63578287337  3.714907E-17
4467.05773184501  3.660941E-17
4469.47968081664  3.444065E-17
4471.90162978828  3.870495E-17
4474.32357875991  3.533444E-17
4476.74552773155  3.673928E-17
4479.16747670318  3.904590E-17
4481.58942567481  3.847513E-17
4484.01137464645  3.712125E-17
4486.43332361808  3.548678E-17
4488.85527258972  3.931575E-17
4491.27722156135  3.693924E-17
4493.69917053298  3.880605E-17
4496.12111950462  3.566409E-17
4498.54306847625  3.688208E-17
4500.96501744789  3.914617E-17
4503.38696641952  3.259599E-17
4505.80891539116  3.311557E-17
4508.23086436279  3.640252E-17
4510.65281333442  3.736141E-17
4513.07476230606  3.550529E-17
4515.49671127769  3.715867E-17
4517.91866024933  3.447033E-17
4520.34060922096  4.085582E-17
4522.76255819259  4.265510E-17
4525.18450716423  3.742544E-17
4527.60645613586  3.215554E-17
4530.0284051075  3.663720E-17
4532.45035407913  3.642315E-17
4534.87230305076  3.051213E-17
4537.2942520224  3.721765E-17
4539.71620099403  3.434986E-17
4542.13814996567  3.473397E-17
4544.5600989373  3.619104E-17
4546.98204790893  3.161844E-17
4549.40399688057  3.378615E-17
4551.8259458522  3.516256E-17
4554.24789482384  3.371957E-17
4556.66984379547  3.446785E-17
4559.09179276711  3.449859E-17
4561.51374173874  3.393007E-17
4563.93569071037  3.318220E-17
4566.35763968201  3.394591E-17
4568.77958865364  3.585196E-17
4571.20153762528  3.430773E-17
4573.62348659691  3.306786E-17
4576.04543556854  3.292199E-17
4578.46738454018  3.476325E-17
4580.88933351181  3.628056E-17
4583.31128248345  3.558757E-17
4585.73323145508  3.287221E-17
4588.15518042672  3.560408E-17
4590.57712939835  4.164954E-17
4592.99907836998  4.801004E-17
4595.42102734162  4.732820E-17
4597.84297631325  3.706793E-17
4600.26492528489  3.278367E-17
4602.68687425652  3.218849E-17
4605.10882322815  3.398369E-17
4607.53077219979  3.850790E-17
4609.95272117142  3.704225E-17
4612.37467014306  3.475357E-17
4614.79661911469  3.922273E-17
4617.21856808632  3.432807E-17
4619.64051705796  3.422776E-17
4622.06246602959  3.625218E-17
4624.48441500123  3.574088E-17
4626.90636397286  3.923989E-17
4629.32831294449  3.560396E-17
4631.75026191613  3.391282E-17
4634.17221088776  3.473956E-17
4636.5941598594  3.312382E-17
4639.01610883103  3.245500E-17
4641.43805780267  3.261597E-17
4643.8600067743  3.822943E-17
4646.28195574593  3.142262E-17
4648.70390471757  3.103915E-17
4651.1258536892  3.346216E-17
4653.54780266084  4.030295E-17
4655.96975163247  3.682566E-17
4658.3917006041  3.661573E-17
4660.81364957574  3.456989E-17
4663.23559854737  3.366520E-17
4665.65754751901  3.613247E-17
4668.07949649064  3.555747E-17
4670.50144546227  3.827234E-17
4672.92339443391  3.612005E-17
4675.34534340554  3.399041E-17
4677.76729237718  3.856457E-17
4680.18924134881  3.639082E-17
4682.61119032044  3.751528E-17
4685.03313929208  3.460273E-17
4687.45508826371  3.162686E-17
4689.87703723535  3.323501E-17
4692.29898620698  3.272864E-17
4694.72093517861  3.737760E-17
4697.14288415025  3.413372E-17
4699.56483312188  3.626740E-17
4701.98678209352  3.419355E-17
4704.40873106515  3.324292E-17
4706.83068003679  3.598317E-17
4709.25262900842  3.391848E-17
4711.67457798005  3.521117E-17
4714.09652695169  3.223692E-17
4716.51847592332  3.588926E-17
4718.94042489496  3.392859E-17
4721.36237386659  3.480102E-17
4723.78432283823  3.513806E-17
4726.20627180986  3.642673E-17
4728.62822078149  3.839165E-17
4731.05016975313  3.454302E-17
4733.47211872476  3.317038E-17
4735.89406769639  3.782118E-17
4738.31601666803  3.812012E-17
4740.73796563966  3.588993E-17
4743.1599146113  3.572437E-17
4745.58186358293  3.631213E-17
4748.00381255457  3.317570E-17
4750.4257615262  3.611996E-17
4752.84771049783  3.400726E-17
4755.26965946947  3.455741E-17
4757.6916084411  3.646246E-17
4760.11355741274  3.443397E-17
4762.53550638437  4.216063E-17
4764.957455356  3.902876E-17
4767.37940432764  4.300765E-17
4769.80135329927  3.637468E-17
4772.22330227091  3.377163E-17
4774.64525124254  3.795666E-17
4777.06720021417  3.704225E-17
4779.48914918581  3.518579E-17
4781.91109815744  3.600009E-17
4784.33304712908  3.548150E-17
4786.75499610071  3.203225E-17
4789.17694507235  3.592867E-17
4791.59889404398  3.666268E-17
4794.02084301561  3.732959E-17
4796.44279198725  3.749757E-17
4798.86474095888  3.725819E-17
4801.28668993052  3.641721E-17
4803.70863890215  3.738780E-17
4806.13058787378  3.876803E-17
4808.55253684542  4.148487E-17
4810.97448581705  3.811353E-17
4813.39643478869  3.733625E-17
4815.81838376032  3.827009E-17
4818.24033273195  3.975196E-17
4820.66228170359  3.545111E-17
4823.08423067522  3.495646E-17
4825.50617964686  3.691398E-17
4827.92812861849  3.916202E-17
4830.35007759013  3.635339E-17
4832.77202656176  3.918959E-17
4835.19397553339  3.678756E-17
4837.61592450503  3.669177E-17
4840.03787347666  3.504093E-17
4842.4598224483  3.577392E-17
4844.88177141993  3.668649E-17
4847.30372039156  3.706237E-17
4849.7256693632  3.779246E-17
4852.14761833483  3.988560E-17
4854.56956730646  3.626606E-17
4856.9915162781  3.939145E-17
4859.41346524973  3.813918E-17
4861.83541422137  3.842967E-17
4864.257363193  3.849242E-17
4866.67931216464  3.615844E-17
4869.10126113627  3.429251E-17
4871.5232101079  3.734630E-17
4873.94515907954  3.753256E-17
4876.36710805117  3.873425E-17
4878.78905702281  4.051455E-17
4881.21100599444  3.532254E-17
4883.63295496608  3.792906E-17
4886.05490393771  3.693185E-17
4888.47685290934  3.541989E-17
4890.89880188098  3.296495E-17
4893.32075085261  3.462661E-17
4895.74269982424  3.559349E-17
4898.16464879588  3.728616E-17
4900.58659776751  3.593971E-17
4903.00854673915  3.563809E-17
4905.43049571078  3.944224E-17
4907.85244468242  3.646670E-17
4910.27439365405  3.603258E-17
4912.69634262568  3.652975E-17
4915.11829159732  3.531167E-17
4917.54024056895  3.683175E-17
4919.96218954059  3.341530E-17
4922.38413851222  3.676270E-17
4924.80608748385  3.957107E-17
4927.22803645549  3.774693E-17
4929.64998542712  3.551102E-17
4932.07193439876  3.755058E-17
4934.49388337039  3.634127E-17
4936.91583234203  3.453869E-17
4939.33778131366  3.272469E-17
4941.75973028529  3.438011E-17
4944.18167925693  3.485950E-17
4946.60362822856  3.560578E-17
4949.0255772002  3.449884E-17
4951.44752617183  3.552908E-17
4953.86947514346  3.350176E-17
4956.2914241151  3.481793E-17
4958.71337308673  3.711474E-17
4961.13532205837  3.757737E-17
4963.55727103  3.591037E-17
4965.97922000163  3.557699E-17
4968.40116897327  3.603963E-17
4970.8231179449  3.383343E-17
4973.24506691654  3.460007E-17
4975.66701588817  3.547415E-17
4978.0889648598  3.008479E-17
4980.51091383144  3.206178E-17
4982.93286280307  3.497502E-17
4985.35481177471  3.174189E-17
4987.77676074634  3.350038E-17
4990.19870971798  3.138458E-17
4992.62065868961  3.301743E-17
4995.04260766124  3.506676E-17
4997.46455663288  3.174972E-17
4999.88650560451  3.370018E-17
5002.30845457615  3.561550E-17
5004.73040354778  3.190280E-17
5007.15235251941  3.290094E-17
5009.57430149105  3.378651E-17
5011.99625046268  3.440937E-17
5014.41819943432  3.161502E-17
5016.84014840595  3.116982E-17
5019.26209737758  2.812096E-17
5021.68404634922  3.125002E-17
5024.10599532085  3.264137E-17
5026.52794429249  3.369196E-17
5028.94989326412  3.186363E-17
5031.37184223576  3.400872E-17
5033.79379120739  3.281385E-17
5036.21574017902  3.291644E-17
5038.63768915066  3.174850E-17
5041.05963812229  3.479802E-17
5043.48158709393  3.131757E-17
5045.90353606556  3.288271E-17
5048.3254850372  3.165861E-17
5050.74743400883  3.260035E-17
5053.16938298046  3.264583E-17
5055.5913319521  3.409238E-17
5058.01328092373  3.152937E-17
5060.43522989536  3.424325E-17
5062.857178867  3.268249E-17
5065.27912783863  3.430238E-17
5067.70107681027  3.563732E-17
5070.1230257819  3.587459E-17
5072.54497475354  3.154076E-17
5074.96692372517  3.377049E-17
5077.3888726968  3.575808E-17
5079.81082166844  3.589863E-17
5082.23277064007  3.502996E-17
5084.65471961171  3.717148E-17
5087.07666858334  3.553771E-17
5089.49861755497  3.323306E-17
5091.92056652661  3.639559E-17
5094.34251549824  3.696096E-17
5096.76446446988  3.903718E-17
5099.18641344151  3.381983E-17
5101.60836241314  3.584904E-17
5104.03031138478  3.844125E-17
5106.45226035641  3.466044E-17
5108.87420932805  3.188403E-17
5111.29615829968  3.593596E-17
5113.71810727132  3.305515E-17
5116.14005624295  3.036656E-17
5118.56200521458  3.370999E-17
5120.98395418622  3.525244E-17
5123.40590315785  3.884415E-17
5125.82785212948  3.216028E-17
5128.24980110112  3.884001E-17
5130.67175007276  3.154511E-17
5133.09369904439  3.222829E-17
5135.51564801602  3.344200E-17
5137.93759698766  3.104147E-17
5140.35954595929  4.343934E-17
5142.78149493092  6.554843E-17
5145.20344390256  7.088653E-17
5147.62539287419  6.153303E-17
5150.04734184583  4.149494E-17
5152.46929081746  3.307443E-17
5154.89123978909  3.231927E-17
5157.31318876073  3.243272E-17
5159.73513773236  3.284106E-17
5162.157086704  2.939114E-17
5164.57903567563  3.249260E-17
5167.00098464727  3.261216E-17
5169.4229336189  2.998861E-17
5171.84488259053  3.349019E-17
5174.26683156217  3.192553E-17
5176.6887805338  3.106184E-17
5179.11072950543  3.385248E-17
5181.53267847707  3.314886E-17
5183.9546274487  3.371087E-17
5186.37657642034  3.082454E-17
5188.79852539197  2.822366E-17
5191.22047436361  3.008446E-17
5193.64242333524  3.261289E-17
5196.06437230688  3.538353E-17
5198.48632127851  3.549014E-17
5200.90827025014  3.265293E-17
5203.33021922178  3.635642E-17
5205.75216819341  3.283883E-17
5208.17411716505  2.845531E-17
5210.59606613668  3.055494E-17
5213.01801510831  3.229738E-17
5215.43996407995  3.228179E-17
5217.86191305158  3.518703E-17
5220.28386202322  3.557875E-17
5222.70581099485  3.227178E-17
5225.12775996648  3.483222E-17
5227.54970893812  2.997742E-17
5229.97165790975  3.208342E-17
5232.39360688139  3.450638E-17
5234.81555585302  3.034920E-17
5237.23750482465  3.021170E-17
5239.65945379629  3.862344E-17
5242.08140276792  3.430552E-17
5244.50335173956  3.066511E-17
5246.92530071119  3.585328E-17
5249.34724968283  3.688863E-17
5251.76919865446  3.863185E-17
5254.19114762609  3.874297E-17
5256.61309659773  3.351776E-17
5259.03504556936  3.314954E-17
5261.45699454099  2.920558E-17
5263.87894351263  2.743945E-17
5266.30089248426  3.337461E-17
5268.7228414559  3.254643E-17
5271.14479042753  3.112841E-17
5273.56673939917  2.662369E-17
5275.9886883708  2.878360E-17
5278.41063734244  2.743284E-17
5280.83258631407  3.255331E-17
5283.2545352857  2.946546E-17
5285.67648425734  3.217780E-17
5288.09843322897  3.052181E-17
5290.5203822006  3.462146E-17
5292.94233117224  3.376133E-17
5295.36428014387  4.035706E-17
5297.78622911551  4.585862E-17
5300.20817808714  5.173379E-17
5302.63012705878  4.048645E-17
5305.05207603041  3.499380E-17
5307.47402500204  2.653073E-17
5309.89597397368  3.131881E-17
5312.31792294531  3.040980E-17
5314.73987191695  2.898547E-17
5317.16182088858  3.134206E-17
5319.58376986021  3.140524E-17
5322.00571883185  2.744645E-17
5324.42766780348  2.515844E-17
5326.84961677512  2.307126E-17
5329.27156574675  3.149173E-17
5331.69351471838  2.930312E-17
5334.11546369002  2.700841E-17
5336.53741266165  3.317536E-17
5338.95936163329  2.942769E-17
5341.38131060492  2.743421E-17
5343.80325957656  2.569228E-17
5346.22520854819  2.598142E-17
5348.64715751982  2.542003E-17
5351.06910649146  3.269131E-17
5353.49105546309  2.769683E-17
5355.91300443473  3.065071E-17
5358.33495340636  3.099992E-17
5360.75690237799  3.296598E-17
5363.17885134963  2.813901E-17
5365.60080032126  2.116829E-17
5368.0227492929  2.658299E-17
5370.44469826453  2.563565E-17
5372.86664723616  2.753932E-17
5375.2885962078  2.926145E-17
5377.71054517943  2.967333E-17
5380.13249415107  3.012562E-17
5382.5544431227  1.489657E-17
5384.97639209433  3.050966E-17
5387.39834106597  3.297892E-17
5389.8202900376  3.003027E-17
5392.24223900924  2.739491E-17
5394.66418798087  2.390052E-17
5397.08613695251  2.945673E-17
5399.50808592414  3.093988E-17
5401.93003489577  2.870211E-17
5404.35198386741  2.751238E-17
5406.77393283904  2.778602E-17
5409.19588181068  2.144424E-17
5411.61783078231  2.569057E-17
5414.03977975394  3.037891E-17
5416.46172872558  3.212101E-17
5418.88367769721  2.847166E-17
5421.30562666885  2.994487E-17
5423.72757564048  3.029036E-17
5426.14952461211  2.868041E-17
5428.57147358375  3.109296E-17
5430.99342255538  2.996998E-17
5433.41537152702  3.168968E-17
5435.83732049865  3.033312E-17
5438.25926947028  2.469831E-17
5440.68121844192  2.516369E-17
5443.10316741355  2.793295E-17
5445.52511638519  3.384414E-17
5447.94706535682  3.079649E-17
5450.36901432846  2.771908E-17
5452.79096330009  3.203832E-17
5455.21291227172  3.338562E-17
5457.63486124336  3.160449E-17
5460.05681021499  3.478746E-17
5462.47875918663  2.955206E-17
5464.90070815826  2.840252E-17
5467.32265712989  2.845935E-17
5469.74460610153  2.679510E-17
5472.16655507316  2.627873E-17
5474.5885040448  3.002025E-17
5477.01045301643  3.170811E-17
5479.43240198807  2.985466E-17
5481.8543509597  2.701857E-17
5484.27629993133  2.176560E-17
5486.69824890297  2.866929E-17
5489.1201978746  2.798269E-17
5491.54214684623  2.826950E-17
5493.96409581787  3.249595E-17
5496.38604478951  3.008552E-17
5498.80799376114  2.736504E-17
5501.22994273277  2.943143E-17
5503.65189170441  3.194311E-17
5506.07384067604  2.590220E-17
5508.49578964767  2.988371E-17
5510.91773861931  2.988779E-17
5513.33968759094  2.723940E-17
5515.76163656258  2.684478E-17
5518.18358553421  3.455418E-17
5520.60553450584  3.222258E-17
5523.02748347748  3.109082E-17
5525.44943244911  3.241354E-17
5527.87138142075  2.999527E-17
5530.29333039238  2.927691E-17
5532.71527936401  3.080963E-17
5535.13722833565  2.983219E-17
5537.55917730728  2.702165E-17
5539.98112627892  2.579615E-17
5542.40307525055  3.080423E-17
5544.82502422218  3.370815E-17
5547.24697319382  3.312059E-17
5549.66892216545  3.414176E-17
5552.09087113709  3.369765E-17
5554.51282010872  3.052202E-17
5556.93476908036  2.879518E-17
5559.35671805199  2.669244E-17
5561.77866702363  3.049428E-17
5564.20061599526  3.339858E-17
5566.62256496689  3.290208E-17
5569.04451393853  2.690467E-17
5571.46646291016  2.547019E-17
5573.88841188179  3.194472E-17
5576.31036085343  4.530292E-17
5578.73230982506  5.866282E-17
5581.1542587967  3.890481E-17
5583.57620776833  3.878424E-17
5585.99815673996  5.858883E-17
5588.4201057116  4.646140E-17
5590.84205468323  3.328430E-17
5593.26400365487  3.547159E-17
5595.6859526265  3.522170E-17
5598.10790159814  3.114931E-17
5600.52985056977  3.084047E-17
5602.9517995414  3.154311E-17
5605.37374851304  3.466890E-17
5607.79569748467  3.470698E-17
5610.21764645631  2.971454E-17
5612.63959542794  3.056240E-17
5615.06154439958  2.845446E-17
5617.48349337121  2.566220E-17
5619.90544234284  2.692620E-17
5622.32739131448  2.732494E-17
5624.74934028611  3.186233E-17
5627.17128925774  3.458975E-17
5629.59323822938  3.189200E-17
5632.01518720101  2.775984E-17
5634.43713617265  2.702769E-17
5636.85908514428  3.448651E-17
5639.28103411592  3.257071E-17
5641.70298308755  3.083664E-17
5644.12493205918  3.158059E-17
5646.54688103082  3.320142E-17
5648.96883000245  3.346828E-17
5651.39077897409  3.018930E-17
5653.81272794572  2.746557E-17
5656.23467691735  3.140715E-17
5658.65662588899  3.019348E-17
5661.07857486062  2.963451E-17
5663.50052383226  3.193472E-17
5665.92247280389  3.227453E-17
5668.34442177552  3.149274E-17
5670.76637074716  2.917287E-17
5673.18831971879  2.981885E-17
5675.61026869043  3.244273E-17
5678.03221766206  3.315309E-17
5680.4541666337  3.209496E-17
5682.87611560533  3.031213E-17
5685.29806457696  3.065222E-17
5687.7200135486  3.147171E-17
5690.14196252023  2.711638E-17
5692.56391149187  2.473402E-17
5694.9858604635  2.824866E-17
5697.40780943513  2.769729E-17
5699.82975840677  3.072893E-17
5702.2517073784  3.205885E-17
5704.67365635004  2.952685E-17
5707.09560532167  2.650455E-17
5709.5175542933  2.963634E-17
5711.93950326494  3.017122E-17
5714.36145223657  2.926803E-17
5716.78340120821  2.909878E-17
5719.20535017984  3.209351E-17
5721.62729915147  3.491695E-17
5724.04924812311  3.197331E-17
5726.47119709474  2.921065E-17
5728.89314606638  2.923005E-17
5731.31509503801  3.493510E-17
5733.73704400965  3.157459E-17
5736.15899298128  3.246843E-17
5738.58094195291  3.702444E-17
5741.00289092455  3.366074E-17
5743.42483989618  3.236081E-17
5745.84678886782  3.150314E-17
5748.26873783945  2.978749E-17
5750.69068681108  3.013418E-17
5753.11263578272  2.932739E-17
5755.53458475435  2.999579E-17
5757.95653372599  3.173137E-17
5760.37848269762  3.107477E-17
5762.80043166926  3.231522E-17
5765.22238064089  3.363008E-17
5767.64432961252  3.318148E-17
5770.06627858416  3.128992E-17
5772.48822755579  2.774801E-17
5774.91017652743  3.179180E-17
5777.33212549906  3.004385E-17
5779.75407447069  2.924969E-17
5782.17602344233  3.347185E-17
5784.59797241396  3.300350E-17
5787.0199213856  2.943417E-17
5789.44187035723  2.925851E-17
5791.86381932886  3.258609E-17
5794.2857683005  3.698566E-17
5796.70771727213  3.545172E-17
5799.12966624377  3.163278E-17
5801.5516152154  2.902702E-17
5803.97356418703  2.927461E-17
5806.39551315867  3.149650E-17
5808.8174621303  3.276386E-17
5811.23941110194  3.092481E-17
5813.66136007357  3.290203E-17
5816.0833090452  3.454229E-17
5818.50525801684  2.926536E-17
5820.92720698847  3.291215E-17
5823.34915596011  3.014008E-17
5825.77110493174  3.045159E-17
5828.19305390338  3.044283E-17
5830.61500287501  3.063099E-17
5833.03695184664  2.903676E-17
5835.45890081828  2.770944E-17
5837.88084978991  2.676622E-17
5840.30279876155  2.828491E-17
5842.72474773318  2.949720E-17
5845.14669670481  2.936600E-17
5847.56864567645  2.830204E-17
5849.99059464808  2.780940E-17
5852.41254361972  2.668255E-17
5854.83449259135  2.978311E-17
5857.25644156298  2.995359E-17
5859.67839053462  2.881102E-17
5862.10033950625  3.509475E-17
5864.52228847789  3.296682E-17
5866.94423744952  2.736651E-17
5869.36618642116  3.317231E-17
5871.78813539279  3.370166E-17
5874.21008436442  3.045330E-17
5876.63203333606  2.768269E-17
5879.05398230769  2.813398E-17
5881.47593127933  2.914485E-17
5883.89788025096  2.791142E-17
5886.31982922259  2.632059E-17
5888.74177819423  2.898485E-17
5891.16372716586  3.146145E-17
5893.5856761375  2.816288E-17
5896.00762510913  2.654394E-17
5898.42957408077  2.831805E-17
5900.8515230524  3.078758E-17
5903.27347202403  3.050127E-17
5905.69542099567  2.270635E-17
5908.1173699673  2.916417E-17
5910.53931893894  3.072424E-17
5912.96126791057  2.358830E-17
5915.3832168822  3.283253E-17
5917.80516585384  3.446206E-17
5920.22711482547  3.063275E-17
5922.64906379711  3.022328E-17
5925.07101276874  3.098971E-17
5927.49296174037  2.942651E-17
5929.91491071201  2.672098E-17
5932.33685968364  2.446983E-17
5934.75880865528  2.809922E-17
5937.18075762691  3.232440E-17
5939.60270659854  3.185201E-17
5942.02465557018  3.218311E-17
5944.44660454181  2.759206E-17
5946.86855351345  2.970429E-17
5949.29050248508  3.088439E-17
5951.71245145672  3.011411E-17
5954.13440042835  3.382887E-17
5956.55634939998  3.209223E-17
5958.97829837162  3.314294E-17
5961.40024734325  3.257605E-17
5963.82219631489  2.821911E-17
5966.24414528652  2.816201E-17
5968.66609425815  2.912256E-17
5971.08804322979  2.940617E-17
5973.50999220142  2.709230E-17
5975.93194117306  2.657124E-17
5978.35389014469  2.717030E-17
5980.77583911632  2.681754E-17
5983.19778808796  2.790639E-17
5985.61973705959  2.831014E-17
5988.04168603123  2.709942E-17
5990.46363500286  2.813405E-17
5992.8855839745  2.819129E-17
5995.30753294613  3.119529E-17
5997.72948191776  3.155021E-17
6000.1514308894  3.037533E-17
6002.57337986103  3.012675E-17
6004.99532883267  3.101887E-17
6007.4172778043  2.958499E-17
6009.83922677593  2.645608E-17
6012.26117574757  2.620598E-17
6014.6831247192  3.115017E-17
6017.10507369083  3.031878E-17
6019.52702266247  2.823239E-17
6021.9489716341  3.056188E-17
6024.37092060574  2.761133E-17
6026.79286957737  2.690455E-17
6029.21481854901  2.862868E-17
6031.63676752064  2.899041E-17
6034.05871649228  2.908731E-17
6036.48066546391  2.998682E-17
6038.90261443554  2.904701E-17
6041.32456340718  2.592481E-17
6043.74651237881  3.033810E-17
6046.16846135044  3.154655E-17
6048.59041032208  3.055768E-17
6051.01235929371  3.219389E-17
6053.43430826535  3.041662E-17
6055.85625723698  2.875846E-17
6058.27820620862  2.794082E-17
6060.70015518025  2.832557E-17
6063.12210415188  2.790703E-17
6065.54405312352  2.860997E-17
6067.96600209515  3.150117E-17
6070.38795106678  3.154352E-17
6072.80990003842  3.181836E-17
6075.23184901006  3.239989E-17
6077.65379798169  2.577443E-17
6080.07574695332  2.577161E-17
6082.49769592496  2.685824E-17
6084.91964489659  2.999580E-17
6087.34159386823  3.154762E-17
6089.76354283986  3.172897E-17
6092.18549181149  3.105288E-17
6094.60744078313  3.094184E-17
6097.02938975476  3.024717E-17
6099.45133872639  3.012542E-17
6101.87328769803  2.991131E-17
6104.29523666966  2.776405E-17
6106.7171856413  2.709577E-17
6109.13913461293  2.910893E-17
6111.56108358457  2.864009E-17
6113.9830325562  2.729815E-17
6116.40498152783  2.986071E-17
6118.82693049947  2.836916E-17
6121.2488794711  2.954177E-17
6123.67082844274  2.713078E-17
6126.09277741437  2.681197E-17
6128.51472638601  2.948391E-17
6130.93667535764  2.814318E-17
6133.35862432927  3.032096E-17
6135.78057330091  3.069967E-17
6138.20252227254  3.041669E-17
6140.62447124418  3.022296E-17
6143.04642021581  2.975936E-17
6145.46836918744  2.894064E-17
6147.89031815908  3.008828E-17
6150.31226713071  2.998785E-17
6152.73421610234  3.328874E-17
6155.15616507398  3.446026E-17
6157.57811404561  3.063919E-17
6160.00006301725  3.080923E-17
6162.42201198888  3.014102E-17
6164.84396096052  2.594451E-17
6167.26590993215  2.544842E-17
6169.68785890378  3.069614E-17
6172.10980787542  3.484532E-17
6174.53175684705  2.996997E-17
6176.95370581869  3.338122E-17
6179.37565479032  3.215580E-17
6181.79760376196  3.149847E-17
6184.21955273359  3.357587E-17
6186.64150170522  3.168528E-17
6189.06345067686  3.011208E-17
6191.48539964849  2.937770E-17
6193.90734862013  2.908139E-17
6196.32929759176  2.886872E-17
6198.75124656339  2.880552E-17
6201.17319553503  3.050626E-17
6203.59514450666  2.853937E-17
6206.0170934783  2.733435E-17
6208.43904244993  3.002764E-17
6210.86099142156  2.958679E-17
6213.2829403932  3.138883E-17
6215.70488936483  2.708516E-17
6218.12683833647  2.936286E-17
6220.5487873081  3.233605E-17
6222.97073627973  3.408641E-17
6225.39268525137  3.251544E-17
6227.814634223  3.119115E-17
6230.23658319464  2.902508E-17
6232.65853216627  2.588188E-17
6235.0804811379  2.523248E-17
6237.50243010954  2.632844E-17
6239.92437908117  2.369054E-17
6242.34632805281  2.555079E-17
6244.76827702444  2.963976E-17
6247.19022599608  3.226931E-17
6249.61217496771  2.857087E-17
6252.03412393934  2.552190E-17
6254.45607291098  2.824719E-17
6256.87802188261  2.835243E-17
6259.29997085425  2.840730E-17
6261.72191982588  2.876258E-17
6264.14386879751  2.855655E-17
6266.56581776915  2.638882E-17
6268.98776674078  2.615062E-17
6271.40971571242  2.774728E-17
6273.83166468405  3.085597E-17
6276.25361365569  3.014838E-17
6278.67556262732  2.846598E-17
6281.09751159895  2.494252E-17
6283.51946057059  2.503515E-17
6285.94140954222  2.945749E-17
6288.36335851385  2.891242E-17
6290.78530748549  2.659996E-17
6293.20725645712  2.923601E-17
6295.62920542876  2.680717E-17
6298.05115440039  2.557457E-17
6300.47310337203  2.845495E-17
6302.89505234366  3.437241E-17
6305.31700131529  3.286809E-17
6307.73895028693  2.996253E-17
6310.16089925856  2.821283E-17
6312.5828482302  3.006116E-17
6315.00479720183  3.248756E-17
6317.42674617346  3.285483E-17
6319.8486951451  3.151710E-17
6322.27064411673  3.114280E-17
6324.69259308837  2.915795E-17
6327.11454206  2.984345E-17
6329.53649103163  2.829856E-17
6331.95844000327  2.880016E-17
6334.3803889749  2.954077E-17
6336.80233794654  3.192223E-17
6339.22428691817  3.048788E-17
6341.6462358898  2.894020E-17
6344.06818486144  2.996623E-17
6346.49013383307  3.056435E-17
6348.91208280471  3.030822E-17
6351.33403177634  2.667237E-17
6353.75598074798  2.538121E-17
6356.17792971961  2.775341E-17
6358.59987869125  2.803548E-17
6361.02182766288  2.874778E-17
6363.44377663451  2.794312E-17
6365.86572560615  2.897525E-17
6368.28767457778  2.891282E-17
6370.70962354941  3.185892E-17
6373.13157252105  3.260477E-17
6375.55352149268  3.214867E-17
6377.97547046432  3.347700E-17
6380.39741943595  3.060069E-17
6382.81936840759  2.609774E-17
6385.24131737922  2.813382E-17
6387.66326635085  2.865361E-17
6390.08521532249  3.068373E-17
6392.50716429412  3.057650E-17
6394.92911326576  3.138959E-17
6397.35106223739  3.120493E-17
6399.77301120902  2.777388E-17
6402.19496018066  2.920185E-17
6404.61690915229  3.199213E-17
6407.03885812393  3.173523E-17
6409.46080709556  3.084978E-17
6411.8827560672  2.672410E-17
6414.30470503883  2.561050E-17
6416.72665401046  2.974343E-17
6419.1486029821  3.107561E-17
6421.57055195373  3.426637E-17
6423.99250092537  3.040194E-17
6426.414449897  2.968196E-17
6428.83639886863  2.870265E-17
6431.25834784027  2.868278E-17
6433.6802968119  2.675103E-17
6436.10224578354  2.805784E-17
6438.52419475517  3.004724E-17
6440.9461437268  2.852194E-17
6443.36809269844  2.657828E-17
6445.79004167007  2.973531E-17
6448.21199064171  3.124493E-17
6450.63393961334  3.230110E-17
6453.05588858497  3.407515E-17
6455.47783755661  3.379925E-17
6457.89978652824  3.103594E-17
6460.32173549988  3.133156E-17
6462.74368447151  3.036052E-17
6465.16563344315  3.129005E-17
6467.58758241478  2.984133E-17
6470.00953138641  2.840682E-17
6472.43148035805  2.817421E-17
6474.85342932968  2.804775E-17
6477.27537830132  2.872939E-17
6479.69732727295  3.057224E-17
6482.11927624458  3.054341E-17
6484.54122521622  2.892959E-17
6486.96317418785  2.745655E-17
6489.38512315949  2.726186E-17
6491.80707213112  2.925566E-17
6494.22902110275  2.938090E-17
6496.65097007439  2.860157E-17
6499.07291904602  2.781954E-17
6501.49486801766  2.647810E-17
6503.91681698929  2.654176E-17
6506.33876596092  2.912315E-17
6508.76071493256  3.110885E-17
6511.18266390419  2.943422E-17
6513.60461287583  2.970682E-17
6516.02656184746  3.087935E-17
6518.4485108191  2.729252E-17
6520.87045979073  2.656183E-17
6523.29240876236  2.673942E-17
6525.714357734  2.538380E-17
6528.13630670563  2.537806E-17
6530.55825567727  2.496762E-17
6532.9802046489  2.317860E-17
6535.40215362053  2.484846E-17
6537.82410259217  2.758348E-17
6540.2460515638  2.919920E-17
6542.66800053544  3.024012E-17
6545.08994950707  2.781203E-17
6547.5118984787  2.529266E-17
6549.93384745034  2.491037E-17
6552.35579642197  2.367380E-17
6554.77774539361  2.756715E-17
6557.19969436524  2.557362E-17
6559.62164333688  2.337150E-17
6562.04359230851  2.595589E-17
6564.46554128014  2.695842E-17
6566.88749025178  2.792013E-17
6569.30943922341  3.109965E-17
6571.73138819505  3.017475E-17
6574.15333716668  2.764916E-17
6576.57528613831  2.609435E-17
6578.99723510995  2.484426E-17
6581.41918408158  2.347823E-17
6583.84113305322  2.571961E-17
6586.26308202485  2.756434E-17
6588.68503099648  2.610592E-17
6591.10697996812  2.621223E-17
6593.52892893975  2.830655E-17
6595.95087791139  2.386689E-17
6598.37282688302  2.703157E-17
6600.79477585465  2.679294E-17
6603.21672482629  2.695835E-17
6605.63867379793  2.645631E-17
6608.06062276956  2.828470E-17
6610.48257174119  2.807211E-17
6612.90452071283  2.534252E-17
6615.32646968446  2.610587E-17
6617.74841865609  2.672186E-17
6620.17036762773  2.719871E-17
6622.59231659936  2.781561E-17
6625.014265571  2.715317E-17
6627.43621454263  2.926705E-17
6629.85816351426  2.770468E-17
6632.2801124859  2.739929E-17
6634.70206145753  2.917101E-17
6637.12401042917  2.580780E-17
6639.5459594008  2.586413E-17
6641.96790837243  2.590732E-17
6644.38985734407  2.224771E-17
6646.8118063157  2.673507E-17
6649.23375528734  2.876751E-17
6651.65570425897  2.732507E-17
6654.0776532306  2.538602E-17
6656.49960220224  2.694925E-17
6658.92155117387  2.878514E-17
6661.34350014551  2.881116E-17
6663.76544911714  2.965645E-17
6666.18739808878  3.095030E-17
6668.60934706041  3.296252E-17
6671.03129603204  3.361556E-17
6673.45324500368  3.150306E-17
6675.87519397531  3.119696E-17
6678.29714294695  3.078309E-17
6680.71909191858  2.631423E-17
6683.14104089022  2.478622E-17
6685.56298986185  2.643861E-17
6687.98493883348  2.611783E-17
6690.40688780512  2.516220E-17
6692.82883677675  2.956632E-17
6695.25078574838  2.858437E-17
6697.67273472002  2.766055E-17
6700.09468369165  2.787542E-17
6702.51663266329  2.849233E-17
6704.93858163492  2.819194E-17
6707.36053060656  2.919565E-17
6709.78247957819  3.090707E-17
6712.20442854982  2.693370E-17
6714.62637752146  2.617897E-17
6717.04832649309  2.767351E-17
6719.47027546473  2.605398E-17
6721.89222443636  2.986587E-17
6724.31417340799  2.520903E-17
6726.73612237963  2.653366E-17
6729.15807135126  2.527371E-17
6731.5800203229  2.562630E-17
6734.00196929453  2.975505E-17
6736.42391826616  2.931894E-17
6738.8458672378  2.764257E-17
6741.26781620943  2.958896E-17
6743.68976518107  2.853929E-17
6746.1117141527  2.626906E-17
6748.53366312433  2.898130E-17
6750.95561209597  3.076326E-17
6753.3775610676  2.969328E-17
6755.79951003924  2.673701E-17
6758.22145901087  2.204115E-17
6760.64340798251  2.395425E-17
6763.06535695414  2.490434E-17
6765.48730592577  2.723612E-17
6767.90925489741  2.648427E-17
6770.33120386904  2.663946E-17
6772.75315284068  2.787780E-17
6775.17510181231  2.852279E-17
6777.59705078394  2.903187E-17
6780.01899975558  2.897231E-17
6782.44094872721  2.699432E-17
6784.86289769885  2.539375E-17
6787.28484667048  2.499433E-17
6789.70679564211  2.656119E-17
6792.12874461375  2.704941E-17
6794.55069358538  2.749009E-17
6796.97264255702  2.943828E-17
6799.39459152865  2.958758E-17
6801.81654050029  2.909550E-17
6804.23848947192  2.963576E-17
6806.66043844355  2.984085E-17
6809.08238741519  2.766937E-17
6811.50433638682  2.768407E-17
6813.92628535845  3.040179E-17
6816.34823433009  3.168067E-17
6818.77018330173  3.270086E-17
6821.19213227336  3.001959E-17
6823.61408124499  3.307883E-17
6826.03603021663  3.434559E-17
6828.45797918826  3.245299E-17
6830.87992815989  2.972703E-17
6833.30187713153  2.996466E-17
6835.72382610316  2.959902E-17
6838.1457750748  2.698014E-17
6840.56772404643  2.899893E-17
6842.98967301807  3.100143E-17
6845.4116219897  3.079810E-17
6847.83357096133  2.803516E-17
6850.25551993297  3.409748E-17
6852.6774689046  3.389240E-17
6855.09941787624  3.257903E-17
6857.52136684787  3.308550E-17
6859.9433158195  3.283094E-17
6862.36526479114  3.201223E-17
6864.78721376277  3.411310E-17
6867.2091627344  3.680076E-17
6869.63111170604  3.744215E-17
6872.05306067767  3.633664E-17
6874.47500964931  3.343804E-17
6876.89695862094  3.121364E-17
6879.31890759258  3.215602E-17
6881.74085656421  3.264379E-17
6884.16280553584  3.067395E-17
6886.58475450748  2.771440E-17
6889.00670347911  3.279298E-17
6891.42865245075  3.627565E-17
6893.85060142238  3.007166E-17
6896.27255039401  3.367838E-17
6898.69449936565  3.466951E-17
6901.11644833728  3.141263E-17
6903.53839730892  3.124542E-17
6905.96034628055  3.113820E-17
6908.38229525219  3.077839E-17
6910.80424422382  3.284989E-17
6913.22619319545  3.607568E-17
6915.64814216709  3.591196E-17
6918.07009113872  3.507265E-17
6920.49204011036  3.330762E-17
6922.91398908199  3.456440E-17
6925.33593805362  3.578985E-17
6927.75788702526  3.887709E-17
6930.17983599689  4.943196E-17
6932.60178496853  4.967650E-17
6935.02373394016  4.619320E-17
6937.4456829118  4.273437E-17
6939.86763188343  3.392057E-17
6942.28958085506  4.889532E-17
6944.7115298267  1.177693E-16
6947.13347879833  1.899022E-16
6949.55542776997  1.690433E-16
6951.9773767416  1.129156E-16
6954.39932571323  6.441793E-17
6956.82127468487  4.155590E-17
6959.2432236565  3.482023E-17
6961.66517262814  3.337744E-17
6964.08712159977  3.789540E-17
6966.5090705714  5.679277E-17
6968.93101954304  7.912949E-17
6971.35296851467  8.186977E-17
6973.77491748631  5.905705E-17
6976.19686645794  4.063820E-17
6978.61881542958  3.417024E-17
6981.04076440121  3.106464E-17
6983.46271337284  3.368353E-17
6985.88466234448  3.253207E-17
6988.30661131611  3.287762E-17
6990.72856028775  3.319995E-17
6993.15050925938  3.182508E-17
6995.57245823101  3.033836E-17
6997.99440720265  2.862230E-17
7000.41635617428  3.151133E-17
7002.83830514591  3.381955E-17
7005.26025411755  3.372209E-17
7007.68220308918  3.154664E-17
7010.10415206082  3.186898E-17
7012.52610103245  3.254050E-17
7014.94805000409  3.049269E-17
7017.36999897572  2.974057E-17
7019.79194794735  3.144723E-17
7022.21389691899  2.866714E-17
7024.63584589062  3.040090E-17
7027.05779486226  3.400802E-17
7029.47974383389  3.277488E-17
7031.90169280552  3.506975E-17
7034.32364177716  3.349994E-17
7036.74559074879  3.210025E-17
7039.16753972043  3.071823E-17
7041.58948869206  2.954923E-17
7044.0114376637  3.108086E-17
7046.43338663533  3.014151E-17
7048.85533560696  2.770125E-17
7051.2772845786  2.832255E-17
7053.69923355023  2.850452E-17
7056.12118252187  2.850705E-17
7058.5431314935  2.917741E-17
7060.96508046513  3.079332E-17
7063.38702943677  3.105005E-17
7065.8089784084  2.900539E-17
7068.23092738004  2.922386E-17
7070.65287635167  2.860485E-17
7073.0748253233  2.889313E-17
7075.49677429494  3.116734E-17
7077.91872326657  3.156287E-17
7080.34067223821  3.090342E-17
7082.76262120984  2.813079E-17
7085.18457018148  2.755742E-17
7087.60651915311  2.982830E-17
7090.02846812474  2.984258E-17
7092.45041709638  2.854588E-17
7094.87236606801  2.915736E-17
7097.29431503965  2.957885E-17
7099.71626401128  3.046039E-17
7102.13821298291  3.187862E-17
7104.56016195455  3.566423E-17
7106.98211092618  4.731630E-17
7109.40405989782  6.373406E-17
7111.82600886945  6.430450E-17
7114.24795784108  5.214455E-17
7116.66990681272  4.262549E-17
7119.09185578435  3.637645E-17
7121.51380475599  4.285841E-17
7123.93575372762  5.434466E-17
7126.35770269925  5.547861E-17
7128.77965167089  4.975495E-17
7131.20160064252  4.043668E-17
7133.62354961416  3.251164E-17
7136.04549858579  2.999328E-17
7138.46744755743  3.080861E-17
7140.88939652906  3.136289E-17
7143.31134550069  3.042206E-17
7145.73329447233  2.767907E-17
7148.15524344396  2.690293E-17
7150.5771924156  2.772398E-17
7152.99914138723  2.845641E-17
7155.42109035887  3.198657E-17
7157.8430393305  2.766430E-17
7160.26498830213  2.697381E-17
7162.68693727377  2.850250E-17
7165.1088862454  2.948538E-17
7167.53083521703  2.783103E-17
7169.95278418867  2.599452E-17
7172.3747331603  2.703729E-17
7174.79668213194  2.798307E-17
7177.21863110357  2.643710E-17
7179.64058007521  2.599710E-17
7182.06252904684  2.655853E-17
7184.48447801847  2.521248E-17
7186.90642699011  2.596630E-17
7189.32837596174  2.668178E-17
7191.75032493338  2.696605E-17
7194.17227390501  2.575095E-17
7196.59422287664  2.312309E-17
7199.01617184828  2.442500E-17
7201.43812081991  2.542576E-17
7203.86006979155  2.887694E-17
7206.28201876318  2.550443E-17
7208.70396773482  2.345282E-17
7211.12591670645  2.397467E-17
7213.54786567808  2.648804E-17
7215.96981464972  2.677263E-17
7218.39176362135  2.629339E-17
7220.81371259298  2.651202E-17
7223.23566156462  2.465239E-17
7225.65761053625  2.649379E-17
7228.07955950789  2.918620E-17
7230.50150847952  2.904005E-17
7232.92345745116  2.963085E-17
7235.34540642279  2.451102E-17
7237.76735539442  2.271667E-17
7240.18930436606  2.854083E-17
7242.61125333769  2.820451E-17
7245.03320230933  2.254335E-17
7247.45515128096  2.628637E-17
7249.87710025259  2.885753E-17
7252.29904922423  2.667995E-17
7254.72099819586  2.609049E-17
7257.1429471675  2.823353E-17
7259.56489613913  2.636341E-17
7261.98684511077  2.658225E-17
7264.4087940824  2.463351E-17
7266.83074305403  2.357137E-17
7269.25269202567  2.735385E-17
7271.6746409973  2.704057E-17
7274.09658996894  2.801664E-17
7276.51853894057  2.867979E-17
7278.9404879122  2.760599E-17
7281.36243688384  2.036822E-17
7283.78438585547  2.217425E-17
7286.2063348271  2.480954E-17
7288.62828379874  2.401625E-17
7291.05023277037  2.848587E-17
7293.47218174201  2.586922E-17
7295.89413071364  2.342911E-17
7298.31607968528  2.776894E-17
7300.73802865691  2.790809E-17
7303.15997762854  2.706196E-17
7305.58192660018  2.673789E-17
7308.00387557181  2.560126E-17
7310.42582454345  2.701931E-17
7312.84777351508  2.643779E-17
7315.26972248672  2.652203E-17
7317.69167145835  2.940304E-17
7320.11362042998  3.162004E-17
7322.53556940162  2.718755E-17
7324.95751837325  3.016182E-17
7327.37946734489  3.217740E-17
7329.80141631652  2.781627E-17
7332.22336528815  2.873835E-17
7334.64531425979  2.779900E-17
7337.06726323142  3.212776E-17
7339.48921220306  2.819016E-17
7341.91116117469  2.844238E-17
7344.33311014633  3.021167E-17
7346.75505911796  2.840868E-17
7349.17700808959  2.499884E-17
7351.59895706123  2.436528E-17
7354.02090603286  2.630965E-17
7356.44285500449  2.450510E-17
7358.86480397613  2.717048E-17
7361.28675294776  2.710986E-17
7363.7087019194  2.675919E-17
7366.13065089103  3.058636E-17
7368.55259986267  2.828896E-17
7370.9745488343  3.037404E-17
7373.39649780593  2.999012E-17
7375.81844677757  2.706706E-17
7378.2403957492  3.174094E-17
7380.66234472084  2.850794E-17
7383.08429369247  2.814345E-17
7385.5062426641  2.992865E-17
7387.92819163574  2.793100E-17
7390.35014060737  2.682664E-17
7392.77208957901  2.491769E-17
7395.19403855064  2.508491E-17
7397.61598752228  3.154103E-17
7400.03793649391  3.148550E-17
7402.45988546554  2.948374E-17
7404.88183443718  3.058375E-17
7407.30378340881  2.866348E-17
7409.72573238044  2.977548E-17
7412.14768135208  2.957773E-17
7414.56963032371  2.898197E-17
7416.99157929535  2.922418E-17
7419.41352826698  2.677903E-17
7421.83547723862  2.940463E-17
7424.25742621025  2.959720E-17
7426.67937518188  2.647325E-17
7429.10132415352  2.467924E-17
7431.52327312515  2.412324E-17
7433.94522209678  2.317902E-17
7436.36717106842  2.436101E-17
7438.78912004005  2.609918E-17
7441.21106901169  2.721164E-17
7443.63301798332  2.991072E-17
7446.05496695496  3.149710E-17
7448.47691592659  3.075609E-17
7450.89886489822  2.620334E-17
7453.32081386986  2.719452E-17
7455.74276284149  3.134759E-17
7458.16471181313  3.209537E-17
7460.58666078476  2.960178E-17
7463.0086097564  2.809312E-17
7465.43055872803  2.640653E-17
7467.85250769966  2.742658E-17
7470.2744566713  2.859158E-17
7472.69640564293  2.648691E-17
7475.11835461457  2.589004E-17
7477.5403035862  2.642374E-17
7479.96225255783  2.880700E-17
7482.38420152947  2.727335E-17
7484.8061505011  2.685962E-17
7487.22809947274  2.763604E-17
7489.65004844437  2.682711E-17
7492.071997416  2.661048E-17
7494.49394638764  2.765138E-17
7496.91589535927  2.835943E-17
7499.33784433091  2.626519E-17
7501.75979330254  2.806953E-17
7504.18174227417  2.746410E-17
7506.60369124581  2.713063E-17
7509.02564021744  2.816750E-17
7511.44758918908  2.841831E-17
7513.86953816071  2.957023E-17
7516.29148713235  3.009301E-17
7518.71343610398  2.843304E-17
7521.13538507561  2.729439E-17
7523.55733404725  2.795499E-17
7525.97928301888  2.991138E-17
7528.40123199052  3.229664E-17
7530.82318096215  2.873205E-17
7533.24512993378  2.590722E-17
7535.66707890542  2.659188E-17
7538.08902787705  2.356758E-17
7540.51097684869  2.669906E-17
7542.93292582032  2.818112E-17
7545.35487479195  2.650597E-17
7547.77682376359  2.413976E-17
7550.19877273522  2.542322E-17
7552.62072170686  3.100293E-17
7555.04267067849  3.149903E-17
7557.46461965013  2.934747E-17
7559.88656862176  2.879875E-17
7562.30851759339  2.604934E-17
7564.73046656503  2.595946E-17
7567.15241553666  2.906118E-17
7569.5743645083  2.735934E-17
7571.99631347993  2.329773E-17
7574.41826245156  2.713331E-17
7576.8402114232  2.774350E-17
7579.26216039483  2.687803E-17
7581.68410936647  2.348780E-17
7584.1060583381  2.965037E-17
7586.52800730974  3.016291E-17
7588.94995628137  2.171975E-17
7591.371905253  2.257440E-17
7593.79385422464  2.913845E-17
7596.21580319627  2.778865E-17
7598.6377521679  3.004182E-17
7601.05970113954  3.456704E-17
7603.48165011117  3.381028E-17
7605.90359908281  3.386797E-17
7608.32554805444  2.378789E-17
7610.74749702608  2.578299E-17
7613.16944599771  2.639885E-17
7615.59139496934  2.037832E-17
7618.01334394098  1.881744E-17
7620.43529291261  2.381787E-17
7622.85724188425  2.946491E-17
7625.27919085588  2.844592E-17
7627.70113982751  2.923518E-17
7630.12308879915  3.316262E-17
7632.54503777078  3.154009E-17
7634.96698674242  3.232263E-17
7637.38893571405  2.578364E-17
7639.81088468569  2.151531E-17
7642.23283365732  2.542682E-17
7644.65478262895  2.908426E-17
7647.07673160059  2.789043E-17
7649.49868057222  2.554823E-17
7651.92062954385  2.702395E-17
7654.34257851549  2.313330E-17
7656.76452748713  2.381045E-17
7659.18647645876  2.661768E-17
7661.60842543039  2.404118E-17
7664.03037440203  2.688833E-17
7666.45232337366  2.445367E-17
7668.87427234529  2.530909E-17
7671.29622131693  2.182271E-17
7673.71817028856  2.256368E-17
7676.1401192602  2.566737E-17
7678.56206823183  2.535025E-17
7680.98401720346  2.677877E-17
7683.4059661751  2.549542E-17
7685.82791514673  2.323454E-17
7688.24986411837  2.450571E-17
7690.67181309  2.581966E-17
7693.09376206163  2.803880E-17
7695.51571103327  2.842802E-17
7697.9376600049  2.775055E-17
7700.35960897654  2.775065E-17
7702.78155794817  2.751578E-17
7705.20350691981  2.473308E-17
7707.62545589144  2.299888E-17
7710.04740486307  2.416739E-17
7712.46935383471  2.412155E-17
7714.89130280634  2.863682E-17
7717.31325177798  2.668179E-17
7719.73520074961  2.362260E-17
7722.15714972124  2.762334E-17
7724.57909869288  2.659943E-17
7727.00104766451  2.360082E-17
7729.42299663615  2.534465E-17
7731.84494560778  2.607465E-17
7734.26689457942  2.475909E-17
7736.68884355105  2.618967E-17
7739.11079252268  2.793441E-17
7741.53274149432  2.798289E-17
7743.95469046595  2.849736E-17
7746.37663943759  2.614708E-17
7748.79858840922  2.702676E-17
7751.22053738085  2.863447E-17
7753.64248635249  2.868533E-17
7756.06443532412  1.896495E-17
7758.48638429576  1.821065E-17
7760.90833326739  2.350084E-17
7763.33028223902  2.539837E-17
7765.75223121066  2.256658E-17
7768.17418018229  2.379531E-17
7770.59612915393  2.611297E-17
7773.01807812556  2.621119E-17
7775.4400270972  2.777497E-17
7777.86197606883  2.854765E-17
7780.28392504046  3.082868E-17
7782.7058740121  2.778435E-17
7785.12782298373  2.422205E-17
7787.54977195537  2.110278E-17
7789.971720927  2.056736E-17
7792.39366989863  2.445532E-17
7794.81561887027  2.776557E-17
7797.2375678419  2.643979E-17
7799.65951681354  2.367923E-17
7802.08146578517  2.348493E-17
7804.5034147568  2.388046E-17
7806.92536372844  2.670893E-17
7809.34731270007  2.601039E-17
7811.76926167171  2.573519E-17
7814.19121064334  2.506251E-17
7816.61315961497  2.466707E-17
7819.03510858661  2.502141E-17
7821.45705755824  2.302245E-17
7823.87900652988  2.743597E-17
7826.30095550151  2.969418E-17
7828.72290447314  2.258131E-17
7831.14485344478  2.354510E-17
7833.56680241641  2.988430E-17
7835.98875138805  2.681964E-17
7838.41070035968  2.786325E-17
7840.83264933132  3.225865E-17
7843.25459830295  2.848947E-17
7845.67654727458  2.649544E-17
7848.09849624622  2.847716E-17
7850.52044521785  2.874442E-17
7852.94239418949  3.177648E-17
7855.36434316112  3.028044E-17
7857.78629213275  2.856833E-17
7860.20824110439  2.761298E-17
7862.63019007602  2.628293E-17
7865.05213904766  2.538347E-17
7867.47408801929  2.520776E-17
7869.89603699093  3.159443E-17
7872.31798596256  2.602723E-17
7874.73993493419  2.399160E-17
7877.16188390583  2.892329E-17
7879.58383287746  2.880803E-17
7882.0057818491  2.755217E-17
7884.42773082073  2.399275E-17
7886.84967979236  2.584934E-17
7889.271628764  2.028073E-17
7891.69357773563  1.806584E-17
7894.11552670727  2.642504E-17
7896.5374756789  2.718796E-17
7898.95942465053  2.311501E-17
7901.38137362217  2.499416E-17
7903.8033225938  2.773932E-17
7906.22527156544  2.676616E-17
7908.64722053707  2.521833E-17
7911.0691695087  2.250915E-17
7913.49111848034  2.359397E-17
7915.91306745197  2.969761E-17
7918.33501642361  2.977226E-17
7920.75696539524  3.013583E-17
7923.17891436688  2.940964E-17
7925.60086333851  3.085646E-17
7928.02281231014  2.601271E-17
7930.44476128178  2.603524E-17
7932.86671025341  2.642069E-17
7935.28865922505  2.491373E-17
7937.71060819668  2.770606E-17
7940.13255716832  2.721755E-17
7942.55450613995  2.621939E-17
7944.97645511158  2.322769E-17
7947.39840408322  2.806346E-17
7949.82035305485  3.030571E-17
7952.24230202649  2.713894E-17
7954.66425099812  2.820318E-17
7957.08619996975  2.943911E-17
7959.50814894139  2.872899E-17
7961.93009791302  2.593300E-17
7964.35204688465  2.417624E-17
7966.77399585629  2.871140E-17
7969.19594482792  2.476821E-17
7971.61789379956  2.697240E-17
7974.03984277119  2.780486E-17
7976.46179174282  2.413398E-17
7978.88374071446  2.665557E-17
7981.30568968609  2.628896E-17
7983.72763865773  2.622611E-17
7986.14958762936  2.392295E-17
7988.571536601  2.289924E-17
7990.99348557263  2.308101E-17
7993.41543454426  2.521157E-17
7995.8373835159  2.708418E-17
7998.25933248753  2.565645E-17
8000.68128145917  2.334138E-17
8003.1032304308  2.309243E-17
8005.52517940244  1.981040E-17
8007.94712837407  2.196312E-17
8010.3690773457  2.548249E-17
8012.79102631734  3.070525E-17
8015.21297528897  2.639533E-17
8017.63492426061  2.574531E-17
8020.05687323224  2.630110E-17
8022.47882220387  2.548028E-17
8024.90077117551  2.331154E-17
8027.32272014714  2.586899E-17
8029.74466911877  2.713427E-17
8032.16661809041  2.426448E-17
8034.58856706205  2.492004E-17
8037.01051603368  2.592956E-17
8039.43246500531  2.468884E-17
8041.85441397695  2.133826E-17
8044.27636294858  1.983905E-17
8046.69831192021  2.417139E-17
8049.12026089185  2.681796E-17
8051.54220986348  1.881693E-17
8053.96415883512  1.950613E-17
8056.38610780675  2.526552E-17
8058.80805677839  2.447470E-17
8061.23000575002  2.683967E-17
8063.65195472165  2.399666E-17
8066.07390369329  2.392709E-17
8068.49585266492  2.431878E-17
8070.91780163655  2.447014E-17
8073.33975060819  2.553044E-17
8075.76169957982  2.615655E-17
8078.18364855146  2.630604E-17
8080.60559752309  2.604931E-17
8083.02754649472  2.271592E-17
8085.44949546636  2.214477E-17
8087.87144443799  2.225460E-17
8090.29339340963  2.253915E-17
8092.71534238126  2.387922E-17
8095.1372913529  2.523989E-17
8097.55924032453  2.782782E-17
8099.98118929616  2.879058E-17
8102.4031382678  2.332595E-17
8104.82508723943  2.158917E-17
8107.24703621107  2.256516E-17
8109.6689851827  2.309118E-17
8112.09093415433  2.515683E-17
8114.51288312597  2.319213E-17
8116.9348320976  1.991225E-17
8119.35678106924  2.066119E-17
8121.77873004087  2.154880E-17
8124.20067901251  2.221159E-17
8126.62262798414  2.526706E-17
8129.04457695577  2.646173E-17
8131.46652592741  2.750565E-17
8133.88847489904  2.650403E-17
8136.31042387068  2.317415E-17
8138.73237284231  2.329907E-17
8141.15432181394  2.397436E-17
8143.57627078558  2.096495E-17
8145.99821975721  1.558907E-17
8148.42016872885  1.555652E-17
8150.84211770048  2.068491E-17
8153.26406667212  2.132452E-17
8155.68601564375  2.131962E-17
8158.10796461538  2.341062E-17
8160.52991358702  2.305720E-17
8162.95186255865  2.204358E-17
8165.37381153028  1.870151E-17
8167.79576050192  1.681702E-17
8170.21770947355  1.586942E-17
8172.63965844519  1.791504E-17
8175.06160741682  2.149730E-17
8177.48355638846  2.360588E-17
8179.90550536009  2.576382E-17
8182.32745433172  2.497575E-17
8184.74940330336  2.038914E-17
8187.17135227499  2.380128E-17
8189.59330124663  2.735994E-17
8192.01525021826  2.070273E-17
8194.4371991899  1.909820E-17
8196.85914816153  2.168882E-17
8199.28109713316  2.239428E-17
8201.7030461048  2.108717E-17
8204.12499507643  2.317386E-17
8206.54694404807  2.337666E-17
8208.9688930197  2.200743E-17
8211.39084199133  2.251167E-17
8213.81279096297  2.541573E-17
8216.2347399346  2.644660E-17
8218.65668890623  2.669650E-17
8221.07863787787  2.747993E-17
8223.5005868495  2.682019E-17
8225.92253582114  2.511371E-17
8228.34448479277  2.086075E-17
8230.76643376441  1.658230E-17
8233.18838273604  1.821642E-17
8235.61033170767  1.680157E-17
8238.03228067931  2.115108E-17
8240.45422965094  1.924318E-17
8242.87617862258  2.227355E-17
8245.29812759421  2.606308E-17
8247.72007656584  2.276617E-17
8250.14202553748  2.547389E-17
8252.56397450911  2.769814E-17
8254.98592348075  2.395020E-17
8257.40787245238  2.312871E-17
8259.82982142402  2.229622E-17
8262.25177039565  2.897750E-17
8264.67371936728  2.499527E-17
8267.09566833892  2.057784E-17
8269.51761731055  1.936626E-17
8271.93956628218  2.264724E-17
8274.36151525382  2.250344E-17
8276.78346422545  2.078893E-17
8279.20541319709  1.991624E-17
8281.62736216872  2.664320E-17
8284.04931114036  2.043328E-17
8286.47126011199  2.197141E-17
8288.89320908362  2.684230E-17
8291.31515805526  2.017633E-17
8293.73710702689  1.390942E-17
8296.15905599853  1.701280E-17
8298.58100497016  2.293040E-17
8301.0029539418  2.598604E-17
8303.42490291343  2.716372E-17
8305.84685188506  3.058158E-17
8308.2688008567  2.670811E-17
8310.69074982833  1.993804E-17
8313.11269879997  2.018228E-17
8315.5346477716  2.035410E-17
8317.95659674323  2.428147E-17
8320.37854571487  2.139164E-17
8322.8004946865  2.192571E-17
8325.22244365813  2.117632E-17
8327.64439262977  2.212564E-17
8330.0663416014  2.546375E-17
8332.48829057304  1.859264E-17
8334.91023954467  2.039865E-17
8337.33218851631  2.553581E-17
8339.75413748794  2.595680E-17
8342.17608645957  2.299437E-17
8344.59803543121  2.433118E-17
8347.01998440284  3.385280E-17
8349.44193337448  2.926567E-17
8351.86388234611  2.027603E-17
8354.28583131774  2.264663E-17
8356.70778028938  2.010412E-17
8359.12972926102  2.254391E-17
8361.55167823265  2.219975E-17
8363.97362720428  2.327179E-17
8366.39557617592  2.195121E-17
8368.81752514755  2.254709E-17
8371.23947411918  2.456805E-17
8373.66142309082  2.605347E-17
8376.08337206245  2.297912E-17
8378.50532103409  2.508163E-17
8380.92727000572  2.533675E-17
8383.34921897735  2.230350E-17
8385.77116794899  2.065232E-17
8388.19311692062  2.431200E-17
8390.61506589226  2.716696E-17
8393.03701486389  2.447969E-17
8395.45896383553  2.449243E-17
8397.88091280716  2.950392E-17
8400.30286177879  2.569909E-17
8402.72481075043  2.646868E-17
8405.14675972206  2.283523E-17
8407.5687086937  1.751001E-17
8409.99065766533  3.073121E-17
8412.41260663697  3.113506E-17
8414.8345556086  2.744185E-17
8417.25650458023  2.796619E-17
8419.67845355187  2.158578E-17
8422.1004025235  1.726726E-17
8424.52235149513  1.967387E-17
8426.94430046677  2.481905E-17
8429.3662494384  2.763721E-17
8431.78819841004  2.885389E-17
8434.21014738167  1.863755E-17
8436.6320963533  1.613616E-17
8439.05404532494  2.665673E-17
8441.47599429657  3.321980E-17
8443.89794326821  3.216742E-17
8446.31989223984  2.397299E-17
8448.74184121148  2.297187E-17
8451.16379018311  2.320388E-17
8453.58573915474  2.304427E-17
8456.00768812638  2.076397E-17
8458.42963709801  2.571958E-17
8460.85158606965  2.484098E-17
8463.27353504128  2.477155E-17
8465.69548401292  3.377740E-17
8468.11743298455  3.078888E-17
8470.53938195618  2.624255E-17
8472.96133092782  2.615088E-17
8475.38327989945  2.611182E-17
8477.80522887108  2.399578E-17
8480.22717784272  2.741187E-17
8482.64912681435  2.852522E-17
8485.07107578599  2.471915E-17
8487.49302475762  2.603118E-17
8489.91497372925  2.405048E-17
8492.33692270089  1.817051E-17
8494.75887167252  2.028345E-17
8497.18082064416  2.351024E-17
8499.60276961579  2.290651E-17
8502.02471858743  2.337699E-17
8504.44666755906  1.966436E-17
8506.86861653069  2.098617E-17
8509.29056550233  2.193399E-17
8511.71251447396  2.043726E-17
8514.1344634456  2.078735E-17
8516.55641241723  2.251902E-17
8518.97836138886  2.276502E-17
8521.4003103605  2.441356E-17
8523.82225933213  1.905692E-17
8526.24420830377  2.125971E-17
8528.6661572754  2.166693E-17
8531.08810624704  2.030077E-17
8533.51005521867  2.346680E-17
8535.9320041903  2.057016E-17
8538.35395316194  2.334440E-17
8540.77590213357  2.217755E-17
8543.1978511052  2.101706E-17
8545.61980007684  2.168250E-17
8548.04174904847  2.239680E-17
8550.46369802011  2.129297E-17
8552.88564699174  1.932238E-17
8555.30759596337  1.692825E-17
8557.72954493501  2.070059E-17
8560.15149390665  2.136541E-17
8562.57344287828  2.437968E-17
8564.99539184991  2.211827E-17
8567.41734082155  2.474983E-17
8569.83928979318  2.221934E-17
8572.26123876482  1.626009E-17
8574.68318773645  2.305104E-17
8577.10513670808  2.131167E-17
8579.52708567972  2.679471E-17
8581.94903465135  2.409686E-17
8584.37098362299  2.003034E-17
8586.79293259462  2.060574E-17
8589.21488156625  2.367064E-17
8591.63683053789  2.435536E-17
8594.05877950952  1.959073E-17
8596.48072848115  1.891303E-17
8598.90267745279  2.517439E-17
8601.32462642442  2.294974E-17
8603.74657539606  2.173757E-17
8606.16852436769  2.856923E-17
8608.59047333932  2.353183E-17
8611.01242231096  2.235058E-17
8613.43437128259  2.522021E-17
8615.85632025423  2.424415E-17
8618.27826922586  2.884456E-17
8620.7002181975  3.106994E-17
8623.12216716913  2.440986E-17
8625.54411614077  1.987504E-17
8627.9660651124  1.686050E-17
8630.38801408403  2.050909E-17
8632.80996305567  2.047874E-17
8635.2319120273  2.144920E-17
8637.65386099893  1.933525E-17
8640.07580997057  1.634226E-17
8642.4977589422  2.296567E-17
8644.91970791384  2.463041E-17
8647.34165688547  3.036823E-17
8649.7636058571  2.593594E-17
8652.18555482874  2.783195E-17
8654.60750380037  2.546154E-17
8657.02945277201  2.352209E-17
8659.45140174364  2.680425E-17
8661.87335071528  2.865882E-17
8664.29529968691  2.796381E-17
8666.71724865854  2.503222E-17
8669.13919763018  2.681920E-17
8671.56114660181  2.639952E-17
8673.98309557345  2.577182E-17
8676.40504454508  2.864477E-17
8678.82699351672  2.514722E-17
8681.24894248835  2.231330E-17
8683.67089145998  2.559452E-17
8686.09284043162  2.840518E-17
8688.51478940325  2.649321E-17
8690.93673837488  2.735411E-17
8693.35868734652  2.470871E-17
8695.78063631815  1.612687E-17
8698.20258528979  1.841440E-17
8700.62453426142  2.680735E-17
8703.04648323306  2.658210E-17
8705.46843220469  2.400740E-17
8707.89038117632  2.700744E-17
8710.31233014796  2.112599E-17
8712.73427911959  2.439991E-17
8715.15622809123  2.658907E-17
8717.57817706286  2.550337E-17
8720.0001260345  2.571220E-17
8722.42207500613  2.452435E-17
8724.84402397776  2.391962E-17
8727.2659729494  2.052443E-17
8729.68792192103  1.778717E-17
8732.10987089267  1.824508E-17
8734.5318198643  2.348942E-17
8736.95376883594  1.921658E-17
8739.37571780757  2.579427E-17
8741.7976667792  1.906805E-17
8744.21961575083  2.315337E-17
8746.64156472247  2.581329E-17
8749.0635136941  2.196859E-17
8751.48546266574  2.137962E-17
8753.90741163737  2.225635E-17
8756.32936060901  2.466981E-17
8758.75130958064  2.758846E-17
8761.17325855227  2.361003E-17
8763.59520752391  2.066862E-17
8766.01715649554  2.204730E-17
8768.43910546718  1.924340E-17
8770.86105443881  1.853858E-17
8773.28300341044  8.074775E-18
8775.70495238208  9.554724E-18
8778.12690135371  2.181554E-17
8780.54885032535  2.226947E-17
8782.97079929698  1.500629E-17
8785.39274826862  1.822811E-17
8787.81469724025  2.158391E-17
8790.23664621188  2.306429E-17
8792.65859518352  2.037927E-17
8795.08054415515  2.477880E-17
8797.50249312679  2.581868E-17
8799.92444209842  2.564888E-17
8802.34639107005  2.297893E-17
8804.76834004169  2.189350E-17
8807.19028901332  1.993537E-17
8809.61223798496  1.953726E-17
8812.03418695659  1.749781E-17
8814.45613592822  1.678898E-17
8816.87808489986  1.614889E-17
8819.30003387149  1.890137E-17
8821.72198284313  2.464760E-17
8824.14393181476  2.485087E-17
8826.5658807864  3.208837E-17
8828.98782975803  2.490023E-17
8831.40977872966  1.742347E-17
8833.8317277013  2.817311E-17
8836.25367667293  3.459929E-17
8838.67562564457  2.485819E-17
8841.0975746162  2.104657E-17
8843.51952358784  2.352745E-17
8845.94147255947  2.645727E-17
8848.3634215311  2.942426E-17
8850.78537050274  3.187400E-17
8853.20731947437  2.655144E-17
8855.629268446  2.585412E-17
8858.05121741764  2.449008E-17
8860.47316638927  2.171816E-17
8862.89511536091  1.945859E-17
8865.31706433254  2.271241E-17
8867.73901330417  2.413479E-17
8870.16096227581  2.084746E-17
8872.58291124744  2.169979E-17
8875.00486021908  2.912101E-17
8877.42680919071  3.019165E-17
8879.84875816234  2.600667E-17
8882.27070713398  2.670856E-17
8884.69265610561  2.740430E-17
8887.11460507725  2.859593E-17
8889.53655404888  2.849599E-17
8891.95850302052  3.391432E-17
8894.38045199215  2.534045E-17
8896.80240096378  1.901058E-17
8899.22434993542  2.125570E-17
8901.64629890705  2.511228E-17
8904.06824787869  2.416807E-17
8906.49019685032  1.365019E-17
8908.91214582195  2.385848E-17
8911.33409479359  2.545968E-17
8913.75604376522  1.582025E-17
8916.17799273686  2.702441E-17
8918.59994170849  4.040690E-17
8921.02189068013  4.448598E-17
8923.44383965176  3.537604E-17
8925.86578862339  2.499478E-17
8928.28773759503  1.259664E-17
8930.70968656666  1.092970E-17
8933.1316355383  2.217516E-17
8935.55358450993  2.472657E-17
8937.97553348156  2.346282E-17
8940.3974824532  2.537134E-17
8942.81943142483  2.623760E-17
8945.24138039647  2.775364E-17
8947.6633293681  2.139060E-17
8950.08527833974  2.316193E-17
8952.50722731137  3.651505E-17
8954.929176283  2.781096E-17
8957.35112525464  1.244290E-17
8959.77307422627  6.892761E-18
8962.1950231979  2.012038E-17
8964.61697216954  3.409240E-17
8967.03892114117  4.113966E-17
8969.46087011281  3.694766E-17
8971.88281908444  2.658964E-17
8974.30476805608  2.307139E-17
8976.72671702771  2.001257E-17
8979.14866599934  1.822119E-17
8981.57061497098  2.326365E-17
8983.99256394261  2.826990E-17
8986.41451291425  2.582830E-17
8988.83646188588  1.898059E-17
8991.25841085752  1.277770E-17
8993.68035982915  9.747175E-18
8996.10230880078  1.247736E-17
8998.52425777242  1.328106E-17
9000.94620674405  1.721534E-17
9003.36815571569  2.356654E-17
9005.79010468732  2.738355E-17
9008.21205365896  3.083684E-17
9010.63400263059  2.146346E-17
9013.05595160222  1.675008E-17
9015.47790057386  2.553974E-17
9017.89984954549  2.170485E-17
9020.32179851712  1.865036E-17
9022.74374748876  2.206846E-17
9025.16569646039  1.691694E-17
9027.58764543203  1.897687E-17
9030.00959440366  2.137970E-17
9032.43154337529  2.014941E-17
9034.85349234693  1.664899E-17
9037.27544131856  1.562689E-17
9039.6973902902  2.203809E-17
9042.11933926183  2.476157E-17
9044.54128823346  2.209135E-17
9046.9632372051  2.585669E-17
9049.38518617673  3.451654E-17
9051.80713514837  3.603303E-17
9054.22908412  3.265543E-17
9056.65103309164  2.662306E-17
9059.07298206327  2.081573E-17
9061.4949310349  2.453500E-17
9063.91688000654  3.027947E-17
9066.33882897817  3.399425E-17
9068.76077794981  2.999500E-17
9071.18272692144  2.712373E-17
9073.60467589307  2.370169E-17
9076.02662486471  2.697356E-17
9078.44857383634  2.650836E-17
9080.87052280798  1.907298E-17
9083.29247177961  1.495659E-17
9085.71442075124  1.640762E-17
9088.13636972288  2.368756E-17
9090.55831869451  1.499467E-17
9092.98026766615  1.373356E-17
9095.40221663778  2.250603E-17
9097.82416560941  2.341841E-17
9100.24611458105  2.576476E-17
9102.66806355268  2.095381E-17
9105.09001252432  3.066469E-17
9107.51196149595  3.202418E-17
9109.93391046759  2.046369E-17
9112.35585943922  1.835541E-17
9114.77780841085  2.714629E-17
9117.19975738249  2.876749E-17
9119.62170635412  2.652563E-17
9122.04365532576  3.007541E-17
9124.46560429739  2.684574E-17
9126.88755326902  1.987216E-17
9129.30950224066  2.522088E-17
9131.73145121229  1.714895E-17
9134.15340018393  2.067579E-17
9136.57534915556  2.679183E-17
9138.99729812719  3.230675E-17
9141.41924709883  3.375721E-17
9143.84119607046  2.811810E-17
9146.2631450421  2.255819E-17
9148.68509401373  3.282342E-17
9151.10704298536  2.986552E-17
9153.528991957  2.230833E-17
9155.95094092863  1.369708E-17
9158.37288990027  1.905193E-17
9160.7948388719  2.525066E-17
9163.21678784353  2.506388E-17
9165.63873681517  2.367745E-17
9168.0606857868  9.593984E-18
9170.48263475844  1.719321E-17
9172.90458373007  2.743200E-17
9175.32653270171  2.249768E-17
9177.74848167334  1.719631E-17
9180.17043064497  1.431232E-17
9182.59237961661  1.542462E-17
9185.01432858824  2.059693E-17
9187.43627755988  2.215658E-17
9189.85822653151  2.220916E-17
9192.28017550315  2.452935E-17
9194.70212447478  1.963878E-17
9197.12407344641  1.244316E-17
9199.54602241805  2.146680E-17
9201.96797138968  4.032312E-17
9204.38992036132  4.199333E-17
9206.81186933295  2.886659E-17
9209.23381830458  2.487169E-17
9211.65576727622  2.274747E-17
9214.07771624785  4.551381E-17
9216.49966521949  4.157081E-17
9218.92161419112  2.733980E-17
9221.34356316276  2.039658E-17
9223.76551213439  2.720175E-17
9226.18746110602  3.538916E-17
9228.60941007766  3.517679E-17
9231.03135904929  3.774148E-17
9233.45330802093  3.376460E-17
9235.87525699256  2.667687E-17
9238.29720596419  2.506381E-17
9240.71915493583  2.035406E-17
9243.14110390746  2.557074E-17
9245.5630528791  2.866665E-17
9247.98500185073  1.487421E-17
9250.40695082236  1.587181E-17
9252.828899794  2.190353E-17
9255.25084876563  2.124197E-17
9257.67279773727  2.132188E-17
9260.0947467089  3.289653E-17
9262.51669568053  3.643159E-17
9264.93864465217  2.124008E-17
9267.3605936238  2.263377E-17
9269.78254259544  2.484406E-17
9272.20449156707  2.724191E-17
9274.62644053871  3.059025E-17
9277.04838951034  2.798870E-17
9279.47033848197  2.304173E-17
9281.89228745361  2.237262E-17
9284.31423642524  2.152917E-17
9286.73618539688  1.685392E-17
9289.15813436851  2.174815E-17
9291.58008334014  1.241941E-17
9294.00203231178  1.167263E-17
9296.42398128341  1.331970E-17
9298.84593025504  1.145958E-17
9301.26787922668  1.802566E-17
9303.68982819831  1.722130E-17
9306.11177716995  2.096220E-17
9308.53372614158  2.995799E-17
9310.95567511322  3.425398E-17
9313.37762408485  1.817752E-17
9315.79957305648  1.226655E-17
9318.22152202812  1.445826E-17
9320.64347099975  1.998106E-17
9323.06541997139  2.134547E-17
9325.48736894302  2.038375E-17
9327.90931791465  1.407929E-17
9330.33126688629  8.529199E-18
9332.75321585792  1.537001E-17
9335.17516482956  1.568767E-17
9337.59711380119  7.117398E-18
9340.01906277283  8.190231E-18
9342.44101174446  4.225014E-18
9344.86296071609  1.226183E-17
9347.28490968773  1.769985E-17
9349.70685865936  1.846091E-17
9352.128807631  1.355838E-17
9354.55075660263  4.650817E-18
9356.97270557426  1.132060E-17
9359.3946545459  1.715111E-17
9361.81660351753  1.090336E-18
9364.23855248917  9.105188E-18
9366.6605014608  1.878180E-17
9369.08245043243  1.605382E-17
9371.50439940407  1.793614E-17
9373.9263483757  1.666330E-17
9376.34829734734  1.039483E-17
9378.77024631897  9.004171E-18
9381.19219529061  2.769984E-17
9383.61414426224  2.540132E-17
9386.03609323387  1.310665E-17
9388.45804220551  1.799966E-17
9390.87999117714  1.926897E-17
9393.30194014878  2.684663E-17
9395.72388912041  2.064515E-17
9398.14583809205  1.401076E-17
9400.56778706368  1.500263E-17
9402.98973603531  2.246191E-17
9405.41168500694  2.124341E-17
9407.83363397858  2.180967E-17
9410.25558295022  2.473979E-17
9412.67753192185  2.065992E-17
9415.09948089348  1.990821E-17
9417.52142986512  2.219727E-17
9419.94337883675  1.684046E-17
9422.36532780838  5.479837E-18
9424.78727678002  1.895055E-17
9427.20922575165  2.752025E-17
9429.63117472329  3.430520E-17
9432.05312369492  2.576560E-17
9434.47507266655  1.405205E-17
9436.89702163819  1.237859E-17
9439.31897060982  2.498756E-17
9441.74091958146  2.105485E-17
9444.16286855309  4.674127E-18
9446.58481752473  -1.245838E-17
9449.00676649636  -7.558996E-18
9451.42871546799  6.696705E-18
9453.85066443963  1.396717E-17
9456.27261341126  9.417033E-18
9458.6945623829  2.440491E-17
9461.11651135453  2.821778E-17
9463.53846032617  1.546905E-17
9465.9604092978  1.977585E-17
9468.38235826943  8.124972E-18
9470.80430724107  7.794033E-18
9473.2262562127  1.506096E-17
9475.64820518433  2.022036E-17
9478.07015415597  3.622420E-18
9480.4921031276  1.114285E-18
9482.91405209924  2.114167E-17
9485.33600107087  4.336503E-17
9487.75795004251  3.812463E-17
9490.17989901414  2.441158E-17
9492.60184798577  1.932980E-17
9495.02379695741  1.436263E-17
9497.44574592904  1.425761E-17
9499.86769490068  1.213280E-17
9502.28964387231  1.206989E-17
9504.71159284395  2.245727E-18
9507.13354181558  -8.049512E-18
9509.55549078721  1.548935E-17
9511.97743975885  1.859846E-17
9514.39938873048  1.519043E-17
9516.82133770212  2.303045E-17
9519.24328667375  2.593380E-17
9521.66523564538  9.931606E-18
9524.08718461702  1.619599E-18
9526.50913358865  2.832390E-18
9528.93108256028  -1.009571E-18
9531.35303153192  7.811806E-18
9533.77498050355  1.385083E-17
9536.19692947519  2.035303E-17
9538.61887844682  2.329723E-17
9541.04082741846  1.656310E-17
9543.46277639009  9.250280E-18
9545.88472536172  7.243535E-18
9548.30667433336  1.610538E-17
9550.72862330499  1.965637E-17
9553.15057227663  6.834745E-18
9555.57252124826  6.184599E-18
9557.9944702199  6.386405E-18
9560.41641919153  7.564327E-18
9562.83836816316  2.052327E-17
9565.2603171348  2.760706E-17
9567.68226610643  3.090516E-17
9570.10421507806  2.227325E-17
9572.5261640497  1.243285E-17
9574.94811302133  9.835947E-18
9577.37006199297  7.366011E-18
9579.7920109646  1.082862E-17
9582.21395993624  1.237371E-17
9584.63590890787  1.737193E-17
9587.0578578795  2.660705E-17
9589.47980685114  2.791609E-17
9591.90175582277  2.503371E-17
9594.32370479441  1.279781E-17
9596.74565376604  1.672141E-17
9599.16760273767  2.734648E-17
