3801.7858886719  4.143142
3802.70159482613  4.241326
3803.61730098035  4.346236
3804.53300713457  4.451054
3805.4487132888  4.555249
3806.36441944302  4.665076
3807.28012559725  4.778606
3808.19583175147  4.895261
3809.11153790569  5.015478
3810.02724405992  5.130602
3810.94295021414  5.25338
3811.85865636836  5.380398
3812.77436252259  4.132223
3813.69006867681  -1.733557
3814.60577483103  0.01596477
3815.52148098526  2.087004
3816.43718713948  3.077641
3817.3528932937  0.6470837
3818.26859944793  -0.568608
3819.18430560215  -1.188714
3820.10001175637  0.4543786
3821.0157179106  0.6748857
3821.93142406482  -0.3779138
3822.84713021904  1.580416
3823.76283637327  0.799966
3824.67854252749  0.8654646
3825.59424868172  1.468701
3826.50995483594  2.498868
3827.42566099016  4.478878
3828.34136714439  2.46378
3829.25707329861  1.975015
3830.17277945283  0.559378
3831.08848560706  0.7934212
3832.00419176128  -0.9022294
3832.9198979155  0.9695135
3833.83560406973  -0.6445796
3834.75131022395  0.3683136
3835.66701637817  3.414831
3836.5827225324  3.925953
3837.49842868662  4.408377
3838.41413484085  1.040759
3839.32984099507  2.145316
3840.24554714929  4.757928
3841.16125330352  2.318609
3842.07695945774  3.873479
3842.99266561196  3.446746
3843.90837176619  2.791447
3844.82407792041  3.650618
3845.73978407463  4.937686
3846.65549022886  4.367878
3847.57119638308  1.975182
3848.4869025373  -1.83351
3849.40260869153  -0.7143465
3850.31831484575  1.186069
3851.23402099998  0.2264878
3852.1497271542  2.476341
3853.06543330842  3.159404
3853.98113946265  3.363075
3854.89684561687  4.742058
3855.81255177109  4.829865
3856.72825792532  4.561229
3857.64396407954  3.501774
3858.55967023376  4.739607
3859.47537638799  4.10311
3860.39108254221  3.862626
3861.30678869643  3.719121
3862.22249485066  4.599488
3863.13820100488  5.344317
3864.0539071591  3.584253
3864.96961331333  2.819257
3865.88531946755  0.4466718
3866.80102562177  -0.8825582
3867.716731776  -1.488787
3868.63243793022  1.639662
3869.54814408445  1.812654
3870.46385023867  2.641499
3871.37955639289  1.749276
3872.29526254712  0.7593801
3873.21096870134  0.5642138
3874.12667485556  -1.069968
3875.04238100979  0.1353852
3875.95808716401  1.086769
3876.87379331823  0.4827591
3877.78949947246  0.3244323
3878.70520562668  1.432441
3879.6209117809  0.7410843
3880.53661793513  0.05437577
3881.45232408935  0.5982996
3882.36803024357  0.1759357
3883.2837363978  2.598214
3884.19944255202  1.572787
3885.11514870625  1.099773
3886.03085486047  1.320654
3886.94656101469  2.032391
3887.86226716892  3.550077
3888.77797332314  2.334401
3889.69367947736  0.2154859
3890.60938563159  0.1507838
3891.52509178581  1.22609
3892.44079794003  2.152357
3893.35650409426  4.153586
3894.27221024848  3.414813
3895.1879164027  1.998386
3896.10362255693  2.023441
3897.01932871115  0.7882307
3897.93503486537  2.635395
3898.8507410196  2.619719
3899.76644717382  0.63455
3900.68215332805  1.759201
3901.59785948227  3.205141
3902.51356563649  2.146669
3903.42927179072  2.927226
3904.34497794494  1.238611
3905.26068409916  2.615
3906.17639025339  2.625262
3907.09209640761  2.386559
3908.00780256183  2.369452
3908.92350871606  2.095227
3909.83921487028  1.470265
3910.7549210245  1.000456
3911.67062717873  2.345997
3912.58633333295  1.221126
3913.50203948717  -0.7695336
3914.4177456414  -0.4068934
3915.33345179562  1.649045
3916.24915794984  0.8733346
3917.16486410407  0.4075402
3918.08057025829  1.000818
3918.99627641252  1.952119
3919.91198256674  0.9864943
3920.82768872096  0.5065588
3921.74339487519  0.9868747
3922.65910102941  1.064461
3923.57480718363  0.8601903
3924.49051333786  0.5075756
3925.40621949208  1.830212
3926.3219256463  1.392708
3927.23763180053  0.2308606
3928.15333795475  0.1556976
3929.06904410898  1.160357
3929.9847502632  1.227802
3930.90045641742  0.586426
3931.81616257165  1.003888
3932.73186872587  -0.9271296
3933.64757488009  0.7887483
3934.56328103432  1.346142
3935.47898718854  0.8314392
3936.39469334276  1.2798
3937.31039949699  2.449218
3938.22610565121  0.9789829
3939.14181180543  -1.239901
3940.05751795966  -0.05048501
3940.97322411388  2.12837
3941.8889302681  3.4282
3942.80463642233  2.150943
3943.72034257655  2.210302
3944.63604873078  -0.3841654
3945.551754885  2.143077
3946.46746103922  3.332674
3947.38316719345  2.840241
3948.29887334767  1.60124
3949.21457950189  1.61837
3950.13028565612  2.224154
3951.04599181034  1.084886
3951.96169796456  0.2456345
3952.87740411879  2.796621
3953.79311027301  2.966992
3954.70881642723  2.033102
3955.62452258146  0.8437033
3956.54022873568  -0.4022738
3957.4559348899  0.2539603
3958.37164104413  2.481935
3959.28734719835  2.90475
3960.20305335257  3.052692
3961.1187595068  1.560029
3962.03446566102  1.016796
3962.95017181525  0.5537804
3963.86587796947  1.534304
3964.78158412369  3.006452
3965.69729027792  4.258375
3966.61299643214  3.463864
3967.52870258636  2.004988
3968.44440874059  0.6626464
3969.36011489481  1.298632
3970.27582104903  0.9227998
3971.19152720326  1.564691
3972.10723335748  2.058076
3973.0229395117  1.779292
3973.93864566593  2.046686
3974.85435182015  1.400381
3975.77005797437  1.395326
3976.6857641286  1.651817
3977.60147028282  0.9107565
3978.51717643705  0.08556879
3979.43288259127  -0.2297309
3980.34858874549  0.6910725
3981.26429489972  1.154151
3982.18000105394  1.230603
3983.09570720816  1.646642
3984.01141336239  1.547558
3984.92711951661  -0.5468123
3985.84282567083  -0.4453305
3986.75853182506  0.418569
3987.67423797928  0.7579781
3988.5899441335  1.336637
3989.50565028773  2.858687
3990.42135644195  0.913352
3991.33706259617  -0.3816755
3992.2527687504  -0.1869466
3993.16847490462  -0.3154825
3994.08418105885  0.5171041
3994.99988721307  1.217156
3995.91559336729  1.421048
3996.83129952152  2.838433
3997.74700567574  1.804146
3998.66271182996  1.520637
3999.57841798419  1.830679
4000.49412413841  2.74889
4001.40983029263  2.134187
4002.32553644686  1.140221
4003.24124260108  1.367122
4004.1569487553  2.587671
4005.07265490953  2.092767
4005.98836106375  1.849497
4006.90406721798  2.442077
4007.8197733722  3.509526
4008.73547952642  1.792441
4009.65118568065  0.6742187
4010.56689183487  0.8430471
4011.48259798909  1.483504
4012.39830414332  1.398883
4013.31401029754  1.281424
4014.22971645176  1.395899
4015.14542260599  2.03644
4016.06112876021  1.962155
4016.97683491443  1.073139
4017.89254106866  3.562902
4018.80824722288  2.259555
4019.7239533771  1.704339
4020.63965953133  1.968818
4021.55536568555  1.661083
4022.47107183978  1.498565
4023.386777994  1.373502
4024.30248414822  1.762894
4025.21819030244  1.483051
4026.13389645667  2.433338
4027.04960261089  1.492846
4027.96530876512  2.07284
4028.88101491934  1.086539
4029.79672107356  0.7099722
4030.71242722779  1.034275
4031.62813338201  1.463562
4032.54383953623  1.054934
4033.45954569046  1.539961
4034.37525184468  -0.2128561
4035.29095799891  0.3482819
4036.20666415313  2.26072
4037.12237030735  2.133002
4038.03807646158  1.72572
4038.9537826158  1.437306
4039.86948877002  1.113139
4040.78519492425  2.354289
4041.70090107847  3.048601
4042.61660723269  2.571145
4043.53231338692  1.620246
4044.44801954114  2.231439
4045.36372569536  1.15806
4046.27943184959  0.9455698
4047.19513800381  1.420055
4048.11084415803  2.97565
4049.02655031226  4.006067
4049.94225646648  2.76851
4050.8579626207  2.35547
4051.77366877493  2.635574
4052.68937492915  3.272776
4053.60508108337  2.36215
4054.5207872376  1.055625
4055.43649339182  0.9883142
4056.35219954605  0.6152965
4057.26790570027  0.9349289
4058.18361185449  1.491652
4059.09931800872  1.475387
4060.01502416294  1.45864
4060.93073031716  1.358263
4061.84643647139  2.105611
4062.76214262561  1.127824
4063.67784877983  1.723563
4064.59355493406  0.7648028
4065.50926108828  0.8750145
4066.4249672425  0.4658912
4067.34067339673  0.7797105
4068.25637955095  1.523632
4069.17208570518  1.058164
4070.0877918594  -0.4168564
4071.00349801362  -0.9831055
4071.91920416785  -0.3761369
4072.83491032207  0.5093984
4073.75061647629  2.050239
4074.66632263052  2.346991
4075.58202878474  1.128325
4076.49773493896  1.033123
4077.41344109319  3.716801
4078.32914724741  1.809974
4079.24485340163  2.495718
4080.16055955586  2.035711
4081.07626571008  1.307912
4081.99197186431  0.5663714
4082.90767801853  -1.101362
4083.82338417275  -0.6852987
4084.73909032698  1.590458
4085.6547964812  1.98694
4086.57050263542  1.532405
4087.48620878965  0.6491392
4088.40191494387  -0.1979787
4089.31762109809  0.7149423
4090.23332725232  0.7847228
4091.14903340654  1.857434
4092.06473956076  2.287199
4092.98044571499  1.390569
4093.89615186921  1.223541
4094.81185802344  1.83981
4095.72756417766  3.189752
4096.64327033188  1.342572
4097.55897648611  1.426051
4098.47468264033  3.004036
4099.39038879455  1.887813
4100.30609494878  3.261692
4101.221801103  1.857882
4102.13750725722  0.4785785
4103.05321341145  0.3737226
4103.96891956567  0.5236611
4104.88462571989  -0.5627796
4105.80033187412  1.044578
4106.71603802834  0.2141926
4107.63174418256  0.2366136
4108.54745033679  1.645105
4109.46315649101  1.49828
4110.37886264523  0.5800196
4111.29456879946  0.9878589
4112.21027495368  0.06803833
4113.1259811079  1.181774
4114.04168726213  1.031637
4114.95739341635  1.256341
4115.87309957058  2.625615
4116.7888057248  2.010942
4117.70451187902  0.6476526
4118.62021803325  1.405093
4119.53592418747  1.806846
4120.45163034169  0.9845793
4121.36733649592  2.967566
4122.28304265014  3.046971
4123.19874880436  2.121619
4124.11445495859  2.178646
4125.03016111281  1.449766
4125.94586726703  2.63851
4126.86157342126  2.703104
4127.77727957548  2.091767
4128.69298572971  1.480834
4129.60869188393  1.747477
4130.52439803815  1.936414
4131.44010419238  1.605798
4132.3558103466  1.641784
4133.27151650082  1.759059
4134.18722265505  1.091523
4135.10292880927  1.8983
4136.01863496349  1.310856
4136.93434111772  0.3825746
4137.85004727194  -0.3423265
4138.76575342616  0.8407548
4139.68145958039  1.989297
4140.59716573461  4.067801
4141.51287188883  2.582705
4142.42857804306  1.913131
4143.34428419728  0.8394102
4144.25999035151  2.032856
4145.17569650573  2.257432
4146.09140265995  1.840621
4147.00710881418  0.2994711
4147.9228149684  1.344826
4148.83852112262  2.528615
4149.75422727685  2.938595
4150.66993343107  2.310871
4151.58563958529  0.3913467
4152.50134573952  0.7095884
4153.41705189374  0.99762
4154.33275804796  2.145907
4155.24846420219  2.382081
4156.16417035641  1.109037
4157.07987651063  1.330502
4157.99558266486  2.812693
4158.91128881908  3.474484
4159.8269949733  1.5905
4160.74270112753  1.980775
4161.65840728175  3.221456
4162.57411343598  1.959697
4163.4898195902  1.908515
4164.40552574442  2.117105
4165.32123189865  2.659597
4166.23693805287  2.48485
4167.15264420709  3.014407
4168.06835036132  1.61978
4168.98405651554  1.581511
4169.89976266976  1.206367
4170.81546882399  2.123482
4171.73117497821  1.968664
4172.64688113243  3.596949
4173.56258728666  4.93829
4174.47829344088  3.684994
4175.39399959511  3.218525
4176.30970574933  1.878558
4177.22541190355  2.023639
4178.14111805778  1.684856
4179.056824212  1.836653
4179.97253036622  1.926598
4180.88823652045  2.723258
4181.80394267467  1.684628
4182.71964882889  1.022718
4183.63535498312  1.402516
4184.55106113734  1.596992
4185.46676729156  2.320091
4186.38247344579  0.3497596
4187.29817960001  1.185504
4188.21388575424  1.136697
4189.12959190846  1.31754
4190.04529806268  1.496822
4190.96100421691  1.802541
4191.87671037113  2.085366
4192.79241652535  2.297316
4193.70812267958  2.131505
4194.6238288338  2.298475
4195.53953498802  1.456364
4196.45524114225  1.89859
4197.37094729647  0.9838775
4198.28665345069  1.016792
4199.20235960492  0.01717778
4200.11806575914  0.5380558
4201.03377191336  0.834828
4201.94947806759  0.4504313
4202.86518422181  1.866328
4203.78089037604  2.627976
4204.69659653026  3.168903
4205.61230268448  3.785654
4206.5280088387  3.347011
4207.44371499293  2.697761
4208.35942114715  2.039442
4209.27512730138  2.445969
4210.1908334556  2.067154
4211.10653960982  1.59098
4212.02224576405  2.411445
4212.93795191827  1.986937
4213.85365807249  1.654319
4214.76936422672  1.595873
4215.68507038094  1.428214
4216.60077653516  2.757014
4217.51648268939  2.869302
4218.43218884361  2.233454
4219.34789499783  4.383555
4220.26360115206  3.161325
4221.17930730628  2.936368
4222.09501346051  3.899524
4223.01071961473  3.237329
4223.92642576895  2.907847
4224.84213192318  2.113242
4225.7578380774  1.757839
4226.67354423162  1.56532
4227.58925038585  2.054349
4228.50495654007  3.206032
4229.42066269429  2.151523
4230.33636884852  1.219805
4231.25207500274  1.571008
4232.16778115696  1.944732
4233.08348731119  1.442195
4233.99919346541  1.221977
4234.91489961963  1.847725
4235.83060577386  2.897086
4236.74631192808  2.272631
4237.66201808231  1.659199
4238.57772423653  1.76909
4239.49343039075  4.687311
4240.40913654498  6.399399
4241.3248426992  6.937379
4242.24054885342  7.634883
4243.15625500765  9.338579
4244.07196116187  11.11283
4244.98766731609  12.05199
4245.90337347032  10.81928
4246.81907962454  9.341446
4247.73478577877  6.987384
4248.65049193299  5.497194
4249.56619808721  4.661048
4250.48190424143  3.531626
4251.39761039566  1.794123
4252.31331654988  1.450203
4253.22902270411  2.134268
4254.14472885833  0.751083
4255.06043501255  1.218006
4255.97614116678  1.073664
4256.891847321  2.920846
4257.80755347522  2.803124
4258.72325962945  3.781123
4259.63896578367  2.700943
4260.55467193789  2.312381
4261.47037809212  2.585588
4262.38608424634  2.091949
4263.30179040057  2.577274
4264.21749655479  2.234892
4265.13320270901  1.801621
4266.04890886323  2.238351
4266.96461501746  1.318401
4267.88032117168  1.509342
4268.79602732591  1.194119
4269.71173348013  1.584651
4270.62743963435  2.158099
4271.54314578858  3.095489
4272.4588519428  3.596714
4273.37455809702  1.977969
4274.29026425125  0.9522011
4275.20597040547  1.755214
4276.12167655969  1.871077
4277.03738271392  1.91557
4277.95308886814  1.726439
4278.86879502236  2.511582
4279.78450117659  2.508001
4280.70020733081  2.083339
4281.61591348504  1.100082
4282.53161963926  1.757621
4283.44732579348  1.471623
4284.36303194771  2.551076
4285.27873810193  1.87121
4286.19444425615  2.400746
4287.11015041038  2.663889
4288.0258565646  1.768652
4288.94156271882  1.013196
4289.85726887305  1.371531
4290.77297502727  2.439756
4291.68868118149  1.899649
4292.60438733572  2.379292
4293.52009348994  2.737411
4294.43579964416  2.540194
4295.35150579839  1.199633
4296.26721195261  2.113535
4297.18291810684  2.18853
4298.09862426106  1.907574
4299.01433041528  3.143819
4299.9300365695  2.157963
4300.84574272373  2.139847
4301.76144887795  2.573358
4302.67715503218  2.589478
4303.5928611864  2.388383
4304.50856734062  1.337852
4305.42427349485  1.72588
4306.33997964907  1.541708
4307.25568580329  1.948674
4308.17139195752  2.548875
4309.08709811174  2.667057
4310.00280426597  2.638948
4310.91851042019  2.199255
4311.83421657441  2.418599
4312.74992272863  2.453479
4313.66562888286  2.626492
4314.58133503708  1.803312
4315.49704119131  1.022037
4316.41274734553  1.530337
4317.32845349975  1.312458
4318.24415965398  1.684802
4319.1598658082  1.986974
4320.07557196242  1.229719
4320.99127811665  1.40915
4321.90698427087  0.9820585
4322.82269042509  1.499237
4323.73839657932  1.266805
4324.65410273354  1.336094
4325.56980888776  1.516525
4326.48551504199  1.245433
4327.40122119621  1.053907
4328.31692735044  2.212348
4329.23263350466  2.801883
4330.14833965888  3.104626
4331.06404581311  2.661108
4331.97975196733  2.22319
4332.89545812155  2.536538
4333.81116427578  1.549758
4334.72687043  1.611733
4335.64257658422  2.699549
4336.55828273845  2.95147
4337.47398889267  2.861567
4338.38969504689  2.424258
4339.30540120112  1.673347
4340.22110735534  1.950455
4341.13681350956  1.487704
4342.05251966379  1.597589
4342.96822581801  1.742461
4343.88393197224  1.409279
4344.79963812646  1.883974
4345.71534428068  1.922832
4346.63105043491  2.578796
4347.54675658913  2.449634
4348.46246274335  1.192121
4349.37816889758  1.559295
4350.2938750518  1.987202
4351.20958120602  2.475793
4352.12528736025  2.182694
4353.04099351447  2.410214
4353.95669966869  1.918194
4354.87240582292  1.655478
4355.78811197714  1.670778
4356.70381813137  2.417603
4357.61952428559  2.239534
4358.53523043981  2.149539
4359.45093659404  1.178416
4360.36664274826  1.148045
4361.28234890248  1.775244
4362.19805505671  1.054808
4363.11376121093  1.08623
4364.02946736515  1.678806
4364.94517351938  2.051797
4365.8608796736  1.791482
4366.77658582782  1.530557
4367.69229198205  0.9641778
4368.60799813627  1.227953
4369.52370429049  1.337011
4370.43941044472  1.58133
4371.35511659894  1.711845
4372.27082275316  0.8667895
4373.18652890739  0.3948861
4374.10223506161  1.486068
4375.01794121583  1.97998
4375.93364737006  1.997754
4376.84935352428  2.042883
4377.76505967851  1.808004
4378.68076583273  2.435221
4379.59647198695  2.377287
4380.51217814118  1.862901
4381.4278842954  2.422673
4382.34359044962  2.618589
4383.25929660385  2.404533
4384.17500275807  2.500718
4385.09070891229  2.225003
4386.00641506652  1.977441
4386.92212122074  1.820621
4387.83782737496  1.892167
4388.75353352919  2.448911
4389.66923968341  2.589906
4390.58494583764  3.121784
4391.50065199186  3.129074
4392.41635814608  2.484873
4393.3320643003  1.442477
4394.24777045453  1.128472
4395.16347660875  1.476388
4396.07918276298  1.901819
4396.9948889172  2.883634
4397.91059507142  2.437545
4398.82630122565  3.110853
4399.74200737987  2.786557
4400.65771353409  2.157292
4401.57341968832  2.880498
4402.48912584254  2.915071
4403.40483199677  2.975976
4404.32053815099  3.170197
4405.23624430521  3.253743
4406.15195045944  2.739494
4407.06765661366  2.332052
4407.98336276788  2.361021
4408.89906892211  2.082092
4409.81477507633  1.941822
4410.73048123055  2.080082
4411.64618738478  1.638503
4412.561893539  1.862075
4413.47759969322  1.618919
4414.39330584745  1.791884
4415.30901200167  1.588323
4416.22471815589  2.019824
4417.14042431012  2.240635
4418.05613046434  1.834627
4418.97183661857  1.760862
4419.88754277279  2.020236
4420.80324892701  1.829148
4421.71895508124  1.649648
4422.63466123546  1.488254
4423.55036738968  1.71003
4424.46607354391  1.445065
4425.38177969813  1.436713
4426.29748585235  1.979184
4427.21319200658  2.266874
4428.1288981608  1.770259
4429.04460431502  2.033053
4429.96031046925  1.431475
4430.87601662347  1.91583
4431.79172277769  1.528465
4432.70742893192  2.117977
4433.62313508614  2.359448
4434.53884124036  1.972049
4435.45454739459  1.745531
4436.37025354881  2.143801
4437.28595970304  1.574016
4438.20166585726  1.230783
4439.11737201148  2.360202
4440.03307816571  3.296993
4440.94878431993  2.906491
4441.86449047415  2.141082
4442.78019662838  1.147717
4443.6959027826  1.946381
4444.61160893682  2.046886
4445.52731509105  1.904343
4446.44302124527  2.282969
4447.3587273995  3.326158
4448.27443355372  2.610191
4449.19013970794  2.203474
4450.10584586216  2.057316
4451.02155201639  2.867195
4451.93725817061  3.1865
4452.85296432483  2.290389
4453.76867047906  2.008148
4454.68437663328  2.189951
4455.60008278751  2.315718
4456.51578894173  2.576632
4457.43149509595  2.460769
4458.34720125018  2.492389
4459.2629074044  1.565025
4460.17861355862  1.734861
4461.09431971285  1.730593
4462.01002586707  1.257563
4462.92573202129  1.657154
4463.84143817552  2.393323
4464.75714432974  3.054479
4465.67285048397  3.275444
4466.58855663819  2.617468
4467.50426279241  2.729598
4468.41996894664  2.192831
4469.33567510086  2.429907
4470.25138125508  2.375659
4471.16708740931  1.673703
4472.08279356353  1.457405
4472.99849971775  1.022527
4473.91420587198  1.75031
4474.8299120262  1.835648
4475.74561818042  1.923485
4476.66132433465  2.069001
4477.57703048887  2.144217
4478.49273664309  2.237062
4479.40844279732  1.569565
4480.32414895154  1.481607
4481.23985510577  1.928246
4482.15556125999  2.248444
4483.07126741421  2.039394
4483.98697356844  1.995463
4484.90267972266  1.640232
4485.81838587688  2.134771
4486.73409203111  2.540258
4487.64979818533  2.825069
4488.56550433955  2.278395
4489.48121049378  1.857662
4490.396916648  2.09788
4491.31262280222  2.897791
4492.22832895645  3.044584
4493.14403511067  3.455262
4494.0597412649  3.396629
4494.97544741912  2.542323
4495.89115357334  2.777414
4496.80685972757  2.5612
4497.72256588179  2.051267
4498.63827203601  2.321512
4499.55397819023  2.702219
4500.46968434446  2.338354
4501.38539049868  2.849741
4502.30109665291  2.830579
4503.21680280713  3.133447
4504.13250896135  2.486212
4505.04821511558  2.459988
4505.9639212698  2.417295
4506.87962742402  2.052046
4507.79533357825  2.555059
4508.71103973247  2.973043
4509.6267458867  3.087345
4510.54245204092  2.435128
4511.45815819514  2.162973
4512.37386434937  1.54636
4513.28957050359  1.802791
4514.20527665781  1.842405
4515.12098281203  1.544915
4516.03668896626  0.1515461
4516.95239512048  0.6098621
4517.86810127471  0.8209041
4518.78380742893  1.29628
4519.69951358315  1.358272
4520.61521973738  2.083758
4521.5309258916  1.827622
4522.44663204582  2.134242
4523.36233820005  1.639413
4524.27804435427  1.412987
4525.19375050849  1.71723
4526.10945666272  2.845892
4527.02516281694  3.014361
4527.94086897117  3.081417
4528.85657512539  2.6577
4529.77228127961  2.355114
4530.68798743384  2.868446
4531.60369358806  2.906067
4532.51939974228  2.757812
4533.43510589651  2.766125
4534.35081205073  2.680493
4535.26651820495  3.200455
4536.18222435918  3.315508
4537.0979305134  3.359051
4538.01363666762  2.946848
4538.92934282185  2.5981
4539.84504897607  2.50039
4540.7607551303  2.604028
4541.67646128452  2.77988
4542.59216743874  3.088519
4543.50787359297  3.891362
4544.42357974719  3.151345
4545.33928590141  3.05907
4546.25499205563  3.142059
4547.17069820986  2.923728
4548.08640436408  2.923484
4549.00211051831  2.807026
4549.91781667253  2.978752
4550.83352282675  2.628468
4551.74922898098  2.875621
4552.6649351352  3.250362
4553.58064128942  3.02161
4554.49634744365  3.037663
4555.41205359787  3.248552
4556.3277597521  3.65246
4557.24346590632  3.473715
4558.15917206054  3.219374
4559.07487821477  2.434675
4559.99058436899  2.347613
4560.90629052321  3.150845
4561.82199667744  3.641791
4562.73770283166  3.842115
4563.65340898588  3.163273
4564.56911514011  2.843984
4565.48482129433  2.889649
4566.40052744855  3.406138
4567.31623360278  3.67189
4568.231939757  3.643596
4569.14764591122  3.919686
4570.06335206545  2.65196
4570.97905821967  3.188907
4571.89476437389  3.541406
4572.81047052812  3.244015
4573.72617668234  3.230141
4574.64188283657  3.082776
4575.55758899079  3.641582
4576.47329514501  3.368178
4577.38900129924  2.520898
4578.30470745346  3.013206
4579.22041360768  3.754973
4580.13611976191  3.546049
4581.05182591613  3.218872
4581.96753207035  3.420695
4582.88323822458  3.45247
4583.7989443788  3.281305
4584.71465053302  2.818603
4585.63035668725  2.978683
4586.54606284147  2.934273
4587.4617689957  3.391472
4588.37747514992  3.590613
4589.29318130414  3.337521
4590.20888745837  3.253488
4591.12459361259  2.961134
4592.04029976681  3.480038
4592.95600592104  3.629024
4593.87171207526  3.603019
4594.78741822948  3.353238
4595.70312438371  3.13692
4596.61883053793  3.208086
4597.53453669215  3.513796
4598.45024284638  2.622562
4599.3659490006  2.877698
4600.28165515482  2.847478
4601.19736130905  2.197753
4602.11306746327  2.608017
4603.02877361749  3.370101
4603.94447977172  3.568066
4604.86018592594  3.110572
4605.77589208017  3.819099
4606.69159823439  3.805536
4607.60730438861  3.804037
4608.52301054284  3.293398
4609.43871669706  3.565428
4610.35442285128  3.539417
4611.27012900551  3.699756
4612.18583515973  3.684671
4613.10154131395  3.657981
4614.01724746818  3.417084
4614.9329536224  3.093513
4615.84865977662  3.087139
4616.76436593085  3.017537
4617.68007208507  3.333475
4618.59577823929  3.199684
4619.51148439352  2.738564
4620.42719054774  3.196368
4621.34289670197  4.352061
4622.25860285619  3.860102
4623.17430901041  2.608934
4624.09001516464  2.533629
4625.00572131886  3.475245
4625.92142747308  3.734342
4626.83713362731  3.074831
4627.75283978153  3.197637
4628.66854593575  2.866869
4629.58425208998  2.963627
4630.4999582442  3.480447
4631.41566439843  3.672802
4632.33137055265  3.699537
4633.24707670687  3.174047
4634.1627828611  3.210862
4635.07848901532  3.385722
4635.99419516954  3.417103
4636.90990132377  3.432898
4637.82560747799  3.607171
4638.74131363221  3.667426
4639.65701978644  3.826568
4640.57272594066  3.787779
4641.48843209488  3.048647
4642.40413824911  2.363053
4643.31984440333  2.637552
4644.23555055755  2.345572
4645.15125671178  2.648192
4646.066962866  3.36576
4646.98266902022  3.606978
4647.89837517445  3.818914
4648.81408132867  3.93696
4649.7297874829  3.67278
4650.64549363712  3.500556
4651.56119979134  3.625222
4652.47690594557  3.442907
4653.39261209979  2.567247
4654.30831825401  2.703877
4655.22402440824  3.049717
4656.13973056246  2.930202
4657.05543671668  3.079652
4657.97114287091  2.656074
4658.88684902513  2.886653
4659.80255517935  2.698584
4660.71826133358  2.890659
4661.6339674878  2.482157
4662.54967364202  2.566519
4663.46537979625  2.210804
4664.38108595047  2.054326
4665.29679210469  1.34051
4666.21249825892  1.316252
4667.12820441314  1.113629
4668.04391056737  2.429184
4668.95961672159  2.584048
4669.87532287581  1.730944
4670.79102903004  1.706746
4671.70673518426  1.709353
4672.62244133848  2.336157
4673.53814749271  2.806425
4674.45385364693  2.592054
4675.36955980115  2.586377
4676.28526595538  2.459807
4677.2009721096  2.967745
4678.11667826383  2.785576
4679.03238441805  2.749289
4679.94809057227  2.685374
4680.8637967265  2.425553
4681.77950288072  2.783119
4682.69520903494  2.846759
4683.61091518917  3.162414
4684.52662134339  3.146788
4685.44232749761  2.577828
4686.35803365184  2.616466
4687.27373980606  2.426667
4688.18944596028  2.227791
4689.10515211451  2.817986
4690.02085826873  3.1928
4690.93656442295  3.010813
4691.85227057718  2.915001
4692.7679767314  2.868535
4693.68368288562  3.688644
4694.59938903985  3.230705
4695.51509519407  3.413408
4696.4308013483  3.67908
4697.34650750252  3.639385
4698.26221365674  3.006104
4699.17791981097  2.371732
4700.09362596519  2.571439
4701.00933211941  2.656989
4701.92503827364  2.308351
4702.84074442786  2.523769
4703.75645058208  2.50064
4704.67215673631  2.615544
4705.58786289053  2.3065
4706.50356904475  2.291859
4707.41927519898  3.108206
4708.3349813532  3.314883
4709.25068750743  3.537308
4710.16639366165  3.31542
4711.08209981587  3.267243
4711.99780597009  3.187454
4712.91351212432  3.340156
4713.82921827854  3.869705
4714.74492443277  3.48655
4715.66063058699  3.47395
4716.57633674121  3.000097
4717.49204289544  2.642578
4718.40774904966  2.840322
4719.32345520388  2.750993
4720.23916135811  2.572072
4721.15486751233  2.261561
4722.07057366656  2.695945
4722.98627982078  2.577105
4723.901985975  2.193407
4724.81769212923  2.264459
4725.73339828345  2.953122
4726.64910443767  2.540911
4727.5648105919  2.434133
4728.48051674612  2.62634
4729.39622290034  2.698508
4730.31192905457  3.409668
4731.22763520879  2.789082
4732.14334136301  2.677444
4733.05904751724  2.910941
4733.97475367146  2.857315
4734.89045982568  2.963846
4735.80616597991  3.214328
4736.72187213413  3.237791
4737.63757828835  3.333875
4738.55328444258  3.298071
4739.4689905968  3.765914
4740.38469675102  3.303658
4741.30040290525  3.24774
4742.21610905947  3.315099
4743.1318152137  3.376492
4744.04752136792  3.345736
4744.96322752214  3.290578
4745.87893367637  3.447862
4746.79463983059  3.174358
4747.71034598481  3.045211
4748.62605213904  3.208439
4749.54175829326  3.295936
4750.45746444748  3.37084
4751.37317060171  3.235959
4752.28887675593  2.721018
4753.20458291015  3.178687
4754.12028906438  3.683863
4755.0359952186  3.459453
4755.95170137282  2.347892
4756.86740752705  2.463339
4757.78311368127  2.804074
4758.6988198355  2.442411
4759.61452598972  2.201758
4760.53023214394  2.631554
4761.44593829817  3.038458
4762.36164445239  3.065787
4763.27735060661  2.465758
4764.19305676084  3.070289
4765.10876291506  3.152978
4766.02446906928  2.546972
4766.94017522351  2.185915
4767.85588137773  2.645928
4768.77158753195  2.797422
4769.68729368618  2.731045
4770.6029998404  2.615099
4771.51870599463  2.490611
4772.43441214885  2.875256
4773.35011830307  2.766932
4774.2658244573  2.526105
4775.18153061152  2.595231
4776.09723676574  2.477462
4777.01294291997  2.381752
4777.92864907419  2.693331
4778.84435522841  2.224541
4779.76006138264  2.903377
4780.67576753686  3.066933
4781.59147369108  2.018742
4782.50717984531  1.823558
4783.42288599953  2.395559
4784.33859215375  2.189549
4785.25429830798  2.280614
4786.1700044622  2.617497
4787.08571061643  2.521134
4788.00141677065  2.202031
4788.91712292487  2.18554
4789.8328290791  2.203123
4790.74853523332  1.939411
4791.66424138754  2.225455
4792.57994754177  2.540243
4793.49565369599  2.680575
4794.41135985021  2.442995
4795.32706600444  2.236926
4796.24277215866  2.162364
4797.15847831288  2.677301
4798.07418446711  2.652461
4798.98989062133  3.397448
4799.90559677555  2.680505
4800.82130292978  2.526334
4801.737009084  2.365358
4802.65271523823  2.390667
4803.56842139245  2.571676
4804.48412754667  2.62766
4805.39983370089  2.342901
4806.31553985512  3.168104
4807.23124600934  3.403793
4808.14695216357  3.363353
4809.06265831779  2.644256
4809.97836447201  2.362029
4810.89407062624  1.679332
4811.80977678046  2.746881
4812.72548293468  3.027436
4813.64118908891  2.304107
4814.55689524313  2.881081
4815.47260139735  2.613052
4816.38830755158  2.809097
4817.3040137058  2.769035
4818.21971986003  2.390574
4819.13542601425  2.330024
4820.05113216847  2.327811
4820.9668383227  2.949132
4821.88254447692  2.475946
4822.79825063114  2.581514
4823.71395678537  2.661948
4824.62966293959  3.182724
4825.54536909381  3.489582
4826.46107524804  2.800183
4827.37678140226  2.516784
4828.29248755648  2.437889
4829.20819371071  2.659026
4830.12389986493  2.810759
4831.03960601915  3.064929
4831.95531217338  2.596352
4832.8710183276  2.253976
4833.78672448183  2.006046
4834.70243063605  2.762087
4835.61813679027  2.881734
4836.5338429445  2.331135
4837.44954909872  1.906027
4838.36525525294  1.838225
4839.28096140717  2.531393
4840.19666756139  3.070181
4841.11237371561  2.55471
4842.02807986984  2.38549
4842.94378602406  2.391345
4843.85949217828  2.699293
4844.77519833251  2.805892
4845.69090448673  2.909465
4846.60661064095  3.038275
4847.52231679518  3.328502
4848.4380229494  2.6308
4849.35372910362  2.81931
4850.26943525785  2.937968
4851.18514141207  2.897522
4852.10084756629  2.237019
4853.01655372052  2.461405
4853.93225987474  3.032514
4854.84796602897  2.910777
4855.76367218319  2.694021
4856.67937833741  2.668099
4857.59508449164  3.391857
4858.51079064586  2.616324
4859.42649680008  2.387565
4860.34220295431  2.364175
4861.25790910853  2.585552
4862.17361526276  2.484502
4863.08932141698  2.541857
4864.0050275712  2.758785
4864.92073372543  1.523375
4865.83643987965  1.819117
4866.75214603387  2.004559
4867.6678521881  2.244959
4868.58355834232  2.831178
4869.49926449654  2.284392
4870.41497065077  2.890646
4871.33067680499  2.707162
4872.24638295921  2.58432
4873.16208911344  2.772779
4874.07779526766  2.645048
4874.99350142189  3.070185
4875.90920757611  3.060822
4876.82491373033  2.882501
4877.74061988455  2.806325
4878.65632603878  2.489679
4879.572032193  2.989877
4880.48773834723  2.845397
4881.40344450145  1.834731
4882.31915065567  2.294145
4883.2348568099  2.510092
4884.15056296412  2.353133
4885.06626911834  2.226608
4885.98197527257  2.361784
4886.89768142679  2.338299
4887.81338758101  2.144467
4888.72909373524  2.021852
4889.64479988946  2.562
4890.56050604369  2.194673
4891.47621219791  2.575626
4892.39191835213  2.845808
4893.30762450635  2.39554
4894.22333066058  2.394418
4895.1390368148  2.766285
4896.05474296903  2.861572
4896.97044912325  2.221069
4897.88615527747  2.821924
4898.8018614317  2.532004
4899.71756758592  1.928337
4900.63327374014  2.42242
4901.54897989437  2.985651
4902.46468604859  3.064266
4903.38039220281  2.881907
4904.29609835704  2.489357
4905.21180451126  2.76473
4906.12751066548  2.649816
4907.04321681971  2.584666
4907.95892297393  3.226403
4908.87462912816  2.525076
4909.79033528238  2.72494
4910.7060414366  2.827808
4911.62174759083  3.113595
4912.53745374505  3.132843
4913.45315989927  2.763424
4914.3688660535  3.022054
4915.28457220772  2.713461
4916.20027836194  3.37727
4917.11598451617  3.272254
4918.03169067039  3.278743
4918.94739682461  2.817278
4919.86310297884  2.090128
4920.77880913306  2.921346
4921.69451528728  2.744759
4922.61022144151  2.528204
4923.52592759573  2.568763
4924.44163374995  2.363753
4925.35733990418  2.632805
4926.2730460584  2.839438
4927.18875221262  3.119963
4928.10445836685  3.002303
4929.02016452107  2.572897
4929.9358706753  2.586129
4930.85157682952  2.879957
4931.76728298374  2.656923
4932.68298913797  2.417969
4933.59869529219  2.405767
4934.51440144641  1.869885
4935.43010760064  1.308761
4936.34581375486  1.780406
4937.26151990908  2.36421
4938.17722606331  2.302331
4939.09293221753  2.991181
4940.00863837175  2.689485
4940.92434452598  2.676865
4941.8400506802  3.718757
4942.75575683443  3.514798
4943.67146298865  2.723251
4944.58716914287  2.533198
4945.5028752971  2.852448
4946.41858145132  2.475355
4947.33428760554  2.255458
4948.24999375977  2.168134
4949.16569991399  2.235009
4950.08140606821  2.115568
4950.99711222244  2.515098
4951.91281837666  2.662414
4952.82852453088  2.323787
4953.74423068511  2.312225
4954.65993683933  2.558854
4955.57564299356  2.441782
4956.49134914778  2.468778
4957.407055302  1.881458
4958.32276145623  2.509552
4959.23846761045  3.433429
4960.15417376467  3.046618
4961.0698799189  2.975249
4961.98558607312  2.843292
4962.90129222734  3.119457
4963.81699838157  2.725739
4964.73270453579  2.958028
4965.64841069001  2.984087
4966.56411684424  2.549235
4967.47982299846  2.365545
4968.39552915268  3.235304
4969.31123530691  3.040077
4970.22694146113  2.93827
4971.14264761535  2.715341
4972.05835376958  2.8665
4972.9740599238  3.583733
4973.88976607803  3.500669
4974.80547223225  2.951165
4975.72117838647  2.636728
4976.6368845407  3.002529
4977.55259069492  2.826898
4978.46829684914  2.604019
4979.38400300337  3.090064
4980.29970915759  3.205506
4981.21541531181  3.453969
4982.13112146604  3.015779
4983.04682762026  2.651152
4983.96253377449  2.754721
4984.87823992871  3.018509
4985.79394608293  3.086452
4986.70965223715  3.726152
4987.62535839138  3.818199
4988.5410645456  3.047013
4989.45677069983  2.754633
4990.37247685405  2.658276
4991.28818300827  2.709503
4992.2038891625  2.27773
4993.11959531672  3.174596
4994.03530147094  3.401987
4994.95100762517  2.67495
4995.86671377939  2.8893
4996.78241993361  3.0137
4997.69812608784  2.960951
4998.61383224206  2.97281
4999.52953839628  3.030851
5000.44524455051  2.507456
5001.36095070473  2.458593
5002.27665685896  2.753778
5003.19236301318  2.688777
5004.1080691674  2.53836
5005.02377532163  3.003737
5005.93948147585  3.468604
5006.85518763007  3.650095
5007.7708937843  3.526829
5008.68659993852  2.432406
5009.60230609274  2.724461
5010.51801224697  2.959385
5011.43371840119  3.012733
5012.34942455542  2.951569
5013.26513070964  3.047593
5014.18083686386  2.437761
5015.09654301808  2.422705
5016.01224917231  2.331308
5016.92795532653  2.753595
5017.84366148076  2.789437
5018.75936763498  2.74206
5019.6750737892  2.856142
5020.59077994343  2.776337
5021.50648609765  3.273102
5022.42219225187  3.233818
5023.3378984061  3.502945
5024.25360456032  2.976919
5025.16931071454  2.408609
5026.08501686877  2.488497
5027.00072302299  2.697438
5027.91642917721  3.023786
5028.83213533144  3.335732
5029.74784148566  3.487263
5030.66354763988  3.057561
5031.57925379411  3.101469
5032.49495994833  3.236778
5033.41066610256  2.69277
5034.32637225678  2.825912
5035.242078411  2.777004
5036.15778456523  2.467474
5037.07349071945  2.367899
5037.98919687367  2.429346
5038.9049030279  3.437789
5039.82060918212  3.213779
5040.73631533635  3.241893
5041.65202149057  2.763336
5042.56772764479  2.477857
5043.48343379901  2.178119
5044.39913995324  2.477865
5045.31484610746  2.712523
5046.23055226169  2.545703
5047.14625841591  2.333817
5048.06196457013  3.389327
5048.97767072436  3.527509
5049.89337687858  3.454933
5050.8090830328  2.872525
5051.72478918703  2.12682
5052.64049534125  2.716938
5053.55620149547  2.366961
5054.4719076497  2.802314
5055.38761380392  2.665874
5056.30331995814  2.747917
5057.21902611237  2.650091
5058.13473226659  2.678767
5059.05043842082  2.546348
5059.96614457504  2.133633
5060.88185072926  2.458032
5061.79755688349  3.181107
5062.71326303771  3.740173
5063.62896919193  3.205821
5064.54467534616  2.963008
5065.46038150038  2.565814
5066.3760876546  2.692662
5067.29179380883  2.660102
5068.20749996305  3.138508
5069.12320611727  2.96398
5070.0389122715  2.704962
5070.95461842572  2.946919
5071.87032457994  2.455432
5072.78603073417  2.535822
5073.70173688839  2.641975
5074.61744304261  2.625566
5075.53314919684  2.852491
5076.44885535106  3.018867
5077.36456150528  3.366467
5078.28026765951  2.665714
5079.19597381373  2.764226
5080.11167996795  2.68269
5081.02738612218  3.091288
5081.9430922764  2.673075
5082.85879843063  2.468545
5083.77450458485  2.969894
5084.69021073907  2.470302
5085.6059168933  2.685034
5086.52162304752  3.090117
5087.43732920174  2.796699
5088.35303535597  2.314314
5089.26874151019  2.53625
5090.18444766442  3.285988
5091.10015381864  3.477783
5092.01585997286  3.438476
5092.93156612709  3.159399
5093.84727228131  3.213639
5094.76297843553  2.488626
5095.67868458976  2.664864
5096.59439074398  3.501501
5097.5100968982  2.91622
5098.42580305243  2.697719
5099.34150920665  3.301591
5100.25721536087  2.950403
5101.1729215151  2.557566
5102.08862766932  2.289814
5103.00433382354  2.252903
5103.92003997777  2.537261
5104.83574613199  3.1547
5105.75145228622  2.671111
5106.66715844044  2.918584
5107.58286459466  2.936038
5108.49857074889  2.606397
5109.41427690311  3.278558
5110.32998305733  2.527942
5111.24568921156  2.677341
5112.16139536578  2.935473
5113.07710152  3.082307
5113.99280767423  2.991054
5114.90851382845  3.023209
5115.82421998267  2.526269
5116.7399261369  2.580761
5117.65563229112  3.623322
5118.57133844534  3.102551
5119.48704459957  2.879989
5120.40275075379  3.241278
5121.31845690801  2.920464
5122.23416306224  2.566811
5123.14986921646  2.584057
5124.06557537068  2.251183
5124.98128152491  2.76674
5125.89698767913  2.941904
5126.81269383336  3.562794
5127.72839998758  3.454515
5128.6441061418  3.450184
5129.55981229603  2.825811
5130.47551845025  3.631352
5131.39122460447  3.648424
5132.3069307587  3.313295
5133.22263691292  2.440886
5134.13834306715  2.718594
5135.05404922137  2.59362
5135.96975537559  2.605434
5136.88546152982  2.471206
5137.80116768404  2.851144
5138.71687383826  3.12294
5139.63257999249  3.235659
5140.54828614671  2.912449
5141.46399230093  2.908442
5142.37969845516  2.601167
5143.29540460938  3.165504
5144.2111107636  3.047302
5145.12681691783  2.418356
5146.04252307205  2.574412
5146.95822922627  2.956923
5147.8739353805  2.49195
5148.78964153472  2.554916
5149.70534768894  3.248322
5150.62105384317  2.402874
5151.53675999739  2.958987
5152.45246615162  2.438258
5153.36817230584  2.468719
5154.28387846006  1.869268
5155.19958461429  2.539031
5156.11529076851  2.938337
5157.03099692273  2.730222
5157.94670307696  3.067654
5158.86240923118  2.862645
5159.7781153854  2.919493
5160.69382153963  2.791697
5161.60952769385  2.253651
5162.52523384808  2.38235
5163.4409400023  2.29531
5164.35664615652  2.743538
5165.27235231074  2.47513
5166.18805846497  3.092597
5167.10376461919  2.983534
5168.01947077341  3.112904
5168.93517692764  2.728009
5169.85088308186  2.645389
5170.76658923609  3.067473
5171.68229539031  3.072608
5172.59800154453  2.705285
5173.51370769876  2.372059
5174.42941385298  2.512139
5175.3451200072  2.870673
5176.26082616143  2.72318
5177.17653231565  2.597697
5178.09223846987  2.608189
5179.0079446241  2.779097
5179.92365077832  2.780033
5180.83935693254  2.826041
5181.75506308677  2.825416
5182.67076924099  2.65865
5183.58647539522  2.894399
5184.50218154944  2.900142
5185.41788770366  2.520407
5186.33359385789  2.083989
5187.24930001211  2.254299
5188.16500616633  2.533526
5189.08071232056  2.871734
5189.99641847478  3.118826
5190.912124629  2.895189
5191.82783078323  2.954219
5192.74353693745  3.01694
5193.65924309167  2.480519
5194.5749492459  2.311843
5195.49065540012  2.324038
5196.40636155434  2.724213
5197.32206770857  2.622277
5198.23777386279  2.875573
5199.15348001702  3.065239
5200.06918617124  3.061839
5200.98489232546  3.225899
5201.90059847969  3.006388
5202.81630463391  3.008416
5203.73201078813  2.889186
5204.64771694236  2.728479
5205.56342309658  3.191432
5206.4791292508  2.503499
5207.39483540503  2.492087
5208.31054155925  2.891832
5209.22624771348  2.857193
5210.1419538677  2.734747
5211.05766002192  2.193416
5211.97336617614  1.719716
5212.88907233037  2.288212
5213.80477848459  3.282321
5214.72048463882  3.232764
5215.63619079304  2.634438
5216.55189694726  3.296526
5217.46760310148  2.922474
5218.38330925571  2.782603
5219.29901540993  2.561084
5220.21472156416  2.620716
5221.13042771838  2.836146
5222.0461338726  2.940024
5222.96184002683  3.009573
5223.87754618105  3.30687
5224.79325233527  2.943856
5225.7089584895  2.571901
5226.62466464372  2.54125
5227.54037079795  2.995055
5228.45607695217  3.489366
5229.37178310639  3.035456
5230.28748926062  2.309223
5231.20319541484  2.379033
5232.11890156906  2.777737
5233.03460772329  2.565116
5233.95031387751  1.931516
5234.86602003173  2.420622
5235.78172618596  2.616499
5236.69743234018  2.323959
5237.6131384944  2.445901
5238.52884464863  2.577541
5239.44455080285  2.718835
5240.36025695707  1.9826
5241.2759631113  2.287341
5242.19166926552  2.425824
5243.10737541974  2.603797
5244.02308157397  3.210346
5244.93878772819  3.515217
5245.85449388241  2.830085
5246.77020003664  2.592641
5247.68590619086  2.442981
5248.60161234509  2.531699
5249.51731849931  3.119916
5250.43302465353  2.979134
5251.34873080776  3.012453
5252.26443696198  2.85673
5253.1801431162  2.71912
5254.09584927043  2.438048
5255.01155542465  2.499136
5255.92726157888  2.673945
5256.8429677331  3.626847
5257.75867388732  3.301512
5258.67438004155  2.949308
5259.59008619577  3.253441
5260.50579234999  2.975011
5261.42149850421  3.049769
5262.33720465844  2.978202
5263.25291081266  3.129923
5264.16861696689  2.506769
5265.08432312111  2.362103
5266.00002927533  3.204057
5266.91573542956  2.451614
5267.83144158378  2.000408
5268.747147738  2.831751
5269.66285389223  2.840538
5270.57856004645  2.418479
5271.49426620067  2.376538
5272.4099723549  2.814767
5273.32567850912  3.484638
5274.24138466335  2.9551
5275.15709081757  2.552832
5276.07279697179  2.421613
5276.98850312602  2.887254
5277.90420928024  3.053457
5278.81991543446  3.632434
5279.73562158869  2.700001
5280.65132774291  2.562788
5281.56703389713  3.038018
5282.48274005136  3.202125
5283.39844620558  3.104274
5284.3141523598  3.420548
5285.22985851403  3.242304
5286.14556466825  2.841953
5287.06127082247  2.697344
5287.9769769767  3.318047
5288.89268313092  3.102453
5289.80838928514  2.497166
5290.72409543937  2.457029
5291.63980159359  2.32111
5292.55550774782  2.997366
5293.47121390204  3.005377
5294.38692005626  2.481807
5295.30262621048  2.879379
5296.21833236471  2.926483
5297.13403851893  2.335236
5298.04974467316  2.716848
5298.96545082738  2.925482
5299.8811569816  3.032126
5300.79686313583  3.240656
5301.71256929005  3.34942
5302.62827544428  3.005506
5303.5439815985  2.763783
5304.45968775272  2.936867
5305.37539390695  2.078104
5306.29110006117  2.901323
5307.20680621539  3.297459
5308.12251236962  3.436803
5309.03821852384  2.873676
5309.95392467806  2.78021
5310.86963083228  2.759183
5311.78533698651  2.176105
5312.70104314073  2.841036
5313.61674929496  3.456468
5314.53245544918  3.051075
5315.4481616034  3.231719
5316.36386775763  3.015262
5317.27957391185  2.607585
5318.19528006607  2.445594
5319.1109862203  3.265838
5320.02669237452  3.375762
5320.94239852875  3.938202
5321.85810468297  2.868859
5322.77381083719  2.863292
5323.68951699142  2.642888
5324.60522314564  2.868073
5325.52092929986  2.661472
5326.43663545409  3.005113
5327.35234160831  2.871267
5328.26804776253  2.863741
5329.18375391676  2.795695
5330.09946007098  2.662703
5331.0151662252  2.600153
5331.93087237943  2.513051
5332.84657853365  2.453883
5333.76228468787  3.323084
5334.6779908421  3.382639
5335.59369699632  3.71254
5336.50940315054  2.642787
5337.42510930477  2.272146
5338.34081545899  3.042155
5339.25652161322  2.83006
5340.17222776744  2.592875
5341.08793392166  3.105315
5342.00364007589  3.413383
5342.91934623011  2.738206
5343.83505238433  2.73337
5344.75075853856  2.602962
5345.66646469278  2.18456
5346.582170847  2.633129
5347.49787700123  2.574567
5348.41358315545  3.155055
5349.32928930968  3.106954
5350.2449954639  3.075596
5351.16070161812  3.095592
5352.07640777235  2.411034
5352.99211392657  2.784187
5353.90782008079  2.433954
5354.82352623502  3.188029
5355.73923238924  3.275383
5356.65493854346  3.188312
5357.57064469769  3.167709
5358.48635085191  3.166835
5359.40205700613  2.838613
5360.31776316036  3.188096
5361.23346931458  2.644885
5362.1491754688  3.063434
5363.06488162303  3.498494
5363.98058777725  3.093904
5364.89629393147  2.62628
5365.8120000857  2.440181
5366.72770623992  2.95462
5367.64341239415  2.686891
5368.55911854837  3.107311
5369.47482470259  3.393285
5370.39053085682  3.349917
5371.30623701104  2.995184
5372.22194316526  2.606315
5373.13764931949  2.788213
5374.05335547371  2.580999
5374.96906162793  2.862999
5375.88476778216  3.23473
5376.80047393638  3.166302
5377.7161800906  3.11058
5378.63188624483  2.988061
5379.54759239905  3.001665
5380.46329855327  2.887729
5381.3790047075  3.062174
5382.29471086172  3.078236
5383.21041701594  2.96794
5384.12612317017  3.120452
5385.04182932439  2.992461
5385.95753547862  2.953406
5386.87324163284  2.753522
5387.78894778706  2.280151
5388.70465394129  2.393396
5389.62036009551  2.730532
5390.53606624973  3.182177
5391.45177240396  3.147984
5392.36747855818  3.428313
5393.2831847124  3.228105
5394.19889086663  2.807245
5395.11459702085  2.807404
5396.03030317507  3.167195
5396.9460093293  3.316175
5397.86171548352  2.6736
5398.77742163774  3.106231
5399.69312779197  2.887713
5400.60883394619  3.108449
5401.52454010042  3.091385
5402.44024625464  3.019134
5403.35595240886  2.978333
5404.27165856309  3.299957
5405.18736471731  2.815495
5406.10307087153  2.578714
5407.01877702576  3.105961
5407.93448317998  3.03925
5408.8501893342  2.995602
5409.76589548843  3.185294
5410.68160164265  3.121117
5411.59730779687  3.006842
5412.5130139511  3.37198
5413.42872010532  3.266626
5414.34442625955  2.842056
5415.26013241377  2.894491
5416.17583856799  2.972997
5417.09154472222  2.898246
5418.00725087644  2.833477
5418.92295703066  3.200061
5419.83866318489  3.108884
5420.75436933911  2.895736
5421.67007549333  2.791841
5422.58578164756  3.15659
5423.50148780178  3.453825
5424.417193956  3.090228
5425.33290011023  3.224433
5426.24860626445  3.215868
5427.16431241867  2.802543
5428.0800185729  2.480608
5428.99572472712  2.934791
5429.91143088135  2.729838
5430.82713703557  2.936539
5431.74284318979  2.972719
5432.65854934402  3.204375
5433.57425549824  3.075547
5434.48996165246  3.011704
5435.40566780669  3.021292
5436.32137396091  2.844475
5437.23708011513  2.991513
5438.15278626936  3.456195
5439.06849242358  3.536135
5439.9841985778  3.020789
5440.89990473203  2.949667
5441.81561088625  2.930035
5442.73131704048  2.800122
5443.6470231947  2.927806
5444.56272934892  3.113482
5445.47843550314  3.251608
5446.39414165737  2.864139
5447.30984781159  2.884402
5448.22555396581  2.97318
5449.14126012004  2.821324
5450.05696627426  2.43668
5450.97267242849  2.647798
5451.88837858271  2.762836
5452.80408473693  2.910679
5453.71979089116  3.453458
5454.63549704538  3.186945
5455.5512031996  2.92543
5456.46690935383  3.393033
5457.38261550805  3.070755
5458.29832166228  2.715679
5459.2140278165  2.684928
5460.12973397072  3.546198
5461.04544012495  3.557946
5461.96114627917  2.949098
5462.87685243339  2.619919
5463.79255858762  2.800318
5464.70826474184  2.535488
5465.62397089606  2.951535
5466.53967705029  3.310924
5467.45538320451  2.72836
5468.37108935873  3.019373
5469.28679551296  3.174282
5470.20250166718  2.901335
5471.1182078214  2.674755
5472.03391397563  2.62856
5472.94962012985  3.04736
5473.86532628407  3.126603
5474.7810324383  3.318614
5475.69673859252  3.308642
5476.61244474674  3.070836
5477.52815090097  2.737558
5478.44385705519  2.465149
5479.35956320942  2.805882
5480.27526936364  3.340569
5481.19097551786  3.568244
5482.10668167209  3.05599
5483.02238782631  2.721109
5483.93809398053  2.914472
5484.85380013476  2.811971
5485.76950628898  2.875877
5486.6852124432  3.187038
5487.60091859743  3.391094
5488.51662475165  3.247594
5489.43233090588  3.569263
5490.3480370601  2.801337
5491.26374321432  3.033281
5492.17944936854  2.678188
5493.09515552277  2.767926
5494.01086167699  2.989608
5494.92656783122  3.152345
5495.84227398544  3.205166
5496.75798013966  2.768407
5497.67368629389  3.188768
5498.58939244811  2.418915
5499.50509860233  2.419371
5500.42080475656  1.914481
5501.33651091078  3.094645
5502.252217065  2.717307
5503.16792321923  3.150134
5504.08362937345  3.09215
5504.99933552768  2.57383
5505.9150416819  2.688164
5506.83074783612  2.906872
5507.74645399035  2.643566
5508.66216014457  2.54169
5509.57786629879  2.232966
5510.49357245302  2.583244
5511.40927860724  2.72293
5512.32498476146  2.335174
5513.24069091569  2.903625
5514.15639706991  2.988852
5515.07210322413  2.409149
5515.98780937836  2.395554
5516.90351553258  2.880482
5517.8192216868  2.819153
5518.73492784103  3.199797
5519.65063399525  2.642453
5520.56634014947  2.484859
5521.4820463037  2.685092
5522.39775245792  3.063072
5523.31345861214  2.73967
5524.22916476637  2.889658
5525.14487092059  2.601613
5526.06057707482  2.43098
5526.97628322904  2.365151
5527.89198938326  2.275397
5528.80769553749  2.43402
5529.72340169171  2.675907
5530.63910784593  2.839015
5531.55481400016  3.414143
5532.47052015438  4.356246
5533.3862263086  4.612939
5534.30193246283  4.753961
5535.21763861705  5.03065
5536.13334477128  4.665598
5537.0490509255  4.158253
5537.96475707972  3.197454
5538.88046323395  2.723741
5539.79616938817  2.065107
5540.71187554239  2.644296
5541.62758169661  2.697452
5542.54328785084  2.164917
5543.45899400506  2.706402
5544.37470015929  2.357095
5545.29040631351  2.330319
5546.20611246773  2.82818
5547.12181862196  2.361055
5548.03752477618  2.332778
5548.9532309304  2.867624
5549.86893708463  2.563861
5550.78464323885  2.266983
5551.70034939308  2.835337
5552.6160555473  2.333145
5553.53176170152  1.873351
5554.44746785575  2.289659
5555.36317400997  2.489352
5556.27888016419  2.487653
5557.19458631842  2.430822
5558.11029247264  2.611288
5559.02599862686  2.727954
5559.94170478109  3.016305
5560.85741093531  3.102387
5561.77311708953  2.597064
5562.68882324376  2.341919
5563.60452939798  2.479479
5564.5202355522  2.406869
5565.43594170643  2.45516
5566.35164786065  2.42752
5567.26735401487  2.410902
5568.1830601691  2.263191
5569.09876632332  2.265251
5570.01447247755  2.299761
5570.93017863177  2.238854
5571.84588478599  2.260602
5572.76159094022  2.712358
5573.67729709444  3.121643
5574.59300324866  2.60023
5575.50870940289  1.773308
5576.42441555711  3.709156
5577.34012171133  3.030762
5578.25582786556  2.952277
5579.17153401978  1.624994
5580.08724017401  4.082377
5581.00294632823  4.130741
5581.91865248245  2.758055
5582.83435863668  2.4331
5583.7500647909  2.165148
5584.66577094512  2.49141
5585.58147709935  2.87195
5586.49718325357  2.736893
5587.41288940779  3.048845
5588.32859556202  2.803839
5589.24430171624  2.588124
5590.16000787046  2.566886
5591.07571402469  3.030477
5591.99142017891  2.123442
5592.90712633313  3.376031
5593.82283248736  3.125803
5594.73853864158  3.140659
5595.6542447958  2.9613
5596.56995095003  2.401405
5597.48565710425  2.885082
5598.40136325847  2.606564
5599.3170694127  2.840513
5600.23277556692  2.698457
5601.14848172115  2.411461
5602.06418787537  2.676528
5602.97989402959  2.533756
5603.89560018382  2.630382
5604.81130633804  3.116886
5605.72701249227  2.745329
5606.64271864649  2.353695
5607.55842480071  2.67233
5608.47413095493  2.842307
5609.38983710916  2.997223
5610.30554326338  3.070753
5611.2212494176  2.548307
5612.13695557183  2.872176
5613.05266172605  2.401073
5613.96836788027  2.536609
5614.8840740345  2.718116
5615.79978018872  2.899542
5616.71548634295  2.57632
5617.63119249717  2.630188
5618.54689865139  2.171169
5619.46260480562  2.254472
5620.37831095984  2.751871
5621.29401711406  2.630311
5622.20972326829  2.519714
5623.12542942251  2.399756
5624.04113557673  2.489455
5624.95684173096  2.37138
5625.87254788518  2.648448
5626.7882540394  2.95487
5627.70396019363  2.606471
5628.61966634785  2.964702
5629.53537250208  3.019057
5630.4510786563  3.206634
5631.36678481052  2.659516
5632.28249096475  2.831127
5633.19819711897  2.762894
5634.11390327319  3.046565
5635.02960942742  3.072638
5635.94531558164  2.695222
5636.86102173586  2.48454
5637.77672789009  2.81632
5638.69243404431  2.101928
5639.60814019853  2.383658
5640.52384635276  3.010288
5641.43955250698  2.57278
5642.3552586612  2.71306
5643.27096481543  3.386608
5644.18667096965  3.691515
5645.10237712388  3.704905
5646.0180832781  3.690815
5646.93378943232  3.307132
5647.84949558655  3.638559
5648.76520174077  3.579724
5649.68090789499  3.104208
5650.59661404922  2.692762
5651.51232020344  2.591794
5652.42802635766  2.36752
5653.34373251189  2.792032
5654.25943866611  2.44227
5655.17514482034  2.47502
5656.09085097456  2.710627
5657.00655712878  2.895377
5657.922263283  2.510753
5658.83796943723  2.657563
5659.75367559145  2.480365
5660.66938174567  2.82028
5661.5850878999  3.077118
5662.50079405412  3.155087
5663.41650020835  2.692206
5664.33220636257  2.763509
5665.24791251679  3.183473
5666.16361867102  3.11867
5667.07932482524  2.73774
5667.99503097946  2.522148
5668.91073713369  2.533643
5669.82644328791  2.515687
5670.74214944213  2.056258
5671.65785559636  2.043304
5672.57356175058  2.351546
5673.4892679048  3.010622
5674.40497405903  2.692484
5675.32068021325  2.700284
5676.23638636748  2.935093
5677.1520925217  2.694591
5678.06779867592  2.906647
5678.98350483015  2.446987
5679.89921098437  2.31006
5680.81491713859  2.296626
5681.73062329282  2.687517
5682.64632944704  2.789539
5683.56203560126  2.723526
5684.47774175549  2.791116
5685.39344790971  2.764028
5686.30915406393  3.057737
5687.22486021816  2.825342
5688.14056637238  2.43228
5689.05627252661  2.647374
5689.97197868083  1.985337
5690.88768483505  2.190188
5691.80339098927  1.946838
5692.7190971435  2.008194
5693.63480329772  2.081589
5694.55050945195  1.786847
5695.46621560617  2.588148
5696.38192176039  2.292484
5697.29762791462  2.562164
5698.21333406884  3.497951
5699.12904022306  2.960061
5700.04474637729  3.902768
5700.96045253151  3.955482
5701.87615868573  3.944628
5702.79186483996  4.021752
5703.70757099418  3.83558
5704.62327714841  2.84269
5705.53898330263  2.708884
5706.45468945685  2.52237
5707.37039561107  2.29365
5708.2861017653  2.720057
5709.20180791952  2.571202
5710.11751407375  2.956448
5711.03322022797  2.898446
5711.94892638219  2.511706
5712.86463253642  2.464568
5713.78033869064  2.42531
5714.69604484486  2.82351
5715.61175099909  2.088247
5716.52745715331  1.948815
5717.44316330753  2.492818
5718.35886946176  2.616397
5719.27457561598  2.455351
5720.19028177021  2.701437
5721.10598792443  2.809365
5722.02169407865  2.784255
5722.93740023288  2.272873
5723.8531063871  2.191242
5724.76881254132  2.544618
5725.68451869555  2.659473
5726.60022484977  2.925303
5727.51593100399  2.841139
5728.43163715822  2.639317
5729.34734331244  2.511124
5730.26304946666  2.607949
5731.17875562089  2.885581
5732.09446177511  2.402141
5733.01016792933  1.904113
5733.92587408356  2.690806
5734.84158023778  2.727889
5735.75728639201  2.933651
5736.67299254623  2.19847
5737.58869870045  2.414103
5738.50440485468  2.316615
5739.4201110089  2.506312
5740.33581716312  2.414402
5741.25152331735  2.367004
5742.16722947157  2.577572
5743.08293562579  2.606038
5743.99864178002  2.705177
5744.91434793424  3.373975
5745.83005408846  3.181082
5746.74576024269  2.954976
5747.66146639691  2.691359
5748.57717255113  2.597154
5749.49287870536  2.625904
5750.40858485958  2.691438
5751.3242910138  2.766367
5752.23999716803  2.637403
5753.15570332225  2.778677
5754.07140947648  2.747423
5754.9871156307  2.891256
5755.90282178492  3.026038
5756.81852793915  2.857032
5757.73423409337  2.682633
5758.64994024759  2.66202
5759.56564640182  2.514677
5760.48135255604  2.619299
5761.39705871026  2.86488
5762.31276486449  3.090387
5763.22847101871  2.828138
5764.14417717293  2.464473
5765.05988332716  2.585071
5765.97558948138  2.554369
5766.89129563561  2.365916
5767.80700178983  2.646729
5768.72270794405  3.204553
5769.63841409828  3.12828
5770.5541202525  3.235143
5771.46982640672  3.169898
5772.38553256094  2.803934
5773.30123871517  2.428759
5774.21694486939  2.363564
5775.13265102362  2.672889
5776.04835717784  2.811258
5776.96406333206  2.506348
5777.87976948629  2.614736
5778.79547564051  2.499608
5779.71118179473  2.520829
5780.62688794896  2.30907
5781.54259410318  2.311805
5782.45830025741  2.561325
5783.37400641163  2.327962
5784.28971256585  3.003974
5785.20541872008  3.325499
5786.1211248743  2.645273
5787.03683102852  2.510224
5787.95253718275  2.60081
5788.86824333697  2.466093
5789.78394949119  2.673456
5790.69965564542  2.683792
5791.61536179964  2.501129
5792.53106795386  2.530319
5793.44677410809  2.409499
5794.36248026231  2.422029
5795.27818641654  2.561161
5796.19389257076  2.728551
5797.10959872498  2.584836
5798.0253048792  2.846134
5798.94101103343  2.433975
5799.85671718765  2.103543
5800.77242334188  2.762265
5801.6881294961  2.48667
5802.60383565032  2.076645
5803.51954180455  1.99732
5804.43524795877  1.798921
5805.35095411299  2.007922
5806.26666026722  2.368799
5807.18236642144  2.871982
5808.09807257566  2.789037
5809.01377872989  2.357096
5809.92948488411  2.26523
5810.84519103833  2.577099
5811.76089719256  2.636188
5812.67660334678  2.462944
5813.59230950101  2.444193
5814.50801565523  2.19244
5815.42372180945  2.435737
5816.33942796368  3.285161
5817.2551341179  2.414703
5818.17084027212  2.678504
5819.08654642635  2.187019
5820.00225258057  2.795636
5820.91795873479  2.890061
5821.83366488902  3.232418
5822.74937104324  2.749688
5823.66507719746  2.633787
5824.58078335169  3.260722
5825.49648950591  2.532661
5826.41219566014  2.357902
5827.32790181436  2.884093
5828.24360796858  3.258764
5829.15931412281  3.505195
5830.07502027703  2.674129
5830.99072643125  2.605917
5831.90643258548  2.822557
5832.8221387397  2.605389
5833.73784489392  2.57048
5834.65355104815  3.106874
5835.56925720237  3.062156
5836.48496335659  3.223878
5837.40066951082  3.025351
5838.31637566504  2.509857
5839.23208181926  2.234146
5840.14778797349  2.309603
5841.06349412771  2.864105
5841.97920028193  3.037642
5842.89490643616  3.046614
5843.81061259038  2.724742
5844.7263187446  2.655966
5845.64202489883  2.46006
5846.55773105305  2.384196
5847.47343720728  2.759344
5848.3891433615  3.016488
5849.30484951572  3.17663
5850.22055566995  2.502359
5851.13626182417  2.587504
5852.05196797839  2.509876
5852.96767413262  2.307411
5853.88338028684  2.605105
5854.79908644106  2.835798
5855.71479259529  2.606153
5856.63049874951  2.53966
5857.54620490373  2.69176
5858.46191105796  2.225234
5859.37761721218  2.0983
5860.2933233664  2.557805
5861.20902952063  2.721365
5862.12473567485  3.057586
5863.04044182908  3.032077
5863.9561479833  2.698241
5864.87185413752  2.814854
5865.78756029175  2.658545
5866.70326644597  2.383859
5867.61897260019  2.678195
5868.53467875442  2.705499
5869.45038490864  2.844562
5870.36609106286  2.77871
5871.28179721709  2.794691
5872.19750337131  2.588785
5873.11320952553  2.404626
5874.02891567976  2.504257
5874.94462183398  2.566694
5875.86032798821  2.438847
5876.77603414243  2.311611
5877.69174029665  2.384503
5878.60744645088  2.86312
5879.5231526051  2.768372
5880.43885875932  2.534535
5881.35456491355  2.510277
5882.27027106777  2.29286
5883.18597722199  2.252382
5884.10168337622  2.464356
5885.01738953044  2.516416
5885.93309568467  2.361473
5886.84880183889  2.127218
5887.76450799311  2.181007
5888.68021414734  2.647862
5889.59592030156  2.226791
5890.51162645578  1.863761
5891.42733261  2.177704
5892.34303876423  2.080941
5893.25874491845  2.431437
5894.17445107268  1.6823
5895.0901572269  2.12893
5896.00586338112  2.261477
5896.92156953535  2.069336
5897.83727568957  1.721992
5898.75298184379  2.221498
5899.66868799802  2.579073
5900.58439415224  2.13187
5901.50010030646  1.624668
5902.41580646069  2.145016
5903.33151261491  2.57682
5904.24721876914  2.547352
5905.16292492336  2.933492
5906.07863107758  2.978458
5906.99433723181  2.778502
5907.91004338603  2.76639
5908.82574954025  3.172356
5909.74145569448  2.852918
5910.6571618487  2.56508
5911.57286800292  2.357455
5912.48857415715  2.047682
5913.40428031137  2.011946
5914.31998646559  2.399178
5915.23569261982  3.031865
5916.15139877404  3.241719
5917.06710492826  2.565018
5917.98281108249  2.955906
5918.89851723671  2.777658
5919.81422339094  2.516358
5920.72992954516  2.700887
5921.64563569938  2.502194
5922.5613418536  2.604204
5923.47704800783  3.119834
5924.39275416205  2.76569
5925.30846031628  2.794548
5926.2241664705  2.473128
5927.13987262472  2.298461
5928.05557877895  2.668051
5928.97128493317  2.693232
5929.88699108739  2.451269
5930.80269724162  2.312746
5931.71840339584  1.525656
5932.63410955007  2.214582
5933.54981570429  2.44656
5934.46552185851  2.405132
5935.38122801274  2.232353
5936.29693416696  2.451273
5937.21264032118  2.639684
5938.1283464754  2.521125
5939.04405262963  2.457252
5939.95975878385  2.287817
5940.87546493808  2.487926
5941.7911710923  2.511353
5942.70687724652  2.543774
5943.62258340075  2.618646
5944.53828955497  2.346387
5945.45399570919  2.809979
5946.36970186342  2.66396
5947.28540801764  2.536932
5948.20111417186  2.586846
5949.11682032609  2.786651
5950.03252648031  2.646455
5950.94823263454  2.092274
5951.86393878876  1.948832
5952.77964494298  2.20235
5953.69535109721  2.115341
5954.61105725143  2.645213
5955.52676340565  2.716536
5956.44246955988  2.711492
5957.3581757141  2.444041
5958.27388186832  2.040461
5959.18958802255  1.89576
5960.10529417677  2.073066
5961.02100033099  2.673471
5961.93670648522  2.36474
5962.85241263944  2.566537
5963.76811879366  2.43078
5964.68382494789  2.487089
5965.59953110211  2.898156
5966.51523725634  3.375788
5967.43094341056  3.105166
5968.34664956478  2.415006
5969.26235571901  1.793097
5970.17806187323  1.812762
5971.09376802745  2.044532
5972.00947418168  2.33143
5972.9251803359  2.489116
5973.84088649012  2.279774
5974.75659264435  2.403074
5975.67229879857  2.677141
5976.58800495279  2.284909
5977.50371110702  2.540185
5978.41941726124  2.446603
5979.33512341547  2.304036
5980.25082956969  1.936043
5981.16653572391  2.346066
5982.08224187814  2.425875
5982.99794803236  2.484223
5983.91365418658  2.245286
5984.82936034081  2.190557
5985.74506649503  2.43412
5986.66077264925  2.469842
5987.57647880348  2.450742
5988.4921849577  2.866684
5989.40789111192  2.430799
5990.32359726615  2.159749
5991.23930342037  1.894195
5992.15500957459  2.152164
5993.07071572882  2.29268
5993.98642188304  2.520231
5994.90212803726  2.265243
5995.81783419149  1.880176
5996.73354034571  1.981293
5997.64924649994  2.276815
5998.56495265416  2.237095
5999.48065880838  2.143558
6000.39636496261  2.444748
6001.31207111683  2.711929
6002.22777727105  2.215489
6003.14348342528  2.321786
6004.0591895795  2.287436
6004.97489573372  2.300125
6005.89060188795  2.203259
6006.80630804217  2.349399
6007.72201419639  2.405249
6008.63772035062  2.595704
6009.55342650484  2.627543
6010.46913265907  2.056013
6011.38483881329  2.227982
6012.30054496751  2.576016
6013.21625112174  2.536636
6014.13195727596  2.638737
6015.04766343018  2.894602
6015.96336958441  2.568484
6016.87907573863  2.799445
6017.79478189285  2.616128
6018.71048804708  2.957063
6019.6261942013  3.17961
6020.54190035552  3.051308
6021.45760650975  2.872182
6022.37331266397  2.710924
6023.28901881819  2.654011
6024.20472497242  2.285293
6025.12043112664  2.325579
6026.03613728087  2.504576
6026.95184343509  2.577777
6027.86754958931  3.107652
6028.78325574354  2.789992
6029.69896189776  2.342065
6030.61466805198  2.410639
6031.53037420621  2.290707
6032.44608036043  2.226913
6033.36178651465  1.911926
6034.27749266888  1.74791
6035.1931988231  1.674242
6036.10890497732  2.575928
6037.02461113155  2.188237
6037.94031728577  2.349651
6038.85602343999  2.371176
6039.77172959422  2.284286
6040.68743574844  2.461796
6041.60314190266  2.370882
6042.51884805689  2.108001
6043.43455421111  2.251378
6044.35026036534  2.25339
6045.26596651956  2.515235
6046.18167267378  2.317525
6047.09737882801  2.396236
6048.01308498223  2.68108
6048.92879113645  2.642882
6049.84449729068  2.524132
6050.7602034449  2.254305
6051.67590959912  2.274451
6052.59161575335  2.51012
6053.50732190757  2.475068
6054.4230280618  2.626277
6055.33873421602  2.548683
6056.25444037024  2.124955
6057.17014652447  2.288561
6058.08585267869  2.30809
6059.00155883291  2.505157
6059.91726498714  2.507007
6060.83297114136  2.537473
6061.74867729558  2.502118
6062.66438344981  2.625914
6063.58008960403  2.117984
6064.49579575825  2.170028
6065.41150191248  2.491197
6066.3272080667  2.401155
6067.24291422092  2.610672
6068.15862037515  2.695922
6069.07432652937  2.495819
6069.99003268359  2.61087
6070.90573883782  2.166736
6071.82144499204  2.127911
6072.73715114626  2.199273
6073.65285730049  1.830058
6074.56856345471  2.084463
6075.48426960894  2.357797
6076.39997576316  2.623693
6077.31568191738  2.425277
6078.23138807161  2.396567
6079.14709422583  2.209028
6080.06280038005  2.121101
6080.97850653428  2.214314
6081.8942126885  2.95838
6082.80991884273  2.749587
6083.72562499695  2.516298
6084.64133115117  2.530175
6085.55703730539  2.298711
6086.47274345962  2.437679
6087.38844961384  2.190407
6088.30415576806  2.078671
6089.21986192229  1.881357
6090.13556807651  2.14812
6091.05127423073  2.429558
6091.96698038496  2.462033
6092.88268653918  1.959926
6093.79839269341  2.45156
6094.71409884763  2.532745
6095.62980500185  2.510214
6096.54551115608  2.824789
6097.4612173103  2.602227
6098.37692346452  2.278733
6099.29262961875  2.314547
6100.20833577297  2.638285
6101.1240419272  2.889867
6102.03974808142  2.509316
6102.95545423564  2.672196
6103.87116038987  2.656905
6104.78686654409  2.320673
6105.70257269831  2.138561
6106.61827885254  2.622848
6107.53398500676  2.106548
6108.44969116098  2.086267
6109.36539731521  2.54431
6110.28110346943  2.501556
6111.19680962365  2.581492
6112.11251577788  2.190461
6113.0282219321  2.391731
6113.94392808632  2.34617
6114.85963424055  2.514008
6115.77534039477  2.239228
6116.691046549  2.164284
6117.60675270322  2.375268
6118.52245885744  2.377761
6119.43816501167  2.249422
6120.35387116589  2.412435
6121.26957732011  2.87968
6122.18528347434  2.599668
6123.10098962856  2.634855
6124.01669578278  2.728923
6124.93240193701  2.422808
6125.84810809123  2.243205
6126.76381424545  2.236808
6127.67952039968  2.47324
6128.5952265539  2.299957
6129.51093270813  2.736618
6130.42663886235  2.384241
6131.34234501657  2.713183
6132.2580511708  2.518838
6133.17375732502  2.655055
6134.08946347924  2.355547
6135.00516963347  2.769373
6135.92087578769  3.13036
6136.83658194191  2.798289
6137.75228809614  2.610224
6138.66799425036  2.327506
6139.58370040458  2.24183
6140.49940655881  2.009772
6141.41511271303  2.404155
6142.33081886725  2.472369
6143.24652502148  2.562527
6144.1622311757  2.744776
6145.07793732992  2.81787
6145.99364348415  1.948625
6146.90934963837  2.302607
6147.8250557926  2.752684
6148.74076194682  2.469413
6149.65646810104  2.274793
6150.57217425527  2.435735
6151.48788040949  1.929077
6152.40358656371  1.768183
6153.31929271794  2.120867
6154.23499887216  2.203643
6155.15070502638  2.124815
6156.06641118061  2.576449
6156.98211733483  2.501391
6157.89782348905  2.453555
6158.81352964328  2.332872
6159.7292357975  2.728174
6160.64494195172  2.614166
6161.56064810595  2.732155
6162.47635426017  2.802835
6163.39206041439  2.555999
6164.30776656862  2.436454
6165.22347272284  2.172198
6166.13917887707  2.182821
6167.05488503129  2.832813
6167.97059118551  2.878546
6168.88629733974  2.562303
6169.80200349396  2.186247
6170.71770964818  2.365979
6171.63341580241  2.449627
6172.54912195663  2.223039
6173.46482811085  2.047554
6174.38053426508  2.210928
6175.2962404193  2.086663
6176.21194657353  2.54042
6177.12765272775  2.812463
6178.04335888197  2.529947
6178.95906503619  2.556522
6179.87477119042  2.68575
6180.79047734464  2.391447
6181.70618349887  2.23364
6182.62188965309  2.164087
6183.53759580731  1.985118
6184.45330196154  2.400067
6185.36900811576  2.273821
6186.28471426998  1.771651
6187.20042042421  2.158223
6188.11612657843  2.208647
6189.03183273265  2.438257
6189.94753888688  2.157052
6190.8632450411  2.516546
6191.77895119532  2.485662
6192.69465734955  2.090637
6193.61036350377  2.136168
6194.526069658  2.052953
6195.44177581222  2.091349
6196.35748196644  2.191556
6197.27318812067  2.24084
6198.18889427489  2.433822
6199.10460042911  1.908797
6200.02030658334  2.470727
6200.93601273756  2.802525
6201.85171889178  2.614293
6202.76742504601  2.180005
6203.68313120023  2.193554
6204.59883735445  1.879992
6205.51454350868  2.104726
6206.4302496629  2.047484
6207.34595581712  2.45442
6208.26166197135  2.859631
6209.17736812557  3.012557
6210.0930742798  2.467688
6211.00878043402  2.300951
6211.92448658824  2.345707
6212.84019274247  2.176178
6213.75589889669  2.588817
6214.67160505091  2.695894
6215.58731120514  2.573425
6216.50301735936  2.48331
6217.41872351358  2.149401
6218.33442966781  1.820679
6219.25013582203  2.552463
6220.16584197625  2.729813
6221.08154813048  2.592412
6221.9972542847  2.403742
6222.91296043892  2.455338
6223.82866659315  2.503565
6224.74437274737  2.456808
6225.66007890159  2.878501
6226.57578505582  2.7743
6227.49149121004  2.413749
6228.40719736427  2.48026
6229.32290351849  2.379745
6230.23860967271  2.795631
6231.15431582694  2.262194
6232.07002198116  2.100319
6232.98572813538  2.404831
6233.90143428961  2.222433
6234.81714044383  2.2539
6235.73284659805  2.629798
6236.64855275228  2.984929
6237.5642589065  2.461588
6238.47996506072  2.720974
6239.39567121495  2.539776
6240.31137736917  2.214114
6241.2270835234  1.825139
6242.14278967762  2.106555
6243.05849583184  2.538235
6243.97420198607  2.506829
6244.88990814029  2.543856
6245.80561429451  2.446128
6246.72132044874  2.329696
6247.63702660296  2.544833
6248.55273275718  2.370203
6249.46843891141  2.215274
6250.38414506563  2.34345
6251.29985121985  2.479558
6252.21555737408  2.649556
6253.1312635283  2.189772
6254.04696968252  2.158162
6254.96267583675  2.599726
6255.87838199097  2.899561
6256.79408814519  3.007653
6257.70979429942  3.1671
6258.62550045364  2.184097
6259.54120660787  1.75679
6260.45691276209  2.615932
6261.37261891631  2.384638
6262.28832507054  2.243001
6263.20403122476  2.365523
6264.11973737898  2.562614
6265.03544353321  2.540316
6265.95114968743  2.471608
6266.86685584165  2.800475
6267.78256199588  2.565974
6268.6982681501  2.437213
6269.61397430433  2.218651
6270.52968045855  1.998092
6271.44538661277  2.116996
6272.36109276699  1.956096
6273.27679892122  2.579384
6274.19250507544  2.428751
6275.10821122967  2.209628
6276.02391738389  2.236619
6276.93962353811  2.023597
6277.85532969234  2.128151
6278.77103584656  2.694546
6279.68674200078  2.374328
6280.60244815501  2.346784
6281.51815430923  2.119886
6282.43386046345  2.028944
6283.34956661768  2.305166
6284.2652727719  2.61941
6285.18097892612  2.513344
6286.09668508035  1.811384
6287.01239123457  1.780972
6287.9280973888  1.986284
6288.84380354302  1.815316
6289.75950969724  2.017438
6290.67521585147  2.392066
6291.59092200569  2.444625
6292.50662815991  2.162637
6293.42233431414  2.070204
6294.33804046836  1.830436
6295.25374662258  1.846286
6296.16945277681  2.269527
6297.08515893103  2.590092
6298.00086508525  2.979175
6298.91657123948  3.129156
6299.8322773937  2.830393
6300.74798354792  2.736853
6301.66368970215  3.060469
6302.57939585637  2.587152
6303.4951020106  2.591555
6304.41080816482  2.672947
6305.32651431904  1.867789
6306.24222047327  2.209791
6307.15792662749  2.718616
6308.07363278171  3.008745
6308.98933893594  2.483911
6309.90504509016  2.620576
6310.82075124438  2.571895
6311.73645739861  2.3255
6312.65216355283  2.573247
6313.56786970705  2.547687
6314.48357586128  2.660731
6315.3992820155  2.636768
6316.31498816973  2.364122
6317.23069432395  2.375211
6318.14640047817  2.361006
6319.06210663239  2.265804
6319.97781278662  2.362987
6320.89351894084  2.58762
6321.80922509506  2.84776
6322.72493124929  2.524714
6323.64063740351  2.096086
6324.55634355774  1.901395
6325.47204971196  1.920348
6326.38775586618  2.286974
6327.30346202041  2.274513
6328.21916817463  2.634121
6329.13487432885  2.872763
6330.05058048308  2.955934
6330.9662866373  2.940063
6331.88199279152  2.811444
6332.79769894575  2.772954
6333.71340509997  2.249967
6334.6291112542  2.40513
6335.54481740842  2.710282
6336.46052356264  2.642665
6337.37622971687  2.376471
6338.29193587109  2.174676
6339.20764202531  2.037155
6340.12334817954  1.879022
6341.03905433376  1.863219
6341.95476048798  1.786883
6342.87046664221  2.040576
6343.78617279643  2.188128
6344.70187895065  2.220052
6345.61758510488  2.15558
6346.5332912591  2.420448
6347.44899741333  2.663383
6348.36470356755  2.313234
6349.28040972177  2.358471
6350.19611587599  2.081683
6351.11182203022  2.2601
6352.02752818444  2.262069
6352.94323433867  2.153416
6353.85894049289  2.121214
6354.77464664711  2.277909
6355.69035280134  2.423907
6356.60605895556  2.076562
6357.52176510978  1.829924
6358.43747126401  2.143038
6359.35317741823  2.159413
6360.26888357245  2.126153
6361.18458972668  1.838249
6362.1002958809  1.692456
6363.01600203513  2.036307
6363.93170818935  2.130992
6364.84741434357  2.364789
6365.7631204978  2.28337
6366.67882665202  1.892962
6367.59453280624  2.043537
6368.51023896047  2.165941
6369.42594511469  2.323557
6370.34165126891  2.483759
6371.25735742313  2.518274
6372.17306357736  2.342992
6373.08876973158  2.57503
6374.00447588581  2.179402
6374.92018204003  2.021636
6375.83588819425  1.894637
6376.75159434848  2.0837
6377.6673005027  2.273124
6378.58300665693  2.317208
6379.49871281115  2.202978
6380.41441896537  2.439751
6381.3301251196  2.253165
6382.24583127382  2.483712
6383.16153742804  2.496208
6384.07724358227  2.364258
6384.99294973649  2.194106
6385.90865589071  2.447575
6386.82436204494  2.39159
6387.74006819916  2.019235
6388.65577435338  1.948306
6389.57148050761  1.984818
6390.48718666183  2.171599
6391.40289281605  2.212353
6392.31859897028  2.289618
6393.2343051245  2.121962
6394.15001127872  2.257482
6395.06571743295  1.9646
6395.98142358717  1.90276
6396.8971297414  1.76951
6397.81283589562  1.639368
6398.72854204984  2.110502
6399.64424820407  2.070371
6400.55995435829  1.780635
6401.47566051251  1.746361
6402.39136666674  1.966598
6403.30707282096  1.715397
6404.22277897518  1.87257
6405.13848512941  1.855444
6406.05419128363  2.156992
6406.96989743785  2.185743
6407.88560359208  2.420607
6408.8013097463  2.262126
6409.71701590053  2.053788
6410.63272205475  1.775318
6411.54842820897  2.067864
6412.4641343632  2.693593
6413.37984051742  2.501813
6414.29554667164  1.986991
6415.21125282587  2.220444
6416.12695898009  2.235328
6417.04266513431  1.994164
6417.95837128854  1.667488
6418.87407744276  1.544914
6419.78978359698  2.16191
6420.70548975121  2.176058
6421.62119590543  2.14573
6422.53690205965  2.425284
6423.45260821388  2.187986
6424.3683143681  2.292745
6425.28402052232  2.541479
6426.19972667655  2.365777
6427.11543283077  2.413901
6428.031138985  2.747021
6428.94684513922  2.454421
6429.86255129344  2.344616
6430.77825744767  2.267599
6431.69396360189  2.054564
6432.60966975612  2.240866
6433.52537591034  2.371205
6434.44108206456  2.267372
6435.35678821878  2.13006
6436.27249437301  2.218176
6437.18820052723  2.266141
6438.10390668145  2.509511
6439.01961283568  2.221189
6439.9353189899  1.693008
6440.85102514412  1.725952
6441.76673129835  2.212736
6442.68243745257  2.214615
6443.5981436068  2.602526
6444.51384976102  2.574708
6445.42955591524  2.429124
6446.34526206947  2.380003
6447.26096822369  2.254759
6448.17667437791  2.118737
6449.09238053214  2.383549
6450.00808668636  2.628744
6450.92379284058  2.616943
6451.83949899481  2.230256
6452.75520514903  2.401084
6453.67091130325  2.149722
6454.58661745748  2.168702
6455.5023236117  2.202094
6456.41802976593  2.044469
6457.33373592015  2.192946
6458.24944207437  2.236863
6459.1651482286  2.202894
6460.08085438282  2.35657
6460.99656053704  2.286763
6461.91226669127  2.274799
6462.82797284549  2.408782
6463.74367899971  2.613532
6464.65938515394  2.430099
6465.57509130816  2.440701
6466.49079746238  2.004494
6467.40650361661  2.209313
6468.32220977083  2.233835
6469.23791592505  2.09063
6470.15362207928  1.728812
6471.0693282335  1.732293
6471.98503438772  2.183329
6472.90074054195  2.505558
6473.81644669617  2.041814
6474.7321528504  1.906412
6475.64785900462  1.922152
6476.56356515884  2.122122
6477.47927131307  2.188905
6478.39497746729  2.173551
6479.31068362151  2.36558
6480.22638977574  2.743485
6481.14209592996  2.488925
6482.05780208419  2.11127
6482.97350823841  2.283404
6483.88921439263  2.359566
6484.80492054685  2.361318
6485.72062670108  2.62175
6486.6363328553  2.121135
6487.55203900952  1.990837
6488.46774516375  2.264848
6489.38345131797  2.087726
6490.2991574722  2.090786
6491.21486362642  1.668279
6492.13056978064  2.219699
6493.04627593487  2.325193
6493.96198208909  2.282002
6494.87768824331  2.300562
6495.79339439754  2.067641
6496.70910055176  2.502578
6497.62480670598  2.199796
6498.54051286021  2.060099
6499.45621901443  2.060437
6500.37192516865  1.995102
6501.28763132288  2.204307
6502.2033374771  2.228021
6503.11904363133  2.118768
6504.03474978555  2.81305
6504.95045593977  2.759432
6505.866162094  2.172543
6506.78186824822  1.710912
6507.69757440244  1.856309
6508.61328055667  2.070827
6509.52898671089  2.197935
6510.44469286511  2.190581
6511.36039901934  2.622446
6512.27610517356  2.576098
6513.19181132778  2.633022
6514.10751748201  2.440802
6515.02322363623  2.133261
6515.93892979045  2.326132
6516.85463594468  2.510521
6517.7703420989  2.540541
6518.68604825313  2.612768
6519.60175440735  2.321214
6520.51746056157  2.04642
6521.4331667158  2.218218
6522.34887287002  2.260145
6523.26457902424  2.243385
6524.18028517847  2.174573
6525.09599133269  2.411699
6526.01169748691  2.42338
6526.92740364114  2.249539
6527.84310979536  2.107982
6528.75881594959  2.355135
6529.67452210381  2.258573
6530.59022825803  2.049103
6531.50593441225  1.997275
6532.42164056648  2.171044
6533.3373467207  2.106852
6534.25305287493  2.1072
6535.16875902915  1.728988
6536.08446518337  2.187926
6537.0001713376  2.222221
6537.91587749182  2.662064
6538.83158364604  2.678573
6539.74728980027  2.690388
6540.66299595449  2.670592
6541.57870210871  2.348581
6542.49440826294  2.173431
6543.41011441716  2.411723
6544.32582057138  2.625338
6545.24152672561  2.626016
6546.15723287983  2.214242
6547.07293903406  1.839679
6547.98864518828  1.665354
6548.9043513425  2.312192
6549.82005749673  2.594209
6550.73576365095  2.023347
6551.65146980517  1.619125
6552.5671759594  1.988734
6553.48288211362  2.064042
6554.39858826784  1.976467
6555.31429442207  1.864646
6556.23000057629  2.047555
6557.14570673051  2.351917
6558.06141288474  2.366151
6558.97711903896  2.08719
6559.89282519318  2.152252
6560.80853134741  1.975689
6561.72423750163  2.461142
6562.63994365586  2.609603
6563.55564981008  2.157939
6564.4713559643  2.114965
6565.38706211853  2.546257
6566.30276827275  2.590101
6567.21847442697  2.445537
6568.1341805812  2.634254
6569.04988673542  2.535599
6569.96559288964  2.331038
6570.88129904387  1.65717
6571.79700519809  1.581041
6572.71271135231  1.726057
6573.62841750654  2.142169
6574.54412366076  2.360717
6575.45982981498  2.422904
6576.37553596921  2.092793
6577.29124212343  2.387227
6578.20694827766  2.274533
6579.12265443188  2.094471
6580.0383605861  1.996854
6580.95406674033  1.225482
6581.86977289455  1.421801
6582.78547904877  2.117948
6583.701185203  2.676054
6584.61689135722  1.865436
6585.53259751144  1.981016
6586.44830366567  1.641424
6587.36400981989  1.985713
6588.27971597411  1.847734
6589.19542212834  1.946808
6590.11112828256  2.182367
6591.02683443678  2.20821
6591.94254059101  2.639906
6592.85824674523  2.313644
6593.77395289946  2.504713
6594.68965905368  2.723338
6595.6053652079  2.631368
6596.52107136213  2.415887
6597.43677751635  2.4268
6598.35248367057  2.364858
6599.2681898248  2.57857
6600.18389597902  2.598665
6601.09960213324  2.486313
6602.01530828747  2.424545
6602.93101444169  2.452861
6603.84672059591  2.803107
6604.76242675014  2.731641
6605.67813290436  2.669936
6606.59383905858  2.646798
6607.50954521281  2.407032
6608.42525136703  2.021673
6609.34095752126  2.129017
6610.25666367548  2.242985
6611.1723698297  2.320215
6612.08807598393  2.504282
6613.00378213815  2.097844
6613.91948829237  2.401237
6614.8351944466  2.172567
6615.75090060082  2.392462
6616.66660675504  2.309783
6617.58231290927  1.875563
6618.49801906349  1.663263
6619.41372521771  2.438348
6620.32943137194  2.323517
6621.24513752616  2.030605
6622.16084368038  2.102582
6623.07654983461  2.443791
6623.99225598883  2.690029
6624.90796214305  2.383148
6625.82366829728  2.690709
6626.7393744515  2.268064
6627.65508060573  2.135635
6628.57078675995  1.709955
6629.48649291417  2.259814
6630.4021990684  2.593179
6631.31790522262  2.670721
6632.23361137684  2.357171
6633.14931753107  2.685901
6634.06502368529  2.546791
6634.98072983951  2.303575
6635.89643599374  2.08539
6636.81214214796  1.947759
6637.72784830218  1.829283
6638.64355445641  1.819397
6639.55926061063  1.807861
6640.47496676485  2.018973
6641.39067291908  1.957859
6642.3063790733  1.87818
6643.22208522753  1.593644
6644.13779138175  1.627053
6645.05349753597  1.941683
6645.9692036902  2.135608
6646.88490984442  2.233093
6647.80061599864  1.911769
6648.71632215287  1.364535
6649.63202830709  1.321808
6650.54773446131  1.415968
6651.46344061554  1.872169
6652.37914676976  2.062998
6653.29485292398  2.16161
6654.21055907821  2.263194
6655.12626523243  2.201166
6656.04197138666  2.585112
6656.95767754088  2.92894
6657.8733836951  2.65813
6658.78908984933  2.30883
6659.70479600355  2.224122
6660.62050215777  2.744568
6661.536208312  3.057244
6662.45191446622  1.996674
6663.36762062044  1.937454
6664.28332677467  2.176179
6665.19903292889  2.165108
6666.11473908311  1.633821
6667.03044523734  1.258903
6667.94615139156  1.544665
6668.86185754578  1.445963
6669.77756370001  1.368793
6670.69326985423  1.451566
6671.60897600845  2.026665
6672.52468216268  1.565882
6673.4403883169  2.063598
6674.35609447112  1.869439
6675.27180062535  1.793378
6676.18750677957  2.204224
6677.1032129338  1.834402
6678.01891908802  2.343991
6678.93462524224  2.321331
6679.85033139647  1.935801
6680.76603755069  2.089352
6681.68174370491  2.019784
6682.59744985914  1.800431
6683.51315601336  2.325062
6684.42886216758  2.48204
6685.34456832181  2.094718
6686.26027447603  1.67103
6687.17598063026  1.649725
6688.09168678448  2.018727
6689.0073929387  2.715253
6689.92309909293  2.62529
6690.83880524715  2.941312
6691.75451140137  2.430265
6692.6702175556  2.467313
6693.58592370982  2.989367
6694.50162986404  2.989602
6695.41733601827  2.085734
6696.33304217249  1.384101
6697.24874832671  1.796123
6698.16445448094  1.986722
6699.08016063516  1.848467
6699.99586678938  1.638396
6700.91157294361  2.149863
6701.82727909783  2.735407
6702.74298525206  2.563537
6703.65869140628  2.152761
