4250.  2.005537E-16
4254.50980392157  7.375121E-16
4259.01960784314  4.973536E-16
4263.52941176471  1.868217E-16
4268.03921568627  4.239308E-16
4272.54901960784  6.431425E-16
4277.05882352941  3.382597E-16
4281.56862745098  5.361527E-16
4286.07843137255  7.682681E-16
4290.58823529412  6.255811E-16
4295.09803921569  5.680877E-16
4299.60784313726  4.906316E-16
4304.11764705882  2.589049E-16
4308.62745098039  3.421092E-16
4313.13725490196  3.176594E-16
4317.64705882353  2.366229E-16
4322.1568627451  5.823186E-17
4326.66666666667  1.824503E-17
4331.17647058823  1.295357E-16
4335.6862745098  4.283789E-16
4340.19607843137  1.811887E-16
4344.70588235294  1.212858E-16
4349.21568627451  7.594248E-17
4353.72549019608  -3.217540E-18
4358.23529411765  1.497239E-16
4362.74509803922  5.801049E-16
4367.25490196078  5.565072E-16
4371.76470588235  1.346842E-16
4376.27450980392  2.609279E-16
4380.78431372549  2.648373E-16
4385.29411764706  3.503793E-16
4389.80392156863  3.325413E-16
4394.3137254902  2.026817E-16
4398.82352941176  8.077836E-17
4403.33333333333  2.189158E-16
4407.8431372549  2.321816E-16
4412.35294117647  3.485734E-16
4416.86274509804  3.427153E-16
4421.37254901961  6.413200E-16
4425.88235294118  3.936214E-16
4430.39215686274  4.053813E-16
4434.90196078431  3.994704E-16
4439.41176470588  3.814446E-16
4443.92156862745  4.533335E-16
4448.43137254902  5.663011E-16
4452.94117647059  4.693810E-16
4457.45098039216  5.246242E-16
4461.96078431373  2.753515E-16
4466.47058823529  1.247700E-16
4470.98039215686  4.936380E-16
4475.49019607843  4.852993E-16
4480.  4.193495E-16
4484.50980392157  1.277524E-16
4489.01960784314  2.579051E-16
4493.52941176471  5.150103E-16
4498.03921568627  3.381114E-16
4502.54901960784  4.183246E-16
4507.05882352941  2.122881E-16
4511.56862745098  2.622279E-16
4516.07843137255  1.476764E-16
4520.58823529412  2.557010E-16
4525.09803921569  3.967980E-16
4529.60784313725  1.784708E-16
4534.11764705882  5.968847E-16
4538.62745098039  4.487979E-16
4543.13725490196  3.496978E-16
4547.64705882353  1.758502E-16
4552.1568627451  3.632749E-16
4556.66666666667  3.453044E-16
4561.17647058824  3.132929E-16
4565.6862745098  1.415945E-16
4570.19607843137  2.220912E-16
4574.70588235294  4.339886E-16
4579.21568627451  3.425667E-16
4583.72549019608  5.155063E-16
4588.23529411765  6.390360E-16
4592.74509803922  5.069407E-16
4597.25490196078  3.330846E-16
4601.76470588235  3.052478E-16
4606.27450980392  2.577203E-16
4610.78431372549  2.787213E-16
4615.29411764706  4.480425E-16
4619.80392156863  6.738434E-16
4624.3137254902  4.130515E-16
4628.82352941176  4.150844E-16
4633.33333333333  4.839063E-16
4637.8431372549  4.284201E-16
4642.35294117647  3.719122E-16
4646.86274509804  5.581562E-16
4651.37254901961  6.353945E-16
4655.88235294118  5.027674E-16
4660.39215686275  4.658493E-16
4664.90196078431  6.896158E-16
4669.41176470588  5.244646E-16
4673.92156862745  2.211998E-16
4678.43137254902  4.552184E-16
4682.94117647059  6.561063E-16
4687.45098039216  5.174795E-16
4691.96078431373  4.998864E-16
4696.47058823529  4.611035E-16
4700.98039215686  4.802600E-16
4705.49019607843  6.841647E-16
4710.  3.184310E-16
4714.50980392157  4.253654E-16
4719.01960784314  3.271428E-16
4723.52941176471  4.695099E-16
4728.03921568627  3.542581E-16
4732.54901960784  3.434755E-16
4737.05882352941  5.463830E-16
4741.56862745098  5.616313E-16
4746.07843137255  3.159814E-16
4750.58823529412  4.354323E-16
4755.09803921568  4.215709E-16
4759.60784313725  3.840030E-16
4764.11764705882  3.008669E-16
4768.62745098039  4.860147E-16
4773.13725490196  4.935038E-16
4777.64705882353  5.140665E-16
4782.1568627451  5.630835E-16
4786.66666666667  2.776080E-16
4791.17647058823  5.390497E-16
4795.6862745098  5.442793E-16
4800.19607843137  3.814568E-16
4804.70588235294  3.603141E-16
4809.21568627451  4.660672E-16
4813.72549019608  4.291049E-16
4818.23529411765  4.549778E-16
4822.74509803921  4.477791E-16
4827.25490196078  3.987560E-16
4831.76470588235  6.116879E-16
4836.27450980392  6.127620E-16
4840.78431372549  5.196969E-16
4845.29411764706  5.059701E-16
4849.80392156863  4.176537E-16
4854.3137254902  4.322849E-16
4858.82352941176  5.356476E-16
4863.33333333333  5.435337E-16
4867.8431372549  4.425736E-16
4872.35294117647  4.593276E-16
4876.86274509804  3.647289E-16
4881.37254901961  4.419034E-16
4885.88235294118  4.088719E-16
4890.39215686274  3.924155E-16
4894.90196078431  5.144122E-16
4899.41176470588  4.166588E-16
4903.92156862745  3.964779E-16
4908.43137254902  4.795672E-16
4912.94117647059  4.748171E-16
4917.45098039216  5.338033E-16
4921.96078431372  4.747720E-16
4926.47058823529  3.428529E-16
4930.98039215686  5.335516E-16
4935.49019607843  5.069800E-16
4940.  4.962200E-16
4944.50980392157  5.136101E-16
4949.01960784314  3.925270E-16
4953.5294117647  3.909390E-16
4958.03921568627  3.248070E-16
4962.54901960784  4.377740E-16
4967.05882352941  4.362606E-16
4971.56862745098  3.883377E-16
4976.07843137255  4.933078E-16
4980.58823529412  5.861313E-16
4985.09803921568  4.225847E-16
4989.60784313725  5.022692E-16
4994.11764705882  5.274152E-16
4998.62745098039  4.358037E-16
5003.13725490196  3.977841E-16
5007.64705882353  3.319845E-16
5012.1568627451  3.264710E-16
5016.66666666667  3.736109E-16
5021.17647058824  4.158237E-16
5025.6862745098  3.587892E-16
5030.19607843137  3.999821E-16
5034.70588235294  2.201510E-16
5039.21568627451  2.206399E-16
5043.72549019608  4.111064E-16
5048.23529411765  4.786424E-16
5052.74509803922  4.602070E-16
5057.25490196078  3.546419E-16
5061.76470588235  3.710322E-16
5066.27450980392  4.476651E-16
5070.78431372549  3.173255E-16
5075.29411764706  3.165221E-16
5079.80392156863  5.466391E-16
5084.3137254902  3.232495E-16
5088.82352941176  3.816802E-16
5093.33333333333  4.494545E-16
5097.8431372549  4.040716E-16
5102.35294117647  5.243514E-16
5106.86274509804  5.435340E-16
5111.37254901961  5.176691E-16
5115.88235294118  5.122394E-16
5120.39215686274  3.825780E-16
5124.90196078431  4.241806E-16
5129.41176470588  3.440426E-16
5133.92156862745  3.592247E-16
5138.43137254902  4.408479E-16
5142.94117647059  3.730100E-16
5147.45098039216  3.045033E-16
5151.96078431372  4.696366E-16
5156.47058823529  3.625824E-16
5160.98039215686  4.901510E-16
5165.49019607843  5.540628E-16
5170.  4.411197E-16
5174.50980392157  3.504160E-16
5179.01960784314  4.512330E-16
5183.52941176471  4.155049E-16
5188.03921568627  5.355251E-16
5192.54901960784  5.323257E-16
5197.05882352941  3.934582E-16
5201.56862745098  4.218431E-16
5206.07843137255  3.960676E-16
5210.58823529412  4.343298E-16
5215.09803921568  3.727299E-16
5219.60784313725  5.139166E-16
5224.11764705882  4.829146E-16
5228.62745098039  4.731144E-16
5233.13725490196  3.581348E-16
5237.64705882353  3.455574E-16
5242.1568627451  3.111514E-16
5246.66666666667  4.205431E-16
5251.17647058823  4.850761E-16
5255.6862745098  4.222311E-16
5260.19607843137  3.589240E-16
5264.70588235294  4.853268E-16
5269.21568627451  5.069802E-16
5273.72549019608  4.743319E-16
5278.23529411765  3.211819E-16
5282.74509803921  5.196073E-16
5287.25490196078  5.629676E-16
5291.76470588235  4.891146E-16
5296.27450980392  4.585403E-16
5300.78431372549  4.341994E-16
5305.29411764706  3.642124E-16
5309.80392156863  4.494291E-16
5314.31372549019  4.457803E-16
5318.82352941176  4.317339E-16
5323.33333333333  3.899043E-16
5327.8431372549  4.251866E-16
5332.35294117647  4.666238E-16
5336.86274509804  4.651731E-16
5341.37254901961  4.811807E-16
5345.88235294117  3.084042E-16
5350.39215686274  3.733602E-16
5354.90196078431  3.882840E-16
5359.41176470588  3.619676E-16
5363.92156862745  4.084800E-16
5368.43137254902  3.916363E-16
5372.94117647059  3.409608E-16
5377.45098039215  3.919085E-16
5381.96078431372  4.119350E-16
5386.47058823529  4.073767E-16
5390.98039215686  4.030630E-16
5395.49019607843  3.852843E-16
5400.  4.103187E-16
5404.50980392157  3.351399E-16
5409.01960784314  3.372852E-16
5413.5294117647  3.551085E-16
5418.03921568627  3.838223E-16
5422.54901960784  4.196329E-16
5427.05882352941  4.587757E-16
5431.56862745098  3.820959E-16
5436.07843137255  3.675676E-16
5440.58823529412  4.471404E-16
5445.09803921568  4.978625E-16
5449.60784313725  3.937170E-16
5454.11764705882  2.958279E-16
5458.62745098039  2.555441E-16
5463.13725490196  3.442660E-16
5467.64705882353  5.279137E-16
5472.1568627451  4.540557E-16
5476.66666666667  3.739519E-16
5481.17647058823  4.622611E-16
5485.6862745098  4.471032E-16
5490.19607843137  3.901571E-16
5494.70588235294  3.587704E-16
5499.21568627451  4.185912E-16
5503.72549019608  5.038378E-16
5508.23529411765  4.571249E-16
5512.74509803921  4.198532E-16
5517.25490196078  4.687124E-16
5521.76470588235  4.548529E-16
5526.27450980392  3.686459E-16
5530.78431372549  4.003801E-16
5535.29411764706  3.662936E-16
5539.80392156863  3.983748E-16
5544.3137254902  3.956028E-16
5548.82352941176  3.853875E-16
5553.33333333333  3.843866E-16
5557.8431372549  4.909859E-16
5562.35294117647  4.460324E-16
5566.86274509804  4.058537E-16
5571.3725490196  3.653708E-16
5575.88235294117  4.755108E-16
5580.39215686274  6.450513E-16
5584.90196078431  9.243673E-16
5589.41176470588  9.201221E-16
5593.92156862745  4.155637E-16
5598.43137254902  4.075907E-16
5602.94117647059  4.402556E-16
5607.45098039215  4.148763E-16
5611.96078431372  4.923686E-16
5616.47058823529  5.923823E-16
5620.98039215686  4.715831E-16
5625.49019607843  4.242516E-16
5630.  4.390007E-16
5634.50980392157  4.602890E-16
5639.01960784313  4.334670E-16
5643.5294117647  3.826148E-16
5648.03921568627  4.207282E-16
5652.54901960784  4.206284E-16
5657.05882352941  3.869146E-16
5661.56862745098  4.406421E-16
5666.07843137255  4.736787E-16
5670.58823529411  5.367576E-16
5675.09803921569  4.422527E-16
5679.60784313725  3.799251E-16
5684.11764705882  3.434233E-16
5688.62745098039  3.802764E-16
5693.13725490196  4.123981E-16
5697.64705882353  4.283216E-16
5702.1568627451  4.555108E-16
5706.66666666666  4.649615E-16
5711.17647058823  5.844356E-16
5715.6862745098  5.216709E-16
5720.19607843137  4.437258E-16
5724.70588235294  3.484035E-16
5729.21568627451  3.097667E-16
5733.72549019607  3.665921E-16
5738.23529411764  4.831331E-16
5742.74509803921  3.949209E-16
5747.25490196078  4.594453E-16
5751.76470588235  5.371306E-16
5756.27450980392  4.753997E-16
5760.78431372549  5.232529E-16
5765.29411764706  4.981537E-16
5769.80392156863  4.779512E-16
5774.31372549019  4.411009E-16
5778.82352941176  3.345407E-16
5783.33333333333  4.678252E-16
5787.8431372549  4.037699E-16
5792.35294117647  3.864700E-16
5796.86274509804  4.785834E-16
5801.3725490196  3.202690E-16
5805.88235294117  3.911786E-16
5810.39215686274  4.335654E-16
5814.90196078431  3.704489E-16
5819.41176470588  4.040973E-16
5823.92156862745  4.561855E-16
5828.43137254902  4.640882E-16
5832.94117647059  3.938998E-16
5837.45098039215  3.230793E-16
5841.96078431372  4.000891E-16
5846.47058823529  3.723901E-16
5850.98039215686  4.644564E-16
5855.49019607843  4.278233E-16
5860.  4.147428E-16
5864.50980392157  3.839048E-16
5869.01960784313  3.623506E-16
5873.5294117647  4.810074E-16
5878.03921568627  4.414560E-16
5882.54901960784  4.669533E-16
5887.05882352941  3.533365E-16
5891.56862745098  3.451403E-16
5896.07843137255  5.840124E-16
5900.58823529412  5.984701E-16
5905.09803921568  5.117334E-16
5909.60784313725  4.949594E-16
5914.11764705882  5.085993E-16
5918.62745098039  5.455039E-16
5923.13725490196  4.926466E-16
5927.64705882353  4.149465E-16
5932.15686274509  3.844610E-16
5936.66666666666  4.940176E-16
5941.17647058823  5.911362E-16
5945.6862745098  4.474166E-16
5950.19607843137  3.527339E-16
5954.70588235294  3.700408E-16
5959.21568627451  4.381301E-16
5963.72549019608  3.750551E-16
5968.23529411764  4.820399E-16
5972.74509803921  4.188875E-16
5977.25490196078  3.998086E-16
5981.76470588235  4.422175E-16
5986.27450980392  4.026197E-16
5990.78431372549  3.214755E-16
5995.29411764706  3.543238E-16
5999.80392156862  2.735271E-16
6004.31372549019  3.571387E-16
6008.82352941176  5.276779E-16
6013.33333333333  5.656912E-16
6017.8431372549  4.362904E-16
6022.35294117647  4.238633E-16
6026.86274509804  4.409754E-16
6031.37254901961  3.327956E-16
6035.88235294117  3.943632E-16
6040.39215686274  4.929871E-16
6044.90196078431  3.770756E-16
6049.41176470588  3.511784E-16
6053.92156862745  4.295293E-16
6058.43137254902  3.810687E-16
6062.94117647058  3.878032E-16
6067.45098039215  5.216979E-16
6071.96078431372  4.551113E-16
6076.47058823529  4.081463E-16
6080.98039215686  5.307942E-16
6085.49019607843  5.118867E-16
6090.  3.913801E-16
6094.50980392156  4.698206E-16
6099.01960784314  4.790168E-16
6103.5294117647  4.499471E-16
6108.03921568627  4.298349E-16
6112.54901960784  3.672603E-16
6117.05882352941  4.487314E-16
6121.56862745098  4.554162E-16
6126.07843137255  3.920819E-16
6130.58823529411  4.500405E-16
6135.09803921568  3.337963E-16
6139.60784313725  2.433090E-16
6144.11764705882  3.289764E-16
6148.62745098039  5.074437E-16
6153.13725490196  5.351329E-16
6157.64705882352  4.228523E-16
6162.15686274509  4.502184E-16
6166.66666666666  3.520659E-16
6171.17647058823  3.709355E-16
6175.6862745098  4.153261E-16
6180.19607843137  4.692348E-16
6184.70588235294  4.854573E-16
6189.21568627451  4.987601E-16
6193.72549019607  5.027283E-16
6198.23529411764  3.710222E-16
6202.74509803921  4.004534E-16
6207.25490196078  4.446937E-16
6211.76470588235  3.553200E-16
6216.27450980392  2.752821E-16
6220.78431372549  4.332651E-16
6225.29411764705  4.196741E-16
6229.80392156862  3.943673E-16
6234.31372549019  4.678202E-16
6238.82352941176  3.882161E-16
6243.33333333333  4.895609E-16
6247.8431372549  5.409718E-16
6252.35294117647  4.283557E-16
6256.86274509804  4.503928E-16
6261.3725490196  5.967155E-16
6265.88235294117  5.810226E-16
6270.39215686274  4.378956E-16
6274.90196078431  3.953411E-16
6279.41176470588  5.245474E-16
6283.92156862745  4.709810E-16
6288.43137254902  6.147664E-16
6292.94117647058  2.169608E-16
6297.45098039215  4.718087E-16
6301.96078431372  5.556794E-16
6306.47058823529  8.840927E-16
6310.98039215686  1.119333E-15
6315.49019607843  4.235223E-16
6320.  2.636736E-16
6324.50980392157  3.179211E-16
6329.01960784313  4.737011E-16
6333.5294117647  3.796836E-16
6338.03921568627  4.904904E-16
6342.54901960784  4.620072E-16
6347.05882352941  3.946600E-16
6351.56862745098  4.726313E-16
6356.07843137255  4.194103E-16
6360.58823529411  4.293055E-16
6365.09803921568  4.863807E-16
6369.60784313725  7.047733E-16
6374.11764705882  6.934854E-16
6378.62745098039  3.640556E-16
6383.13725490196  4.462015E-16
6387.64705882353  5.200388E-16
6392.1568627451  4.807369E-16
6396.66666666666  4.980970E-16
6401.17647058823  4.830248E-16
6405.6862745098  4.038842E-16
6410.19607843137  3.619419E-16
6414.70588235294  4.048727E-16
6419.21568627451  5.360245E-16
6423.72549019607  3.306678E-16
6428.23529411764  3.321329E-16
6432.74509803921  3.349922E-16
6437.25490196078  3.768120E-16
6441.76470588235  3.481355E-16
6446.27450980392  4.322873E-16
6450.78431372549  3.964786E-16
6455.29411764706  3.869707E-16
6459.80392156862  2.672451E-16
6464.31372549019  2.364334E-16
6468.82352941176  4.579297E-16
6473.33333333333  5.319084E-16
6477.8431372549  4.281828E-16
6482.35294117647  6.607288E-16
6486.86274509804  6.299339E-16
6491.3725490196  6.555820E-16
6495.88235294117  5.109006E-16
6500.39215686274  3.450976E-16
6504.90196078431  5.133114E-16
6509.41176470588  5.357377E-16
6513.92156862745  5.175666E-16
6518.43137254901  5.133798E-16
6522.94117647058  4.958212E-16
6527.45098039215  5.561557E-16
6531.96078431372  4.704969E-16
6536.47058823529  4.609679E-16
6540.98039215686  5.262453E-16
6545.49019607843  4.940981E-16
6550.  4.281240E-16
6554.50980392156  4.080123E-16
6559.01960784313  5.725639E-16
6563.5294117647  5.125307E-16
6568.03921568627  3.893594E-16
6572.54901960784  3.828325E-16
6577.05882352941  3.879647E-16
6581.56862745098  4.006864E-16
6586.07843137254  4.722399E-16
6590.58823529411  4.892045E-16
6595.09803921568  2.551721E-16
6599.60784313725  2.270064E-16
6604.11764705882  3.261167E-16
6608.62745098039  3.664507E-16
6613.13725490196  4.335619E-16
6617.64705882353  4.641767E-16
6622.15686274509  4.483571E-16
6626.66666666666  3.635771E-16
6631.17647058823  4.594629E-16
6635.6862745098  5.160782E-16
6640.19607843137  4.370177E-16
6644.70588235294  4.640802E-16
6649.2156862745  4.440554E-16
6653.72549019607  3.942093E-16
6658.23529411764  3.269355E-16
6662.74509803921  4.029251E-16
6667.25490196078  3.985232E-16
6671.76470588235  4.526981E-16
6676.27450980392  4.508920E-16
6680.78431372549  3.396748E-16
6685.29411764705  3.983867E-16
6689.80392156862  4.726229E-16
6694.31372549019  5.913866E-16
6698.82352941176  4.845230E-16
6703.33333333333  3.985582E-16
6707.8431372549  4.667306E-16
6712.35294117647  3.165167E-16
6716.86274509803  3.981822E-16
6721.3725490196  4.626055E-16
6725.88235294117  4.201507E-16
6730.39215686274  4.151069E-16
6734.90196078431  3.623137E-16
6739.41176470588  4.099307E-16
6743.92156862745  4.366233E-16
6748.43137254901  5.060200E-16
6752.94117647058  5.393564E-16
6757.45098039215  5.808390E-16
6761.96078431372  4.836238E-16
6766.47058823529  4.356407E-16
6770.98039215686  5.066259E-16
6775.49019607843  4.526414E-16
6779.99999999999  4.038467E-16
6784.50980392156  4.166897E-16
6789.01960784313  4.965283E-16
6793.5294117647  4.543523E-16
6798.03921568627  4.200144E-16
6802.54901960784  3.771711E-16
6807.05882352941  4.529701E-16
6811.56862745098  4.627815E-16
6816.07843137254  4.442789E-16
6820.58823529411  3.113826E-16
6825.09803921568  3.665567E-16
6829.60784313725  5.129910E-16
6834.11764705882  6.013935E-16
6838.62745098039  6.825317E-16
6843.13725490196  6.130636E-16
6847.64705882352  4.696211E-16
6852.15686274509  4.162568E-16
6856.66666666666  5.439486E-16
6861.17647058823  4.630407E-16
6865.6862745098  4.698905E-16
6870.19607843137  8.141686E-16
6874.70588235293  8.182706E-16
6879.2156862745  4.012420E-16
6883.72549019607  4.139148E-16
6888.23529411764  4.122923E-16
6892.74509803921  2.420852E-16
6897.25490196078  3.224281E-16
6901.76470588235  3.847615E-16
6906.27450980392  4.062408E-16
6910.78431372548  3.583015E-16
6915.29411764705  3.648082E-16
6919.80392156862  5.120377E-16
6924.31372549019  4.976884E-16
6928.82352941176  5.465915E-16
6933.33333333333  6.244326E-16
6937.8431372549  5.393373E-16
6942.35294117646  2.668930E-16
6946.86274509803  3.941147E-16
6951.3725490196  5.833565E-16
6955.88235294117  5.991962E-16
6960.39215686274  6.365917E-16
6964.90196078431  3.753779E-16
6969.41176470588  2.902483E-16
6973.92156862744  5.310110E-16
6978.43137254901  6.289076E-16
6982.94117647058  6.177618E-16
6987.45098039215  6.472550E-16
6991.96078431372  5.035216E-16
6996.47058823529  4.404622E-16
7000.98039215686  3.552597E-16
7005.49019607842  4.366181E-16
7009.99999999999  6.189331E-16
7014.50980392156  4.034288E-16
7019.01960784313  3.616607E-16
7023.5294117647  3.279773E-16
7028.03921568627  3.974491E-16
7032.54901960784  3.403759E-16
7037.05882352941  4.101479E-16
7041.56862745097  3.725701E-16
7046.07843137254  3.678363E-16
7050.58823529411  4.525896E-16
7055.09803921568  4.615883E-16
7059.60784313725  5.171504E-16
7064.11764705882  4.844583E-16
7068.62745098039  4.223625E-16
7073.13725490195  3.144268E-16
7077.64705882352  3.372249E-16
7082.15686274509  3.641875E-16
7086.66666666666  4.228908E-16
7091.17647058823  4.516639E-16
7095.6862745098  3.595320E-16
7100.19607843137  4.334312E-16
7104.70588235294  4.118639E-16
7109.2156862745  4.247001E-16
7113.72549019607  4.226896E-16
7118.23529411764  5.370912E-16
7122.74509803921  5.189090E-16
7127.25490196078  5.050676E-16
7131.76470588235  3.829232E-16
7136.27450980391  3.701278E-16
7140.78431372549  4.469987E-16
7145.29411764705  5.787582E-16
7149.80392156862  4.475792E-16
7154.31372549019  3.480962E-16
7158.82352941176  4.136112E-16
7163.33333333333  4.191716E-16
7167.8431372549  4.908777E-16
7172.35294117647  4.849317E-16
7176.86274509803  4.490531E-16
7181.3725490196  4.732001E-16
7185.88235294117  5.130467E-16
7190.39215686274  3.971182E-16
7194.90196078431  3.485927E-16
7199.41176470588  4.734644E-16
7203.92156862745  4.493013E-16
7208.43137254901  4.095317E-16
7212.94117647058  4.394371E-16
7217.45098039215  4.221462E-16
7221.96078431372  6.011784E-16
7226.47058823529  9.386288E-16
7230.98039215686  3.569031E-16
7235.49019607843  -2.387089E-16
7239.99999999999  -1.076635E-16
7244.50980392156  4.226474E-16
7249.01960784313  8.130381E-16
7253.5294117647  1.002272E-15
7258.03921568627  4.166448E-16
7262.54901960784  4.953945E-16
7267.05882352941  6.726037E-16
7271.56862745097  7.491212E-16
7276.07843137254  1.014556E-15
7280.58823529411  9.125015E-16
7285.09803921568  1.025821E-15
7289.60784313725  9.065343E-16
7294.11764705882  6.390203E-16
7298.62745098039  7.146982E-16
7303.13725490196  4.485704E-16
7307.64705882352  3.374934E-16
7312.15686274509  2.933226E-16
7316.66666666666  3.899160E-16
7321.17647058823  6.663374E-16
7325.6862745098  1.024573E-15
7330.19607843137  6.380440E-16
7334.70588235294  3.747173E-16
7339.2156862745  4.890554E-16
7343.72549019607  5.750285E-16
7348.23529411764  7.322362E-16
7352.74509803921  9.947362E-16
7357.25490196078  5.412740E-16
7361.76470588235  5.003809E-16
7366.27450980391  6.682392E-16
7370.78431372548  6.039243E-16
7375.29411764705  5.160114E-16
7379.80392156862  7.250712E-16
7384.31372549019  7.726894E-16
7388.82352941176  3.500232E-16
7393.33333333333  3.060795E-16
7397.8431372549  3.827717E-16
7402.35294117646  2.992843E-16
7406.86274509803  4.673119E-16
7411.3725490196  4.892698E-16
7415.88235294117  4.101407E-16
7420.39215686274  2.681277E-16
7424.90196078431  4.757166E-16
7429.41176470588  5.650365E-16
7433.92156862744  5.221514E-16
7438.43137254901  5.002534E-16
7442.94117647058  5.743122E-16
7447.45098039215  5.600716E-16
7451.96078431372  5.125022E-16
7456.47058823529  5.144842E-16
7460.98039215686  6.342641E-16
7465.49019607843  8.319091E-16
7469.99999999999  4.836758E-16
7474.50980392156  6.877282E-16
7479.01960784313  7.920470E-16
7483.5294117647  6.664021E-16
7488.03921568627  6.119284E-16
7492.54901960784  6.679504E-16
7497.0588235294  5.815365E-16
7501.56862745097  5.981434E-16
7506.07843137254  5.191804E-16
7510.58823529411  3.214303E-16
7515.09803921568  4.519203E-16
7519.60784313725  5.533120E-16
7524.11764705882  7.464879E-16
7528.62745098039  1.021977E-15
7533.13725490195  9.817750E-16
7537.64705882352  8.067049E-16
7542.15686274509  9.555024E-16
7546.66666666666  9.161567E-16
7551.17647058823  1.056820E-15
7555.6862745098  9.496321E-16
7560.19607843137  5.628439E-16
7564.70588235293  4.492689E-16
7569.2156862745  5.071145E-16
7573.72549019607  5.339097E-16
7578.23529411764  7.758286E-16
7582.74509803921  7.679711E-16
7587.25490196078  5.080013E-16
7591.76470588235  5.070201E-16
7596.27450980391  3.931150E-16
7600.78431372548  5.240283E-16
7605.29411764705  6.957891E-16
7609.80392156862  4.092911E-16
7614.31372549019  2.904174E-16
7618.82352941176  5.199522E-16
7623.33333333333  5.659954E-16
7627.8431372549  4.946956E-16
7632.35294117646  6.244926E-16
7636.86274509803  6.389994E-16
7641.3725490196  6.512284E-16
7645.88235294117  4.521153E-16
7650.39215686274  5.120677E-16
7654.90196078431  2.943002E-16
7659.41176470588  1.897606E-16
7663.92156862744  4.041292E-16
7668.43137254901  6.345481E-16
7672.94117647058  5.972579E-16
7677.45098039215  5.502321E-16
7681.96078431372  2.255909E-16
7686.47058823529  1.635575E-16
7690.98039215686  3.458346E-16
7695.49019607842  5.045948E-16
7699.99999999999  4.000972E-16
7704.50980392156  4.558242E-16
7709.01960784313  3.303149E-16
7713.5294117647  1.591542E-16
7718.03921568627  2.904504E-16
7722.54901960784  1.228275E-15
7727.0588235294  1.707167E-15
7731.56862745097  9.605836E-16
7736.07843137254  8.453029E-16
7740.58823529411  2.001526E-16
7745.09803921568  2.170445E-16
7749.60784313725  -1.883161E-16
7754.11764705882  4.290514E-16
7758.62745098038  1.569822E-15
7763.13725490195  8.207587E-16
7767.64705882352  8.630465E-16
7772.15686274509  6.817921E-16
7776.66666666666  4.190580E-16
7781.17647058823  3.967026E-16
7785.6862745098  5.012306E-16
7790.19607843137  3.814912E-16
7794.70588235293  1.091492E-16
7799.2156862745  8.332685E-16
7803.72549019607  1.025252E-15
7808.23529411764  5.963247E-16
7812.74509803921  9.186047E-17
7817.25490196078  3.233527E-16
7821.76470588234  5.768129E-16
7826.27450980391  7.747367E-16
7830.78431372548  1.250329E-15
7835.29411764705  7.716065E-16
7839.80392156862  8.491391E-16
7844.31372549019  4.452455E-16
7848.82352941176  1.042258E-15
7853.33333333332  6.852355E-16
7857.84313725489  3.235606E-16
7862.35294117646  1.385533E-15
7866.86274509803  8.786643E-16
7871.3725490196  8.395494E-16
7875.88235294117  5.592230E-16
7880.39215686274  9.999999E-16
7884.90196078431  8.573999E-16
7889.41176470587  6.489244E-16
7893.92156862744  6.718202E-16
7898.43137254901  5.208271E-16
7902.94117647058  9.200237E-16
7907.45098039215  3.602306E-16
7911.96078431372  8.285614E-16
7916.47058823529  1.195439E-15
7920.98039215686  1.027654E-15
7925.49019607842  1.397195E-15
7929.99999999999  1.029046E-15
7934.50980392156  5.955079E-16
7939.01960784313  7.267655E-16
7943.5294117647  6.923317E-16
7948.03921568627  5.367569E-16
7952.54901960784  2.908755E-16
7957.0588235294  9.027880E-16
7961.56862745097  2.254937E-16
7966.07843137254  2.996500E-16
7970.58823529411  8.908204E-16
7975.09803921568  7.379015E-16
7979.60784313725  1.997163E-16
7984.11764705882  8.528542E-16
7988.62745098038  1.569675E-15
7993.13725490195  1.481622E-15
7997.64705882352  1.038102E-15
8002.15686274509  8.665099E-16
8006.66666666666  4.893954E-16
8011.17647058823  -1.747969E-16
8015.6862745098  1.355676E-16
8020.19607843137  9.201181E-16
8024.70588235293  1.243793E-15
8029.2156862745  5.836556E-16
8033.72549019607  8.213803E-16
8038.23529411764  2.729761E-16
8042.74509803921  1.761348E-16
8047.25490196078  -1.665829E-16
8051.76470588235  -2.198983E-16
8056.27450980391  5.880457E-17
8060.78431372548  4.652921E-16
8065.29411764705  5.406762E-16
8069.80392156862  5.554298E-16
8074.31372549019  4.540885E-16
8078.82352941176  1.697324E-16
8083.33333333333  1.267894E-16
8087.84313725489  1.269085E-16
8092.35294117646  2.045855E-16
8096.86274509803  3.356703E-16
8101.3725490196  5.664657E-16
8105.88235294117  6.652152E-16
8110.39215686274  6.369221E-16
8114.90196078431  3.983238E-16
8119.41176470587  2.789590E-16
8123.92156862744  2.797027E-16
8128.43137254901  3.050826E-16
8132.94117647058  3.225510E-16
8137.45098039215  4.461152E-16
8141.96078431372  6.170325E-16
8146.47058823529  4.853186E-16
8150.98039215686  4.143504E-16
8155.49019607842  4.205858E-16
8159.99999999999  2.513338E-16
8164.50980392156  3.213243E-16
8169.01960784313  5.260950E-16
8173.5294117647  5.799578E-16
8178.03921568627  6.278620E-16
8182.54901960783  6.300874E-16
8187.0588235294  3.214608E-16
8191.56862745097  1.781064E-16
8196.07843137254  1.535601E-16
8200.58823529411  3.921300E-16
8205.09803921568  5.115271E-16
8209.60784313725  6.435051E-16
8214.11764705881  4.646099E-16
8218.62745098038  3.640198E-16
8223.13725490195  3.950219E-16
8227.64705882352  1.322118E-16
8232.15686274509  1.535707E-16
8236.66666666666  4.008011E-16
8241.17647058823  5.440465E-16
8245.6862745098  7.395810E-16
8250.19607843136  7.026980E-16
8254.70588235293  4.865980E-16
8259.2156862745  3.796755E-16
8263.72549019607  6.849597E-17
8268.23529411764  -3.154552E-16
8272.74509803921  -6.935463E-16
8277.25490196078  7.651175E-16
8281.76470588234  2.669975E-15
8286.27450980391  3.064060E-15
8290.78431372548  3.276749E-15
8295.29411764705  1.732233E-15
8299.80392156862  3.331141E-16
8304.31372549019  1.280012E-15
8308.82352941175  1.012619E-15
8313.33333333332  7.176459E-16
8317.84313725489  4.783729E-16
8322.35294117646  6.573111E-16
8326.86274509803  7.383826E-16
8331.3725490196  -2.443314E-16
8335.88235294117  -2.861716E-15
8340.39215686274  -5.021302E-15
8344.9019607843  -4.614159E-15
8349.41176470587  -8.550188E-16
8353.92156862744  2.083588E-15
8358.43137254901  2.052288E-15
8362.94117647058  1.623471E-15
8367.45098039215  7.569800E-16
8371.96078431372  -8.040057E-17
8376.47058823528  -8.516877E-16
8380.98039215685  -9.839782E-16
8385.49019607842  -3.256033E-16
8389.99999999999  8.087416E-16
8394.50980392156  1.985834E-15
8399.01960784313  2.162681E-15
8403.5294117647  1.692906E-15
8408.03921568626  1.095611E-15
8412.54901960783  6.356217E-16
8417.0588235294  -1.505045E-15
8421.56862745097  -3.121233E-15
8426.07843137254  -2.661407E-15
8430.58823529411  -9.907745E-16
8435.09803921568  2.091782E-16
8439.60784313724  1.717358E-15
8444.11764705881  1.122183E-15
8448.62745098038  1.152046E-16
8453.13725490195  -1.287421E-15
8457.64705882352  -2.804024E-15
8462.15686274509  -2.026458E-15
8466.66666666666  -9.109764E-16
8471.17647058823  1.014743E-15
8475.68627450979  1.144489E-15
8480.19607843136  7.527587E-16
8484.70588235293  4.489563E-16
8489.2156862745  -4.981817E-16
8493.72549019607  -1.123876E-15
8498.23529411764  -1.497016E-15
8502.74509803921  -5.532206E-16
8507.25490196077  2.552530E-16
8511.76470588234  8.170111E-16
8516.27450980391  9.495773E-16
8520.78431372548  2.578179E-16
8525.29411764705  2.172795E-16
8529.80392156862  -2.003537E-16
8534.31372549019  -2.637748E-16
8538.82352941175  -4.211647E-16
8543.33333333333  -1.992758E-16
8547.84313725489  5.669198E-16
8552.35294117646  8.797377E-16
8556.86274509803  9.205377E-16
8561.3725490196  4.652528E-16
8565.88235294117  2.482574E-16
8570.39215686273  -4.269217E-18
8574.9019607843  -5.463575E-17
8579.41176470587  4.582630E-18
8583.92156862744  1.387617E-16
8588.43137254901  4.992313E-16
8592.94117647058  7.182005E-16
8597.45098039215  6.892706E-16
8601.96078431372  5.185464E-16
8606.47058823529  3.970843E-16
8610.98039215685  8.293867E-19
8615.49019607842  -6.120872E-16
8619.99999999999  -6.756817E-16
8624.50980392156  7.321615E-17
8629.01960784313  7.472256E-16
8633.52941176469  1.364382E-15
8638.03921568627  1.392203E-15
8642.54901960783  9.687620E-16
8647.0588235294  3.120158E-16
8651.56862745097  -6.118070E-16
8656.07843137254  -7.886737E-16
8660.58823529411  -2.665288E-16
8665.09803921568  3.032944E-16
8669.60784313724  7.654555E-16
8674.11764705881  1.125623E-15
8678.62745098038  1.114690E-15
8683.13725490195  7.535423E-16
8687.64705882352  5.028164E-16
8692.15686274509  1.557610E-16
8696.66666666666  4.737652E-17
8701.17647058823  5.192505E-17
8705.68627450979  1.562827E-16
8710.19607843136  4.042315E-16
8714.70588235293  5.592526E-16
8719.2156862745  6.745405E-16
8723.72549019607  5.454832E-16
8728.23529411764  3.479526E-16
8732.74509803921  1.122393E-16
8737.25490196077  7.233366E-17
8741.76470588234  1.243964E-16
8746.27450980391  5.391654E-16
8750.78431372548  1.721434E-15
8755.29411764705  4.189070E-15
8759.80392156862  3.954212E-15
8764.31372549019  2.098460E-15
8768.82352941176  -5.462794E-17
8773.33333333332  -1.374662E-15
8777.84313725489  -7.514661E-16
8782.35294117646  4.794996E-16
8786.86274509803  2.246304E-15
8791.3725490196  1.177914E-15
8795.88235294117  5.515484E-16
8800.39215686273  6.740849E-16
8804.9019607843  3.305029E-16
8809.41176470587  1.081020E-16
8813.92156862744  -2.047680E-15
8818.43137254901  -2.721483E-15
8822.94117647058  -3.921212E-15
8827.45098039215  -1.318789E-15
8831.96078431372  2.485312E-15
8836.47058823528  4.115404E-15
8840.98039215685  3.370938E-15
8845.49019607842  1.309918E-15
8849.99999999999  6.394605E-16
8854.50980392156  -1.915235E-16
8859.01960784313  -6.506211E-16
8863.5294117647  -3.217386E-16
8868.03921568626  4.390990E-16
8872.54901960783  2.021661E-15
8877.0588235294  3.041124E-15
8881.56862745097  2.555148E-15
8886.07843137254  1.277316E-16
8890.58823529411  -8.006510E-17
8895.09803921568  2.884729E-16
8899.60784313724  -5.089323E-16
8904.11764705881  2.994387E-16
8908.62745098038  2.774998E-15
8913.13725490195  4.271711E-15
8917.64705882352  2.826873E-15
8922.15686274509  1.393733E-16
8926.66666666666  -3.586895E-16
8931.17647058822  1.293748E-16
8935.68627450979  -8.606862E-16
8940.19607843136  -2.914938E-16
8944.70588235293  1.501882E-15
8949.2156862745  2.896456E-15
8953.72549019607  2.519188E-15
8958.23529411764  -7.697223E-16
8962.74509803921  -5.078099E-16
8967.25490196077  6.514637E-16
8971.76470588234  5.136054E-16
8976.27450980391  6.917079E-16
8980.78431372548  1.426748E-15
8985.29411764705  1.248556E-15
8989.80392156862  1.193915E-15
8994.31372549019  5.383085E-16
8998.82352941176  -6.258518E-16
9003.33333333332  6.386372E-17
9007.84313725489  6.286134E-16
9012.35294117646  9.757991E-16
9016.86274509803  5.746759E-16
9021.3725490196  4.332149E-16
9025.88235294117  7.302194E-16
9030.39215686273  4.114730E-16
9034.9019607843  2.914284E-16
9039.41176470587  2.454982E-16
9043.92156862744  2.557561E-16
9048.43137254901  4.377309E-16
9052.94117647058  5.501630E-16
9057.45098039215  1.040983E-15
9061.96078431372  6.533671E-16
9066.47058823528  3.618250E-16
9070.98039215685  1.638262E-16
9075.49019607842  1.568668E-16
9079.99999999999  5.304221E-16
9084.50980392156  4.283580E-16
9089.01960784313  3.680025E-16
9093.5294117647  -7.262774E-17
9098.03921568626  -3.450761E-16
9102.54901960783  -9.023431E-17
9107.0588235294  3.977037E-16
9111.56862745097  7.393978E-16
9116.07843137254  6.772384E-16
9120.58823529411  2.005390E-16
9125.09803921568  1.899917E-16
9129.60784313724  1.689677E-16
9134.11764705881  2.083912E-16
9138.62745098038  5.243506E-16
9143.13725490195  5.323859E-16
9147.64705882352  2.193943E-16
9152.15686274509  1.241043E-16
9156.66666666666  1.866591E-16
9161.17647058822  1.271599E-16
9165.68627450979  3.046719E-16
9170.19607843136  5.952197E-16
9174.70588235293  6.198772E-16
9179.2156862745  5.183030E-16
9183.72549019607  3.693492E-16
9188.23529411764  1.288064E-16
9192.7450980392  1.435955E-16
9197.25490196077  3.850582E-16
9201.76470588234  4.740870E-16
9206.27450980391  4.784924E-16
9210.78431372548  4.641713E-16
9215.29411764705  5.744175E-16
9219.80392156862  4.913562E-16
9224.31372549019  3.710639E-16
9228.82352941175  3.028140E-16
9233.33333333332  3.024882E-16
9237.84313725489  -2.011505E-17
9242.35294117646  -4.810650E-17
9246.86274509803  9.388104E-18
9251.3725490196  2.630159E-16
9255.88235294116  1.612729E-16
9260.39215686273  4.165497E-16
9264.9019607843  4.889113E-16
9269.41176470587  4.221838E-16
9273.92156862744  2.338567E-16
9278.43137254901  1.754263E-16
9282.94117647058  -5.227042E-17
9287.45098039215  -3.837109E-16
9291.96078431371  -8.398549E-16
9296.47058823528  -1.943835E-15
9300.98039215685  -2.900083E-15
9305.49019607842  -4.597046E-16
9309.99999999999  4.600188E-15
9314.50980392156  6.812149E-15
9319.01960784313  9.002940E-15
9323.5294117647  4.657259E-15
9328.03921568626  1.177880E-15
9332.54901960783  8.393198E-16
9337.0588235294  -4.918637E-16
9341.56862745097  2.108421E-16
9346.07843137254  3.838655E-16
9350.58823529411  6.651326E-16
9355.09803921567  1.675082E-15
9359.60784313724  2.351377E-15
9364.11764705881  -1.333179E-15
9368.62745098038  9.306354E-15
9373.13725490195  3.881741E-15
9377.64705882352  -1.283843E-15
9382.15686274509  1.605910E-16
9386.66666666665  1.825372E-15
9391.17647058822  -2.674382E-16
9395.68627450979  -5.278292E-16
9400.19607843136  -4.937730E-16
9404.70588235293  -2.236885E-16
9409.2156862745  1.244038E-16
9413.72549019607  1.760885E-15
9418.23529411764  1.177375E-15
9422.7450980392  2.252049E-15
9427.25490196077  4.346340E-15
9431.76470588234  2.917059E-15
9436.27450980391  -2.272245E-15
9440.78431372548  -3.665411E-15
9445.29411764705  -3.151595E-15
9449.80392156861  -1.868228E-15
9454.31372549018  -3.153494E-16
9458.82352941175  1.072853E-15
9463.33333333332  1.315529E-15
9467.84313725489  2.435019E-15
9472.35294117646  4.600770E-15
9476.86274509803  3.603151E-15
9481.37254901959  3.247246E-15
9485.88235294116  4.151439E-15
9490.39215686273  2.672946E-15
9494.9019607843  -9.735206E-16
9499.41176470587  -2.796547E-15
9503.92156862744  -1.812150E-15
9508.43137254901  -1.159164E-15
9512.94117647058  -3.459166E-16
9517.45098039214  1.267535E-15
9521.96078431371  3.181761E-15
9526.47058823528  3.815005E-15
9530.98039215685  3.201974E-15
9535.49019607842  2.116026E-15
9539.99999999999  1.813690E-15
9544.50980392156  9.749087E-16
9549.01960784312  -1.035854E-15
9553.52941176469  -1.010771E-15
9558.03921568626  -1.550485E-15
9562.54901960783  -1.871441E-15
9567.0588235294  6.188857E-16
9571.56862745097  2.201756E-15
9576.07843137254  2.418119E-15
9580.58823529411  1.783255E-15
9585.09803921567  7.199362E-16
9589.60784313724  1.067529E-15
9594.11764705881  8.565247E-16
9598.62745098038  5.140514E-16
9603.13725490195  -6.640229E-17
9607.64705882352  1.354832E-16
9612.15686274509  -2.949706E-16
9616.66666666666  -5.929989E-16
9621.17647058822  5.380378E-18
9625.68627450979  -2.515325E-16
9630.19607843136  -1.937409E-16
9634.70588235293  4.019150E-16
9639.2156862745  1.166354E-15
9643.72549019607  1.441575E-15
9648.23529411764  1.486088E-15
9652.7450980392  1.037629E-15
9657.25490196077  7.016925E-16
9661.76470588234  1.258594E-15
9666.27450980391  1.995609E-15
9670.78431372548  1.036079E-15
9675.29411764705  -7.611208E-16
9679.80392156862  -2.358927E-15
9684.31372549019  -3.079435E-15
9688.82352941175  -1.768796E-15
9693.33333333332  1.270768E-15
9697.84313725489  1.562513E-15
9702.35294117646  2.955309E-15
9706.86274509803  3.675243E-15
9711.3725490196  2.432708E-15
9715.88235294117  1.253992E-15
9720.39215686273  3.459597E-16
9724.9019607843  3.344124E-16
9729.41176470587  1.349281E-16
9733.92156862744  -1.149137E-15
9738.43137254901  -1.432571E-15
9742.94117647058  4.687452E-17
9747.45098039215  3.439947E-16
9751.96078431371  8.661332E-16
9756.47058823528  1.141440E-15
9760.98039215685  1.354113E-15
9765.49019607842  6.799504E-16
9769.99999999999  1.501037E-16
9774.50980392156  7.129712E-16
9779.01960784313  3.814585E-16
9783.52941176469  -4.393447E-16
9788.03921568626  2.113244E-16
9792.54901960783  8.300483E-16
9797.0588235294  4.217791E-15
9801.56862745097  4.886138E-15
9806.07843137254  4.213381E-15
9810.58823529411  2.282261E-15
9815.09803921568  3.881535E-16
9819.60784313724  -8.457611E-16
9824.11764705881  -1.215828E-15
9828.62745098038  -1.000177E-15
9833.13725490195  -1.578078E-15
9837.64705882352  -2.058141E-15
9842.15686274509  1.344899E-16
9846.66666666665  2.874608E-15
9851.17647058822  4.306761E-15
9855.68627450979  5.289879E-15
9860.19607843136  4.921526E-15
9864.70588235293  5.845243E-16
9869.2156862745  -4.558819E-15
9873.72549019607  -6.664525E-15
9878.23529411763  -6.335142E-15
9882.7450980392  -4.870108E-15
9887.25490196077  -3.067843E-15
9891.76470588234  1.614143E-15
9896.27450980391  3.466188E-15
9900.78431372548  7.441644E-16
9905.29411764705  7.132537E-16
9909.80392156862  2.266480E-15
9914.31372549018  -1.583373E-16
9918.82352941175  -3.474154E-16
9923.33333333332  8.499547E-16
9927.84313725489  1.029963E-15
9932.35294117646  2.327172E-15
9936.86274509803  -9.892611E-16
9941.37254901959  -5.538193E-16
9945.88235294117  1.121679E-15
9950.39215686273  4.996147E-15
9954.9019607843  7.743270E-15
9959.41176470587  7.569075E-15
9963.92156862744  5.810019E-15
9968.43137254901  3.413716E-15
9972.94117647058  -1.074176E-15
9977.45098039214  -4.075407E-15
9981.96078431371  -3.524898E-15
9986.47058823528  -2.105264E-15
9990.98039215685  -2.544549E-15
9995.49019607842  -3.650651E-15
9999.99999999999  -3.764160E-15
