3922.49233996508  4.947011E-18
3926.06145366745  4.297400E-18
3929.63056736981  3.647789E-18
3933.19968107218  2.998178E-18
3936.76879477454  1.046880E-17
3940.33790847691  -5.148302E-18
3943.90702217927  -1.684499E-19
3947.47613588164  5.961452E-18
3951.045249584  -4.986111E-18
3954.61436328637  -6.138298E-18
3958.18347698874  5.604236E-18
3961.7525906911  2.680974E-18
3965.32170439347  4.512440E-18
3968.89081809583  -4.845926E-19
3972.4599317982  2.213057E-18
3976.02904550056  3.772080E-19
3979.59815920293  1.098798E-18
3983.16727290529  -4.653256E-19
3986.73638660766  9.473895E-18
3990.30550031003  8.765622E-18
3993.87461401239  1.900244E-18
3997.44372771476  -4.635842E-19
4001.01284141712  4.978916E-18
4004.58195511949  4.981699E-18
4008.15106882186  4.657450E-18
4011.72018252422  1.054045E-18
4015.28929622659  1.769358E-18
4018.85840992895  4.699338E-18
4022.42752363132  7.085136E-18
4025.99663733368  6.718927E-18
4029.56575103605  2.861131E-18
4033.13486473841  4.605789E-18
4036.70397844078  4.442091E-18
4040.27309214314  -8.746377E-19
4043.84220584551  4.714398E-19
4047.41131954788  -8.252375E-19
4050.98043325024  3.957510E-18
4054.54954695261  5.886308E-19
4058.11866065497  7.171174E-18
4061.68777435734  6.371453E-18
4065.2568880597  -1.103818E-18
4068.82600176207  4.645860E-18
4072.39511546443  2.082423E-18
4075.9642291668  3.103214E-18
4079.53334286917  1.217208E-18
4083.10245657153  4.899655E-18
4086.6715702739  8.139891E-18
4090.24068397626  6.411494E-18
4093.80979767863  4.461519E-18
4097.37891138099  5.421148E-18
4100.94802508336  3.307229E-18
4104.51713878573  1.446064E-18
4108.08625248809  3.975521E-18
4111.65536619046  4.556028E-18
4115.22447989282  6.951173E-18
4118.79359359519  3.254214E-18
4122.36270729755  6.318576E-18
4125.93182099992  5.023769E-18
4129.50093470228  6.049357E-18
4133.07004840465  5.884885E-18
4136.63916210701  7.551348E-18
4140.20827580938  3.079556E-18
4143.77738951175  2.989200E-18
4147.34650321411  3.569516E-18
4150.91561691648  2.481780E-18
4154.48473061884  1.933527E-18
4158.05384432121  7.892361E-19
4161.62295802357  5.617023E-18
4165.19207172594  5.195474E-18
4168.76118542831  4.286106E-19
4172.33029913067  2.646354E-18
4175.89941283304  2.782637E-18
4179.4685265354  3.821023E-18
4183.03764023777  5.072883E-18
4186.60675394013  3.043455E-18
4190.1758676425  3.707105E-18
4193.74498134487  2.260749E-18
4197.31409504723  1.583889E-18
4200.8832087496  3.060951E-18
4204.45232245196  2.081227E-18
4208.02143615433  3.007790E-18
4211.59054985669  3.546079E-18
4215.15966355906  3.748646E-18
4218.72877726142  2.176313E-18
4222.29789096379  2.746458E-18
4225.86700466615  4.471339E-18
4229.43611836852  8.003496E-18
4233.00523207089  3.857753E-18
4236.57434577325  3.972345E-18
4240.14345947562  2.524675E-18
4243.71257317798  2.204773E-18
4247.28168688035  4.736238E-18
4250.85080058272  4.132258E-18
4254.41991428508  4.521982E-18
4257.98902798745  1.744074E-18
4261.55814168981  8.862449E-19
4265.12725539218  3.472834E-18
4268.69636909454  1.271696E-18
4272.26548279691  1.737338E-18
4275.83459649927  2.950555E-18
4279.40371020164  3.315121E-18
4282.97282390401  2.858576E-18
4286.54193760637  3.002918E-18
4290.11105130874  4.237121E-18
4293.6801650111  5.069757E-18
4297.24927871347  4.090196E-18
4300.81839241583  5.419860E-18
4304.3875061182  5.936450E-18
4307.95661982056  4.155375E-18
4311.52573352293  4.685872E-18
4315.09484722529  5.334220E-18
4318.66396092766  4.230486E-18
4322.23307463003  5.715107E-18
4325.80218833239  6.523093E-18
4329.37130203476  5.315660E-18
4332.94041573712  4.319336E-18
4336.50952943949  4.064122E-18
4340.07864314185  1.729299E-18
4343.64775684422  3.999551E-18
4347.21687054659  4.732036E-18
4350.78598424895  4.968526E-18
4354.35509795132  1.762726E-18
4357.92421165368  3.370038E-18
4361.49332535605  3.066794E-18
4365.06243905841  4.032286E-18
4368.63155276078  3.606325E-18
4372.20066646314  1.563766E-18
4375.76978016551  3.275397E-18
4379.33889386788  5.222191E-18
4382.90800757024  4.771962E-18
4386.47712127261  4.049902E-18
4390.04623497497  4.402037E-18
4393.61534867734  5.574787E-18
4397.1844623797  8.491823E-18
4400.75357608207  5.292814E-18
4404.32268978444  5.049362E-18
4407.8918034868  4.757247E-18
4411.46091718917  4.390944E-18
4415.03003089153  4.235228E-18
4418.5991445939  7.415067E-18
4422.16825829626  5.816849E-18
4425.73737199863  4.661282E-18
4429.306485701  6.329745E-18
4432.87559940336  6.133385E-18
4436.44471310573  2.914530E-18
4440.01382680809  3.500629E-18
4443.58294051046  4.470446E-18
4447.15205421282  4.675554E-18
4450.72116791519  4.508947E-18
4454.29028161755  4.689642E-18
4457.85939531992  4.720472E-18
4461.42850902229  6.945415E-18
4464.99762272465  6.331820E-18
4468.56673642702  1.558398E-18
4472.13585012938  4.014536E-18
4475.70496383175  6.399179E-18
4479.27407753411  5.652425E-18
4482.84319123648  5.058348E-18
4486.41230493885  3.317312E-18
4489.98141864121  5.979053E-18
4493.55053234358  8.431153E-18
4497.11964604594  5.669758E-18
4500.68875974831  7.218608E-18
4504.25787345067  4.653813E-18
4507.82698715304  5.325666E-18
4511.3961008554  4.562270E-18
4514.96521455777  4.591972E-18
4518.53432826014  4.702127E-18
4522.1034419625  3.676012E-18
4525.67255566487  2.626166E-18
4529.24166936723  4.680375E-18
4532.8107830696  5.341532E-18
4536.37989677196  5.580313E-18
4539.94901047433  4.744511E-18
4543.5181241767  4.278435E-18
4547.08723787906  4.378847E-18
4550.65635158143  4.789724E-18
4554.22546528379  5.342266E-18
4557.79457898616  5.033132E-18
4561.36369268852  4.782456E-18
4564.93280639089  3.044284E-18
4568.50192009325  5.363005E-18
4572.07103379562  5.083342E-18
4575.64014749799  3.914366E-18
4579.20926120035  4.832995E-18
4582.77837490272  3.669016E-18
4586.34748860508  4.140446E-18
4589.91660230745  5.063413E-18
4593.48571600981  4.024487E-18
4597.05482971218  3.641948E-18
4600.62394341455  3.404665E-18
4604.19305711691  4.413114E-18
4607.76217081927  2.727155E-18
4611.33128452164  2.269157E-18
4614.90039822401  3.209577E-18
4618.46951192637  4.222608E-18
4622.03862562874  7.142665E-18
4625.6077393311  5.793099E-18
4629.17685303347  5.877270E-18
4632.74596673583  6.504042E-18
4636.3150804382  4.404497E-18
4639.88419414057  6.327425E-18
4643.45330784293  6.484666E-18
4647.0224215453  5.880680E-18
4650.59153524766  6.523599E-18
4654.16064895003  7.111241E-18
4657.72976265239  6.969151E-18
4661.29887635476  8.415260E-18
4664.86799005713  7.483782E-18
4668.43710375949  7.027544E-18
4672.00621746186  4.765958E-18
4675.57533116422  5.294185E-18
4679.14444486659  5.411057E-18
4682.71355856895  5.590807E-18
4686.28267227132  5.493457E-18
4689.85178597369  6.069512E-18
4693.42089967605  6.940609E-18
4696.99001337842  5.517193E-18
4700.55912708078  5.448223E-18
4704.12824078315  5.675230E-18
4707.69735448551  6.635595E-18
4711.26646818788  6.000563E-18
4714.83558189024  5.746252E-18
4718.40469559261  5.723929E-18
4721.97380929497  5.167616E-18
4725.54292299734  5.024194E-18
4729.11203669971  6.583909E-18
4732.68115040207  5.043212E-18
4736.25026410444  6.074315E-18
4739.8193778068  5.708889E-18
4743.38849150917  5.844336E-18
4746.95760521153  6.322144E-18
4750.5267189139  6.275924E-18
4754.09583261627  3.248986E-18
4757.66494631863  3.717551E-18
4761.234060021  6.744748E-18
4764.80317372336  5.179324E-18
4768.37228742573  6.586585E-18
4771.94140112809  6.288984E-18
4775.51051483046  6.131215E-18
4779.07962853282  5.430815E-18
4782.64874223519  6.220628E-18
4786.21785593756  6.360038E-18
4789.78696963992  3.848617E-18
4793.35608334229  5.200801E-18
4796.92519704465  5.679712E-18
4800.49431074702  6.096217E-18
4804.06342444938  6.538939E-18
4807.63253815175  5.579304E-18
4811.20165185411  7.458083E-18
4814.77076555648  7.356695E-18
4818.33987925884  5.227758E-18
4821.90899296121  6.720580E-18
4825.47810666358  5.521776E-18
4829.04722036594  5.609674E-18
4832.61633406831  6.625924E-18
4836.18544777067  6.557197E-18
4839.75456147304  4.951504E-18
4843.3236751754  5.732065E-18
4846.89278887777  5.650748E-18
4850.46190258014  5.880167E-18
4854.0310162825  6.579936E-18
4857.60012998487  7.352861E-18
4861.16924368723  6.349014E-18
4864.7383573896  6.925376E-18
4868.30747109196  6.465554E-18
4871.87658479433  6.736840E-18
4875.4456984967  6.727693E-18
4879.01481219906  6.855153E-18
4882.58392590143  5.309171E-18
4886.15303960379  4.154047E-18
4889.72215330616  5.788825E-18
4893.29126700852  9.143724E-18
4896.86038071089  6.026262E-18
4900.42949441326  7.815312E-18
4903.99860811562  6.442796E-18
4907.56772181799  6.356061E-18
4911.13683552035  7.190825E-18
4914.70594922272  5.935833E-18
4918.27506292508  8.496260E-18
4921.84417662745  6.823757E-18
4925.41329032981  6.685308E-18
4928.98240403218  7.083327E-18
4932.55151773455  4.612663E-18
4936.12063143691  5.707514E-18
4939.68974513928  6.236590E-18
4943.25885884164  7.259110E-18
4946.82797254401  6.959966E-18
4950.39708624637  5.637902E-18
4953.96619994874  6.103832E-18
4957.53531365111  6.839333E-18
4961.10442735347  7.538627E-18
4964.67354105584  5.863160E-18
4968.2426547582  6.776479E-18
4971.81176846057  6.965237E-18
4975.38088216293  6.738887E-18
4978.9499958653  6.624626E-18
4982.51910956766  5.867120E-18
4986.08822327003  6.034917E-18
4989.6573369724  5.693747E-18
4993.22645067476  5.822304E-18
4996.79556437713  5.698036E-18
5000.36467807949  5.181179E-18
5003.93379178186  4.429217E-18
5007.50290548422  5.057941E-18
5011.07201918659  6.175913E-18
5014.64113288895  5.904402E-18
5018.21024659132  7.025015E-18
5021.77936029369  7.118151E-18
5025.34847399605  6.896147E-18
5028.91758769842  6.760010E-18
5032.48670140078  6.135474E-18
5036.05581510315  5.274701E-18
5039.62492880551  7.294064E-18
5043.19404250788  6.300480E-18
5046.76315621025  7.700508E-18
5050.33226991261  6.257747E-18
5053.90138361498  6.843426E-18
5057.47049731734  6.400408E-18
5061.03961101971  5.809646E-18
5064.60872472207  7.786208E-18
5068.17783842444  7.391942E-18
5071.7469521268  7.387360E-18
5075.31606582917  5.278117E-18
5078.88517953154  4.725120E-18
5082.4542932339  7.214574E-18
5086.02340693627  7.477027E-18
5089.59252063863  7.125910E-18
5093.161634341  5.892636E-18
5096.73074804336  5.311879E-18
5100.29986174573  7.799356E-18
5103.8689754481  6.265762E-18
5107.43808915046  7.075600E-18
5111.00720285283  6.865504E-18
5114.57631655519  6.163575E-18
5118.14543025756  7.179699E-18
5121.71454395992  6.800911E-18
5125.28365766229  6.062118E-18
5128.85277136465  5.976143E-18
5132.42188506702  6.686356E-18
5135.99099876939  7.899792E-18
5139.56011247175  6.471589E-18
5143.12922617412  6.428591E-18
5146.69833987648  7.629969E-18
5150.26745357885  7.216094E-18
5153.83656728121  6.830221E-18
5157.40568098358  5.933939E-18
5160.97479468594  8.447943E-18
5164.54390838831  6.425703E-18
5168.11302209068  4.745744E-18
5171.68213579304  6.890819E-18
5175.25124949541  6.660650E-18
5178.82036319777  6.838755E-18
5182.38947690014  6.381650E-18
5185.9585906025  5.880894E-18
5189.52770430487  7.167364E-18
5193.09681800724  7.348453E-18
5196.6659317096  8.202603E-18
5200.23504541197  8.568446E-18
5203.80415911433  7.038876E-18
5207.3732728167  6.794757E-18
5210.94238651906  6.808734E-18
5214.51150022143  5.748746E-18
5218.0806139238  5.882233E-18
5221.64972762616  6.145966E-18
5225.21884132853  8.187765E-18
5228.78795503089  8.696066E-18
5232.35706873326  8.143399E-18
5235.92618243562  8.552010E-18
5239.49529613799  7.778649E-18
5243.06440984035  7.217826E-18
5246.63352354272  7.819829E-18
5250.20263724509  8.121251E-18
5253.77175094745  7.718771E-18
5257.34086464982  6.553684E-18
5260.90997835218  6.633490E-18
5264.47909205455  9.382769E-18
5268.04820575691  8.205514E-18
5271.61731945928  6.506585E-18
5275.18643316164  7.645989E-18
5278.75554686401  6.387063E-18
5282.32466056638  8.099374E-18
5285.89377426874  5.091117E-18
5289.46288797111  6.213044E-18
5293.03200167347  7.302519E-18
5296.60111537584  7.536481E-18
5300.1702290782  7.487564E-18
5303.73934278057  7.819846E-18
5307.30845648293  6.503430E-18
5310.8775701853  6.861933E-18
5314.44668388767  8.243581E-18
5318.01579759003  8.101857E-18
5321.5849112924  8.826706E-18
5325.15402499476  8.467954E-18
5328.72313869713  8.473575E-18
5332.29225239949  9.071126E-18
5335.86136610186  8.605382E-18
5339.43047980423  7.362435E-18
5342.99959350659  7.550242E-18
5346.56870720896  7.322870E-18
5350.13782091132  7.947378E-18
5353.70693461369  9.204303E-18
5357.27604831605  7.458870E-18
5360.84516201842  7.308391E-18
5364.41427572078  7.190480E-18
5367.98338942315  8.123369E-18
5371.55250312552  8.302780E-18
5375.12161682788  8.265000E-18
5378.69073053025  7.791833E-18
5382.25984423261  7.103859E-18
5385.82895793498  6.903838E-18
5389.39807163734  7.417420E-18
5392.96718533971  9.174587E-18
5396.53629904208  7.879514E-18
5400.10541274444  7.389169E-18
5403.67452644681  7.862959E-18
5407.24364014917  7.840978E-18
5410.81275385154  7.248068E-18
5414.3818675539  5.992996E-18
5417.95098125627  7.743722E-18
5421.52009495863  8.233013E-18
5425.089208661  7.415974E-18
5428.65832236337  6.812513E-18
5432.22743606573  7.784446E-18
5435.7965497681  8.759347E-18
5439.36566347046  7.644404E-18
5442.93477717283  5.878419E-18
5446.50389087519  6.089547E-18
5450.07300457756  6.633827E-18
5453.64211827993  7.914765E-18
5457.21123198229  8.306558E-18
5460.78034568466  8.154366E-18
5464.34945938702  7.753687E-18
5467.91857308939  6.542748E-18
5471.48768679175  7.408771E-18
5475.05680049412  7.846400E-18
5478.62591419648  8.151323E-18
5482.19502789885  1.005862E-17
5485.76414160121  8.610232E-18
5489.33325530358  7.141384E-18
5492.90236900595  6.962105E-18
5496.47148270831  7.961012E-18
5500.04059641068  7.709350E-18
5503.60971011304  7.592501E-18
5507.17882381541  8.564020E-18
5510.74793751777  8.045805E-18
5514.31705122014  8.579473E-18
5517.88616492251  8.009173E-18
5521.45527862487  7.327617E-18
5525.02439232724  7.777978E-18
5528.5935060296  7.642005E-18
5532.16261973197  7.026309E-18
5535.73173343433  7.372218E-18
5539.3008471367  7.774810E-18
5542.86996083907  7.950552E-18
5546.43907454143  7.710582E-18
5550.0081882438  7.601803E-18
5553.57730194616  7.779521E-18
5557.14641564853  8.713033E-18
5560.71552935089  7.055186E-18
5564.28464305326  7.248756E-18
5567.85375675562  4.577412E-18
5571.42287045799  7.283432E-18
5574.99198416036  3.351027E-18
5578.56109786272  3.348074E-18
5582.13021156509  9.663744E-19
5585.69932526745  1.917831E-17
5589.26843896982  1.334840E-17
5592.83755267219  6.543696E-18
5596.40666637455  7.435890E-18
5599.97578007691  8.563385E-18
5603.54489377928  8.650363E-18
5607.11400748165  7.383072E-18
5610.68312118401  7.674168E-18
5614.25223488638  7.118247E-18
5617.82134858874  8.742850E-18
5621.39046229111  7.904288E-18
5624.95957599347  7.778160E-18
5628.52868969584  8.233741E-18
5632.09780339821  7.485397E-18
5635.66691710057  7.879227E-18
5639.23603080294  7.533602E-18
5642.8051445053  7.628556E-18
5646.37425820767  6.943004E-18
5649.94337191003  9.188746E-18
5653.5124856124  7.877712E-18
5657.08159931476  7.637470E-18
5660.65071301713  7.097312E-18
5664.2198267195  6.621016E-18
5667.78894042186  8.435786E-18
5671.35805412423  8.451613E-18
5674.92716782659  6.873572E-18
5678.49628152896  7.445310E-18
5682.06539523132  8.494656E-18
5685.63450893369  6.964448E-18
5689.20362263606  7.472851E-18
5692.77273633842  7.985830E-18
5696.34185004079  8.271463E-18
5699.91096374315  7.872953E-18
5703.48007744552  8.582748E-18
5707.04919114788  8.667328E-18
5710.61830485025  8.751896E-18
5714.18741855261  8.836475E-18
5717.75653225498  8.921043E-18
5721.32564595734  9.005622E-18
5724.89475965971  8.433405E-18
5728.46387336208  7.925784E-18
5732.03298706444  7.442522E-18
5735.60210076681  6.875470E-18
5739.17121446917  7.062480E-18
5742.74032817154  7.884254E-18
5746.3094418739  7.304957E-18
5749.87855557627  7.351816E-18
5753.44766927864  8.235977E-18
5757.016782981  7.619570E-18
5760.58589668337  7.227850E-18
5764.15501038573  7.381450E-18
5767.7241240881  6.375828E-18
5771.29323779046  6.329848E-18
5774.86235149283  7.742499E-18
5778.43146519519  7.329752E-18
5782.00057889756  7.844104E-18
5785.56969259993  6.101006E-18
5789.13880630229  6.989659E-18
5792.70792000466  6.463407E-18
5796.27703370702  6.055097E-18
5799.84614740939  6.138857E-18
5803.41526111175  6.857078E-18
5806.98437481412  8.116007E-18
5810.55348851649  7.727122E-18
5814.12260221885  7.386452E-18
5817.69171592122  7.232637E-18
5821.26082962358  7.417137E-18
5824.82994332595  6.741955E-18
5828.39905702831  7.748006E-18
5831.96817073068  6.572200E-18
5835.53728443304  8.258364E-18
5839.10639813541  7.681576E-18
5842.67551183778  6.618319E-18
5846.24462554014  8.123436E-18
5849.81373924251  6.989686E-18
5853.38285294487  8.400190E-18
5856.95196664724  8.284190E-18
5860.5210803496  7.072555E-18
5864.09019405197  6.537633E-18
5867.65930775433  7.261782E-18
5871.2284214567  8.093535E-18
5874.79753515907  8.905336E-18
5878.36664886143  8.300295E-18
5881.9357625638  6.933713E-18
5885.50487626616  6.538038E-18
5889.07398996853  7.459715E-18
5892.64310367089  8.725545E-18
5896.21221737326  7.517541E-18
5899.78133107562  6.564470E-18
5903.35044477799  5.926294E-18
5906.91955848036  6.778382E-18
5910.48867218272  8.415894E-18
5914.05778588509  8.502819E-18
5917.62689958745  7.773404E-18
5921.19601328982  7.840241E-18
5924.76512699218  7.873187E-18
5928.33424069455  8.520089E-18
5931.90335439692  7.094080E-18
5935.47246809928  6.745540E-18
5939.04158180165  8.870623E-18
5942.61069550401  8.394710E-18
5946.17980920638  7.833036E-18
5949.74892290874  7.898425E-18
5953.31803661111  6.997490E-18
5956.88715031347  6.601521E-18
5960.45626401584  8.299088E-18
5964.02537771821  8.304303E-18
5967.59449142057  7.334045E-18
5971.16360512294  8.016920E-18
5974.7327188253  6.744481E-18
5978.30183252767  5.636581E-18
5981.87094623003  6.778923E-18
5985.4400599324  7.625762E-18
5989.00917363477  7.404690E-18
5992.57828733713  7.614169E-18
5996.1474010395  7.335941E-18
5999.71651474186  6.045806E-18
6003.28562844423  7.047247E-18
6006.85474214659  5.878483E-18
6010.42385584896  6.547772E-18
6013.99296955132  6.223512E-18
6017.56208325369  6.550188E-18
6021.13119695606  7.017402E-18
6024.70031065842  6.173354E-18
6028.26942436078  6.778845E-18
6031.83853806315  7.049950E-18
6035.40765176552  6.494410E-18
6038.97676546788  6.557081E-18
6042.54587917025  7.119137E-18
6046.11499287262  6.884729E-18
6049.68410657498  6.540129E-18
6053.25322027735  6.332890E-18
6056.82233397971  6.223403E-18
6060.39144768208  6.764264E-18
6063.96056138444  7.747788E-18
6067.52967508681  7.614447E-18
6071.09878878917  6.329517E-18
6074.66790249154  7.445314E-18
6078.2370161939  8.078501E-18
6081.80612989627  7.023004E-18
6085.37524359864  6.812890E-18
6088.944357301  6.995686E-18
6092.51347100337  7.051259E-18
6096.08258470573  6.982582E-18
6099.6516984081  7.361771E-18
6103.22081211046  7.763408E-18
6106.78992581283  7.411153E-18
6110.35903951519  6.919642E-18
6113.92815321756  6.406853E-18
6117.49726691993  6.295131E-18
6121.06638062229  7.792744E-18
6124.63549432466  6.560434E-18
6128.20460802702  6.849048E-18
6131.77372172939  7.935581E-18
6135.34283543175  7.427381E-18
6138.91194913412  6.839866E-18
6142.48106283649  7.193972E-18
6146.05017653885  8.060456E-18
6149.61929024122  8.325583E-18
6153.18840394358  7.537995E-18
6156.75751764595  7.165910E-18
6160.32663134831  6.602116E-18
6163.89574505068  6.595205E-18
6167.46485875304  8.774889E-18
6171.03397245541  7.868098E-18
6174.60308615778  7.281534E-18
6178.17219986014  8.203966E-18
6181.74131356251  7.446963E-18
6185.31042726487  7.236901E-18
6188.87954096724  7.433839E-18
6192.4486546696  7.708316E-18
6196.01776837197  6.958437E-18
6199.58688207434  7.326857E-18
6203.1559957767  6.531800E-18
6206.72510947907  7.528445E-18
6210.29422318143  8.814280E-18
6213.8633368838  8.004641E-18
6217.43245058616  6.346960E-18
6221.00156428853  6.103515E-18
6224.57067799089  7.950881E-18
6228.13979169326  7.505530E-18
6231.70890539563  7.118572E-18
6235.27801909799  6.740651E-18
6238.84713280036  7.777120E-18
6242.41624650272  7.747275E-18
6245.98536020509  7.148467E-18
6249.55447390745  7.706940E-18
6253.12358760982  8.500305E-18
6256.69270131218  7.016262E-18
6260.26181501455  7.540965E-18
6263.83092871692  7.324975E-18
6267.40004241928  6.503214E-18
6270.96915612165  7.509794E-18
6274.53826982401  7.591918E-18
6278.10738352638  7.170093E-18
6281.67649722874  5.468887E-18
6285.24561093111  5.777517E-18
6288.81472463348  7.185203E-18
6292.38383833584  8.289567E-18
6295.95295203821  6.846348E-18
6299.52206574057  4.659431E-18
6303.09117944294  7.582536E-18
6306.6602931453  6.644318E-18
6310.22940684767  7.669168E-18
6313.79852055004  6.035662E-18
6317.3676342524  7.115419E-18
6320.93674795477  7.232488E-18
6324.50586165713  7.639940E-18
6328.0749753595  6.648159E-18
6331.64408906186  7.146872E-18
6335.21320276423  7.224148E-18
6338.78231646659  6.633510E-18
6342.35143016896  8.109749E-18
6345.92054387133  8.740681E-18
6349.48965757369  7.737896E-18
6353.05877127606  8.692710E-18
6356.62788497842  8.672998E-18
6360.19699868079  7.280074E-18
6363.76611238315  6.092376E-18
6367.33522608552  8.017213E-18
6370.90433978789  9.575549E-18
6374.47345349025  9.420703E-18
6378.04256719262  7.726341E-18
6381.61168089498  7.594224E-18
6385.18079459735  6.770822E-18
6388.74990829971  7.501153E-18
6392.31902200208  8.150009E-18
6395.88813570444  7.147149E-18
6399.45724940681  7.369537E-18
6403.02636310917  8.076714E-18
6406.59547681154  8.533720E-18
6410.16459051391  7.027343E-18
6413.73370421627  7.286039E-18
6417.30281791864  8.828409E-18
6420.871931621  7.337527E-18
6424.44104532337  7.526656E-18
6428.01015902573  7.781213E-18
6431.5792727281  7.851242E-18
6435.14838643047  7.224867E-18
6438.71750013283  7.494448E-18
6442.2866138352  7.120333E-18
6445.85572753756  7.662025E-18
6449.42484123993  8.029532E-18
6452.99395494229  8.388725E-18
6456.56306864466  7.336560E-18
6460.13218234703  8.734701E-18
6463.70129604939  8.568699E-18
6467.27040975176  7.531971E-18
6470.83952345412  6.864562E-18
6474.40863715649  7.445037E-18
6477.97775085885  1.000999E-17
6481.54686456122  7.333779E-18
6485.11597826359  7.634844E-18
6488.68509196595  8.664012E-18
6492.25420566832  7.471485E-18
6495.82331937068  7.287283E-18
6499.39243307305  7.296654E-18
6502.96154677541  7.244377E-18
6506.53066047778  7.239474E-18
6510.09977418014  7.492563E-18
6513.66888788251  8.556264E-18
6517.23800158487  8.155868E-18
6520.80711528724  8.099724E-18
6524.37622898961  8.180996E-18
6527.94534269197  6.773636E-18
6531.51445639434  7.949770E-18
6535.0835700967  7.149480E-18
6538.65268379907  7.536737E-18
6542.22179750143  1.007073E-17
6545.7909112038  8.382778E-18
6549.36002490616  8.097014E-18
6552.92913860853  8.791406E-18
6556.4982523109  8.736144E-18
6560.06736601326  8.724310E-18
6563.63647971563  8.027903E-18
6567.20559341799  8.904416E-18
6570.77470712036  8.101959E-18
6574.34382082272  8.994814E-18
6577.91293452509  8.142250E-18
6581.48204822746  7.760655E-18
6585.05116192982  7.777212E-18
6588.62027563219  7.163440E-18
6592.18938933455  7.824167E-18
6595.75850303692  7.064262E-18
6599.32761673928  1.009420E-17
6602.89673044165  8.141365E-18
6606.46584414401  8.207703E-18
6610.03495784638  8.571357E-18
6613.60407154875  8.174066E-18
6617.17318525111  9.004724E-18
6620.74229895348  7.712206E-18
6624.31141265584  7.169407E-18
6627.88052635821  7.710864E-18
6631.44964006057  7.219641E-18
6635.01875376294  7.577874E-18
6638.58786746531  8.408209E-18
6642.15698116767  7.663194E-18
6645.72609487004  6.884958E-18
6649.2952085724  7.543733E-18
6652.86432227477  7.055157E-18
6656.43343597713  6.692287E-18
6660.0025496795  7.991911E-18
6663.57166338186  8.661438E-18
6667.14077708423  8.995945E-18
6670.7098907866  8.606097E-18
6674.27900448896  7.495547E-18
6677.84811819133  6.359838E-18
6681.41723189369  8.239347E-18
6684.98634559606  7.252155E-18
6688.55545929842  7.728787E-18
6692.12457300079  7.932400E-18
6695.69368670316  7.134554E-18
6699.26280040552  8.311995E-18
6702.83191410789  9.095401E-18
6706.40102781025  8.154316E-18
6709.97014151262  8.255703E-18
6713.53925521498  7.869522E-18
6717.10836891735  6.036059E-18
6720.67748261972  7.190635E-18
6724.24659632208  7.501932E-18
6727.81571002444  7.032302E-18
6731.38482372681  7.317861E-18
6734.95393742918  7.192525E-18
6738.52305113154  6.483202E-18
6742.09216483391  7.586434E-18
6745.66127853627  8.025665E-18
6749.23039223864  7.068117E-18
6752.799505941  7.558381E-18
6756.36861964337  7.237434E-18
6759.93773334574  7.609329E-18
6763.5068470481  9.260188E-18
6767.07596075047  8.582250E-18
6770.64507445283  8.169780E-18
6774.2141881552  8.714283E-18
6777.78330185757  8.381135E-18
6781.35241555993  7.773617E-18
6784.9215292623  7.155933E-18
6788.49064296466  8.259007E-18
6792.05975666703  8.175880E-18
6795.62887036939  8.199597E-18
6799.19798407176  8.060729E-18
6802.76709777412  8.144467E-18
6806.33621147649  7.098583E-18
6809.90532517886  5.972757E-18
6813.47443888122  7.178792E-18
6817.04355258359  7.810814E-18
6820.61266628595  8.167868E-18
6824.18177998832  7.333609E-18
6827.75089369068  5.709654E-18
6831.32000739305  7.601900E-18
6834.88912109541  8.641203E-18
6838.45823479778  7.110500E-18
6842.02734850014  6.982072E-18
6845.59646220251  7.100518E-18
6849.16557590488  7.335152E-18
6852.73468960724  8.183467E-18
6856.30380330961  8.485060E-18
6859.87291701197  7.459971E-18
6863.44203071434  7.245170E-18
6867.0111444167  7.951424E-18
6870.58025811907  8.013230E-18
6874.14937182143  7.856787E-18
6877.7184855238  7.952787E-18
6881.28759922617  8.393456E-18
6884.85671292853  8.088155E-18
6888.4258266309  8.196160E-18
6891.99494033326  7.390844E-18
6895.56405403563  7.903630E-18
6899.13316773799  8.645969E-18
6902.70228144036  7.778381E-18
6906.27139514273  7.833860E-18
6909.84050884509  8.180600E-18
6913.40962254746  7.567869E-18
6916.97873624982  8.054049E-18
6920.54784995219  7.890130E-18
6924.11696365455  7.950049E-18
6927.68607735692  8.233335E-18
6931.25519105929  7.645867E-18
6934.82430476165  5.556922E-18
6938.39341846402  5.388151E-18
6941.96253216638  7.720218E-18
6945.53164586875  7.906037E-18
6949.10075957111  7.240769E-18
6952.66987327348  7.038100E-18
6956.23898697584  8.245685E-18
6959.80810067821  8.580595E-18
6963.37721438057  7.547469E-18
6966.94632808294  7.394774E-18
6970.51544178531  6.108410E-18
6974.08455548767  7.015049E-18
6977.65366919004  7.577656E-18
6981.2227828924  7.450840E-18
6984.79189659477  7.418300E-18
6988.36101029714  8.486795E-18
6991.9301239995  7.227738E-18
6995.49923770187  7.563390E-18
6999.06835140423  8.058753E-18
7002.6374651066  6.680174E-18
7006.20657880896  6.693720E-18
7009.77569251133  8.317848E-18
7013.34480621369  6.907191E-18
7016.91391991606  7.710834E-18
7020.48303361842  8.463965E-18
7024.05214732079  8.982251E-18
7027.62126102316  7.214737E-18
7031.19037472552  7.147943E-18
7034.75948842789  7.886636E-18
7038.32860213025  8.516706E-18
7041.89771583262  7.070368E-18
7045.46682953498  8.215959E-18
7049.03594323735  7.859140E-18
7052.60505693971  7.836591E-18
7056.17417064208  7.696037E-18
7059.74328434445  7.533791E-18
7063.31239804681  7.779591E-18
7066.88151174918  8.521781E-18
7070.45062545154  7.423475E-18
7074.01973915391  7.967517E-18
7077.58885285627  7.630926E-18
7081.15796655864  8.153576E-18
7084.72708026101  8.140538E-18
7088.29619396337  7.794846E-18
7091.86530766574  7.623549E-18
7095.4344213681  7.121121E-18
7099.00353507047  8.491581E-18
7102.57264877283  7.496591E-18
7106.1417624752  7.436535E-18
7109.71087617757  6.319049E-18
7113.27998987993  6.889060E-18
7116.8491035823  8.153918E-18
7120.41821728466  7.870007E-18
7123.98733098703  7.199932E-18
7127.55644468939  8.153341E-18
7131.12555839176  7.894427E-18
7134.69467209412  8.018774E-18
7138.26378579649  8.911891E-18
7141.83289949886  7.350523E-18
7145.40201320122  5.457813E-18
7148.97112690359  6.533837E-18
7152.54024060595  7.815234E-18
7156.10935430832  6.549520E-18
7159.67846801068  6.899243E-18
7163.24758171305  6.960881E-18
7166.81669541542  6.315843E-18
7170.38580911778  6.625196E-18
7173.95492282015  6.481745E-18
7177.52403652251  6.571834E-18
7181.09315022488  5.931582E-18
7184.66226392724  5.585004E-18
7188.23137762961  6.134247E-18
7191.80049133197  6.291377E-18
7195.36960503434  5.120284E-18
7198.9387187367  5.829363E-18
7202.50783243907  8.720815E-18
7206.07694614144  7.602958E-18
7209.6460598438  6.338132E-18
7213.21517354617  7.200858E-18
7216.78428724853  7.214544E-18
7220.3534009509  6.681606E-18
7223.92251465327  6.260309E-18
7227.49162835563  7.303623E-18
7231.060742058  7.179177E-18
7234.62985576036  5.908657E-18
7238.19896946273  6.859686E-18
7241.76808316509  5.624103E-18
7245.33719686746  1.012415E-17
7248.90631056982  1.085280E-17
7252.47542427219  7.118837E-18
7256.04453797456  5.663000E-18
7259.61365167692  5.884131E-18
7263.18276537929  6.196486E-18
7266.75187908165  6.787913E-18
7270.32099278402  7.208736E-18
7273.89010648638  6.876563E-18
7277.45922018875  5.688651E-18
7281.02833389112  4.926478E-18
7284.59744759348  7.242057E-18
7288.16656129585  7.854866E-18
7291.73567499821  6.853041E-18
7295.30478870058  7.643916E-18
7298.87390240294  7.967157E-18
7302.44301610531  6.565312E-18
7306.01212980767  7.545702E-18
7309.58124351004  9.307959E-18
7313.15035721241  7.445858E-18
7316.71947091477  6.097953E-18
7320.28858461714  7.675964E-18
7323.8576983195  6.115537E-18
7327.42681202187  7.650058E-18
7330.99592572423  9.714476E-18
7334.5650394266  8.147823E-18
7338.13415312896  6.562170E-18
7341.70326683133  6.721433E-18
7345.2723805337  8.205952E-18
7348.84149423606  1.073832E-17
7352.41060793843  9.696152E-18
7355.97972164079  8.041579E-18
7359.54883534316  5.843110E-18
7363.11794904552  8.951569E-18
7366.68706274789  1.104616E-17
7370.25617645025  9.569233E-18
7373.82529015262  7.904712E-18
7377.39440385499  6.856420E-18
7380.96351755735  7.463737E-18
7384.53263125972  7.980141E-18
7388.10174496208  6.906117E-18
7391.67085866445  8.520714E-18
7395.23997236681  8.669476E-18
7398.80908606918  7.445583E-18
7402.37819977155  7.883980E-18
7405.94731347391  8.255622E-18
7409.51642717627  6.731176E-18
7413.08554087864  6.452907E-18
7416.65465458101  7.676871E-18
7420.22376828337  7.664624E-18
7423.79288198574  7.248782E-18
7427.36199568811  7.252633E-18
7430.93110939047  6.949192E-18
7434.50022309284  6.783796E-18
7438.0693367952  6.688133E-18
7441.63845049757  6.377010E-18
7445.20756419993  6.903514E-18
7448.7766779023  6.539393E-18
7452.34579160466  7.465461E-18
7455.91490530703  7.949813E-18
7459.4840190094  6.649668E-18
7463.05313271176  6.407522E-18
7466.62224641412  7.514716E-18
7470.19136011649  7.376386E-18
7473.76047381886  6.396012E-18
7477.32958752122  6.770240E-18
7480.89870122359  7.024543E-18
7484.46781492595  7.845390E-18
7488.03692862832  7.329267E-18
7491.60604233069  7.510440E-18
7495.17515603305  6.209080E-18
7498.74426973542  7.164744E-18
7502.31338343778  7.466324E-18
7505.88249714015  7.824155E-18
7509.45161084251  6.699481E-18
7513.02072454488  6.670037E-18
7516.58983824724  8.201846E-18
7520.15895194961  7.126887E-18
7523.72806565198  5.682765E-18
7527.29717935434  7.698226E-18
7530.86629305671  7.684146E-18
7534.43540675907  7.966266E-18
7538.00452046144  7.794759E-18
7541.5736341638  6.886805E-18
7545.14274786617  7.536513E-18
7548.71186156853  6.456982E-18
7552.2809752709  6.220452E-18
7555.85008897327  7.071875E-18
7559.41920267563  6.282424E-18
7562.988316378  6.854651E-18
7566.55743008036  6.395711E-18
7570.12654378273  7.937758E-18
7573.69565748509  6.870247E-18
7577.26477118746  5.421830E-18
7580.83388488983  6.585132E-18
7584.40299859219  6.572295E-18
7587.97211229456  7.356075E-18
7591.54122599692  6.724151E-18
7595.11033969929  5.991713E-18
7598.67945340165  6.594270E-18
7602.24856710402  7.054822E-18
7605.81768080638  6.427150E-18
7609.38679450875  6.216836E-18
7612.95590821112  6.643953E-18
7616.52502191348  7.936543E-18
7620.09413561585  9.096318E-18
7623.66324931821  8.389080E-18
7627.23236302058  7.128909E-18
7630.80147672294  6.340365E-18
7634.37059042531  6.877714E-18
7637.93970412767  6.756821E-18
7641.50881783004  6.569709E-18
7645.07793153241  6.644973E-18
7648.64704523477  6.213363E-18
7652.21615893714  7.241877E-18
7655.7852726395  7.085454E-18
7659.35438634187  6.490830E-18
7662.92350004423  6.494906E-18
7666.4926137466  6.488569E-18
7670.06172744896  6.422790E-18
7673.63084115133  7.189850E-18
7677.1999548537  6.798320E-18
7680.76906855606  7.053310E-18
7684.33818225843  6.460161E-18
7687.90729596079  6.350976E-18
7691.47640966316  6.773132E-18
7695.04552336552  6.957558E-18
7698.61463706789  6.943189E-18
7702.18375077026  6.694243E-18
7705.75286447262  7.432822E-18
7709.32197817499  5.340503E-18
7712.89109187735  7.888104E-18
7716.46020557972  6.977216E-18
7720.02931928208  7.595406E-18
7723.59843298445  5.930187E-18
7727.16754668682  6.709073E-18
7730.73666038918  6.879788E-18
7734.30577409155  7.081765E-18
7737.87488779391  7.262188E-18
7741.44400149628  5.846527E-18
7745.01311519864  8.009052E-18
7748.58222890101  6.336684E-18
7752.15134260337  6.997333E-18
7755.72045630574  6.960366E-18
7759.2895700081  7.699915E-18
7762.85868371047  5.818912E-18
7766.42779741284  6.710988E-18
7769.9969111152  7.282682E-18
7773.56602481757  7.088328E-18
7777.13513851993  7.371431E-18
7780.7042522223  8.002271E-18
7784.27336592466  5.376692E-18
7787.84247962703  5.559051E-18
7791.4115933294  5.453295E-18
7794.98070703176  8.476764E-18
7798.54982073413  1.131921E-17
7802.11893443649  8.578220E-18
7805.68804813886  7.261917E-18
7809.25716184122  5.685212E-18
7812.82627554359  5.157538E-18
7816.39538924595  7.177412E-18
7819.96450294832  8.835708E-18
7823.53361665069  8.611672E-18
7827.10273035305  6.070578E-18
7830.67184405542  6.100118E-18
7834.24095775778  6.079081E-18
7837.81007146015  5.542094E-18
7841.37918516251  6.625914E-18
7844.94829886488  5.899622E-18
7848.51741256724  5.624466E-18
7852.08652626961  5.366085E-18
7855.65563997198  5.125413E-18
7859.22475367434  6.457737E-18
7862.79386737671  7.878507E-18
7866.36298107907  5.123860E-18
7869.93209478144  4.858799E-18
7873.5012084838  7.307550E-18
7877.07032218617  8.737269E-18
7880.63943588854  6.711772E-18
7884.2085495909  5.759676E-18
7887.77766329327  8.135694E-18
7891.34677699563  5.029534E-18
7894.915890698  6.222684E-18
7898.48500440036  7.413461E-18
7902.05411810273  7.237115E-18
7905.6232318051  6.493860E-18
7909.19234550746  7.723153E-18
7912.76145920983  9.318209E-18
7916.33057291219  8.297382E-18
7919.89968661456  4.355374E-18
7923.46880031692  4.064157E-18
7927.03791401929  6.429110E-18
7930.60702772165  7.740750E-18
7934.17614142402  6.601860E-18
7937.74525512639  6.929455E-18
7941.31436882875  6.937530E-18
7944.88348253112  6.243448E-18
7948.45259623348  4.769540E-18
7952.02170993585  5.985334E-18
7955.59082363821  6.134500E-18
7959.15993734058  6.178882E-18
7962.72905104295  5.535339E-18
7966.29816474531  5.258728E-18
7969.86727844768  4.016257E-18
7973.43639215004  3.861883E-18
7977.00550585241  4.208627E-18
7980.57461955477  4.037609E-18
7984.14373325714  5.087064E-18
7987.7128469595  4.882160E-18
7991.28196066187  3.240318E-18
7994.85107436423  4.380044E-18
7998.4201880666  5.855202E-18
8001.98930176897  5.450470E-18
8005.55841547133  6.125396E-18
8009.1275291737  6.295905E-18
8012.69664287606  4.696799E-18
8016.26575657843  4.755275E-18
8019.83487028079  7.761068E-18
8023.40398398316  8.150623E-18
8026.97309768552  5.265411E-18
8030.54221138789  5.634983E-18
8034.11132509026  8.309264E-18
8037.68043879262  6.159303E-18
8041.24955249499  6.390080E-18
8044.81866619735  6.145088E-18
8048.38777989972  4.594514E-18
8051.95689360209  5.235080E-18
8055.52600730445  6.651835E-18
8059.09512100681  3.236887E-18
8062.66423470918  2.927436E-18
8066.23334841155  5.320214E-18
8069.80246211391  5.418745E-18
8073.37157581628  5.389757E-18
8076.94068951865  6.542411E-18
8080.50980322101  6.814505E-18
8084.07891692337  4.894516E-18
8087.64803062574  5.419190E-18
8091.21714432811  6.560534E-18
8094.78625803047  4.589855E-18
8098.35537173284  4.555250E-18
8101.9244854352  4.744589E-18
8105.49359913757  5.371166E-18
8109.06271283993  6.097747E-18
8112.6318265423  6.373272E-18
8116.20094024467  5.559643E-18
8119.77005394703  6.403048E-18
8123.3391676494  6.048846E-18
8126.90828135176  4.961024E-18
8130.47739505413  5.585754E-18
8134.04650875649  5.502921E-18
8137.61562245886  5.750890E-18
8141.18473616123  5.642208E-18
8144.75384986359  6.432820E-18
8148.32296356596  6.104955E-18
8151.89207726832  4.934044E-18
8155.46119097069  4.894706E-18
8159.03030467305  5.459775E-18
8162.59941837542  5.774760E-18
8166.16853207778  5.621912E-18
8169.73764578015  5.419845E-18
8173.30675948251  5.286952E-18
8176.87587318488  4.984402E-18
8180.44498688725  4.050987E-18
8184.01410058961  5.296869E-18
8187.58321429198  6.160263E-18
8191.15232799434  4.829092E-18
8194.72144169671  5.617862E-18
8198.29055539907  5.449441E-18
8201.85966910144  5.199997E-18
8205.4287828038  5.176983E-18
