4250.  5.579148E-18
4254.50626959248  1.409212E-17
4259.01253918495  2.623400E-18
4263.51880877743  5.718391E-18
4268.02507836991  6.064867E-18
4272.53134796238  3.354050E-18
4277.03761755486  4.523713E-18
4281.54388714734  4.394550E-18
4286.05015673981  5.876989E-18
4290.55642633229  6.538513E-18
4295.06269592477  2.475037E-18
4299.56896551724  -7.890758E-19
4304.07523510972  6.458432E-18
4308.58150470219  9.665914E-18
4313.08777429467  1.814729E-18
4317.59404388715  1.370081E-17
4322.10031347963  1.046250E-17
4326.6065830721  2.192304E-18
4331.11285266458  1.184875E-18
4335.61912225705  1.066062E-18
4340.12539184953  1.180809E-18
4344.63166144201  6.895512E-18
4349.13793103448  1.494763E-17
4353.64420062696  9.171302E-18
4358.15047021944  4.776370E-18
4362.65673981191  6.542352E-18
4367.16300940439  8.940742E-19
4371.66927899687  3.294501E-20
4376.17554858934  1.985389E-19
4380.68181818182  6.790809E-18
4385.1880877743  5.253573E-19
4389.69435736677  -3.105775E-18
4394.20062695925  -2.530238E-19
4398.70689655173  1.037417E-18
4403.2131661442  1.685861E-18
4407.71943573668  7.401411E-19
4412.22570532915  1.858425E-18
4416.73197492163  -6.840782E-19
4421.23824451411  -7.690555E-19
4425.74451410659  2.442964E-18
4430.25078369906  4.435756E-18
4434.75705329154  -1.586956E-18
4439.26332288401  -1.883238E-18
4443.76959247649  5.913916E-19
4448.27586206897  5.980346E-18
4452.78213166144  6.361260E-18
4457.28840125392  1.099040E-17
4461.7946708464  6.725722E-18
4466.30094043887  2.680803E-18
4470.80721003135  1.119375E-17
4475.31347962383  9.076726E-18
4479.8197492163  5.618750E-18
4484.32601880878  3.845768E-18
4488.83228840126  2.637355E-20
4493.33855799373  2.259256E-18
4497.84482758621  2.797663E-18
4502.35109717869  -1.482927E-19
4506.85736677116  4.411508E-18
4511.36363636364  6.474552E-18
4515.86990595611  8.506280E-18
4520.37617554859  6.147473E-18
4524.88244514107  9.103887E-18
4529.38871473354  9.731123E-18
4533.89498432602  7.192087E-18
4538.4012539185  7.971644E-19
4542.90752351097  1.994659E-18
4547.41379310345  -5.955788E-19
4551.92006269593  2.324191E-18
4556.4263322884  4.491301E-18
4560.93260188088  7.860207E-18
4565.43887147336  4.111458E-18
4569.94514106583  2.947712E-18
4574.45141065831  2.965159E-18
4578.95768025079  2.906098E-18
4583.46394984326  6.773418E-18
4587.97021943574  3.865884E-18
4592.47648902822  6.181717E-18
4596.98275862069  3.609662E-18
4601.48902821317  2.462974E-18
4605.99529780565  2.512555E-18
4610.50156739812  1.444556E-18
4615.0078369906  6.585094E-18
4619.51410658308  5.167577E-18
4624.02037617555  3.816702E-18
4628.52664576803  3.455421E-18
4633.0329153605  5.874233E-18
4637.53918495298  7.827923E-18
4642.04545454546  1.328666E-18
4646.55172413793  2.786747E-18
4651.05799373041  3.601280E-18
4655.56426332289  7.584455E-18
4660.07053291536  1.370991E-17
4664.57680250784  1.225970E-17
4669.08307210032  2.171154E-18
4673.58934169279  3.368680E-18
4678.09561128527  4.870295E-18
4682.60188087775  9.569011E-18
4687.10815047022  6.649059E-18
4691.6144200627  1.985637E-18
4696.12068965518  2.186080E-18
4700.62695924765  1.300970E-18
4705.13322884013  2.164108E-18
4709.63949843261  5.811569E-18
4714.14576802508  3.418147E-18
4718.65203761756  1.739331E-17
4723.15830721003  7.733304E-18
4727.66457680251  2.348856E-18
4732.17084639499  4.933472E-18
4736.67711598746  3.167585E-18
4741.18338557994  6.724167E-18
4745.68965517242  3.542918E-18
4750.19592476489  7.805702E-19
4754.70219435737  3.977422E-18
4759.20846394985  7.575146E-18
4763.71473354232  7.343802E-18
4768.2210031348  4.638436E-18
4772.72727272728  5.757847E-18
4777.23354231975  3.628323E-18
4781.73981191223  7.574550E-18
4786.24608150471  5.166019E-18
4790.75235109718  8.302619E-18
4795.25862068966  9.529745E-18
4799.76489028214  4.904998E-18
4804.27115987461  -1.892146E-20
4808.77742946709  3.874118E-18
4813.28369905957  6.511699E-18
4817.78996865204  6.574135E-18
4822.29623824452  4.066106E-18
4826.80250783699  2.960650E-18
4831.30877742947  3.993179E-18
4835.81504702195  2.886456E-18
4840.32131661442  4.830214E-18
4844.8275862069  6.294605E-18
4849.33385579938  3.123699E-18
4853.84012539185  4.630475E-18
4858.34639498433  5.641981E-18
4862.85266457681  7.084669E-18
4867.35893416928  1.515691E-18
4871.86520376176  1.001978E-18
4876.37147335424  3.332537E-18
4880.87774294671  4.972210E-18
4885.38401253919  5.723742E-18
4889.89028213167  6.002718E-18
4894.39655172414  2.590855E-18
4898.90282131662  3.453307E-18
4903.4090909091  4.424972E-18
4907.91536050157  4.780501E-18
4912.42163009405  2.863040E-18
4916.92789968653  1.806050E-18
4921.434169279  4.102613E-18
4925.94043887148  4.719486E-18
4930.44670846395  4.862018E-18
4934.95297805643  1.543415E-18
4939.45924764891  3.553101E-18
4943.96551724138  4.582866E-18
4948.47178683386  6.109343E-18
4952.97805642634  6.869404E-18
4957.48432601881  3.510285E-18
4961.99059561129  -1.430384E-18
4966.49686520377  6.994710E-19
4971.00313479624  4.288941E-18
4975.50940438872  3.481152E-18
4980.0156739812  4.426820E-18
4984.52194357367  5.936733E-18
4989.02821316615  4.026778E-18
4993.53448275862  4.522664E-18
4998.0407523511  4.942394E-18
5002.54702194358  5.901776E-18
5007.05329153606  4.003371E-18
5011.55956112853  5.170217E-18
5016.06583072101  7.428544E-18
5020.57210031349  6.127553E-18
5025.07836990596  3.702592E-18
5029.58463949844  3.601848E-18
5034.09090909092  6.904757E-18
5038.59717868339  2.863364E-18
5043.10344827587  5.869627E-19
5047.60971786835  6.967011E-19
5052.11598746082  3.639401E-18
5056.6222570533  1.920457E-18
5061.12852664577  4.593627E-18
5065.63479623825  5.297753E-18
5070.14106583073  4.254686E-18
5074.6473354232  4.668374E-18
5079.15360501568  5.380553E-18
5083.65987460816  6.412591E-18
5088.16614420063  3.892769E-18
5092.67241379311  3.071731E-18
5097.17868338559  4.951864E-18
5101.68495297806  3.256794E-18
5106.19122257054  6.112654E-18
5110.69749216302  4.361967E-18
5115.20376175549  5.106612E-18
5119.71003134797  -2.424574E-19
5124.21630094045  3.194276E-18
5128.72257053292  3.966725E-18
5133.2288401254  4.292928E-18
5137.73510971788  3.678296E-18
5142.24137931035  2.209682E-18
5146.74764890283  2.409483E-18
5151.2539184953  3.128402E-18
5155.76018808778  4.769657E-18
5160.26645768026  3.357291E-18
5164.77272727273  4.985310E-18
5169.27899686521  4.834985E-18
5173.78526645769  3.491658E-18
5178.29153605016  3.800261E-18
5182.79780564264  2.321132E-18
5187.30407523512  4.724001E-18
5191.81034482759  3.145316E-18
5196.31661442007  4.485604E-18
5200.82288401255  4.075296E-18
5205.32915360502  1.815809E-18
5209.8354231975  1.479784E-18
5214.34169278998  2.834555E-18
5218.84796238245  2.931519E-18
5223.35423197493  6.617105E-18
5227.8605015674  3.729355E-18
5232.36677115988  2.727195E-18
5236.87304075236  2.716337E-18
5241.37931034483  3.349075E-18
5245.88557993731  4.730896E-18
5250.39184952979  1.724657E-18
5254.89811912227  3.754813E-18
5259.40438871474  6.809515E-18
5263.91065830722  1.006268E-17
5268.41692789969  1.587600E-17
5272.92319749217  2.039417E-17
5277.42946708465  1.878943E-17
5281.93573667712  1.330938E-17
5286.4420062696  6.395156E-18
5290.94827586208  3.758009E-18
5295.45454545455  4.703938E-18
5299.96081504703  4.875992E-18
5304.46708463951  4.679929E-18
5308.97335423198  3.128188E-18
5313.47962382446  5.284702E-19
5317.98589341694  1.062663E-18
5322.49216300941  1.616991E-18
5326.99843260189  4.006719E-18
5331.50470219436  5.604471E-19
5336.01097178684  2.392095E-18
5340.51724137932  4.822635E-18
5345.02351097179  3.426880E-18
5349.52978056427  2.478282E-18
5354.03605015675  5.348613E-18
5358.54231974922  4.114844E-18
5363.0485893417  5.319126E-18
5367.55485893418  5.962097E-18
5372.06112852665  4.278218E-18
5376.56739811913  3.208013E-18
5381.07366771161  3.005401E-18
5385.57993730408  2.816171E-18
5390.08620689656  5.436617E-18
5394.59247648904  5.776992E-18
5399.09874608151  6.443006E-18
5403.60501567399  5.301029E-18
5408.11128526646  2.364133E-18
5412.61755485894  1.973311E-18
5417.12382445142  6.011722E-18
5421.6300940439  3.938947E-18
5426.13636363637  2.624139E-18
5430.64263322885  3.513428E-18
5435.14890282132  5.272289E-18
5439.6551724138  4.656879E-18
5444.16144200628  4.222454E-18
5448.66771159875  4.500085E-18
5453.17398119123  3.359422E-18
5457.68025078371  3.260129E-18
5462.18652037618  7.085125E-18
5466.69278996866  7.824072E-18
5471.19905956114  5.693903E-18
5475.70532915361  4.635843E-18
5480.21159874609  2.842386E-18
5484.71786833857  2.288871E-18
5489.22413793104  6.541444E-18
5493.73040752352  6.137056E-18
5498.236677116  4.893705E-18
5502.74294670847  7.070016E-18
5507.24921630095  4.204416E-18
5511.75548589343  6.475254E-18
5516.2617554859  5.683262E-18
5520.76802507838  5.134058E-18
5525.27429467086  7.011907E-18
5529.78056426333  3.787346E-18
5534.28683385581  6.269410E-18
5538.79310344829  8.026730E-18
5543.29937304076  7.220886E-18
5547.80564263324  4.064837E-18
5552.31191222571  4.287540E-18
5556.81818181819  5.853458E-18
5561.32445141067  6.191821E-18
5565.83072100314  8.056740E-18
5570.33699059562  3.615618E-18
5574.8432601881  1.919930E-18
5579.34952978057  -2.725795E-19
5583.85579937305  -6.660150E-19
5588.36206896553  3.992311E-18
5592.868338558  4.409018E-18
5597.37460815048  2.829155E-18
5601.88087774296  3.516144E-18
5606.38714733543  3.427826E-18
5610.89341692791  4.381102E-18
5615.39968652038  3.452557E-18
5619.90595611286  3.693579E-18
5624.41222570534  5.516281E-18
5628.91849529782  3.850704E-18
5633.42476489029  5.009795E-18
5637.93103448277  6.573067E-18
5642.43730407524  7.405032E-18
5646.94357366772  3.308203E-18
5651.4498432602  4.917059E-18
5655.95611285267  6.534030E-18
5660.46238244515  4.811143E-18
5664.96865203763  5.724611E-18
5669.4749216301  4.292628E-18
5673.98119122258  2.401928E-18
5678.48746081506  4.262047E-18
5682.99373040753  4.461869E-18
5687.50000000001  6.148529E-18
5692.00626959249  8.057710E-18
5696.51253918496  5.782605E-18
5701.01880877744  4.521300E-18
5705.52507836992  5.614108E-18
5710.03134796239  6.875371E-18
5714.53761755487  7.852571E-18
5719.04388714734  5.395014E-18
5723.55015673982  4.090283E-18
5728.0564263323  5.908712E-18
5732.56269592477  7.514957E-18
5737.06896551725  5.274186E-18
5741.57523510973  7.683174E-18
5746.0815047022  7.969802E-18
5750.58777429468  5.226465E-18
5755.09404388716  3.030887E-18
5759.60031347963  3.467635E-18
5764.10658307211  4.477259E-18
5768.61285266459  5.179330E-18
5773.11912225706  5.133820E-18
5777.62539184954  5.872633E-18
5782.13166144202  6.086184E-18
5786.63793103449  3.923059E-18
5791.14420062697  4.089442E-18
5795.65047021945  5.561820E-18
5800.15673981192  4.845760E-18
5804.6630094044  5.490693E-18
5809.16927899687  8.185530E-18
5813.67554858935  5.662355E-18
5818.18181818183  7.565948E-18
5822.6880877743  7.205927E-18
5827.19435736678  6.725151E-18
5831.70062695926  8.153887E-18
5836.20689655174  5.895707E-18
5840.71316614421  3.960154E-18
5845.21943573669  2.828829E-18
5849.72570532916  5.987853E-18
5854.23197492164  4.442904E-18
5858.73824451412  4.921360E-18
5863.24451410659  4.012295E-18
5867.75078369907  5.842555E-18
5872.25705329155  5.640753E-18
5876.76332288402  7.094760E-18
5881.2695924765  3.568120E-18
5885.77586206898  4.364577E-18
5890.28213166145  4.976442E-18
5894.78840125393  5.441550E-18
5899.2946708464  6.176561E-18
5903.80094043888  7.977405E-18
5908.30721003136  7.114846E-18
5912.81347962384  6.909800E-18
5917.31974921631  6.351460E-18
5921.82601880879  5.678419E-18
5926.33228840126  5.808148E-18
5930.83855799374  8.178532E-18
5935.34482758622  5.663801E-18
5939.85109717869  4.153607E-18
5944.35736677117  7.934710E-18
5948.86363636365  6.684176E-18
5953.36990595613  6.349388E-18
5957.8761755486  8.797594E-18
5962.38244514108  8.277745E-18
5966.88871473355  5.561543E-18
5971.39498432603  4.267654E-18
5975.90125391851  3.814297E-18
5980.40752351098  4.947187E-18
5984.91379310346  7.071820E-18
5989.42006269594  5.899473E-18
5993.92633228841  3.805117E-18
5998.43260188089  6.188549E-18
6002.93887147337  7.294416E-18
6007.44514106584  6.551336E-18
6011.95141065832  4.636505E-18
6016.45768025079  2.888269E-18
6020.96394984327  2.924247E-18
6025.47021943575  4.437888E-18
6029.97648902823  4.152255E-18
6034.4827586207  4.107989E-18
6038.98902821318  5.673221E-18
6043.49529780566  5.625961E-18
6048.00156739813  4.719991E-18
6052.50783699061  6.195589E-18
6057.01410658308  7.586844E-18
6061.52037617556  7.835717E-18
6066.02664576804  6.987174E-18
6070.53291536051  4.972640E-18
6075.03918495299  5.713017E-18
6079.54545454547  5.839276E-18
6084.05172413794  5.584465E-18
6088.55799373042  7.396571E-18
6093.0642633229  6.387900E-18
6097.57053291537  5.949554E-18
6102.07680250785  5.019518E-18
6106.58307210033  3.686978E-18
6111.0893416928  4.612258E-18
6115.59561128528  4.679704E-18
6120.10188087776  5.760662E-18
6124.60815047023  4.746572E-18
6129.11442006271  7.154370E-18
6133.62068965518  7.197460E-18
6138.12695924766  5.995550E-18
6142.63322884014  6.652392E-18
6147.13949843261  6.884096E-18
6151.64576802509  5.032815E-18
6156.15203761757  5.371239E-18
6160.65830721004  4.398743E-18
6165.16457680252  6.874413E-18
6169.670846395  8.529461E-18
6174.17711598747  7.136606E-18
6178.68338557995  6.171277E-18
6183.18965517243  4.663673E-18
6187.6959247649  3.734586E-18
6192.20219435738  1.889185E-18
6196.70846394986  1.791524E-18
6201.21473354233  4.820742E-18
6205.72100313481  5.582058E-18
6210.22727272729  6.666917E-18
6214.73354231976  4.368074E-18
6219.23981191224  2.556437E-18
6223.74608150471  4.113439E-18
6228.25235109719  4.533992E-18
6232.75862068967  4.801526E-18
6237.26489028214  3.377851E-18
6241.77115987462  4.028493E-18
6246.2774294671  5.773011E-18
6250.78369905957  6.018215E-18
6255.28996865205  6.229064E-18
6259.79623824453  5.708198E-18
6264.302507837  5.491078E-18
6268.80877742948  5.486809E-18
6273.31504702196  4.204790E-18
6277.82131661443  4.257490E-18
6282.32758620691  4.018024E-18
6286.83385579939  2.865216E-18
6291.34012539186  4.205017E-18
6295.84639498434  4.504999E-18
6300.35266457682  3.118983E-18
6304.85893416929  5.485246E-18
6309.36520376177  4.979146E-18
6313.87147335425  4.642757E-18
6318.37774294672  4.724977E-18
6322.8840125392  5.612265E-18
6327.39028213168  5.787042E-18
6331.89655172415  2.263961E-18
6336.40282131663  -6.404411E-19
6340.9090909091  3.580119E-18
6345.41536050158  4.377075E-18
6349.92163009406  4.298846E-18
6354.42789968653  2.519945E-18
6358.93416927901  2.073487E-18
6363.44043887149  4.158584E-18
6367.94670846396  4.373297E-18
6372.45297805644  5.264306E-18
6376.95924764892  4.770256E-18
6381.46551724139  4.626667E-18
6385.97178683387  2.513736E-18
6390.47805642635  3.637506E-18
6394.98432601882  4.545053E-18
6399.4905956113  4.051497E-18
6403.99686520377  5.531415E-18
6408.50313479625  6.633479E-18
6413.00940438873  4.207093E-18
6417.51567398121  8.023606E-18
6422.02194357368  6.522881E-18
6426.52821316616  6.501729E-18
6431.03448275864  6.573599E-18
6435.54075235111  5.368637E-18
6440.04702194359  5.105648E-18
6444.55329153607  4.887900E-18
6449.05956112854  3.413665E-18
6453.56583072102  5.968427E-18
6458.07210031349  4.965123E-18
6462.57836990597  4.866641E-18
6467.08463949845  4.327072E-18
6471.59090909092  3.628824E-18
6476.0971786834  2.846279E-18
6480.60344827588  4.576335E-18
6485.10971786835  5.018350E-18
6489.61598746083  4.986298E-18
6494.12225705331  6.603103E-18
6498.62852664578  5.715404E-18
6503.13479623826  3.512841E-18
6507.64106583074  3.478180E-18
6512.14733542321  4.981058E-18
6516.65360501569  7.682629E-18
6521.15987460816  6.594510E-18
6525.66614420064  5.725433E-18
6530.17241379312  6.130427E-18
6534.67868338559  6.352056E-18
6539.18495297807  7.510063E-18
6543.69122257055  8.144343E-18
6548.19749216302  5.580557E-18
6552.7037617555  3.342036E-18
6557.21003134798  4.477420E-18
6561.71630094045  3.693290E-18
6566.22257053293  3.491410E-18
6570.72884012541  4.516460E-18
6575.23510971788  3.532757E-18
6579.74137931036  3.777276E-18
6584.24764890284  4.480888E-18
6588.75391849531  5.514618E-18
6593.26018808779  5.492325E-18
6597.76645768027  6.464258E-18
6602.27272727274  4.959161E-18
6606.77899686522  3.928401E-18
6611.2852664577  4.323437E-18
6615.79153605017  4.540892E-18
6620.29780564265  3.880956E-18
6624.80407523513  3.662493E-18
6629.3103448276  3.959580E-18
6633.81661442008  5.852711E-18
6638.32288401255  6.490707E-18
6642.82915360503  5.344452E-18
6647.33542319751  4.301186E-18
6651.84169278998  5.267873E-18
6656.34796238246  5.009013E-18
6660.85423197494  4.278832E-18
6665.36050156741  6.133061E-18
6669.86677115989  5.256317E-18
6674.37304075237  4.181357E-18
6678.87931034484  3.992500E-18
6683.38557993732  4.292941E-18
6687.8918495298  5.336126E-18
6692.39811912227  5.714039E-18
6696.90438871475  6.363419E-18
6701.41065830723  4.414892E-18
6705.9169278997  6.459879E-18
6710.42319749218  4.979075E-18
6714.92946708466  3.994130E-18
6719.43573667713  5.079582E-18
6723.94200626961  4.248035E-18
6728.44827586208  7.750442E-18
6732.95454545456  6.237097E-18
6737.46081504704  4.976290E-18
6741.96708463951  5.195192E-18
6746.47335423199  4.815971E-18
6750.97962382447  6.028062E-18
6755.48589341694  4.953942E-18
6759.99216300942  5.774583E-18
6764.4984326019  5.053440E-18
6769.00470219437  4.816487E-18
6773.51097178685  5.124061E-18
6778.01724137933  4.778560E-18
6782.5235109718  3.189546E-18
6787.02978056428  3.824371E-18
6791.53605015676  6.228796E-18
6796.04231974923  5.588615E-18
6800.54858934171  5.353855E-18
6805.05485893418  5.727012E-18
6809.56112852666  5.299519E-18
6814.06739811914  4.914829E-18
6818.57366771161  3.340636E-18
6823.07993730409  2.855455E-18
6827.58620689657  6.005152E-18
6832.09247648905  8.435408E-18
6836.59874608152  6.283533E-18
6841.105015674  4.218660E-18
6845.61128526647  4.983308E-18
6850.11755485895  4.381612E-18
6854.62382445143  4.653884E-18
6859.1300940439  4.485257E-18
6863.63636363638  3.475792E-18
6868.14263322886  5.921000E-18
6872.64890282133  7.748877E-18
6877.15517241381  8.774404E-18
6881.66144200629  1.014893E-17
6886.16771159876  6.101629E-18
6890.67398119124  5.163337E-18
6895.18025078372  3.606687E-18
6899.68652037619  5.096845E-18
6904.19278996867  4.075798E-18
6908.69905956115  3.410995E-18
6913.20532915362  4.808733E-18
6917.7115987461  1.746182E-18
6922.21786833858  4.312669E-18
6926.72413793105  6.340066E-18
6931.23040752353  6.573753E-18
6935.736677116  5.921211E-18
6940.24294670848  3.394995E-18
6944.74921630096  2.291062E-18
6949.25548589344  2.882132E-18
6953.76175548591  3.581139E-18
6958.26802507839  4.131679E-18
6962.77429467086  4.760766E-18
6967.28056426334  4.693464E-18
6971.78683385582  3.820075E-18
6976.29310344829  5.161978E-18
6980.79937304077  7.957497E-18
6985.30564263325  7.132392E-18
6989.81191222572  6.863004E-18
6994.3181818182  5.070739E-18
6998.82445141068  3.497476E-18
7003.33072100315  7.676955E-18
7007.83699059563  8.186308E-18
7012.34326018811  8.360631E-18
7016.84952978058  7.924492E-18
7021.35579937306  8.580086E-18
7025.86206896554  6.794057E-18
7030.36833855801  5.947144E-18
7034.87460815049  6.515505E-18
7039.38087774297  4.917718E-18
7043.88714733544  4.781265E-18
7048.39341692792  5.209465E-18
7052.89968652039  3.911530E-18
7057.40595611287  5.576004E-18
7061.91222570535  6.234299E-18
7066.41849529782  5.971513E-18
7070.9247648903  7.832591E-18
7075.43103448278  9.096926E-18
7079.93730407525  1.014710E-17
7084.44357366773  1.162779E-17
7088.94984326021  9.739756E-18
7093.45611285268  5.938266E-18
7097.96238244516  4.871565E-18
7102.46865203763  4.244179E-18
7106.97492163011  4.484130E-18
7111.48119122259  5.160107E-18
7115.98746081507  3.663846E-18
7120.49373040754  6.733141E-18
7125.00000000002  7.439654E-18
7129.50626959249  5.321147E-18
7134.01253918497  3.899347E-18
7138.51880877745  4.411980E-18
7143.02507836992  6.014175E-18
7147.5313479624  5.442044E-18
7152.03761755488  5.728346E-18
7156.54388714735  3.384114E-18
7161.05015673983  3.141939E-18
7165.55642633231  3.548596E-18
7170.06269592478  4.558866E-18
7174.56896551726  4.597931E-18
7179.07523510974  6.466740E-18
7183.58150470221  4.461037E-18
7188.08777429469  4.109820E-18
7192.59404388717  5.913285E-18
7197.10031347964  5.263153E-18
7201.60658307212  4.189251E-18
7206.1128526646  3.894262E-18
7210.61912225707  2.815721E-18
7215.12539184955  2.928942E-18
7219.63166144202  3.709131E-18
7224.1379310345  4.531939E-18
7228.64420062698  6.214580E-18
7233.15047021946  4.357953E-18
7237.65673981193  2.305734E-18
7242.16300940441  4.302127E-18
7246.66927899689  4.901776E-18
7251.17554858936  5.126169E-18
7255.68181818184  4.705953E-18
7260.18808777431  4.585070E-18
7264.69435736679  3.684045E-18
7269.20062695927  8.065424E-18
7273.70689655174  7.604180E-18
7278.21316614422  2.046067E-18
7282.7194357367  2.129711E-18
7287.22570532917  2.193032E-18
7291.73197492165  3.001439E-18
7296.23824451412  7.286361E-18
7300.7445141066  5.363669E-18
7305.25078369908  1.745793E-18
7309.75705329155  2.941315E-18
7314.26332288403  2.899073E-18
7318.76959247651  3.753636E-18
7323.27586206899  4.765082E-18
7327.78213166146  6.326104E-18
7332.28840125394  4.996849E-18
7336.79467084641  6.581214E-18
7341.30094043889  6.643529E-18
7345.80721003137  3.956133E-18
7350.31347962384  4.995088E-18
7354.81974921632  4.763626E-18
7359.3260188088  6.105665E-18
7363.83228840128  5.718656E-18
7368.33855799375  4.808429E-18
7372.84482758623  5.240716E-18
7377.3510971787  6.090966E-18
7381.85736677118  4.949553E-18
7386.36363636366  6.388669E-18
7390.86990595613  6.199141E-18
7395.37617554861  7.630832E-18
7399.88244514109  5.612640E-18
7404.38871473356  4.495703E-18
7408.89498432604  3.301600E-18
7413.40125391852  3.700030E-18
7417.90752351099  3.220205E-18
7422.41379310347  4.613779E-18
7426.92006269594  5.799639E-18
7431.42633228842  5.730266E-18
7435.9326018809  5.574517E-18
7440.43887147337  5.130577E-18
7444.94514106585  6.018250E-18
7449.45141065833  5.005001E-18
7453.95768025081  3.675804E-18
7458.46394984328  4.931741E-18
7462.97021943576  6.447951E-18
7467.47648902823  5.243051E-18
7471.98275862071  4.746059E-18
7476.48902821319  6.702466E-18
7480.99529780566  7.078859E-18
7485.50156739814  5.898384E-18
7490.00783699061  6.950488E-18
7494.51410658309  5.023794E-18
7499.02037617557  4.890490E-18
7503.52664576805  4.384915E-18
7508.03291536052  5.465717E-18
7512.539184953  6.041793E-18
7517.04545454547  4.488576E-18
7521.55172413795  4.408984E-18
7526.05799373043  3.793690E-18
7530.56426332291  3.254546E-18
7535.07053291538  2.224673E-18
7539.57680250786  3.266509E-18
7544.08307210033  4.982180E-18
7548.58934169281  4.530114E-18
7553.09561128529  4.500719E-18
7557.60188087776  4.848686E-18
7562.10815047024  4.704637E-18
7566.61442006272  5.932452E-18
7571.12068965519  5.377401E-18
7575.62695924767  8.372857E-18
7580.13322884015  7.257175E-18
7584.63949843262  5.471919E-18
7589.1457680251  5.530019E-18
7593.65203761758  5.783765E-18
7598.15830721005  4.237486E-18
7602.66457680253  8.233293E-18
7607.17084639501  6.912351E-18
7611.67711598748  2.751023E-18
7616.18338557996  3.148469E-18
7620.68965517244  5.033695E-18
7625.19592476491  6.893661E-18
7629.70219435739  1.276160E-17
7634.20846394987  1.899866E-17
7638.71473354234  1.688311E-17
7643.22100313482  6.733103E-18
7647.7272727273  5.225796E-18
7652.23354231977  5.932567E-18
7656.73981191225  7.123304E-18
7661.24608150472  4.300854E-18
7665.7523510972  4.761903E-18
7670.25862068968  3.673148E-18
7674.76489028215  2.093355E-18
7679.27115987463  4.219256E-18
7683.7774294671  6.256802E-18
7688.28369905958  5.673313E-18
7692.78996865206  6.367098E-18
7697.29623824454  6.131270E-18
7701.80250783701  3.417461E-18
7706.30877742949  5.518359E-18
7710.81504702196  2.040846E-18
7715.32131661444  1.161802E-18
7719.82758620692  2.227967E-18
7724.33385579939  2.006411E-18
7728.84012539187  5.748586E-18
7733.34639498435  6.418944E-18
7737.85266457682  6.677159E-18
7742.3589341693  1.236183E-18
7746.86520376178  -7.953954E-19
7751.37147335425  5.920745E-18
7755.87774294673  3.825956E-18
7760.38401253921  2.622561E-18
7764.89028213168  3.692991E-18
7769.39655172416  3.312294E-18
7773.90282131664  6.131890E-18
7778.40909090911  5.599162E-18
7782.91536050159  4.272605E-18
7787.42163009407  4.788848E-18
7791.92789968654  4.000809E-18
7796.43416927902  2.002376E-18
7800.9404388715  2.152396E-18
7805.44670846397  7.471119E-18
7809.95297805645  1.046828E-17
7814.45924764893  5.470030E-18
7818.9655172414  3.630575E-18
7823.47178683388  1.528500E-18
7827.97805642636  5.133893E-18
7832.48432601883  6.940935E-18
7836.99059561131  4.333109E-18
7841.49686520378  5.122430E-18
7846.00313479626  2.608005E-18
7850.50940438874  2.232700E-18
7855.01567398121  2.154468E-18
7859.52194357369  4.952218E-18
7864.02821316617  6.635428E-18
7868.53448275864  9.978606E-18
7873.04075235112  6.944542E-18
7877.5470219436  4.238239E-18
7882.05329153607  3.484233E-18
7886.55956112855  2.949634E-18
7891.06583072102  6.940448E-18
7895.5721003135  5.114165E-18
7900.07836990598  5.760192E-18
7904.58463949846  3.524835E-18
7909.09090909093  4.468103E-18
7913.59717868341  6.599307E-18
7918.10344827588  6.799505E-18
7922.60971786836  7.463391E-18
7927.11598746084  2.913922E-18
7931.62225705331  3.590647E-18
7936.12852664579  5.135827E-18
7940.63479623827  5.736977E-18
7945.14106583074  2.939487E-18
7949.64733542322  6.150421E-18
7954.1536050157  4.692259E-18
7958.65987460817  3.330066E-18
7963.16614420065  1.962183E-18
7967.67241379313  8.412044E-18
7972.1786833856  6.194065E-18
7976.68495297808  4.579465E-18
7981.19122257056  6.954769E-18
7985.69749216303  9.267235E-18
7990.20376175551  9.385441E-18
7994.71003134799  3.199337E-18
7999.21630094046  3.320268E-18
8003.72257053294  3.616917E-18
8008.22884012542  1.154418E-18
8012.73510971789  6.021325E-18
8017.24137931037  6.974334E-18
8021.74764890284  6.616478E-18
8026.25391849532  7.750577E-18
8030.7601880878  6.772641E-18
8035.26645768028  6.859417E-18
8039.77272727275  4.627569E-18
8044.27899686523  2.751883E-18
8048.7852664577  2.574083E-18
8053.29153605018  9.004515E-18
8057.79780564266  4.789810E-18
8062.30407523513  8.475961E-19
8066.81034482761  4.476099E-18
8071.31661442009  5.596564E-18
8075.82288401256  3.516696E-18
8080.32915360504  3.499123E-18
8084.83542319751  5.842754E-18
8089.34169278999  6.288292E-18
8093.84796238247  5.639999E-18
8098.35423197494  2.548037E-18
8102.86050156742  1.059879E-18
8107.3667711599  3.971128E-18
8111.87304075238  4.958167E-18
8116.37931034485  2.713735E-18
8120.88557993733  4.225891E-18
8125.3918495298  4.713499E-18
8129.89811912228  5.187762E-18
8134.40438871476  6.512849E-18
8138.91065830723  4.490484E-18
8143.41692789971  5.960319E-18
8147.92319749219  2.462428E-18
8152.42946708466  3.552851E-18
8156.93573667714  4.266611E-18
8161.44200626962  2.259155E-18
8165.94827586209  3.254022E-18
8170.45454545457  4.422499E-18
8174.96081504705  5.994813E-18
8179.46708463952  6.567991E-18
8183.973354232  7.737174E-18
8188.47962382448  6.229572E-18
8192.98589341695  3.192700E-18
8197.49216300943  6.800768E-18
8201.99843260191  3.733897E-18
8206.50470219438  6.060401E-18
8211.01097178686  8.323391E-18
8215.51724137933  5.432795E-18
8220.02351097181  7.481019E-18
8224.52978056429  4.931556E-18
8229.03605015677  2.829433E-18
8233.54231974924  2.537373E-18
8238.04858934172  4.091687E-18
8242.5548589342  4.210379E-18
8247.06112852667  3.648520E-18
8251.56739811915  5.168601E-18
8256.07366771162  6.019946E-18
8260.5799373041  8.054493E-18
8265.08620689658  6.876247E-18
8269.59247648905  3.484754E-18
8274.09874608153  3.452071E-18
8278.60501567401  3.320662E-18
8283.11128526648  1.053145E-18
8287.61755485896  2.242303E-18
8292.12382445143  1.606102E-17
8296.63009404391  1.178117E-17
8301.13636363639  4.828122E-18
8305.64263322887  6.312767E-18
8310.14890282134  5.517586E-18
8314.65517241382  4.193049E-18
8319.16144200629  6.215407E-18
8323.66771159877  5.535189E-18
8328.17398119125  6.016301E-18
8332.68025078372  9.400754E-18
8337.1865203762  7.980900E-18
8341.69278996868  1.441068E-18
8346.19905956115  1.536224E-19
8350.70532915363  4.762835E-18
8355.21159874611  9.371218E-18
8359.71786833858  6.971106E-18
8364.22413793106  6.158472E-18
8368.73040752354  3.095535E-18
8373.23667711601  5.228564E-18
8377.74294670849  8.711156E-19
8382.24921630097  1.301282E-18
8386.75548589344  -8.319331E-19
8391.26175548592  3.921250E-18
8395.7680250784  4.287165E-18
8400.27429467087  6.758825E-18
8404.78056426335  4.156179E-18
8409.28683385583  4.244517E-18
8413.7931034483  1.721627E-18
8418.29937304078  8.715950E-19
8422.80564263325  6.390752E-18
8427.31191222573  8.444157E-18
8431.81818181821  3.089148E-18
8436.32445141069  3.095568E-18
8440.83072100316  8.447048E-18
8445.33699059564  6.740009E-18
8449.84326018811  4.115080E-18
8454.34952978059  1.416273E-18
8458.85579937307  5.211431E-18
8463.36206896554  3.647803E-18
8467.86833855802  4.845253E-18
8472.3746081505  3.416457E-18
8476.88087774297  1.034078E-18
8481.38714733545  2.275984E-18
8485.89341692793  4.566508E-18
8490.3996865204  5.371293E-18
8494.90595611288  5.501364E-18
8499.41222570535  6.292552E-18
8503.91849529783  4.779215E-18
8508.42476489031  3.066794E-18
8512.93103448278  -4.026137E-20
8517.43730407526  -3.331832E-19
8521.94357366774  4.544226E-18
8526.44984326021  6.637254E-18
8530.95611285269  6.024148E-18
8535.46238244517  3.744507E-18
8539.96865203764  4.373815E-18
8544.47492163012  4.495900E-18
8548.9811912226  4.820308E-18
8553.48746081507  4.731192E-18
8557.99373040755  5.638844E-18
8562.50000000003  5.667624E-18
8567.0062695925  3.894436E-18
8571.51253918498  4.306476E-18
8576.01880877746  -6.366392E-20
8580.52507836993  1.907285E-18
8585.03134796241  3.224526E-18
8589.53761755489  2.272363E-18
8594.04388714736  3.623401E-18
8598.55015673984  3.805918E-18
8603.05642633231  2.274566E-18
8607.56269592479  2.710675E-18
8612.06896551727  4.361768E-18
8616.57523510974  8.054938E-18
8621.08150470222  1.005119E-17
8625.5877742947  8.694268E-18
8630.09404388717  9.771430E-18
8634.60031347965  4.179213E-18
8639.10658307213  1.171615E-18
8643.6128526646  -2.407019E-18
8648.11912225708  -4.619277E-18
8652.62539184956  1.511848E-18
8657.13166144203  3.107020E-18
8661.63793103451  5.000814E-18
8666.14420062699  7.134922E-18
8670.65047021946  2.604984E-18
8675.15673981194  1.552956E-18
8679.66300940442  3.122155E-18
8684.16927899689  5.500111E-18
8688.67554858937  5.244747E-18
8693.18181818185  3.718710E-18
8697.68808777432  4.490379E-18
8702.1943573668  5.354356E-18
8706.70062695928  3.842605E-18
8711.20689655175  3.307724E-18
8715.71316614423  2.719549E-18
8720.21943573671  2.013886E-18
8724.72570532918  1.976670E-18
8729.23197492166  3.576504E-18
8733.73824451413  6.262171E-18
8738.24451410661  5.468403E-18
8742.75078369909  7.294213E-18
8747.25705329156  5.909862E-18
8751.76332288404  1.502553E-18
8756.26959247652  -4.888799E-18
8760.77586206899  -8.459105E-18
8765.28213166147  -3.307099E-18
8769.78840125395  1.865091E-18
8774.29467084642  2.897210E-18
8778.8009404389  2.272422E-18
8783.30721003138  -3.441055E-18
8787.81347962385  1.573873E-18
8792.31974921633  5.564903E-18
8796.82601880881  6.172112E-18
8801.33228840128  6.279535E-18
8805.83855799376  4.824068E-18
8810.34482758624  4.200543E-18
8814.85109717871  1.003388E-17
8819.35736677119  1.361539E-17
8823.86363636367  2.128279E-18
8828.36990595614  -3.991839E-18
8832.87617554862  -5.945164E-18
8837.3824451411  -8.355840E-19
8841.88871473357  7.742162E-18
8846.39498432605  1.176400E-17
8850.90125391853  1.123850E-17
8855.407523511  7.064586E-18
8859.91379310348  6.416486E-18
8864.42006269595  2.257423E-18
8868.92633228843  -1.771228E-18
8873.43260188091  -7.327287E-18
8877.93887147338  -9.022566E-19
8882.44514106586  9.940219E-18
8886.95141065834  6.137250E-18
8891.45768025081  3.160287E-18
8895.96394984329  8.515747E-18
8900.47021943576  1.718596E-18
8904.97648902824  -4.345272E-18
8909.48275862072  -3.888435E-18
8913.98902821319  -1.427517E-18
8918.49529780567  4.793276E-18
8923.00156739815  5.394813E-18
8927.50783699062  6.185443E-18
8932.0141065831  5.826416E-18
8936.52037617558  1.038205E-18
8941.02664576805  2.473064E-18
8945.53291536053  8.777414E-18
8950.03918495301  1.498297E-18
8954.54545454548  -9.149549E-18
8959.05172413796  -6.485729E-18
8963.55799373044  1.016026E-17
8968.06426332291  1.291370E-17
8972.57053291539  7.743105E-18
8977.07680250787  6.964432E-18
8981.58307210034  4.121511E-18
8986.08934169282  9.529903E-19
8990.5956112853  -3.649445E-18
8995.10188087777  -1.129568E-17
8999.60815047025  1.776793E-19
9004.11442006272  1.090660E-17
9008.6206896552  1.272454E-17
9013.12695924768  9.465606E-18
9017.63322884015  7.576483E-18
9022.13949843263  6.883206E-18
9026.64576802511  3.723804E-18
9031.15203761758  2.649665E-19
9035.65830721006  -1.319337E-20
9040.16457680254  4.326996E-18
9044.67084639501  1.107258E-17
9049.17711598749  1.457726E-17
9053.68338557997  9.832737E-18
9058.18965517244  2.786784E-18
9062.69592476492  -1.366538E-18
9067.2021943574  -3.925225E-19
9071.70846394987  -1.009174E-19
9076.21473354235  7.186036E-18
9080.72100313483  9.066889E-18
9085.2272727273  5.837315E-18
9089.73354231978  9.210611E-18
9094.23981191226  8.576755E-18
9098.74608150473  2.960529E-19
9103.25235109721  -6.938360E-20
9107.75862068969  4.193817E-18
9112.26489028216  4.194931E-18
9116.77115987464  5.591121E-18
9121.27742946712  6.415452E-18
9125.78369905959  5.492347E-18
9130.28996865207  5.333901E-18
9134.79623824454  4.683031E-18
9139.30250783702  6.549036E-18
9143.8087774295  2.719754E-18
9148.31504702197  6.968771E-19
9152.82131661445  6.539163E-18
9157.32758620693  1.153003E-17
9161.8338557994  1.062736E-17
9166.34012539188  5.852215E-18
9170.84639498436  5.811965E-18
9175.35266457683  4.279519E-18
9179.85893416931  3.563273E-18
9184.36520376179  4.748701E-18
9188.87147335426  2.906008E-18
9193.37774294674  4.392238E-18
9197.88401253922  4.830187E-18
9202.39028213169  2.096391E-18
9206.89655172417  3.165781E-18
9211.40282131664  6.194574E-18
9215.90909090912  7.863712E-18
9220.4153605016  5.532055E-19
9224.92163009408  -1.461296E-18
9229.42789968655  3.689200E-19
9233.93416927903  2.557223E-18
9238.44043887151  3.090686E-18
9242.94670846398  3.559862E-18
9247.45297805646  5.585510E-18
9251.95924764894  7.942032E-18
9256.46551724141  1.081689E-17
9260.97178683389  6.150108E-18
9265.47805642636  4.497426E-19
9269.98432601884  5.563060E-18
9274.49059561132  1.316955E-17
9278.99686520379  1.710133E-17
9283.50313479627  1.850294E-17
9288.00940438875  1.803437E-17
9292.51567398122  1.439701E-17
9297.0219435737  8.695768E-18
9301.52821316618  2.783334E-18
9306.03448275865  3.505931E-18
9310.54075235113  -1.927218E-17
9315.0470219436  -3.217799E-17
9319.55329153608  -3.592715E-17
9324.05956112856  -1.539182E-17
9328.56583072103  -5.861750E-18
9333.07210031351  -8.113801E-18
9337.57836990599  1.266983E-17
9342.08463949846  1.983402E-17
9346.59090909094  1.517354E-17
9351.09717868342  1.274867E-17
9355.60344827589  6.574242E-18
9360.10971786837  2.388850E-17
9364.61598746085  4.153932E-17
9369.12225705332  7.107342E-18
9373.6285266458  1.271053E-17
9378.13479623827  6.772488E-17
9382.64106583075  6.829377E-17
9387.14733542323  3.843767E-17
9391.65360501571  5.997134E-18
9396.15987460818  -5.442648E-18
9400.66614420066  -2.571006E-18
9405.17241379314  -9.440376E-19
9409.67868338561  -7.661214E-18
9414.18495297809  -3.976780E-18
9418.69122257056  5.470481E-18
9423.19749216304  9.559908E-18
9427.70376175552  -7.442905E-18
9432.21003134799  -5.707143E-18
9436.71630094047  5.393266E-18
9441.22257053295  7.152364E-18
9445.72884012542  1.565972E-17
9450.2351097179  1.260695E-17
9454.74137931038  -9.422005E-18
9459.24764890285  -1.200821E-17
9463.75391849533  -1.813429E-17
9468.26018808781  -2.950973E-17
9472.76645768028  4.022149E-18
9477.27272727276  2.746300E-17
9481.77899686524  1.983799E-17
9486.28526645771  2.083120E-17
9490.79153605019  4.570448E-18
9495.29780564266  -2.422015E-18
9499.80407523514  -8.838464E-20
9504.31034482762  -1.716672E-18
9508.8166144201  -5.608936E-18
9513.32288401257  -5.974059E-18
9517.82915360505  5.087686E-18
9522.33542319753  1.698630E-17
9526.84169279  1.181207E-17
9531.34796238248  1.116903E-17
9535.85423197496  1.711193E-17
9540.36050156743  1.803590E-17
9544.86677115991  8.862077E-18
9549.37304075238  1.515977E-18
9553.87931034486  3.675880E-18
9558.38557993734  4.355595E-20
9562.89184952981  -2.916190E-19
9567.39811912229  1.794774E-17
9571.90438871477  2.258106E-17
9576.41065830724  1.780724E-17
9580.91692789972  1.169164E-17
9585.4231974922  8.620774E-18
9589.92946708467  6.630552E-18
9594.43573667715  5.747853E-18
9598.94200626963  2.134465E-18
9603.4482758621  -4.730053E-19
9607.95454545458  -2.149235E-18
9612.46081504705  1.119141E-18
9616.96708463953  4.400222E-18
9621.47335423201  2.670018E-18
9625.97962382448  3.976561E-18
9630.48589341696  6.018159E-18
9634.99216300944  7.711850E-18
9639.49843260192  7.900322E-18
9644.00470219439  4.526801E-18
9648.51097178687  -1.054585E-18
9653.01724137935  3.400497E-19
9657.52351097182  1.084309E-18
9662.0297805643  -2.335122E-18
9666.53605015677  -5.489325E-18
9671.04231974925  2.759715E-18
9675.54858934173  5.654438E-18
9680.0548589342  5.278251E-18
9684.56112852668  1.084931E-17
9689.06739811916  1.332267E-17
9693.57366771163  7.202573E-18
9698.07993730411  5.573939E-18
9702.58620689659  8.606260E-18
9707.09247648906  1.092918E-17
9711.59874608154  7.778667E-18
9716.10501567401  2.976138E-18
9720.61128526649  -2.925178E-18
9725.11755485897  -1.494902E-18
9729.62382445144  2.208626E-18
9734.13009404392  1.017528E-17
9738.6363636364  1.093150E-17
9743.14263322887  3.164066E-18
9747.64890282135  4.120175E-18
9752.15517241383  3.708841E-18
9756.6614420063  -2.691806E-18
9761.16771159878  -8.176611E-20
9765.67398119126  3.863939E-18
9770.18025078373  9.370204E-18
9774.68652037621  6.362146E-18
9779.19278996869  -2.789819E-18
9783.69905956116  -1.106317E-17
9788.20532915364  1.769102E-18
9792.71159874611  -1.766396E-18
9797.21786833859  -8.169442E-18
9801.72413793107  -5.906083E-18
9806.23040752355  -6.810819E-19
9810.73667711602  1.021400E-18
9815.2429467085  6.802109E-18
9819.74921630097  7.143241E-18
9824.25548589345  9.431146E-18
9828.76175548593  1.401721E-17
9833.2680250784  6.169904E-18
9837.77429467088  3.756847E-18
9842.28056426336  1.344875E-17
9846.78683385583  9.024159E-18
9851.29310344831  5.361433E-19
9855.79937304079  4.673861E-18
9860.30564263326  4.855593E-18
9864.81191222574  4.497619E-18
9869.31818181822  -8.197864E-18
9873.82445141069  -3.706750E-18
9878.33072100317  -1.731594E-19
9882.83699059565  -3.680977E-18
9887.34326018812  -7.072335E-18
9891.8495297806  2.239760E-18
9896.35579937307  6.464708E-18
9900.86206896555  -8.385983E-18
9905.36833855803  6.283202E-19
9909.87460815051  2.555157E-18
9914.38087774298  -4.230242E-19
9918.88714733546  5.285823E-18
9923.39341692794  9.419904E-18
9927.89968652041  4.658570E-18
9932.40595611289  2.966010E-18
9936.91222570537  8.665180E-18
9941.41849529784  2.317799E-18
9945.92476489032  -7.775613E-18
9950.43103448279  9.219846E-19
9954.93730407527  2.078581E-17
9959.44357366775  2.886900E-17
9963.94984326022  1.366442E-17
9968.4561128527  9.533507E-18
9972.96238244518  1.122826E-17
9977.46865203765  6.704505E-18
9981.97492163013  -5.410976E-18
9986.48119122261  -1.940508E-18
9990.98746081508  5.801056E-18
9995.49373040756  -8.006321E-18
10000.  -8.826565E-18
