3949.82245655293  1.264182E-17
3953.37605930217  -4.664266E-18
3956.92966205141  -8.224993E-18
3960.48326480064  2.285489E-17
3964.03686754988  2.076125E-17
3967.59047029912  3.206985E-17
3971.14407304836  -7.712934E-18
3974.6976757976  1.355523E-17
3978.25127854683  2.252861E-17
3981.80488129607  4.792395E-18
3985.35848404531  1.399222E-17
3988.91208679455  4.565817E-18
3992.46568954378  2.520530E-17
3996.01929229302  1.278593E-17
3999.57289504226  3.875574E-18
4003.1264977915  1.935024E-17
4006.68010054074  1.510651E-18
4010.23370328997  -7.322442E-18
4013.78730603921  1.233887E-17
4017.34090878845  8.096446E-18
4020.89451153769  2.856080E-18
4024.44811428693  6.588616E-18
4028.00171703616  6.370967E-18
4031.5553197854  9.404051E-18
4035.10892253464  1.785403E-17
4038.66252528388  2.175510E-17
4042.21612803312  8.718675E-18
4045.76973078235  6.151636E-18
4049.32333353159  1.834103E-17
4052.87693628083  1.359227E-17
4056.43053903007  1.408696E-17
4059.98414177931  1.663318E-17
4063.53774452854  1.485442E-17
4067.09134727778  6.767007E-18
4070.64495002702  1.405275E-18
4074.19855277626  7.420531E-18
4077.75215552549  -6.255407E-18
4081.30575827473  1.299139E-18
4084.85936102397  -9.979988E-18
4088.41296377321  -8.148033E-19
4091.96656652245  7.768750E-18
4095.52016927168  2.173145E-17
4099.07377202092  1.101504E-17
4102.62737477016  1.502397E-18
4106.1809775194  1.532863E-17
4109.73458026864  8.560467E-18
4113.28818301787  2.763386E-18
4116.84178576711  9.878686E-18
4120.39538851635  1.104786E-17
4123.94899126559  8.220538E-18
4127.50259401483  1.361594E-18
4131.05619676406  -1.140936E-17
4134.6097995133  3.916761E-18
4138.16340226254  -1.338623E-18
4141.71700501178  5.951723E-18
4145.27060776102  1.765068E-18
4148.82421051025  7.875364E-18
4152.37781325949  7.592067E-18
4155.93141600873  4.541831E-18
4159.48501875797  8.369395E-19
4163.03862150721  1.163442E-17
4166.59222425644  1.266683E-17
4170.14582700568  1.273630E-17
4173.69942975492  9.096545E-18
4177.25303250416  1.422792E-17
4180.8066352534  6.469619E-18
4184.36023800263  7.556814E-18
4187.91384075187  6.458554E-18
4191.46744350111  6.521409E-18
4195.02104625035  4.368229E-18
4198.57464899958  7.599094E-18
4202.12825174882  1.128703E-17
4205.68185449806  3.073842E-18
4209.2354572473  5.936051E-18
4212.78905999654  1.124716E-17
4216.34266274577  1.323461E-17
4219.89626549501  1.285920E-17
4223.44986824425  7.376597E-18
4227.00347099349  -1.679330E-18
4230.55707374273  3.052930E-18
4234.11067649196  9.249532E-18
4237.6642792412  1.651723E-17
4241.21788199044  5.675235E-18
4244.77148473968  7.142025E-18
4248.32508748892  9.380711E-18
4251.87869023815  9.960322E-18
4255.43229298739  1.066603E-17
4258.98589573663  1.163800E-17
4262.53949848587  8.297076E-19
4266.0931012351  8.687010E-18
4269.64670398434  1.263060E-17
4273.20030673358  6.815599E-18
4276.75390948282  8.060486E-18
4280.30751223206  1.122701E-17
4283.86111498129  1.248402E-17
4287.41471773053  1.305668E-17
4290.96832047977  9.644121E-18
4294.52192322901  2.065456E-18
4298.07552597825  1.146747E-17
4301.62912872748  1.158119E-17
4305.18273147672  1.023689E-17
4308.73633422596  1.085069E-17
4312.2899369752  5.712715E-18
4315.84353972444  3.915977E-18
4319.39714247367  7.345983E-18
4322.95074522291  1.195601E-17
4326.50434797215  1.021761E-17
4330.05795072139  4.507763E-18
4333.61155347063  1.136948E-17
4337.16515621986  1.003908E-17
4340.7187589691  8.293609E-18
4344.27236171834  1.419789E-17
4347.82596446758  1.273574E-17
4351.37956721681  9.531826E-18
4354.93316996605  7.674763E-18
4358.48677271529  6.960501E-18
4362.04037546453  3.163467E-18
4365.59397821377  5.687317E-18
4369.14758096301  3.147375E-18
4372.70118371224  8.473962E-18
4376.25478646148  1.077901E-17
4379.80838921072  1.736311E-17
4383.36199195996  1.053562E-17
4386.91559470919  8.038377E-18
4390.46919745843  5.499154E-18
4394.02280020767  1.359083E-17
4397.57640295691  1.579955E-17
4401.13000570615  1.099820E-17
4404.68360845538  1.760946E-17
4408.23721120462  5.069148E-18
4411.79081395386  8.328687E-18
4415.3444167031  1.052852E-17
4418.89801945233  1.072625E-17
4422.45162220157  2.833615E-18
4426.00522495081  7.121683E-18
4429.55882770005  6.749093E-18
4433.11243044929  7.481585E-18
4436.66603319852  1.458233E-17
4440.21963594776  8.241874E-18
4443.773238697  5.629692E-18
4447.32684144624  6.194352E-18
4450.88044419548  9.399296E-18
4454.43404694471  5.912634E-18
4457.98764969395  3.939217E-18
4461.54125244319  6.076345E-18
4465.09485519243  9.084973E-18
4468.64845794167  6.267062E-18
4472.2020606909  1.126320E-17
4475.75566344014  1.057306E-17
4479.30926618938  8.963934E-18
4482.86286893862  9.513347E-18
4486.41647168786  1.184285E-17
4489.97007443709  3.634909E-18
4493.52367718633  9.046571E-18
4497.07727993557  7.155777E-18
4500.63088268481  1.270040E-17
4504.18448543404  1.141343E-17
4507.73808818328  2.138075E-18
4511.29169093252  5.839194E-18
4514.84529368176  9.047837E-18
4518.398896431  9.418065E-18
4521.95249918023  7.323857E-18
4525.50610192947  4.979150E-18
4529.05970467871  7.199989E-18
4532.61330742795  5.780243E-18
4536.16691017719  4.702077E-18
4539.72051292642  7.323397E-18
4543.27411567566  1.124964E-17
4546.8277184249  8.616065E-18
4550.38132117414  7.979678E-18
4553.93492392338  1.249724E-17
4557.48852667261  6.061491E-18
4561.04212942185  4.354747E-18
4564.59573217109  1.351160E-17
4568.14933492033  9.278759E-18
4571.70293766956  6.638860E-18
4575.2565404188  1.287608E-17
4578.81014316804  8.598825E-18
4582.36374591728  1.229121E-17
4585.91734866652  5.105709E-18
4589.47095141575  7.568409E-18
4593.02455416499  1.132800E-17
4596.57815691423  1.106606E-17
4600.13175966347  1.055811E-17
4603.68536241271  9.439530E-18
4607.23896516195  1.023592E-17
4610.79256791118  7.020212E-18
4614.34617066042  7.343003E-18
4617.89977340966  1.050258E-17
4621.4533761589  7.997130E-18
4625.00697890813  4.131355E-18
4628.56058165737  1.002241E-17
4632.11418440661  1.017613E-17
4635.66778715585  8.910342E-18
4639.22138990509  5.393860E-18
4642.77499265432  6.358979E-18
4646.32859540356  8.306982E-18
4649.8821981528  1.223278E-17
4653.43580090204  1.049167E-17
4656.98940365128  7.027594E-18
4660.54300640051  3.332350E-18
4664.09660914975  5.261016E-18
4667.65021189899  9.785586E-18
4671.20381464823  8.855670E-18
4674.75741739746  6.739216E-18
4678.3110201467  4.532058E-18
4681.86462289594  8.182533E-18
4685.41822564518  9.423734E-18
4688.97182839442  9.520107E-18
4692.52543114366  4.898976E-18
4696.07903389289  6.289055E-18
4699.63263664213  5.874647E-18
4703.18623939137  4.616553E-18
4706.73984214061  7.448201E-18
4710.29344488984  8.208001E-18
4713.84704763908  1.349867E-17
4717.40065038832  4.640329E-18
4720.95425313756  4.227857E-18
4724.5078558868  7.984078E-18
4728.06145863603  7.227190E-18
4731.61506138527  8.664821E-18
4735.16866413451  3.742728E-18
4738.72226688375  5.366013E-18
4742.27586963299  4.921069E-18
4745.82947238222  7.277977E-18
4749.38307513146  6.297524E-18
4752.9366778807  6.813670E-18
4756.49028062994  7.499838E-18
4760.04388337918  1.014554E-17
4763.59748612841  1.106552E-17
4767.15108887765  7.138333E-18
4770.70469162689  5.765927E-18
4774.25829437613  8.606530E-18
4777.81189712536  6.059292E-18
4781.3654998746  1.103828E-17
4784.91910262384  1.076229E-17
4788.47270537308  7.036318E-18
4792.02630812232  7.540856E-18
4795.57991087155  8.299444E-18
4799.13351362079  1.204359E-17
4802.68711637003  1.279563E-17
4806.24071911927  1.083318E-17
4809.79432186851  7.480029E-18
4813.34792461774  7.751011E-18
4816.90152736698  6.659383E-18
4820.45513011622  1.021278E-17
4824.00873286546  8.467583E-18
4827.5623356147  3.842945E-18
4831.11593836393  7.901692E-18
4834.66954111317  8.823000E-18
4838.22314386241  4.396705E-18
4841.77674661165  1.012850E-17
4845.33034936088  1.522384E-17
4848.88395211012  7.948657E-18
4852.43755485936  8.709027E-18
4855.9911576086  1.337146E-17
4859.54476035784  9.656557E-18
4863.09836310707  6.289635E-18
4866.65196585631  8.063641E-18
4870.20556860555  1.053199E-17
4873.75917135479  1.439902E-17
4877.31277410403  1.958280E-17
4880.86637685326  1.756924E-17
4884.4199796025  1.373447E-17
4887.97358235174  1.001032E-17
4891.52718510098  8.302616E-18
4895.08078785022  9.895330E-18
4898.63439059945  7.654691E-18
4902.18799334869  8.949382E-18
4905.74159609793  1.050340E-17
4909.29519884717  1.170377E-17
4912.8488015964  7.271251E-18
4916.40240434564  8.123664E-18
4919.95600709488  1.036177E-17
4923.50960984412  6.470402E-18
4927.06321259336  9.360078E-18
4930.6168153426  1.342069E-17
4934.17041809183  1.104786E-17
4937.72402084107  1.268285E-17
4941.27762359031  1.168690E-17
4944.83122633955  9.484700E-18
4948.38482908878  1.205933E-17
4951.93843183802  1.429863E-17
4955.49203458726  1.527959E-17
4959.0456373365  1.155011E-17
4962.59924008574  3.957342E-18
4966.15284283497  6.545947E-18
4969.70644558421  6.728728E-18
4973.26004833345  7.288187E-18
4976.81365108269  1.353420E-17
4980.36725383193  1.186720E-17
4983.92085658116  1.135119E-17
4987.4744593304  8.927927E-18
4991.02806207964  1.173795E-17
4994.58166482888  1.202749E-17
4998.13526757812  9.313527E-18
5001.68887032735  4.902665E-18
5005.24247307659  7.855396E-18
5008.79607582583  1.075526E-17
5012.34967857507  6.202557E-18
5015.90328132431  5.810583E-18
5019.45688407354  5.536192E-18
5023.01048682278  6.042791E-18
5026.56408957202  8.455130E-18
5030.11769232126  8.200203E-18
5033.67129507049  9.409921E-18
5037.22489781973  9.459739E-18
5040.77850056897  1.454247E-17
5044.33210331821  1.243983E-17
5047.88570606745  8.711846E-18
5051.43930881668  1.206607E-17
5054.99291156592  1.563253E-17
5058.54651431516  1.425829E-17
5062.1001170644  1.654093E-17
5065.65371981364  1.618490E-17
5069.20732256287  1.374398E-17
5072.76092531211  1.207309E-17
5076.31452806135  1.026827E-17
5079.86813081059  9.665136E-18
5083.42173355983  4.661426E-18
5086.97533630906  7.503374E-18
5090.5289390583  8.322131E-18
5094.08254180754  1.011280E-17
5097.63614455678  9.547080E-18
5101.18974730601  1.322670E-17
5104.74335005525  8.103212E-18
5108.29695280449  1.110093E-17
5111.85055555373  1.224723E-17
5115.40415830297  1.128787E-17
5118.95776105221  9.362595E-18
5122.51136380144  1.206763E-17
5126.06496655068  1.115762E-17
5129.61856929992  1.266113E-17
5133.17217204916  1.148751E-17
5136.72577479839  1.330624E-17
5140.27937754763  8.457707E-18
5143.83298029687  1.027973E-17
5147.38658304611  1.344335E-17
5150.94018579535  1.488718E-17
5154.49378854458  1.316611E-17
5158.04739129382  1.248795E-17
5161.60099404306  1.059732E-17
5165.1545967923  1.286714E-17
5168.70819954154  1.291154E-17
5172.26180229077  1.311126E-17
5175.81540504001  1.645572E-17
5179.36900778925  1.463971E-17
5182.92261053849  8.755665E-18
5186.47621328773  9.112807E-18
5190.02981603696  9.406360E-18
5193.5834187862  7.874738E-18
5197.13702153544  1.187079E-17
5200.69062428468  7.264079E-18
5204.24422703391  1.103790E-17
5207.79782978315  1.740357E-17
5211.35143253239  1.722799E-17
5214.90503528163  1.243171E-17
5218.45863803087  9.970225E-18
5222.0122407801  1.020556E-17
5225.56584352934  1.140198E-17
5229.11944627858  1.495761E-17
5232.67304902782  1.791025E-17
5236.22665177706  1.263088E-17
5239.78025452629  1.378099E-17
5243.33385727553  1.698899E-17
5246.88746002477  1.205602E-17
5250.44106277401  1.475151E-17
5253.99466552325  1.352371E-17
5257.54826827248  1.201099E-17
5261.10187102172  1.665068E-17
5264.65547377096  1.246835E-17
5268.2090765202  1.121588E-17
5271.76267926943  8.509001E-18
5275.31628201867  1.742002E-17
5278.86988476791  1.681689E-17
5282.42348751715  1.509133E-17
5285.97709026639  1.748978E-17
5289.53069301563  1.600504E-17
5293.08429576486  1.883637E-17
5296.6378985141  1.293024E-17
5300.19150126334  1.415620E-17
5303.74510401258  1.429881E-17
5307.29870676182  1.695492E-17
5310.85230951105  1.541604E-17
5314.40591226029  1.608675E-17
5317.95951500953  1.185514E-17
5321.51311775877  1.565277E-17
5325.066720508  1.711035E-17
5328.62032325724  1.657977E-17
5332.17392600648  1.581340E-17
5335.72752875572  1.370480E-17
5339.28113150496  1.627371E-17
5342.83473425419  1.559565E-17
5346.38833700343  1.353398E-17
5349.94193975267  1.399188E-17
5353.49554250191  1.510813E-17
5357.04914525115  1.476566E-17
5360.60274800038  1.482551E-17
5364.15635074962  1.233456E-17
5367.70995349886  9.523916E-18
5371.2635562481  9.134098E-18
5374.81715899733  1.729228E-17
5378.37076174657  1.120391E-17
5381.92436449581  1.209352E-17
5385.47796724505  1.254969E-17
5389.03156999429  1.374115E-17
5392.58517274352  1.410207E-17
5396.13877549276  1.334649E-17
5399.692378242  1.444274E-17
5403.24598099124  1.310747E-17
5406.79958374048  1.458211E-17
5410.35318648971  1.483584E-17
5413.90678923895  1.174597E-17
5417.46039198819  1.145476E-17
5421.01399473743  1.701847E-17
5424.56759748667  1.782614E-17
5428.1212002359  1.536821E-17
5431.67480298514  1.685476E-17
5435.22840573438  1.543093E-17
5438.78200848362  1.159690E-17
5442.33561123285  1.592111E-17
5445.88921398209  1.847617E-17
5449.44281673133  1.411541E-17
5452.99641948057  1.596006E-17
5456.55002222981  1.425708E-17
5460.10362497904  1.306173E-17
5463.65722772828  9.340163E-18
5467.21083047752  1.282196E-17
5470.76443322676  2.141647E-17
5474.318035976  1.670826E-17
5477.87163872523  1.094202E-17
5481.42524147447  1.467497E-17
5484.97884422371  1.498697E-17
5488.53244697295  1.642658E-17
5492.08604972219  1.361357E-17
5495.63965247142  1.734701E-17
5499.19325522066  1.532508E-17
5502.7468579699  1.631649E-17
5506.30046071914  1.884991E-17
5509.85406346838  1.317052E-17
5513.40766621761  1.584529E-17
5516.96126896685  1.597476E-17
5520.51487171609  1.057755E-17
5524.06847446533  1.390815E-17
5527.62207721456  9.632123E-18
5531.1756799638  1.727479E-17
5534.72928271304  1.845395E-17
5538.28288546228  1.163884E-17
5541.83648821152  1.258950E-17
5545.39009096076  1.334004E-17
5548.94369370999  8.907756E-18
5552.49729645923  1.314321E-17
5556.05089920847  1.413625E-17
5559.60450195771  1.292418E-17
5563.15810470695  1.521642E-17
5566.71170745618  1.059297E-17
5570.26531020542  3.042985E-19
5573.81891295466  1.333392E-17
5577.3725157039  1.944468E-18
5580.92611845313  1.099834E-17
5584.47972120237  3.343468E-17
5588.03332395161  2.147768E-17
5591.58692670085  1.185910E-17
5595.14052945008  1.043450E-17
5598.69413219932  1.045141E-17
5602.24773494856  1.249297E-17
5605.8013376978  1.534430E-17
5609.35494044704  1.545171E-17
5612.90854319627  1.403230E-17
5616.46214594551  1.127465E-17
5620.01574869475  1.172369E-17
5623.56935144399  1.093502E-17
5627.12295419323  1.243988E-17
5630.67655694247  1.199324E-17
5634.2301596917  9.712890E-18
5637.78376244094  1.126883E-17
5641.33736519018  1.108363E-17
5644.89096793942  9.236884E-18
5648.44457068866  1.133261E-17
5651.99817343789  1.108281E-17
5655.55177618713  1.211755E-17
5659.10537893637  1.280340E-17
5662.65898168561  1.499487E-17
5666.21258443484  1.541763E-17
5669.76618718408  1.293941E-17
5673.31978993332  1.256231E-17
5676.87339268256  1.196717E-17
5680.4269954318  1.311813E-17
5683.98059818103  1.324572E-17
5687.53420093027  1.322633E-17
5691.08780367951  9.557008E-18
5694.64140642875  6.996007E-18
5698.19500917799  1.200633E-17
5701.74861192722  1.648904E-17
5705.30221467646  1.591487E-17
5708.8558174257  1.490962E-17
5712.40942017494  1.770810E-17
5715.96302292417  1.824193E-17
5719.51662567341  1.944621E-17
5723.07022842265  1.400324E-17
5726.62383117189  1.580988E-17
5730.17743392113  1.644970E-17
5733.73103667036  1.369280E-17
5737.2846394196  1.101517E-17
5740.83824216884  1.531507E-17
5744.39184491808  1.192608E-17
5747.94544766732  1.171583E-17
5751.49905041655  1.519418E-17
5755.05265316579  1.593956E-17
5758.60625591503  1.559229E-17
5762.15985866427  1.334303E-17
5765.7134614135  1.338091E-17
5769.26706416274  1.080122E-17
5772.82066691198  1.238467E-17
5776.37426966122  9.744574E-18
5779.92787241046  1.512002E-17
5783.4814751597  1.485318E-17
5787.03507790893  1.324756E-17
5790.58868065817  1.467255E-17
5794.14228340741  1.636624E-17
5797.69588615665  1.713159E-17
5801.24948890588  1.421546E-17
5804.80309165512  1.176327E-17
5808.35669440436  1.116335E-17
5811.9102971536  1.274138E-17
5815.46389990284  1.125607E-17
5819.01750265207  8.169870E-18
5822.57110540131  1.405037E-17
5826.12470815055  1.841701E-17
5829.67831089979  1.466129E-17
5833.23191364903  1.360536E-17
5836.78551639826  1.345999E-17
5840.3391191475  1.441243E-17
5843.89272189674  1.675474E-17
5847.44632464598  1.633144E-17
5850.99992739522  1.192566E-17
5854.55353014445  9.814494E-18
5858.10713289369  1.220624E-17
5861.66073564293  1.594312E-17
5865.21433839217  1.493277E-17
5868.76794114141  1.019068E-17
5872.32154389064  9.441829E-18
5875.87514663988  1.460555E-17
5879.42874938912  9.313260E-18
5882.98235213836  -1.089881E-18
5886.53595488759  5.866429E-18
5890.08955763683  8.813266E-18
5893.64316038607  1.507156E-17
5897.19676313531  2.099586E-17
5900.75036588455  2.066517E-17
5904.30396863378  1.503118E-17
5907.85757138302  1.355733E-17
5911.41117413226  1.639850E-17
5914.9647768815  1.695316E-17
5918.51837963074  1.614633E-17
5922.07198237997  1.329812E-17
5925.62558512921  1.009625E-17
5929.17918787845  1.163495E-17
5932.73279062769  1.354139E-17
5936.28639337693  1.494157E-17
5939.83999612616  1.605612E-17
5943.3935988754  1.534831E-17
5946.94720162464  1.634992E-17
5950.50080437388  1.528614E-17
5954.05440712312  1.551626E-17
5957.60800987235  9.714466E-18
5961.16161262159  1.209298E-17
5964.71521537083  1.595513E-17
5968.26881812007  1.488735E-17
5971.8224208693  1.653665E-17
5975.37602361854  1.487130E-17
5978.92962636778  1.360859E-17
5982.48322911702  1.478698E-17
5986.03683186626  1.476202E-17
5989.59043461549  1.666641E-17
5993.14403736473  1.066628E-17
5996.69764011397  1.409126E-17
6000.25124286321  1.253970E-17
6003.80484561245  1.477205E-17
6007.35844836168  1.379929E-17
6010.91205111092  1.608507E-17
6014.46565386016  1.372759E-17
6018.0192566094  1.364256E-17
6021.57285935864  1.492939E-17
6025.12646210787  1.485529E-17
6028.68006485711  1.467359E-17
6032.23366760635  1.433736E-17
6035.78727035559  1.377686E-17
6039.34087310482  1.860988E-17
6042.89447585406  1.624437E-17
6046.4480786033  1.358109E-17
6050.00168135254  1.422666E-17
6053.55528410178  1.234471E-17
6057.10888685101  1.592883E-17
6060.66248960025  1.664017E-17
6064.21609234949  1.224417E-17
6067.76969509873  1.507720E-17
6071.32329784797  1.588205E-17
6074.8769005972  1.443443E-17
6078.43050334644  1.280102E-17
6081.98410609568  1.391011E-17
6085.53770884492  1.502593E-17
6089.09131159416  1.558752E-17
6092.64491434339  1.542871E-17
6096.19851709263  1.473691E-17
6099.75211984187  1.507418E-17
6103.30572259111  1.267311E-17
6106.85932534035  1.270786E-17
6110.41292808958  1.564196E-17
6113.96653083882  1.453062E-17
6117.52013358806  1.618545E-17
6121.0737363373  1.565744E-17
6124.62733908654  1.349263E-17
6128.18094183577  1.353788E-17
6131.73454458501  1.647602E-17
6135.28814733425  1.426361E-17
6138.84175008349  1.258241E-17
6142.39535283272  1.674813E-17
6145.94895558196  1.372187E-17
6149.5025583312  1.479977E-17
6153.05616108044  1.441379E-17
6156.60976382968  1.084936E-17
6160.16336657891  1.282945E-17
6163.71696932815  1.273924E-17
6167.27057207739  1.115417E-17
6170.82417482663  1.626091E-17
6174.37777757587  1.353012E-17
6177.9313803251  1.293492E-17
6181.48498307434  1.513275E-17
6185.03858582358  1.551109E-17
6188.59218857282  1.357916E-17
6192.14579132206  1.442805E-17
6195.69939407129  1.694902E-17
6199.25299682053  1.458030E-17
6202.80659956977  1.848259E-17
6206.36020231901  1.463231E-17
6209.91380506825  1.226933E-17
6213.46740781748  1.318217E-17
6217.02101056672  1.113865E-17
6220.57461331596  1.126950E-17
6224.12821606519  1.318793E-17
6227.68181881443  1.069008E-17
6231.23542156367  8.680735E-18
6234.78902431291  1.097825E-17
6238.34262706215  1.021127E-17
6241.89622981139  1.671971E-17
6245.44983256062  1.624994E-17
6249.00343530986  1.305904E-17
6252.5570380591  1.259189E-17
6256.11064080834  1.240641E-17
6259.66424355758  1.107603E-17
6263.21784630682  1.272506E-17
6266.77144905605  1.220446E-17
6270.32505180529  1.373718E-17
6273.87865455453  1.739300E-17
6277.43225730377  1.737940E-17
6280.985860053  1.460230E-17
6284.53946280224  1.259832E-17
6288.09306555148  8.512780E-18
6291.64666830072  4.249171E-18
6295.20027104996  5.242986E-18
6298.75387379919  -9.307519E-18
6302.30747654843  -4.110765E-18
6305.86107929767  3.051452E-17
6309.41468204691  4.144790E-17
6312.96828479614  1.410284E-17
6316.52188754538  1.248859E-17
6320.07549029462  1.361373E-17
6323.62909304386  1.401934E-17
6327.1826957931  1.391989E-17
6330.73629854233  1.273159E-17
6334.28990129157  1.084467E-17
6337.84350404081  1.330671E-17
6341.39710679005  1.545306E-17
6344.95070953929  1.139244E-17
6348.50431228852  1.333921E-17
6352.05791503776  1.387126E-17
6355.611517787  1.189941E-17
6359.16512053624  1.623289E-17
6362.71872328547  1.881721E-17
6366.27232603471  1.788094E-17
6369.82592878395  2.071943E-17
6373.37953153319  1.990068E-17
6376.93313428243  1.186620E-17
6380.48673703166  1.558813E-17
6384.0403397809  1.435207E-17
6387.59394253014  9.419326E-18
6391.14754527938  9.256387E-18
6394.70114802861  1.332571E-17
6398.25475077785  1.129472E-17
6401.80835352709  1.196986E-17
6405.36195627633  1.375724E-17
6408.91555902557  1.440720E-17
6412.46916177481  1.147910E-17
6416.02276452404  1.116728E-17
6419.57636727328  1.569803E-17
6423.12997002252  1.382847E-17
6426.68357277176  1.124320E-17
6430.237175521  1.415955E-17
6433.79077827023  1.390202E-17
6437.34438101947  1.359054E-17
6440.89798376871  1.222141E-17
6444.45158651795  1.308912E-17
6448.00518926719  1.168264E-17
6451.55879201642  1.188827E-17
6455.11239476566  1.236228E-17
6458.6659975149  1.138751E-17
6462.21960026414  1.282417E-17
6465.77320301337  1.653372E-17
6469.32680576261  1.642861E-17
6472.88040851185  1.807276E-17
6476.43401126109  1.348557E-17
6479.98761401033  1.354607E-17
6483.54121675957  1.556869E-17
6487.0948195088  1.698999E-17
6490.64842225804  1.315793E-17
6494.20202500728  1.206130E-17
6497.75562775652  1.030455E-17
6501.30923050575  9.812744E-18
6504.86283325499  1.310489E-17
6508.41643600423  1.180691E-17
6511.97003875347  1.091801E-17
6515.52364150271  1.389995E-17
6519.07724425194  1.371738E-17
6522.63084700118  1.209019E-17
6526.18444975042  1.164112E-17
6529.73805249966  1.523208E-17
6533.2916552489  1.191744E-17
6536.84525799813  1.469441E-17
6540.39886074737  1.384055E-17
6543.95246349661  1.442694E-17
6547.50606624585  1.558386E-17
6551.05966899508  1.587106E-17
6554.61327174432  1.727226E-17
6558.16687449356  2.076638E-17
6561.7204772428  1.593842E-17
6565.27407999204  1.313593E-17
6568.82768274127  1.123602E-17
6572.38128549051  1.331288E-17
6575.93488823975  1.353677E-17
6579.48849098899  1.724253E-17
6583.04209373822  1.503609E-17
6586.59569648746  1.244166E-17
6590.1492992367  1.054222E-17
6593.70290198594  1.114768E-17
6597.25650473518  1.073037E-17
6600.81010748442  1.164311E-17
6604.36371023365  1.327235E-17
6607.91731298289  1.645932E-17
6611.47091573213  1.570523E-17
6615.02451848137  1.421731E-17
6618.57812123061  1.407200E-17
6622.13172397984  1.426281E-17
6625.68532672908  1.322793E-17
6629.23892947832  1.077717E-17
6632.79253222756  1.194175E-17
6636.3461349768  1.289051E-17
6639.89973772603  1.223841E-17
6643.45334047527  1.309683E-17
6647.00694322451  1.286781E-17
6650.56054597375  1.413873E-17
6654.11414872298  1.616535E-17
6657.66775147222  1.350816E-17
6661.22135422146  1.266532E-17
6664.7749569707  1.395745E-17
6668.32855971994  1.498836E-17
6671.88216246917  1.524203E-17
6675.43576521841  1.547093E-17
6678.98936796765  1.379577E-17
6682.54297071689  1.234281E-17
6686.09657346613  1.270835E-17
6689.65017621536  1.461528E-17
6693.2037789646  1.271850E-17
6696.75738171384  1.326145E-17
6700.31098446308  1.664725E-17
6703.86458721231  1.239918E-17
6707.41818996155  1.308870E-17
6710.97179271079  1.517910E-17
6714.52539546003  1.381032E-17
6718.07899820927  1.418003E-17
6721.63260095851  1.173272E-17
6725.18620370774  1.344776E-17
6728.73980645698  1.620693E-17
6732.29340920622  1.584049E-17
6735.84701195545  1.508532E-17
6739.40061470469  1.283056E-17
6742.95421745393  9.743638E-18
6746.50782020317  9.404570E-18
6750.06142295241  1.266113E-17
6753.61502570165  1.305948E-17
6757.16862845089  1.262992E-17
6760.72223120012  9.520975E-18
6764.27583394936  1.028329E-17
6767.8294366986  1.306421E-17
6771.38303944784  1.284346E-17
6774.93664219707  1.033387E-17
6778.49024494631  1.007107E-17
6782.04384769555  9.809997E-18
6785.59745044479  1.249443E-17
6789.15105319402  1.226037E-17
6792.70465594326  1.213039E-17
6796.2582586925  1.467356E-17
6799.81186144174  1.422147E-17
6803.36546419098  1.420323E-17
6806.91906694022  1.707438E-17
6810.47266968945  1.499216E-17
6814.02627243869  1.583047E-17
6817.57987518793  1.343123E-17
6821.13347793717  1.256199E-17
6824.68708068641  8.829993E-18
6828.24068343564  1.038435E-17
6831.79428618488  1.503046E-17
6835.34788893412  1.278403E-17
6838.90149168336  1.271099E-17
6842.45509443259  1.617996E-17
6846.00869718183  1.554358E-17
6849.56229993107  1.254220E-17
6853.11590268031  1.213574E-17
6856.66950542955  1.264118E-17
6860.22310817878  1.314663E-17
6863.77671092802  1.336182E-17
6867.33031367726  1.324563E-17
6870.8839164265  1.328574E-17
6874.43751917573  1.329434E-17
6877.99112192497  1.324166E-17
6881.54472467421  1.290796E-17
6885.09832742345  1.092574E-17
6888.65193017269  8.049326E-18
6892.20553292192  9.721579E-18
6895.75913567116  1.015489E-17
6899.3127384204  1.429818E-17
6902.86634116964  1.222245E-17
6906.41994391888  9.663878E-18
6909.97354666811  1.013914E-17
6913.52714941735  1.098819E-17
6917.08075216659  1.313183E-17
6920.63435491583  1.830922E-17
6924.18795766506  1.471886E-17
6927.7415604143  1.403979E-17
6931.29516316354  1.360305E-17
6934.84876591278  1.532678E-17
6938.40236866202  1.158354E-17
6941.95597141126  1.297468E-17
6945.50957416049  1.510505E-17
6949.06317690973  1.430166E-17
6952.61677965897  1.434363E-17
6956.17038240821  1.466061E-17
6959.72398515745  1.254303E-17
6963.27758790668  1.247869E-17
6966.83119065592  1.269697E-17
6970.38479340516  1.269805E-17
6973.9383961544  1.463377E-17
6977.49199890363  1.492304E-17
6981.04560165287  1.685707E-17
6984.59920440211  1.474538E-17
6988.15280715135  1.434622E-17
6991.70640990059  1.518061E-17
6995.26001264982  1.405488E-17
6998.81361539906  1.496365E-17
7002.3672181483  1.484304E-17
7005.92082089754  1.462897E-17
7009.47442364677  1.596819E-17
7013.02802639601  1.843220E-17
7016.58162914525  1.690288E-17
7020.13523189449  1.357806E-17
7023.68883464373  1.129331E-17
7027.24243739297  1.355946E-17
7030.7960401422  1.206007E-17
7034.34964289144  1.377811E-17
7037.90324564068  1.328986E-17
7041.45684838992  1.326600E-17
7045.01045113915  1.151050E-17
7048.56405388839  1.407839E-17
7052.11765663763  1.653805E-17
7055.67125938687  1.023947E-17
7059.22486213611  1.258809E-17
7062.77846488534  1.658150E-17
7066.33206763458  1.210572E-17
7069.88567038382  1.573894E-17
7073.43927313306  1.618378E-17
7076.99287588229  1.310736E-17
7080.54647863153  1.335742E-17
7084.10008138077  1.351320E-17
7087.65368413001  1.085718E-17
7091.20728687925  1.339256E-17
7094.76088962848  9.193385E-18
7098.31449237772  1.185012E-17
7101.86809512696  1.252275E-17
7105.4216978762  1.548082E-17
7108.97530062544  1.260248E-17
7112.52890337467  1.661392E-17
7116.08250612391  1.397598E-17
7119.63610887315  1.489294E-17
7123.18971162239  1.496402E-17
7126.74331437163  1.390550E-17
7130.29691712086  1.232702E-17
7133.8505198701  1.271989E-17
7137.40412261934  1.277520E-17
7140.95772536858  8.665417E-18
7144.51132811782  1.050990E-17
7148.06493086705  1.424325E-17
7151.61853361629  1.054626E-17
7155.17213636553  1.182692E-17
7158.72573911477  1.604038E-17
7162.279341864  1.657784E-17
7165.83294461324  9.816232E-18
7169.38654736248  6.749450E-18
7172.94015011172  1.001038E-17
7176.49375286096  1.412874E-17
7180.0473556102  1.093197E-17
7183.60095835943  1.278563E-17
7187.15456110867  1.263153E-17
7190.70816385791  9.887869E-18
7194.26176660715  1.178917E-17
7197.81536935638  1.363819E-17
7201.36897210562  1.320781E-17
7204.92257485486  1.215430E-17
7208.4761776041  1.148115E-17
7212.02978035334  1.205255E-17
7215.58338310257  1.094623E-17
7219.13698585181  9.929877E-18
7222.69058860105  1.095565E-17
7226.24419135029  1.275457E-17
7229.79779409953  1.422827E-17
7233.35139684876  8.664781E-18
7236.904999598  1.338044E-17
7240.45860234724  2.051145E-17
7244.01220509648  1.411916E-17
7247.56580784572  1.585419E-17
7251.11941059495  1.939229E-17
7254.67301334419  2.042542E-17
7258.22661609343  1.539979E-17
7261.78021884267  1.531942E-17
7265.33382159191  1.253893E-17
7268.88742434114  1.128301E-17
7272.44102709038  1.148012E-17
7275.99462983962  1.368564E-17
7279.54823258886  1.497990E-17
7283.1018353381  1.336483E-17
7286.65543808733  1.292056E-17
7290.20904083657  1.650889E-17
7293.76264358581  1.723600E-17
7297.31624633505  1.143754E-17
7300.86984908428  1.197452E-17
7304.42345183352  8.531212E-18
7307.97705458276  1.130323E-17
7311.530657332  7.784742E-18
7315.08426008124  1.871127E-17
7318.63786283047  1.476318E-17
7322.19146557971  1.709493E-17
7325.74506832895  1.273417E-17
7329.29867107819  1.431021E-17
7332.85227382743  1.311571E-17
7336.40587657666  1.411790E-17
7339.9594793259  8.644230E-18
7343.51308207514  1.402043E-17
7347.06668482438  2.292713E-17
7350.62028757361  1.682274E-17
7354.17389032285  1.221215E-17
7357.72749307209  1.696898E-17
7361.28109582133  1.359606E-17
7364.83469857057  1.413854E-17
7368.3883013198  9.408486E-18
7371.94190406904  9.854631E-18
7375.49550681828  1.352254E-17
7379.04910956752  1.317249E-17
7382.60271231676  1.258163E-17
7386.15631506599  1.312503E-17
7389.70991781523  1.159024E-17
7393.26352056447  1.339084E-17
7396.81712331371  1.103137E-17
7400.37072606295  1.099000E-17
7403.92432881218  1.699464E-17
7407.47793156142  1.376501E-17
7411.03153431066  1.174653E-17
7414.5851370599  1.264165E-17
7418.13873980914  1.557335E-17
7421.69234255838  1.437968E-17
7425.24594530761  1.296155E-17
7428.79954805685  1.370730E-17
7432.35315080609  1.437679E-17
7435.90675355533  1.420001E-17
7439.46035630456  1.565130E-17
7443.0139590538  1.817104E-17
7446.56756180304  1.296473E-17
7450.12116455228  1.052190E-17
7453.67476730152  1.466506E-17
7457.22837005075  1.179805E-17
7460.78197279999  1.510412E-17
7464.33557554923  1.341740E-17
7467.88917829847  1.115492E-17
7471.4427810477  1.479870E-17
7474.99638379694  1.423357E-17
7478.54998654618  1.588054E-17
7482.10358929542  1.151140E-17
7485.65719204466  1.646738E-17
7489.21079479389  1.270876E-17
7492.76439754313  1.283249E-17
7496.31800029237  1.359158E-17
7499.87160304161  1.714542E-17
7503.42520579085  1.307145E-17
7506.97880854008  1.007458E-17
7510.53241128932  1.176766E-17
7514.08601403856  1.004403E-17
7517.6396167878  1.209265E-17
7521.19321953704  1.278685E-17
7524.74682228627  1.461442E-17
7528.30042503551  1.397745E-17
7531.85402778475  1.137891E-17
7535.40763053399  1.264529E-17
7538.96123328322  1.134005E-17
7542.51483603246  1.421093E-17
7546.0684387817  1.552187E-17
7549.62204153094  1.515347E-17
7553.17564428018  1.364022E-17
7556.72924702941  1.443408E-17
7560.28284977865  1.291676E-17
7563.83645252789  1.544109E-17
7567.39005527713  1.471269E-17
7570.94365802637  1.196486E-17
7574.4972607756  1.413763E-17
7578.05086352484  1.400134E-17
7581.60446627408  1.467767E-17
7585.15806902332  1.404849E-17
7588.71167177256  1.335529E-17
7592.26527452179  1.390733E-17
7595.81887727103  1.336239E-17
7599.37248002027  1.261129E-17
7602.92608276951  1.244538E-17
7606.47968551875  1.252980E-17
7610.03328826798  1.121258E-17
7613.58689101722  1.268791E-17
7617.14049376646  1.217379E-17
7620.6940965157  1.238898E-17
7624.24769926493  1.396711E-17
7627.80130201417  1.575853E-17
7631.35490476341  1.265577E-17
7634.90850751265  1.410278E-17
7638.46211026189  1.305583E-17
7642.01571301112  1.395462E-17
7645.56931576036  1.219688E-17
7649.1229185096  1.245238E-17
7652.67652125884  1.069195E-17
7656.23012400808  1.354526E-17
7659.78372675732  1.459965E-17
7663.33732950655  7.690312E-18
7666.89093225579  1.430213E-17
7670.44453500503  1.857226E-17
7673.99813775427  1.407778E-17
7677.5517405035  9.073357E-18
7681.10534325274  1.354202E-17
7684.65894600198  1.256869E-17
7688.21254875122  1.182412E-17
7691.76615150045  1.211227E-17
7695.31975424969  1.305417E-17
7698.87335699893  1.334301E-17
7702.42695974817  1.125275E-17
7705.98056249741  1.323164E-17
7709.53416524664  1.269081E-17
7713.08776799588  1.087900E-17
7716.64137074512  1.591047E-17
7720.19497349436  1.569859E-17
7723.7485762436  1.116933E-17
7727.30217899283  9.565981E-18
7730.85578174207  1.189913E-17
7734.40938449131  1.279570E-17
7737.96298724055  1.000628E-17
7741.51658998979  1.005670E-17
7745.07019273903  7.058030E-18
7748.62379548826  1.067351E-17
7752.1773982375  1.626202E-17
7755.73100098674  1.681863E-17
7759.28460373598  1.257029E-17
7762.83820648521  6.880778E-18
7766.39180923445  1.072190E-17
7769.94541198369  1.382879E-17
7773.49901473293  1.235295E-17
7777.05261748216  1.047251E-17
7780.6062202314  8.729412E-18
7784.15982298064  9.228172E-18
7787.71342572988  1.032295E-17
7791.26702847912  8.949764E-18
7794.82063122835  7.865934E-18
7798.37423397759  9.008258E-18
7801.92783672683  1.218976E-17
7805.48143947607  8.309790E-18
7809.03504222531  1.010283E-17
7812.58864497455  1.184003E-17
7816.14224772378  1.086769E-17
7819.69585047302  7.492562E-18
7823.24945322226  5.446422E-18
7826.8030559715  1.252490E-17
7830.35665872073  1.198907E-17
7833.91026146997  6.361888E-18
7837.46386421921  1.049913E-17
7841.01746696845  1.459258E-17
7844.57106971769  9.349661E-18
7848.12467246692  7.053343E-18
7851.67827521616  5.202309E-18
7855.2318779654  7.799975E-18
7858.78548071464  9.336078E-18
7862.33908346387  1.026895E-17
7865.89268621311  1.370249E-17
7869.44628896235  1.333808E-17
7872.99989171159  1.490481E-17
7876.55349446083  1.689373E-17
7880.10709721006  1.137390E-17
7883.6606999593  6.784844E-18
7887.21430270854  9.631831E-18
7890.76790545778  1.039666E-17
7894.32150820702  9.794679E-18
7897.87511095625  1.224611E-17
7901.42871370549  8.115243E-18
7904.98231645473  6.077016E-18
7908.53591920397  1.200327E-17
7912.08952195321  1.332460E-17
7915.64312470244  1.018547E-17
7919.19672745168  1.480225E-17
7922.75033020092  1.361948E-17
7926.30393295016  8.873276E-18
7929.8575356994  1.456404E-17
7933.41113844863  1.028225E-17
7936.96474119787  1.337988E-17
7940.51834394711  1.000175E-17
7944.07194669635  1.116734E-17
7947.62554944559  8.894749E-18
7951.17915219482  7.085838E-18
7954.73275494406  5.295918E-18
7958.2863576933  8.098596E-18
7961.83996044254  4.997263E-18
7965.39356319177  1.989286E-18
7968.94716594101  8.158771E-18
7972.50076869025  1.543092E-17
7976.05437143949  1.239742E-17
7979.60797418873  1.038621E-17
7983.16157693796  8.838277E-18
7986.7151796872  9.350087E-18
7990.26878243644  5.627418E-18
7993.82238518568  6.594652E-18
7997.37598793492  9.065035E-18
8000.92959068415  1.063774E-17
8004.48319343339  1.350986E-17
8008.03679618263  1.016860E-17
8011.59039893187  7.783751E-18
8015.1440016811  6.506703E-18
8018.69760443034  7.774627E-18
8022.25120717958  1.404834E-17
8025.80480992882  1.312605E-17
8029.35841267806  9.261443E-18
8032.91201542729  1.151063E-17
8036.46561817653  1.217724E-17
8040.01922092577  7.924129E-18
8043.57282367501  9.265870E-18
8047.12642642425  1.221153E-17
8050.68002917348  1.206828E-17
8054.23363192272  4.551230E-18
8057.78723467196  4.137157E-18
8061.3408374212  8.607625E-18
8064.89444017044  4.406782E-18
8068.44804291967  8.394210E-18
8072.00164566891  7.590504E-18
8075.55524841815  7.835592E-18
8079.10885116739  1.007692E-17
8082.66245391663  9.003992E-18
8086.21605666587  7.852503E-18
8089.7696594151  8.818254E-18
8093.32326216434  7.079972E-18
8096.87686491358  8.396222E-18
8100.43046766281  1.189416E-17
8103.98407041205  9.276109E-18
8107.53767316129  5.221170E-18
8111.09127591053  9.142841E-18
8114.64487865977  6.346099E-18
8118.19848140901  6.863394E-18
8121.75208415824  7.264871E-18
8125.30568690748  5.353568E-18
8128.85928965672  6.972463E-18
8132.41289240596  7.102926E-18
8135.9664951552  6.848567E-18
8139.52009790443  6.151691E-18
8143.07370065367  9.308633E-18
8146.62730340291  9.005680E-18
8150.18090615215  7.947761E-18
8153.73450890138  9.446619E-18
8157.28811165062  7.234999E-18
8160.84171439986  5.597347E-18
8164.3953171491  4.817914E-18
8167.94891989834  7.621578E-18
8171.50252264757  1.029975E-17
8175.05612539681  5.798132E-18
8178.60972814605  3.359801E-18
8182.16333089529  5.162375E-18
8185.71693364452  6.417564E-18
8189.27053639376  5.317832E-18
8192.824139143  6.172171E-18
8196.37774189224  6.494233E-18
8199.93134464148  5.708925E-18
8203.48494739072  4.736918E-18
8207.03855013995  4.637431E-18
8210.59215288919  5.911852E-18
8214.14575563843  7.512946E-18
