4250.  1.895362E-17
4254.50980392157  5.565129E-17
4259.01960784314  3.153849E-17
4263.52941176471  9.082137E-19
4268.03921568627  -9.546131E-18
4272.54901960784  -3.538063E-18
4277.05882352941  5.375216E-17
4281.56862745098  4.602011E-17
4286.07843137255  -3.878307E-18
4290.58823529412  2.337219E-17
4295.09803921569  4.164068E-17
4299.60784313726  1.165071E-17
4304.11764705882  3.237815E-17
4308.62745098039  2.354547E-17
4313.13725490196  2.087777E-17
4317.64705882353  1.360693E-17
4322.1568627451  4.281066E-17
4326.66666666667  4.675070E-17
4331.17647058823  2.354372E-17
4335.6862745098  2.629643E-17
4340.19607843137  4.340492E-17
4344.70588235294  7.156389E-18
4349.21568627451  -7.393072E-18
4353.72549019608  5.022965E-18
4358.23529411765  2.649355E-17
4362.74509803922  3.442813E-17
4367.25490196078  1.292098E-17
4371.76470588235  1.052117E-17
4376.27450980392  1.484112E-17
4380.78431372549  2.266194E-18
4385.29411764706  -7.615371E-18
4389.80392156863  1.343120E-17
4394.3137254902  5.318392E-17
4398.82352941176  3.563879E-17
4403.33333333333  -5.299807E-18
4407.8431372549  5.908395E-18
4412.35294117647  2.637752E-17
4416.86274509804  2.273640E-17
4421.37254901961  7.912911E-18
4425.88235294118  1.005846E-17
4430.39215686274  2.617208E-17
4434.90196078431  1.636043E-17
4439.41176470588  2.086245E-17
4443.92156862745  3.094300E-17
4448.43137254902  2.838351E-17
4452.94117647059  2.145176E-18
4457.45098039216  2.250787E-17
4461.96078431373  1.977922E-17
4466.47058823529  2.696471E-18
4470.98039215686  9.777030E-19
4475.49019607843  2.992056E-18
4480.  7.160198E-18
4484.50980392157  1.040365E-17
4489.01960784314  -7.430993E-18
4493.52941176471  1.543228E-18
4498.03921568627  3.538260E-17
4502.54901960784  3.854859E-18
4507.05882352941  2.287746E-17
4511.56862745098  3.646340E-17
4516.07843137255  1.666339E-17
4520.58823529412  1.995413E-17
4525.09803921569  2.923795E-17
4529.60784313725  5.912587E-18
4534.11764705882  7.149126E-18
4538.62745098039  1.165963E-17
4543.13725490196  4.436973E-17
4547.64705882353  4.121069E-17
4552.1568627451  1.906028E-17
4556.66666666667  5.687382E-18
4561.17647058824  3.556417E-18
4565.6862745098  5.599783E-17
4570.19607843137  3.727015E-17
4574.70588235294  8.135024E-18
4579.21568627451  3.445040E-18
4583.72549019608  3.697107E-17
4588.23529411765  3.116844E-17
4592.74509803922  9.784505E-18
4597.25490196078  6.310503E-18
4601.76470588235  9.556611E-18
4606.27450980392  9.468196E-18
4610.78431372549  1.374252E-17
4615.29411764706  2.236296E-17
4619.80392156863  2.319548E-17
4624.3137254902  2.263897E-17
4628.82352941176  2.279560E-17
4633.33333333333  7.702851E-18
4637.8431372549  1.580239E-17
4642.35294117647  1.391281E-17
4646.86274509804  5.730575E-18
4651.37254901961  -3.610552E-18
4655.88235294118  1.067301E-17
4660.39215686275  5.939876E-18
4664.90196078431  2.320321E-17
4669.41176470588  2.929368E-17
4673.92156862745  1.591676E-17
4678.43137254902  1.677845E-17
4682.94117647059  2.572684E-17
4687.45098039216  1.428055E-17
4691.96078431373  2.064957E-17
4696.47058823529  1.658170E-17
4700.98039215686  1.332042E-18
4705.49019607843  3.536949E-17
4710.  1.427679E-17
4714.50980392157  2.523867E-17
4719.01960784314  1.435128E-17
4723.52941176471  -9.767227E-21
4728.03921568627  -6.040843E-18
4732.54901960784  1.732906E-17
4737.05882352941  2.880356E-17
4741.56862745098  1.900957E-17
4746.07843137255  1.863167E-17
4750.58823529412  1.809212E-17
4755.09803921568  1.099721E-17
4759.60784313725  2.235125E-17
4764.11764705882  1.109625E-17
4768.62745098039  1.399542E-17
4773.13725490196  2.703506E-17
4777.64705882353  2.468681E-17
4782.1568627451  3.193458E-18
4786.66666666667  1.317510E-17
4791.17647058823  1.319960E-17
4795.6862745098  2.846585E-17
4800.19607843137  1.865496E-17
4804.70588235294  2.269704E-17
4809.21568627451  5.585095E-18
4813.72549019608  1.459120E-17
4818.23529411765  2.497489E-17
4822.74509803921  1.050824E-17
4827.25490196078  6.972831E-18
4831.76470588235  1.133018E-17
4836.27450980392  1.908016E-17
4840.78431372549  2.126724E-17
4845.29411764706  2.045451E-17
4849.80392156863  2.179263E-17
4854.3137254902  1.290218E-17
4858.82352941176  1.460156E-17
4863.33333333333  1.850402E-17
4867.8431372549  1.614155E-17
4872.35294117647  9.229597E-18
4876.86274509804  1.780913E-17
4881.37254901961  1.997960E-17
4885.88235294118  2.959071E-17
4890.39215686274  1.112963E-17
4894.90196078431  1.611179E-17
4899.41176470588  8.684202E-18
4903.92156862745  1.356127E-17
4908.43137254902  2.252009E-17
4912.94117647059  2.183597E-17
4917.45098039216  1.097505E-17
4921.96078431372  5.884775E-18
4926.47058823529  4.265355E-19
4930.98039215686  1.816139E-17
4935.49019607843  2.075445E-17
4940.  1.626698E-17
4944.50980392157  1.244989E-17
4949.01960784314  1.810336E-17
4953.5294117647  2.279264E-17
4958.03921568627  1.534443E-17
4962.54901960784  1.263107E-17
4967.05882352941  1.219564E-17
4971.56862745098  1.000375E-17
4976.07843137255  7.642461E-18
4980.58823529412  1.127705E-17
4985.09803921568  1.341164E-17
4989.60784313725  1.765219E-17
4994.11764705882  1.657051E-17
4998.62745098039  7.499658E-18
5003.13725490196  6.112110E-18
5007.64705882353  1.868905E-17
5012.1568627451  2.084396E-17
5016.66666666667  2.015291E-17
5021.17647058824  1.929287E-17
5025.6862745098  1.958315E-17
5030.19607843137  3.723886E-19
5034.70588235294  -7.833362E-18
5039.21568627451  9.483768E-18
5043.72549019608  6.446021E-18
5048.23529411765  1.759215E-17
5052.74509803922  1.815217E-17
5057.25490196078  1.390997E-17
5061.76470588235  1.648551E-17
5066.27450980392  8.779142E-18
5070.78431372549  1.381209E-17
5075.29411764706  1.225637E-17
5079.80392156863  1.345021E-17
5084.3137254902  2.815188E-17
5088.82352941176  1.576931E-17
5093.33333333333  2.035407E-17
5097.8431372549  1.668094E-17
5102.35294117647  1.612376E-17
5106.86274509804  1.656356E-17
5111.37254901961  1.510320E-17
5115.88235294118  2.134132E-17
5120.39215686274  2.177505E-17
5124.90196078431  2.470157E-17
5129.41176470588  2.091891E-17
5133.92156862745  1.006684E-17
5138.43137254902  1.647252E-17
5142.94117647059  1.720172E-17
5147.45098039216  1.413607E-17
5151.96078431372  1.688834E-17
5156.47058823529  2.319880E-17
5160.98039215686  2.712743E-17
5165.49019607843  2.463898E-17
5170.  2.034671E-17
5174.50980392157  2.001785E-17
5179.01960784314  9.543589E-18
5183.52941176471  1.611212E-17
5188.03921568627  2.031508E-17
5192.54901960784  2.999989E-17
5197.05882352941  5.677191E-17
5201.56862745098  6.501094E-17
5206.07843137255  5.503197E-17
5210.58823529412  3.494687E-17
5215.09803921568  3.028689E-17
5219.60784313725  1.670009E-17
5224.11764705882  2.498892E-17
5228.62745098039  1.000730E-17
5233.13725490196  2.023808E-17
5237.64705882353  2.106961E-17
5242.1568627451  1.822819E-17
5246.66666666667  1.409212E-17
5251.17647058823  1.794887E-17
5255.6862745098  1.841237E-17
5260.19607843137  1.915304E-17
5264.70588235294  1.942790E-17
5269.21568627451  1.830957E-17
5273.72549019608  2.413045E-17
5278.23529411765  2.690093E-17
5282.74509803921  2.196748E-17
5287.25490196078  1.997028E-17
5291.76470588235  1.937144E-17
5296.27450980392  1.424583E-17
5300.78431372549  2.037806E-17
5305.29411764706  2.425442E-17
5309.80392156863  1.504525E-17
5314.31372549019  8.313387E-18
5318.82352941176  2.241763E-17
5323.33333333333  2.963090E-17
5327.8431372549  2.617895E-17
5332.35294117647  2.287683E-17
5336.86274509804  2.211201E-17
5341.37254901961  1.559240E-17
5345.88235294117  1.385201E-17
5350.39215686274  1.337315E-17
5354.90196078431  1.578484E-17
5359.41176470588  1.487736E-17
5363.92156862745  1.868895E-17
5368.43137254902  2.398368E-17
5372.94117647059  2.484653E-17
5377.45098039215  2.605005E-17
5381.96078431372  3.018594E-17
5386.47058823529  2.337275E-17
5390.98039215686  2.847625E-17
5395.49019607843  2.786377E-17
5400.  2.871464E-17
5404.50980392157  2.930590E-17
5409.01960784314  2.020784E-17
5413.5294117647  1.973265E-17
5418.03921568627  2.110078E-17
5422.54901960784  1.862971E-17
5427.05882352941  1.773570E-17
5431.56862745098  1.900585E-17
5436.07843137255  2.578762E-17
5440.58823529412  2.139777E-17
5445.09803921568  2.166256E-17
5449.60784313725  1.870788E-17
5454.11764705882  2.149538E-17
5458.62745098039  3.153341E-17
5463.13725490196  3.462764E-17
5467.64705882353  1.966981E-17
5472.1568627451  2.041014E-17
5476.66666666667  2.597540E-17
5481.17647058823  2.505338E-17
5485.6862745098  2.897566E-17
5490.19607843137  3.382622E-17
5494.70588235294  1.843968E-17
5499.21568627451  2.148271E-17
5503.72549019608  2.638780E-17
5508.23529411765  2.316261E-17
5512.74509803921  1.916657E-17
5517.25490196078  2.608631E-17
5521.76470588235  2.607201E-17
5526.27450980392  1.999050E-17
5530.78431372549  1.850252E-17
5535.29411764706  2.566692E-17
5539.80392156863  1.994561E-17
5544.3137254902  1.520057E-17
5548.82352941176  1.699727E-17
5553.33333333333  1.281230E-17
5557.8431372549  2.161598E-17
5562.35294117647  1.833570E-17
5566.86274509804  1.838021E-17
5571.3725490196  4.524369E-17
5575.88235294117  1.925806E-17
5580.39215686274  -9.600225E-20
5584.90196078431  1.558285E-17
5589.41176470588  1.390589E-17
5593.92156862745  2.783303E-17
5598.43137254902  3.179976E-17
5602.94117647059  2.329461E-17
5607.45098039215  2.844274E-17
5611.96078431372  2.719168E-17
5616.47058823529  2.375747E-17
5620.98039215686  2.786075E-17
5625.49019607843  2.586024E-17
5630.  2.368036E-17
5634.50980392157  2.455504E-17
5639.01960784313  3.010340E-17
5643.5294117647  2.647330E-17
5648.03921568627  3.021090E-17
5652.54901960784  2.745485E-17
5657.05882352941  2.247403E-17
5661.56862745098  2.457351E-17
5666.07843137255  2.792036E-17
5670.58823529411  2.907860E-17
5675.09803921569  2.679177E-17
5679.60784313725  3.139625E-17
5684.11764705882  2.887959E-17
5688.62745098039  2.146015E-17
5693.13725490196  2.405008E-17
5697.64705882353  2.730484E-17
5702.1568627451  2.694519E-17
5706.66666666666  2.790643E-17
5711.17647058823  2.719150E-17
5715.6862745098  2.557172E-17
5720.19607843137  1.716659E-17
5724.70588235294  2.161736E-17
5729.21568627451  2.322428E-17
5733.72549019607  1.869137E-17
5738.23529411764  2.690990E-17
5742.74509803921  3.242366E-17
5747.25490196078  2.605901E-17
5751.76470588235  1.989842E-17
5756.27450980392  2.368140E-17
5760.78431372549  2.697691E-17
5765.29411764706  1.547976E-17
5769.80392156863  1.359379E-17
5774.31372549019  3.082262E-17
5778.82352941176  3.255903E-17
5783.33333333333  2.833521E-17
5787.8431372549  3.082606E-17
5792.35294117647  3.372457E-17
5796.86274509804  2.898573E-17
5801.3725490196  2.908168E-17
5805.88235294117  2.406446E-17
5810.39215686274  2.756294E-17
5814.90196078431  2.511489E-17
5819.41176470588  2.453226E-17
5823.92156862745  2.142975E-17
5828.43137254902  2.994871E-17
5832.94117647059  3.040119E-17
5837.45098039215  2.240618E-17
5841.96078431372  2.685368E-17
5846.47058823529  2.763028E-17
5850.98039215686  2.757212E-17
5855.49019607843  2.813565E-17
5860.  2.969587E-17
5864.50980392157  3.525734E-17
5869.01960784313  2.963462E-17
5873.5294117647  2.847808E-17
5878.03921568627  2.909818E-17
5882.54901960784  2.713722E-17
5887.05882352941  2.346046E-17
5891.56862745098  1.021262E-17
5896.07843137255  2.419286E-17
5900.58823529412  3.641455E-17
5905.09803921568  3.048571E-17
5909.60784313725  2.127312E-17
5914.11764705882  2.771246E-17
5918.62745098039  2.917653E-17
5923.13725490196  2.784855E-17
5927.64705882353  2.029100E-17
5932.15686274509  2.781426E-17
5936.66666666666  3.465834E-17
5941.17647058823  2.739982E-17
5945.6862745098  2.562805E-17
5950.19607843137  3.251752E-17
5954.70588235294  3.628954E-17
5959.21568627451  2.402942E-17
5963.72549019608  2.504172E-17
5968.23529411764  2.462421E-17
5972.74509803921  2.522049E-17
5977.25490196078  2.758657E-17
5981.76470588235  2.838556E-17
5986.27450980392  2.261332E-17
5990.78431372549  2.882507E-17
5995.29411764706  3.679948E-17
5999.80392156862  2.573604E-17
6004.31372549019  2.438185E-17
6008.82352941176  2.299429E-17
6013.33333333333  2.246754E-17
6017.8431372549  2.778079E-17
6022.35294117647  2.389858E-17
6026.86274509804  2.543278E-17
6031.37254901961  2.548362E-17
6035.88235294117  2.795757E-17
6040.39215686274  2.359529E-17
6044.90196078431  2.311908E-17
6049.41176470588  2.298980E-17
6053.92156862745  2.389477E-17
6058.43137254902  3.136670E-17
6062.94117647058  3.284929E-17
6067.45098039215  3.095230E-17
6071.96078431372  3.434428E-17
6076.47058823529  2.408425E-17
6080.98039215686  2.769374E-17
6085.49019607843  2.337878E-17
6090.  2.325127E-17
6094.50980392156  2.383517E-17
6099.01960784314  2.599034E-17
6103.5294117647  2.725877E-17
6108.03921568627  1.490319E-17
6112.54901960784  2.000463E-17
6117.05882352941  2.828163E-17
6121.56862745098  3.205857E-17
6126.07843137255  2.901246E-17
6130.58823529411  3.264335E-17
6135.09803921568  2.577718E-17
6139.60784313725  1.629447E-17
6144.11764705882  2.553752E-17
6148.62745098039  2.543015E-17
6153.13725490196  3.381698E-17
6157.64705882352  3.199101E-17
6162.15686274509  1.985304E-17
6166.66666666666  2.589321E-17
6171.17647058823  3.419531E-17
6175.6862745098  2.667164E-17
6180.19607843137  1.900593E-17
6184.70588235294  2.597352E-17
6189.21568627451  2.766328E-17
6193.72549019607  2.582003E-17
6198.23529411764  3.122291E-17
6202.74509803921  3.301580E-17
6207.25490196078  2.083071E-17
6211.76470588235  2.347376E-17
6216.27450980392  3.572466E-17
6220.78431372549  3.319879E-17
6225.29411764705  2.319305E-17
6229.80392156862  2.836531E-17
6234.31372549019  1.719156E-17
6238.82352941176  2.149214E-17
6243.33333333333  3.231885E-17
6247.8431372549  2.279796E-17
6252.35294117647  1.898071E-17
6256.86274509804  2.971826E-17
6261.3725490196  2.849178E-17
6265.88235294117  2.916685E-17
6270.39215686274  2.744036E-17
6274.90196078431  2.287242E-17
6279.41176470588  2.107837E-17
6283.92156862745  2.106341E-17
6288.43137254902  2.320233E-17
6292.94117647058  2.722303E-17
6297.45098039215  3.515486E-17
6301.96078431372  2.907256E-17
6306.47058823529  3.918798E-17
6310.98039215686  3.789940E-17
6315.49019607843  2.706527E-17
6320.  2.928820E-17
6324.50980392157  3.285194E-17
6329.01960784313  3.434953E-17
6333.5294117647  2.996028E-17
6338.03921568627  2.469232E-17
6342.54901960784  2.402360E-17
6347.05882352941  2.653380E-17
6351.56862745098  2.579791E-17
6356.07843137255  3.349214E-17
6360.58823529411  4.024515E-17
6365.09803921568  2.989043E-17
6369.60784313725  3.192749E-17
6374.11764705882  2.664687E-17
6378.62745098039  2.415995E-17
6383.13725490196  2.687037E-17
6387.64705882353  2.339191E-17
6392.1568627451  2.610622E-17
6396.66666666666  2.853839E-17
6401.17647058823  3.179990E-17
6405.6862745098  3.124337E-17
6410.19607843137  2.531140E-17
6414.70588235294  2.857833E-17
6419.21568627451  2.825007E-17
6423.72549019607  2.420201E-17
6428.23529411764  2.662985E-17
6432.74509803921  2.458689E-17
6437.25490196078  3.005073E-17
6441.76470588235  2.975336E-17
6446.27450980392  2.859035E-17
6450.78431372549  3.197453E-17
6455.29411764706  3.175083E-17
6459.80392156862  2.645484E-17
6464.31372549019  2.452038E-17
6468.82352941176  2.709256E-17
6473.33333333333  2.613994E-17
6477.8431372549  2.715973E-17
6482.35294117647  2.812940E-17
6486.86274509804  3.080405E-17
6491.3725490196  2.774010E-17
6495.88235294117  2.271734E-17
6500.39215686274  2.737761E-17
6504.90196078431  2.436001E-17
6509.41176470588  2.031542E-17
6513.92156862745  2.839939E-17
6518.43137254901  3.479662E-17
6522.94117647058  3.423560E-17
6527.45098039215  2.796091E-17
6531.96078431372  2.242781E-17
6536.47058823529  2.334768E-17
6540.98039215686  2.600870E-17
6545.49019607843  2.465226E-17
6550.  2.915798E-17
6554.50980392156  3.309730E-17
6559.01960784313  2.775742E-17
6563.5294117647  2.851280E-17
6568.03921568627  2.789991E-17
6572.54901960784  2.515243E-17
6577.05882352941  2.735470E-17
6581.56862745098  2.694983E-17
6586.07843137254  2.759832E-17
6590.58823529411  2.641161E-17
6595.09803921568  2.683083E-17
6599.60784313725  2.833823E-17
6604.11764705882  3.155916E-17
6608.62745098039  3.026326E-17
6613.13725490196  3.305910E-17
6617.64705882353  2.982530E-17
6622.15686274509  2.622279E-17
6626.66666666666  2.906048E-17
6631.17647058823  3.057727E-17
6635.6862745098  2.750633E-17
6640.19607843137  2.768693E-17
6644.70588235294  2.764460E-17
6649.2156862745  2.724311E-17
6653.72549019607  2.999112E-17
6658.23529411764  2.905795E-17
6662.74509803921  2.584425E-17
6667.25490196078  3.006559E-17
6671.76470588235  2.904608E-17
6676.27450980392  2.299001E-17
6680.78431372549  2.681237E-17
6685.29411764705  2.633162E-17
6689.80392156862  3.120700E-17
6694.31372549019  2.801779E-17
6698.82352941176  2.432922E-17
6703.33333333333  2.671908E-17
6707.8431372549  3.061257E-17
6712.35294117647  3.302403E-17
6716.86274509803  2.997335E-17
6721.3725490196  2.491031E-17
6725.88235294117  2.367574E-17
6730.39215686274  2.337706E-17
6734.90196078431  2.751285E-17
6739.41176470588  3.550352E-17
6743.92156862745  3.198728E-17
6748.43137254901  2.348457E-17
6752.94117647058  2.004996E-17
6757.45098039215  2.589836E-17
6761.96078431372  2.909727E-17
6766.47058823529  2.864307E-17
6770.98039215686  3.085458E-17
6775.49019607843  2.833958E-17
6779.99999999999  3.817530E-17
6784.50980392156  4.278603E-17
6789.01960784313  3.845212E-17
6793.5294117647  2.758377E-17
6798.03921568627  2.407156E-17
6802.54901960784  3.118310E-17
6807.05882352941  2.671508E-17
6811.56862745098  2.862213E-17
6816.07843137254  3.258912E-17
6820.58823529411  2.330590E-17
6825.09803921568  3.285893E-17
6829.60784313725  3.011050E-17
6834.11764705882  3.138263E-17
6838.62745098039  3.526963E-17
6843.13725490196  2.723871E-17
6847.64705882352  2.562354E-17
6852.15686274509  2.712026E-17
6856.66666666666  2.235052E-17
6861.17647058823  2.421871E-17
6865.6862745098  1.663691E-17
6870.19607843137  9.168057E-18
6874.70588235293  1.983878E-17
6879.2156862745  2.040451E-17
6883.72549019607  2.586711E-17
6888.23529411764  3.257067E-17
6892.74509803921  2.417748E-17
6897.25490196078  2.571909E-17
6901.76470588235  2.804716E-17
6906.27450980392  3.308779E-17
6910.78431372548  3.659196E-17
6915.29411764705  2.936406E-17
6919.80392156862  3.612736E-17
6924.31372549019  4.310876E-17
6928.82352941176  3.554726E-17
6933.33333333333  2.938208E-17
6937.8431372549  3.421559E-17
6942.35294117646  3.043301E-17
6946.86274509803  2.943932E-17
6951.3725490196  2.350865E-17
6955.88235294117  2.621490E-17
6960.39215686274  2.590826E-17
6964.90196078431  2.524871E-17
6969.41176470588  2.842170E-17
6973.92156862744  3.381280E-17
6978.43137254901  3.621546E-17
6982.94117647058  4.288493E-17
6987.45098039215  4.244938E-17
6991.96078431372  4.524006E-17
6996.47058823529  4.161596E-17
7000.98039215686  2.989385E-17
7005.49019607842  2.148346E-17
7009.99999999999  2.446557E-17
7014.50980392156  3.020904E-17
7019.01960784313  2.763756E-17
7023.5294117647  2.721750E-17
7028.03921568627  2.928032E-17
7032.54901960784  3.101805E-17
7037.05882352941  3.273082E-17
7041.56862745097  3.492760E-17
7046.07843137254  3.135533E-17
7050.58823529411  2.950832E-17
7055.09803921568  2.860291E-17
7059.60784313725  2.594028E-17
7064.11764705882  2.540827E-17
7068.62745098039  2.597988E-17
7073.13725490195  3.050071E-17
7077.64705882352  3.069697E-17
7082.15686274509  3.045962E-17
7086.66666666666  3.571741E-17
7091.17647058823  2.338976E-17
7095.6862745098  1.181629E-17
7100.19607843137  2.004647E-17
7104.70588235294  2.177928E-17
7109.2156862745  2.747470E-17
7113.72549019607  3.324741E-17
7118.23529411764  3.579595E-17
7122.74509803921  3.380490E-17
7127.25490196078  2.288103E-17
7131.76470588235  2.519873E-17
7136.27450980391  2.857325E-17
7140.78431372549  2.710649E-17
7145.29411764705  2.888177E-17
7149.80392156862  2.844635E-17
7154.31372549019  2.519109E-17
7158.82352941176  2.329778E-17
7163.33333333333  2.837842E-17
7167.8431372549  3.125464E-17
7172.35294117647  2.588938E-17
7176.86274509803  2.673892E-17
7181.3725490196  2.682433E-17
7185.88235294117  2.816359E-17
7190.39215686274  2.519887E-17
7194.90196078431  2.163639E-17
7199.41176470588  2.854123E-17
7203.92156862745  2.627574E-17
7208.43137254901  3.061391E-17
7212.94117647058  2.509809E-17
7217.45098039215  2.555875E-17
7221.96078431372  2.460472E-17
7226.47058823529  2.008152E-17
7230.98039215686  1.726453E-17
7235.49019607843  2.232564E-17
7239.99999999999  2.563589E-17
7244.50980392156  3.713045E-17
7249.01960784313  2.686337E-17
7253.5294117647  1.858422E-17
7258.03921568627  3.388061E-17
7262.54901960784  3.308157E-17
7267.05882352941  1.579271E-17
7271.56862745097  1.757044E-17
7276.07843137254  2.052835E-17
7280.58823529411  2.177922E-17
7285.09803921568  2.622303E-17
7289.60784313725  3.444490E-17
7294.11764705882  2.257364E-17
7298.62745098039  2.018310E-17
7303.13725490196  1.982941E-17
7307.64705882352  2.478939E-17
7312.15686274509  2.270963E-17
7316.66666666666  2.249070E-17
7321.17647058823  2.909575E-17
7325.6862745098  2.887997E-17
7330.19607843137  3.408597E-17
7334.70588235294  4.162315E-17
7339.2156862745  2.908845E-17
7343.72549019607  1.565688E-17
7348.23529411764  1.675874E-17
7352.74509803921  2.116630E-17
7357.25490196078  2.687454E-17
7361.76470588235  1.833628E-17
7366.27450980391  8.059891E-18
7370.78431372548  2.394823E-17
7375.29411764705  2.894846E-17
7379.80392156862  2.744020E-17
7384.31372549019  2.332327E-17
7388.82352941176  2.465196E-17
7393.33333333333  2.909921E-17
7397.8431372549  2.040259E-17
7402.35294117646  2.689991E-17
7406.86274509803  3.240643E-17
7411.3725490196  2.548097E-17
7415.88235294117  2.546359E-17
7420.39215686274  2.599212E-17
7424.90196078431  2.779136E-17
7429.41176470588  2.329853E-17
7433.92156862744  1.853951E-17
7438.43137254901  2.967776E-17
7442.94117647058  3.280785E-17
7447.45098039215  3.110881E-17
7451.96078431372  2.924559E-17
7456.47058823529  2.688458E-17
7460.98039215686  3.197916E-17
7465.49019607843  3.274605E-17
7469.99999999999  3.101303E-17
7474.50980392156  2.236433E-17
7479.01960784313  2.024476E-17
7483.5294117647  2.133058E-17
7488.03921568627  2.695606E-17
7492.54901960784  3.544413E-17
7497.0588235294  3.137884E-17
7501.56862745097  2.943318E-17
7506.07843137254  2.726699E-17
7510.58823529411  3.072925E-17
7515.09803921568  2.654767E-17
7519.60784313725  2.251372E-17
7524.11764705882  2.835412E-17
7528.62745098039  2.369871E-17
7533.13725490195  2.532336E-17
7537.64705882352  2.808713E-17
7542.15686274509  2.850101E-17
7546.66666666666  2.820648E-17
7551.17647058823  3.185646E-17
7555.6862745098  3.188049E-17
7560.19607843137  2.713599E-17
7564.70588235293  2.358493E-17
7569.2156862745  2.579427E-17
7573.72549019607  3.413729E-17
7578.23529411764  3.748399E-17
7582.74509803921  3.293246E-17
7587.25490196078  3.122640E-17
7591.76470588235  3.197740E-17
7596.27450980391  2.836179E-17
7600.78431372548  2.253882E-17
7605.29411764705  2.698328E-17
7609.80392156862  2.663859E-17
7614.31372549019  2.181792E-17
7618.82352941176  2.471213E-17
7623.33333333333  2.947039E-17
7627.8431372549  1.982610E-17
7632.35294117646  2.686398E-17
7636.86274509803  3.046944E-17
7641.3725490196  2.075525E-17
7645.88235294117  1.769874E-17
7650.39215686274  3.174810E-17
7654.90196078431  2.559805E-17
7659.41176470588  2.496353E-17
7663.92156862744  2.226953E-17
7668.43137254901  2.876179E-17
7672.94117647058  2.663813E-17
7677.45098039215  2.465233E-17
7681.96078431372  2.719380E-17
7686.47058823529  2.347665E-17
7690.98039215686  2.486193E-17
7695.49019607842  2.400250E-17
7699.99999999999  2.480906E-17
7704.50980392156  2.720980E-17
7709.01960784313  1.132788E-17
7713.5294117647  1.884327E-17
7718.03921568627  3.012538E-17
7722.54901960784  1.655977E-17
7727.0588235294  1.308597E-17
7731.56862745097  2.633057E-17
7736.07843137254  2.799779E-17
7740.58823529411  2.861527E-17
7745.09803921568  2.764014E-17
7749.60784313725  2.674240E-17
7754.11764705882  3.270679E-17
7758.62745098038  1.734745E-17
7763.13725490195  1.617490E-17
7767.64705882352  1.750071E-17
7772.15686274509  1.826609E-17
7776.66666666666  2.781096E-17
7781.17647058823  2.981360E-17
7785.6862745098  3.810750E-17
7790.19607843137  4.420659E-17
7794.70588235293  3.113489E-17
7799.2156862745  2.934943E-17
7803.72549019607  4.470109E-17
7808.23529411764  3.474164E-17
7812.74509803921  1.519625E-17
7817.25490196078  2.760648E-17
7821.76470588234  3.362071E-17
7826.27450980391  2.546012E-17
7830.78431372548  2.831162E-17
7835.29411764705  3.137507E-17
7839.80392156862  2.279359E-17
7844.31372549019  2.622890E-17
7848.82352941176  2.093546E-17
7853.33333333332  2.209992E-17
7857.84313725489  4.514010E-17
7862.35294117646  3.940336E-17
7866.86274509803  1.936527E-17
7871.3725490196  1.664452E-17
7875.88235294117  1.665137E-17
7880.39215686274  2.480211E-17
7884.90196078431  3.659724E-17
7889.41176470587  2.466549E-17
7893.92156862744  2.968822E-17
7898.43137254901  2.597879E-17
7902.94117647058  2.654608E-17
7907.45098039215  4.069895E-17
7911.96078431372  3.140761E-17
7916.47058823529  2.280449E-17
7920.98039215686  3.961344E-17
7925.49019607842  2.892693E-17
7929.99999999999  1.729734E-17
7934.50980392156  2.620509E-17
7939.01960784313  3.296119E-17
7943.5294117647  2.950953E-17
7948.03921568627  2.216794E-17
7952.54901960784  2.769442E-17
7957.0588235294  2.683164E-17
7961.56862745097  2.049601E-17
7966.07843137254  1.631265E-17
7970.58823529411  2.545279E-17
7975.09803921568  3.595462E-17
7979.60784313725  3.137683E-17
7984.11764705882  2.678675E-17
7988.62745098038  2.266559E-17
7993.13725490195  2.353079E-17
7997.64705882352  2.179500E-17
8002.15686274509  2.301378E-17
8006.66666666666  3.234114E-17
8011.17647058823  2.510797E-17
8015.6862745098  3.089612E-17
8020.19607843137  2.418601E-17
8024.70588235293  1.209312E-17
8029.2156862745  2.435654E-17
8033.72549019607  2.130177E-17
8038.23529411764  1.294150E-17
8042.74509803921  2.206641E-17
8047.25490196078  2.953604E-17
8051.76470588235  2.935293E-17
8056.27450980391  2.819577E-17
8060.78431372548  2.577302E-17
8065.29411764705  1.848456E-17
8069.80392156862  1.955020E-17
8074.31372549019  2.337452E-17
8078.82352941176  2.540642E-17
8083.33333333333  3.126176E-17
8087.84313725489  2.478310E-17
8092.35294117646  2.668381E-17
8096.86274509803  3.198226E-17
8101.3725490196  2.676946E-17
8105.88235294117  1.889511E-17
8110.39215686274  2.621332E-17
8114.90196078431  2.497917E-17
8119.41176470587  2.005346E-17
8123.92156862744  2.356056E-17
8128.43137254901  3.137953E-17
8132.94117647058  3.249478E-17
8137.45098039215  2.920568E-17
8141.96078431372  2.813697E-17
8146.47058823529  2.406172E-17
8150.98039215686  1.799611E-17
8155.49019607842  2.024886E-17
8159.99999999999  1.579463E-17
8164.50980392156  2.229823E-17
8169.01960784313  3.547027E-17
8173.5294117647  3.152801E-17
8178.03921568627  2.659296E-17
8182.54901960783  2.426819E-17
8187.0588235294  2.765252E-17
8191.56862745097  2.190437E-17
8196.07843137254  1.739658E-17
8200.58823529411  2.434656E-17
8205.09803921568  2.613946E-17
8209.60784313725  2.356654E-17
8214.11764705881  2.457948E-17
8218.62745098038  3.084365E-17
8223.13725490195  1.586023E-17
8227.64705882352  1.883812E-17
8232.15686274509  3.858336E-17
8236.66666666666  3.362013E-17
8241.17647058823  3.616181E-17
8245.6862745098  3.308147E-17
8250.19607843136  2.801212E-17
8254.70588235293  2.055367E-17
8259.2156862745  1.980183E-17
8263.72549019607  2.768329E-17
8268.23529411764  2.866178E-17
8272.74509803921  2.397111E-17
8277.25490196078  3.205315E-17
8281.76470588234  3.190694E-17
8286.27450980391  3.293045E-17
8290.78431372548  3.613638E-17
8295.29411764705  3.186616E-17
8299.80392156862  3.428488E-17
8304.31372549019  3.006938E-17
8308.82352941175  1.188516E-17
8313.33333333332  2.029384E-17
8317.84313725489  2.743759E-17
8322.35294117646  2.637294E-17
8326.86274509803  2.272807E-17
8331.3725490196  2.193715E-17
8335.88235294117  2.861390E-17
8340.39215686274  1.276977E-17
8344.9019607843  2.342917E-17
8349.41176470587  2.279801E-17
8353.92156862744  1.716858E-17
8358.43137254901  3.348484E-17
8362.94117647058  3.923284E-17
8367.45098039215  2.172661E-17
8371.96078431372  2.517397E-17
8376.47058823528  3.368539E-17
8380.98039215685  3.021660E-17
8385.49019607842  3.379273E-17
8389.99999999999  2.954199E-17
8394.50980392156  1.559383E-17
8399.01960784313  2.156021E-17
8403.5294117647  3.211688E-17
8408.03921568626  3.512731E-17
8412.54901960783  2.145806E-17
8417.0588235294  1.415254E-17
8421.56862745097  3.047291E-17
8426.07843137254  1.072057E-17
8430.58823529411  2.949646E-18
8435.09803921568  1.692503E-17
8439.60784313724  1.685579E-17
8444.11764705881  2.789120E-17
8448.62745098038  2.970165E-17
8453.13725490195  1.836323E-17
8457.64705882352  2.299778E-17
8462.15686274509  2.615112E-17
8466.66666666666  1.228502E-17
8471.17647058823  2.309930E-17
8475.68627450979  2.831527E-17
8480.19607843136  2.452312E-17
8484.70588235293  2.522401E-17
8489.2156862745  2.391487E-17
8493.72549019607  2.745929E-17
8498.23529411764  2.431376E-17
8502.74509803921  3.110043E-17
8507.25490196077  3.468482E-17
8511.76470588234  3.161207E-17
8516.27450980391  2.384222E-17
8520.78431372548  1.856133E-17
8525.29411764705  2.589152E-17
8529.80392156862  3.146821E-17
8534.31372549019  2.456667E-17
8538.82352941175  3.274274E-17
8543.33333333333  3.695848E-17
8547.84313725489  3.041836E-17
8552.35294117646  3.076585E-17
8556.86274509803  2.560770E-17
8561.3725490196  2.262668E-17
8565.88235294117  2.505759E-17
8570.39215686273  2.841449E-17
8574.9019607843  2.375226E-17
8579.41176470587  2.710549E-17
8583.92156862744  2.708654E-17
8588.43137254901  2.114971E-17
8592.94117647058  1.485751E-17
8597.45098039215  1.501372E-17
8601.96078431372  1.711528E-17
8606.47058823529  1.556808E-17
8610.98039215685  6.955349E-18
8615.49019607842  2.435209E-17
8619.99999999999  4.350006E-17
8624.50980392156  4.363674E-17
8629.01960784313  2.976200E-17
8633.52941176469  2.322254E-17
8638.03921568627  2.098858E-17
8642.54901960783  1.848389E-17
8647.0588235294  2.805691E-17
8651.56862745097  3.493102E-17
8656.07843137254  3.312776E-17
8660.58823529411  1.858116E-17
8665.09803921568  5.226034E-18
8669.60784313724  9.435350E-18
8674.11764705881  2.255427E-17
8678.62745098038  2.636278E-17
8683.13725490195  2.467399E-17
8687.64705882352  1.944761E-17
8692.15686274509  1.964342E-17
8696.66666666666  2.458165E-17
8701.17647058823  2.377263E-17
8705.68627450979  2.098548E-17
8710.19607843136  2.402827E-17
8714.70588235293  2.563344E-17
8719.2156862745  2.902592E-17
8723.72549019607  2.221536E-17
8728.23529411764  2.599549E-17
8732.74509803921  2.932837E-17
8737.25490196077  2.269487E-17
8741.76470588234  2.214024E-17
8746.27450980391  1.884601E-17
8750.78431372548  1.994981E-17
8755.29411764705  2.957951E-17
8759.80392156862  3.306938E-17
8764.31372549019  2.011652E-17
8768.82352941176  1.666956E-17
8773.33333333332  1.321906E-17
8777.84313725489  1.025211E-17
8782.35294117646  4.300742E-17
8786.86274509803  3.202508E-17
8791.3725490196  2.053221E-17
8795.88235294117  3.201743E-17
8800.39215686273  2.209319E-17
8804.9019607843  2.751905E-17
8809.41176470587  3.451569E-17
8813.92156862744  3.437420E-17
8818.43137254901  1.391543E-17
8822.94117647058  -7.151055E-18
8827.45098039215  9.421836E-18
8831.96078431372  3.323945E-17
8836.47058823528  4.358363E-17
8840.98039215685  3.028084E-17
8845.49019607842  1.020681E-17
8849.99999999999  2.336469E-17
8854.50980392156  1.662573E-17
8859.01960784313  3.257799E-18
8863.5294117647  1.101442E-17
8868.03921568626  1.644090E-17
8872.54901960783  2.269141E-17
8877.0588235294  3.848958E-17
8881.56862745097  2.892180E-17
8886.07843137254  3.536325E-18
8890.58823529411  1.495073E-17
8895.09803921568  1.918054E-17
8899.60784313724  3.615913E-17
8904.11764705881  2.125848E-17
8908.62745098038  -1.313172E-17
8913.13725490195  4.723131E-21
8917.64705882352  2.563119E-17
8922.15686274509  5.044476E-17
8926.66666666666  3.783375E-17
8931.17647058822  3.042244E-17
8935.68627450979  2.179740E-17
8940.19607843136  -5.659504E-18
8944.70588235293  6.635394E-18
8949.2156862745  -2.208528E-19
8953.72549019607  -1.158555E-17
8958.23529411764  2.125720E-17
8962.74509803921  4.337886E-17
8967.25490196077  4.273112E-17
8971.76470588234  3.168950E-17
8976.27450980391  1.473769E-17
8980.78431372548  8.114773E-18
8985.29411764705  8.349370E-18
8989.80392156862  1.468204E-17
8994.31372549019  5.078239E-17
8998.82352941176  6.538532E-17
9003.33333333332  2.900077E-17
9007.84313725489  7.554356E-18
9012.35294117646  9.931638E-18
9016.86274509803  1.928561E-17
9021.3725490196  2.393876E-17
9025.88235294117  2.241918E-17
9030.39215686273  2.802906E-17
9034.9019607843  3.421978E-17
9039.41176470587  3.801694E-17
9043.92156862744  2.507611E-17
9048.43137254901  1.204844E-17
9052.94117647058  -5.236143E-18
9057.45098039215  -8.450819E-19
9061.96078431372  2.443847E-17
9066.47058823528  2.842133E-17
9070.98039215685  2.946578E-17
9075.49019607842  2.677151E-17
9079.99999999999  2.505553E-17
9084.50980392156  1.823917E-17
9089.01960784313  1.512399E-17
9093.5294117647  3.048778E-17
9098.03921568626  2.570906E-17
9102.54901960783  1.945124E-17
9107.0588235294  2.711760E-17
9111.56862745097  2.668151E-17
9116.07843137254  2.489417E-17
9120.58823529411  2.286362E-17
9125.09803921568  1.634632E-17
9129.60784313724  2.530116E-17
9134.11764705881  3.069804E-17
9138.62745098038  2.543534E-17
9143.13725490195  3.180557E-17
9147.64705882352  5.303329E-17
9152.15686274509  6.808238E-17
9156.66666666666  7.722139E-17
9161.17647058822  7.179038E-17
9165.68627450979  6.239040E-17
9170.19607843136  4.770314E-17
9174.70588235293  3.205505E-17
9179.2156862745  3.922571E-17
9183.72549019607  3.964707E-17
9188.23529411764  2.999382E-17
9192.7450980392  4.041318E-17
9197.25490196077  4.658474E-17
9201.76470588234  3.552053E-17
9206.27450980391  2.440005E-17
9210.78431372548  2.417060E-17
9215.29411764705  1.635988E-17
9219.80392156862  1.300741E-17
9224.31372549019  2.013761E-17
9228.82352941175  2.652300E-17
9233.33333333332  2.807965E-17
9237.84313725489  2.116141E-17
9242.35294117646  2.056744E-17
9246.86274509803  2.238042E-17
9251.3725490196  2.653541E-17
9255.88235294116  2.628114E-17
9260.39215686273  2.410475E-17
9264.9019607843  2.347547E-17
9269.41176470587  1.975771E-17
9273.92156862744  1.732514E-17
9278.43137254901  2.180654E-17
9282.94117647058  3.323005E-17
9287.45098039215  2.539985E-17
9291.96078431371  1.748524E-17
9296.47058823528  3.865243E-17
9300.98039215685  8.106825E-17
9305.49019607842  3.517987E-17
9309.99999999999  -5.755658E-17
9314.50980392156  -5.578139E-17
9319.01960784313  2.749182E-17
9323.5294117647  6.312325E-17
9328.03921568626  9.055208E-17
9332.54901960783  9.139513E-17
9337.0588235294  3.865712E-17
9341.56862745097  7.404319E-18
9346.07843137254  -1.361602E-17
9350.58823529411  -1.527195E-17
9355.09803921567  -1.024653E-18
9359.60784313724  -5.338671E-17
9364.11764705881  -1.423646E-16
9368.62745098038  -8.648537E-17
9373.13725490195  1.100392E-16
9377.64705882352  1.599338E-16
9382.15686274509  9.064937E-17
9386.66666666665  4.850083E-17
9391.17647058822  3.505445E-17
9395.68627450979  2.776255E-17
9400.19607843136  2.010583E-17
9404.70588235293  -3.042656E-18
9409.2156862745  -2.600014E-17
9413.72549019607  1.198266E-17
9418.23529411764  3.436421E-17
9422.7450980392  6.107726E-17
9427.25490196077  7.980023E-17
9431.76470588234  2.901834E-17
9436.27450980391  -1.988597E-17
9440.78431372548  -3.153159E-17
9445.29411764705  -5.415037E-17
9449.80392156861  -4.669354E-17
9454.31372549018  2.659528E-17
9458.82352941175  7.476647E-17
9463.33333333332  1.933563E-17
9467.84313725489  -1.715732E-17
9472.35294117646  1.337406E-17
9476.86274509803  -1.121410E-18
9481.37254901959  -2.493399E-17
9485.88235294116  3.490160E-18
9490.39215686273  5.589278E-17
9494.9019607843  5.227000E-17
9499.41176470587  2.822762E-17
9503.92156862744  2.872545E-17
9508.43137254901  5.625122E-17
9512.94117647058  4.355354E-17
9517.45098039214  4.647970E-17
9521.96078431371  3.259844E-17
9526.47058823528  2.251894E-17
9530.98039215685  2.420401E-17
9535.49019607842  2.034960E-17
9539.99999999999  2.906096E-17
9544.50980392156  1.226658E-17
9549.01960784312  1.808855E-17
9553.52941176469  1.754831E-17
9558.03921568626  -2.371222E-17
9562.54901960783  1.420833E-17
9567.0588235294  9.986855E-17
9571.56862745097  1.069343E-16
9576.07843137254  8.063200E-17
9580.58823529411  2.397472E-17
9585.09803921567  -1.147299E-17
9589.60784313724  2.596076E-17
9594.11764705881  1.262947E-17
9598.62745098038  2.431180E-17
9603.13725490195  5.115550E-17
9607.64705882352  3.708904E-17
9612.15686274509  4.318697E-17
9616.66666666666  2.349920E-17
9621.17647058822  1.623054E-17
9625.68627450979  2.523057E-17
9630.19607843136  2.879784E-17
9634.70588235293  3.307608E-17
9639.2156862745  2.399305E-17
9643.72549019607  1.682006E-17
9648.23529411764  1.956970E-17
9652.7450980392  1.693261E-17
9657.25490196077  2.486447E-17
9661.76470588234  1.276570E-17
9666.27450980391  2.911081E-17
9670.78431372548  2.755494E-17
9675.29411764705  1.962004E-17
9679.80392156862  1.360102E-17
9684.31372549019  -3.234649E-19
9688.82352941175  7.396127E-18
9693.33333333332  6.533970E-18
9697.84313725489  1.664122E-17
9702.35294117646  1.149455E-17
9706.86274509803  -1.127769E-17
9711.3725490196  2.231348E-17
9715.88235294117  5.571981E-17
9720.39215686273  6.127221E-17
9724.9019607843  3.044973E-17
9729.41176470587  2.635691E-17
9733.92156862744  2.545565E-17
9738.43137254901  -8.473772E-18
9742.94117647058  4.352583E-18
9747.45098039215  -3.166306E-18
9751.96078431371  -2.017124E-17
9756.47058823528  1.793513E-17
9760.98039215685  2.882289E-17
9765.49019607842  1.144858E-17
9769.99999999999  2.222043E-17
9774.50980392156  1.849572E-17
9779.01960784313  1.201568E-17
9783.52941176469  2.127171E-17
9788.03921568626  -2.009144E-17
9792.54901960783  -6.001923E-17
9797.0588235294  -2.341147E-17
9801.56862745097  -3.884234E-19
9806.07843137254  -1.258605E-17
9810.58823529411  -3.437448E-18
9815.09803921568  3.298815E-17
9819.60784313724  5.155134E-17
9824.11764705881  5.495587E-17
9828.62745098038  6.680593E-17
9833.13725490195  3.877488E-17
9837.64705882352  2.543874E-17
9842.15686274509  1.247275E-17
9846.66666666665  3.158421E-17
9851.17647058822  7.139355E-17
9855.68627450979  5.166383E-17
9860.19607843136  2.265533E-17
9864.70588235293  4.008315E-18
9869.2156862745  8.937687E-18
9873.72549019607  -1.647113E-17
9878.23529411763  -1.797107E-17
9882.7450980392  2.831138E-17
9887.25490196077  3.183419E-17
9891.76470588234  4.291209E-18
9896.27450980391  -1.441343E-17
9900.78431372548  -5.483713E-18
9905.29411764705  -9.478342E-18
9909.80392156862  4.574941E-18
9914.31372549018  2.422162E-17
9918.82352941175  7.142873E-17
9923.33333333332  4.533037E-17
9927.84313725489  3.262835E-17
9932.35294117646  6.261865E-17
9936.86274509803  7.458939E-18
9941.37254901959  -1.814420E-17
9945.88235294117  2.143392E-17
9950.39215686273  4.617108E-17
9954.9019607843  4.674784E-17
9959.41176470587  -7.460411E-18
9963.92156862744  2.240622E-17
9968.43137254901  9.461838E-17
9972.94117647058  6.789782E-17
9977.45098039214  3.965770E-17
9981.96078431371  4.501574E-17
9986.47058823528  3.184580E-17
9990.98039215685  2.162360E-17
9995.49019607842  -1.753103E-18
9999.99999999999  2.271777E-17
