4250.  1.062690E-16
4254.51334379906  5.187505E-17
4259.02668759812  5.483351E-17
4263.54003139717  6.226381E-17
4268.05337519623  2.495720E-17
4272.56671899529  1.088183E-17
4277.08006279435  6.852633E-17
4281.59340659341  5.905840E-17
4286.10675039247  2.917178E-17
4290.62009419152  7.003550E-17
4295.13343799058  1.358346E-17
4299.64678178964  2.130624E-17
4304.1601255887  6.204397E-17
4308.67346938775  3.842309E-17
4313.18681318681  9.465447E-17
4317.70015698587  6.247720E-17
4322.21350078493  9.965918E-17
4326.72684458399  1.191836E-16
4331.24018838305  9.053917E-17
4335.7535321821  7.307856E-17
4340.26687598116  1.862216E-17
4344.78021978022  8.669159E-17
4349.29356357928  9.384245E-17
4353.80690737834  8.317323E-18
4358.3202511774  3.488856E-17
4362.83359497645  6.338819E-17
4367.34693877551  3.494782E-17
4371.86028257457  3.615566E-17
4376.37362637363  -8.672907E-19
4380.88697017269  6.164892E-17
4385.40031397174  2.859329E-17
4389.9136577708  6.760128E-19
4394.42700156986  5.804944E-17
4398.94034536892  5.571353E-17
4403.45368916798  4.208074E-17
4407.96703296703  8.072266E-17
4412.48037676609  9.789057E-17
4416.99372056515  6.489934E-17
4421.50706436421  5.886579E-17
4426.02040816327  3.102944E-17
4430.53375196232  7.493369E-21
4435.04709576138  3.067298E-17
4439.56043956044  8.992992E-17
4444.0737833595  9.065780E-17
4448.58712715856  4.855123E-17
4453.10047095761  1.723978E-16
4457.61381475667  7.810694E-17
4462.12715855573  5.399494E-17
4466.64050235479  7.561522E-17
4471.15384615385  4.126512E-17
4475.66718995291  2.511497E-17
4480.18053375196  -1.595562E-17
4484.69387755102  -4.449199E-18
4489.20722135008  9.822433E-17
4493.72056514914  1.189273E-16
4498.2339089482  3.999842E-17
4502.74725274725  -2.085824E-17
4507.26059654631  5.460393E-17
4511.77394034537  1.212009E-16
4516.28728414443  6.025885E-17
4520.80062794349  3.505369E-17
4525.31397174255  2.966177E-17
4529.8273155416  3.903742E-17
4534.34065934066  5.374032E-17
4538.85400313972  1.288709E-17
4543.36734693878  5.705220E-17
4547.88069073784  8.582973E-17
4552.39403453689  3.381156E-17
4556.90737833595  2.658595E-17
4561.42072213501  1.745414E-17
4565.93406593407  1.205474E-17
4570.44740973313  1.789014E-17
4574.96075353219  2.826869E-17
4579.47409733124  4.989325E-17
4583.9874411303  3.859702E-17
4588.50078492936  3.414330E-17
4593.01412872842  3.182858E-17
4597.52747252747  9.446405E-17
4602.04081632653  1.499094E-16
4606.55416012559  1.412215E-16
4611.06750392465  1.001196E-16
4615.58084772371  6.849104E-17
4620.09419152277  2.608875E-17
4624.60753532182  9.030005E-17
4629.12087912088  7.870622E-17
4633.63422291994  9.162851E-18
4638.147566719  3.798214E-17
4642.66091051806  1.022363E-16
4647.17425431711  5.836450E-17
4651.68759811617  3.609886E-17
4656.20094191523  6.961391E-17
4660.71428571429  2.590282E-17
4665.22762951335  -2.301459E-17
4669.74097331241  3.786001E-17
4674.25431711146  2.779556E-17
4678.76766091052  -2.103763E-18
4683.28100470958  8.210810E-17
4687.79434850864  9.985755E-17
4692.3076923077  5.614574E-17
4696.82103610675  4.698429E-17
4701.33437990581  3.212713E-17
4705.84772370487  8.444894E-17
4710.36106750393  5.952039E-17
4714.87441130299  9.767535E-17
4719.38775510204  3.367453E-17
4723.9010989011  2.697429E-17
4728.41444270016  3.017939E-17
4732.92778649922  3.458192E-17
4737.44113029828  4.303816E-17
4741.95447409733  2.885113E-17
4746.46781789639  -1.046996E-19
4750.98116169545  4.350931E-17
4755.49450549451  2.231434E-17
4760.00784929357  1.950796E-17
4764.52119309262  4.893737E-17
4769.03453689168  5.854081E-17
4773.54788069074  6.871408E-17
4778.0612244898  4.683265E-17
4782.57456828886  6.154574E-17
4787.08791208792  8.771807E-17
4791.60125588698  6.380709E-17
4796.11459968603  2.588722E-17
4800.62794348509  3.381291E-17
4805.14128728415  5.332837E-17
4809.65463108321  3.325574E-17
4814.16797488227  4.796257E-17
4818.68131868132  4.795588E-17
4823.19466248038  4.783697E-17
4827.70800627944  4.318449E-17
4832.2213500785  1.628565E-17
4836.73469387755  2.772509E-17
4841.24803767661  3.841523E-17
4845.76138147567  4.165058E-17
4850.27472527473  2.689822E-17
4854.78806907379  5.658439E-17
4859.30141287285  3.885167E-17
4863.8147566719  5.706255E-17
4868.32810047096  6.003470E-17
4872.84144427002  2.388933E-17
4877.35478806908  1.410311E-17
4881.86813186814  5.102753E-17
4886.38147566719  3.271737E-17
4890.89481946625  2.884765E-17
4895.40816326531  3.589272E-17
4899.92150706437  4.371460E-17
4904.43485086343  3.988394E-17
4908.94819466249  2.589790E-17
4913.46153846154  2.328759E-17
4917.9748822606  3.534058E-17
4922.48822605966  4.029631E-17
4927.00156985872  2.516753E-17
4931.51491365778  2.978822E-17
4936.02825745683  5.782249E-17
4940.54160125589  5.006175E-17
4945.05494505495  4.855158E-17
4949.56828885401  5.028935E-17
4954.08163265307  8.483588E-17
4958.59497645212  9.386171E-17
4963.10832025118  5.785952E-17
4967.62166405024  5.469762E-17
4972.1350078493  5.407136E-17
4976.64835164836  5.958214E-17
4981.16169544741  2.741869E-17
4985.67503924647  6.646977E-17
4990.18838304553  6.812535E-17
4994.70172684459  5.920527E-17
4999.21507064365  2.282472E-17
5003.72841444271  9.287581E-17
5008.24175824177  7.082532E-17
5012.75510204082  5.817628E-17
5017.26844583988  8.847377E-17
5021.78178963894  7.391724E-17
5026.295133438  4.571729E-17
5030.80847723706  3.416669E-17
5035.32182103611  3.315613E-17
5039.83516483517  6.976627E-17
5044.34850863423  8.307177E-17
5048.86185243329  7.047172E-17
5053.37519623235  4.903818E-17
5057.8885400314  3.507770E-17
5062.40188383046  2.980724E-17
5066.91522762952  3.691655E-17
5071.42857142858  3.416925E-17
5075.94191522764  3.097184E-17
5080.45525902669  5.079009E-17
5084.96860282575  7.224674E-17
5089.48194662481  7.921270E-17
5093.99529042387  3.442348E-17
5098.50863422293  5.262532E-17
5103.02197802198  6.452602E-17
5107.53532182104  4.280064E-17
5112.0486656201  3.732533E-17
5116.56200941916  5.542909E-17
5121.07535321822  5.503846E-17
5125.58869701728  2.991544E-17
5130.10204081633  6.999800E-17
5134.61538461539  6.801776E-17
5139.12872841445  5.597275E-17
5143.64207221351  5.027034E-17
5148.15541601257  4.774794E-17
5152.66875981162  4.375590E-17
5157.18210361068  6.178389E-17
5161.69544740974  7.346237E-17
5166.2087912088  5.123532E-17
5170.72213500786  5.219197E-17
5175.23547880692  5.644266E-17
5179.74882260597  5.623619E-17
5184.26216640503  3.278627E-17
5188.77551020409  2.311997E-17
5193.28885400315  4.311361E-17
5197.80219780221  6.465129E-17
5202.31554160126  7.551394E-17
5206.82888540032  6.625425E-17
5211.34222919938  7.196950E-17
5215.85557299844  4.494178E-17
5220.3689167975  2.482953E-17
5224.88226059655  7.356007E-17
5229.39560439561  6.306557E-17
5233.90894819467  3.193231E-17
5238.42229199373  4.460511E-17
5242.93563579279  6.263893E-17
5247.44897959184  7.076107E-17
5251.9623233909  7.376684E-17
5256.47566718996  5.461268E-17
5260.98901098902  6.731554E-17
5265.50235478808  6.208464E-17
5270.01569858714  4.846409E-17
5274.52904238619  6.193282E-17
5279.04238618525  7.456799E-17
5283.55572998431  8.150629E-17
5288.06907378337  4.506445E-17
5292.58241758243  6.232609E-17
5297.09576138148  8.185321E-17
5301.60910518054  4.363603E-17
5306.1224489796  4.906205E-17
5310.63579277866  5.000121E-17
5315.14913657772  3.715214E-17
5319.66248037677  4.137676E-17
5324.17582417583  5.714166E-17
5328.68916797489  4.851130E-17
5333.20251177395  3.988033E-17
5337.71585557301  4.801764E-17
5342.22919937207  8.558079E-17
5346.74254317112  5.698001E-17
5351.25588697018  4.232383E-17
5355.76923076924  5.714338E-17
5360.2825745683  3.839702E-17
5364.79591836735  6.778892E-17
5369.30926216641  6.243856E-17
5373.82260596547  5.170230E-17
5378.33594976453  5.814220E-17
5382.84929356359  4.555644E-17
5387.36263736265  4.837455E-17
5391.8759811617  6.050759E-17
5396.38932496076  5.590287E-17
5400.90266875982  6.747693E-17
5405.41601255888  7.145403E-17
5409.92935635794  5.956255E-17
5414.442700157  5.334043E-17
5418.95604395605  9.343590E-17
5423.46938775511  5.585491E-17
5427.98273155417  5.299144E-17
5432.49607535323  7.719572E-17
5437.00941915228  6.050412E-17
5441.52276295134  5.402655E-17
5446.0361067504  5.270397E-17
5450.54945054946  6.847443E-17
5455.06279434852  7.110672E-17
5459.57613814758  6.110285E-17
5464.08948194664  5.169960E-17
5468.60282574569  3.200535E-17
5473.11616954475  4.895280E-17
5477.62951334381  5.051159E-17
5482.14285714287  2.107078E-17
5486.65620094192  2.636665E-17
5491.16954474098  4.406054E-17
5495.68288854004  5.970416E-17
5500.1962323391  8.542960E-17
5504.70957613816  6.730794E-17
5509.22291993721  7.056039E-17
5513.73626373627  7.412334E-17
5518.24960753533  6.785650E-17
5522.76295133439  5.450102E-17
5527.27629513345  6.621075E-17
5531.78963893251  5.676534E-17
5536.30298273156  5.957804E-17
5540.81632653062  6.586936E-17
5545.32967032968  6.346249E-17
5549.84301412874  5.477961E-17
5554.3563579278  7.875001E-17
5558.86970172685  4.914200E-17
5563.38304552591  6.612185E-17
5567.89638932497  7.648292E-17
5572.40973312403  5.568927E-17
5576.92307692309  -4.334283E-18
5581.43642072215  5.585975E-18
5585.9497645212  5.060535E-17
5590.46310832026  5.366301E-17
5594.97645211932  5.251795E-17
5599.48979591838  4.188962E-17
5604.00313971744  6.082168E-17
5608.5164835165  7.612798E-17
5613.02982731555  6.011902E-17
5617.54317111461  6.194414E-17
5622.05651491367  5.853035E-17
5626.56985871273  5.257744E-17
5631.08320251178  5.923951E-17
5635.59654631084  5.458467E-17
5640.1098901099  4.450517E-17
5644.62323390896  6.795256E-17
5649.13657770802  5.168465E-17
5653.64992150707  5.593341E-17
5658.16326530613  5.269101E-17
5662.67660910519  6.076182E-17
5667.18995290425  6.579996E-17
5671.70329670331  4.834469E-17
5676.21664050237  2.391014E-17
5680.72998430142  5.941327E-17
5685.24332810048  4.178902E-17
5689.75667189954  4.389242E-17
5694.2700156986  8.425445E-17
5698.78335949766  7.401357E-17
5703.29670329671  5.874652E-17
5707.81004709577  5.366395E-17
5712.32339089483  4.500667E-17
5716.83673469389  4.095702E-17
5721.35007849295  5.455185E-17
5725.863422292  5.517265E-17
5730.37676609106  6.600883E-17
5734.89010989012  5.136614E-17
5739.40345368918  4.538984E-17
5743.91679748824  5.699945E-17
5748.4301412873  5.341313E-17
5752.94348508635  4.722641E-17
5757.45682888541  6.658965E-17
5761.97017268447  5.915237E-17
5766.48351648353  6.351337E-17
5770.99686028259  4.405376E-17
5775.51020408164  4.763947E-17
5780.0235478807  6.798121E-17
5784.53689167976  5.036206E-17
5789.05023547882  5.270296E-17
5793.56357927788  5.166402E-17
5798.07692307693  4.794799E-17
5802.59026687599  6.504999E-17
5807.10361067505  7.086525E-17
5811.61695447411  6.365362E-17
5816.13029827317  6.905228E-17
5820.64364207223  4.974789E-17
5825.15698587128  5.665542E-17
5829.67032967034  5.796431E-17
5834.1836734694  5.524277E-17
5838.69701726846  6.309534E-17
5843.21036106752  5.817336E-17
5847.72370486657  6.526218E-17
5852.23704866563  6.208332E-17
5856.75039246469  5.938584E-17
5861.26373626375  4.868487E-17
5865.77708006281  4.832299E-17
5870.29042386186  4.540017E-17
5874.80376766092  5.189453E-17
5879.31711145998  6.705898E-17
5883.83045525904  5.684419E-17
5888.3437990581  3.995227E-17
5892.85714285716  5.502849E-17
5897.37048665621  6.424529E-17
5901.88383045527  5.117551E-17
5906.39717425433  4.467091E-17
5910.91051805339  3.670734E-17
5915.42386185245  4.933561E-17
5919.9372056515  7.269983E-17
5924.45054945056  6.829864E-17
5928.96389324962  3.491575E-17
5933.47723704868  4.579714E-17
5937.99058084774  5.304362E-17
5942.50392464679  5.605600E-17
5947.01726844585  6.999356E-17
5951.53061224491  6.116719E-17
5956.04395604397  8.260666E-17
5960.55729984303  5.596185E-17
5965.07064364208  5.302829E-17
5969.58398744114  5.869337E-17
5974.0973312402  6.253630E-17
5978.61067503926  5.822111E-17
5983.12401883832  4.061002E-17
5987.63736263738  4.913133E-17
5992.15070643643  5.165859E-17
5996.66405023549  4.390059E-17
6001.17739403455  5.649867E-17
6005.69073783361  5.095923E-17
6010.20408163267  4.502848E-17
6014.71742543172  6.111462E-17
6019.23076923078  5.433585E-17
6023.74411302984  5.388162E-17
6028.2574568289  5.905744E-17
6032.77080062796  6.217786E-17
6037.28414442702  5.461714E-17
6041.79748822607  6.431212E-17
6046.31083202513  7.533310E-17
6050.82417582419  5.932925E-17
6055.33751962325  6.586743E-17
6059.85086342231  5.985028E-17
6064.36420722136  6.075745E-17
6068.87755102042  5.952607E-17
6073.39089481948  4.637102E-17
6077.90423861854  4.971810E-17
6082.4175824176  3.855804E-17
6086.93092621665  4.933029E-17
6091.44427001571  6.300379E-17
6095.95761381477  5.967055E-17
6100.47095761383  5.231227E-17
6104.98430141289  6.049858E-17
6109.49764521194  5.569082E-17
6114.010989011  6.223516E-17
6118.52433281006  7.643932E-17
6123.03767660912  7.256673E-17
6127.55102040818  7.643777E-17
6132.06436420723  6.894423E-17
6136.57770800629  4.473022E-17
6141.09105180535  4.044467E-17
6145.60439560441  4.819709E-17
6150.11773940347  6.068113E-17
6154.63108320252  7.329585E-17
6159.14442700158  7.691268E-17
6163.65777080064  7.161763E-17
6168.1711145997  5.994614E-17
6172.68445839876  8.093156E-17
6177.19780219782  8.917374E-17
6181.71114599687  9.958059E-17
6186.22448979593  1.001585E-16
6190.73783359499  8.048011E-17
6195.25117739405  6.118407E-17
6199.76452119311  5.163676E-17
6204.27786499217  5.338360E-17
6208.79120879122  4.485688E-17
6213.30455259028  5.934302E-17
6217.81789638934  5.067268E-17
6222.3312401884  5.167564E-17
6226.84458398746  5.717302E-17
6231.35792778651  4.749023E-17
6235.87127158557  6.386547E-17
6240.38461538463  6.868588E-17
6244.89795918369  5.818828E-17
6249.41130298275  7.453410E-17
6253.9246467818  5.403388E-17
6258.43799058086  4.502499E-17
6262.95133437992  5.785870E-17
6267.46467817898  4.792898E-17
6271.97802197804  4.554000E-17
6276.4913657771  5.386091E-17
6281.00470957615  6.500283E-17
6285.51805337521  5.872422E-17
6290.03139717427  5.901555E-17
6294.54474097333  5.785098E-17
6299.05808477239  4.307523E-17
6303.57142857144  4.395408E-17
6308.0847723705  4.695019E-17
6312.59811616956  5.347730E-17
6317.11145996862  5.547516E-17
6321.62480376768  6.805008E-17
6326.13814756673  4.966955E-17
6330.65149136579  4.969301E-17
6335.16483516485  5.703996E-17
6339.67817896391  5.894924E-17
6344.19152276297  6.588125E-17
6348.70486656202  6.363433E-17
6353.21821036108  5.275514E-17
6357.73155416014  5.189388E-17
6362.2448979592  5.000874E-17
6366.75824175826  6.256846E-17
6371.27158555732  6.849141E-17
6375.78492935637  6.143836E-17
6380.29827315543  5.142706E-17
6384.81161695449  4.080488E-17
6389.32496075355  4.527774E-17
6393.83830455261  4.520797E-17
6398.35164835166  4.531846E-17
6402.86499215072  6.455001E-17
6407.37833594978  4.304822E-17
6411.89167974884  4.205254E-17
6416.4050235479  5.336771E-17
6420.91836734695  4.617681E-17
6425.43171114601  6.530476E-17
6429.94505494507  6.096807E-17
6434.45839874413  4.043915E-17
6438.97174254319  4.971474E-17
6443.48508634225  5.208704E-17
6447.9984301413  5.021320E-17
6452.51177394036  5.223805E-17
6457.02511773942  5.514803E-17
6461.53846153848  5.819992E-17
6466.05180533754  5.507435E-17
6470.5651491366  6.052391E-17
6475.07849293565  5.823885E-17
6479.59183673471  4.761811E-17
6484.10518053377  4.847522E-17
6488.61852433283  4.700132E-17
6493.13186813189  4.866289E-17
6497.64521193094  4.168735E-17
6502.15855573  3.678262E-17
6506.67189952906  4.442460E-17
6511.18524332812  4.486252E-17
6515.69858712718  3.859299E-17
6520.21193092623  5.020415E-17
6524.72527472529  6.507032E-17
6529.23861852435  6.282148E-17
6533.75196232341  5.638257E-17
6538.26530612246  5.478371E-17
6542.77864992152  5.726872E-17
6547.29199372058  6.647442E-17
6551.80533751964  7.238179E-17
6556.3186813187  6.371506E-17
6560.83202511776  5.148322E-17
6565.34536891681  4.684523E-17
6569.85871271587  4.821682E-17
6574.37205651493  4.676503E-17
6578.88540031399  4.637120E-17
6583.39874411305  4.276147E-17
6587.9120879121  6.205062E-17
6592.42543171116  5.312344E-17
6596.93877551022  2.820385E-17
6601.45211930928  4.746655E-17
6605.96546310834  5.346395E-17
6610.4788069074  5.813607E-17
6614.99215070645  7.063499E-17
6619.50549450551  6.445969E-17
6624.01883830457  5.449989E-17
6628.53218210363  6.233064E-17
6633.04552590269  5.722060E-17
6637.55886970174  4.789928E-17
6642.0722135008  5.195716E-17
6646.58555729986  4.395544E-17
6651.09890109892  4.936843E-17
6655.61224489798  5.904577E-17
6660.12558869703  5.120586E-17
6664.63893249609  4.945596E-17
6669.15227629515  4.657518E-17
6673.66562009421  5.441428E-17
6678.17896389327  5.115286E-17
6682.69230769233  4.681493E-17
6687.20565149138  5.193299E-17
6691.71899529044  5.589420E-17
6696.2323390895  4.770500E-17
6700.74568288856  5.846086E-17
6705.25902668762  5.945265E-17
6709.77237048667  5.141616E-17
6714.28571428573  5.514058E-17
6718.79905808479  6.048805E-17
6723.31240188385  5.489750E-17
6727.82574568291  5.218460E-17
6732.33908948196  6.022001E-17
6736.85243328102  5.685427E-17
6741.36577708008  5.207406E-17
6745.87912087914  4.929082E-17
6750.3924646782  6.723471E-17
6754.90580847726  4.710509E-17
6759.41915227631  4.085846E-17
6763.93249607537  4.463187E-17
6768.44583987443  3.844948E-17
6772.95918367349  4.286360E-17
6777.47252747255  5.042935E-17
6781.9858712716  6.597428E-17
6786.49921507066  5.357816E-17
6791.01255886972  4.901716E-17
6795.52590266878  5.508527E-17
6800.03924646784  4.947462E-17
6804.5525902669  4.944797E-17
6809.06593406595  4.906987E-17
6813.57927786501  5.730684E-17
6818.09262166407  5.234182E-17
6822.60596546313  5.495447E-17
6827.11930926219  4.860858E-17
6831.63265306124  4.176110E-17
6836.1459968603  6.020494E-17
6840.65934065936  6.732178E-17
6845.17268445842  4.798771E-17
6849.68602825748  5.931232E-17
6854.19937205653  6.100006E-17
6858.71271585559  4.857738E-17
6863.22605965465  5.318717E-17
6867.73940345371  4.905187E-17
6872.25274725277  5.657403E-17
6876.76609105183  4.836249E-17
6881.27943485088  5.448019E-17
6885.79277864994  4.690312E-17
6890.306122449  5.307998E-17
6894.81946624806  5.629630E-17
6899.33281004712  5.807513E-17
6903.84615384617  4.229902E-17
6908.35949764523  3.747723E-17
6912.87284144429  5.419506E-17
6917.38618524335  5.684782E-17
6921.8995290424  5.316294E-17
6926.41287284146  5.309771E-17
6930.92621664052  4.736504E-17
6935.43956043958  4.637026E-17
6939.95290423864  5.816157E-17
6944.4662480377  6.012006E-17
6948.97959183675  5.278310E-17
6953.49293563581  4.433310E-17
6958.00627943487  4.399367E-17
6962.51962323393  4.487801E-17
6967.03296703299  5.235268E-17
6971.54631083204  5.576292E-17
6976.0596546311  5.001269E-17
6980.57299843016  4.290510E-17
6985.08634222922  5.746127E-17
6989.59968602828  6.194830E-17
6994.11302982734  4.723279E-17
6998.62637362639  4.744927E-17
7003.13971742545  5.974558E-17
7007.65306122451  6.553708E-17
7012.16640502357  6.816414E-17
7016.67974882263  5.797888E-17
7021.19309262168  5.571462E-17
7025.70643642074  5.358844E-17
7030.2197802198  5.921701E-17
7034.73312401886  5.689038E-17
7039.24646781792  4.895315E-17
7043.75981161697  4.482999E-17
7048.27315541603  5.561765E-17
7052.78649921509  5.735653E-17
7057.29984301415  6.179296E-17
7061.81318681321  6.132726E-17
7066.32653061227  6.469355E-17
7070.83987441132  7.391779E-17
7075.35321821038  6.298177E-17
7079.86656200944  5.328387E-17
7084.3799058085  5.517533E-17
7088.89324960756  5.781005E-17
7093.40659340661  5.278884E-17
7097.91993720567  4.904933E-17
7102.43328100473  5.241728E-17
7106.94662480379  5.185389E-17
7111.45996860285  5.513268E-17
7115.97331240191  6.010040E-17
7120.48665620096  5.937027E-17
7125.00000000002  5.925411E-17
7129.51334379908  6.056339E-17
7134.02668759814  5.513178E-17
7138.54003139719  4.449010E-17
7143.05337519625  4.610726E-17
7147.56671899531  5.331007E-17
7152.08006279437  4.502152E-17
7156.59340659343  5.607471E-17
7161.10675039248  6.083624E-17
7165.62009419154  5.551438E-17
7170.1334379906  5.694131E-17
7174.64678178966  5.396531E-17
7179.16012558872  4.789201E-17
7183.67346938777  4.776581E-17
7188.18681318683  4.341290E-17
7192.70015698589  5.231134E-17
7197.21350078495  5.243670E-17
7201.72684458401  4.408664E-17
7206.24018838307  5.342272E-17
7210.75353218212  5.715255E-17
7215.26687598118  5.727916E-17
7219.78021978024  5.099051E-17
7224.2935635793  5.626733E-17
7228.80690737836  5.150082E-17
7233.32025117742  6.216845E-17
7237.83359497647  6.170982E-17
7242.34693877553  6.793601E-17
7246.86028257459  5.962880E-17
7251.37362637365  5.890362E-17
7255.88697017271  5.612522E-17
7260.40031397177  6.036417E-17
7264.91365777082  5.790514E-17
7269.42700156988  4.396078E-17
7273.94034536894  5.584249E-17
7278.453689168  5.324531E-17
7282.96703296706  4.372601E-17
7287.48037676611  4.454512E-17
7291.99372056517  4.661946E-17
7296.50706436423  4.606693E-17
7301.02040816329  4.789906E-17
7305.53375196235  5.522828E-17
7310.0470957614  6.246685E-17
7314.56043956046  6.006945E-17
7319.07378335952  5.664417E-17
7323.58712715858  5.309711E-17
7328.10047095764  4.801111E-17
7332.61381475669  5.082831E-17
7337.12715855575  5.038287E-17
7341.64050235481  4.442368E-17
7346.15384615387  5.865146E-17
7350.66718995293  6.916858E-17
7355.18053375198  5.239695E-17
7359.69387755104  4.425133E-17
7364.2072213501  5.145976E-17
7368.72056514916  5.599707E-17
7373.23390894822  5.595032E-17
7377.74725274728  5.234855E-17
7382.26059654633  6.267389E-17
7386.77394034539  5.548445E-17
7391.28728414445  4.177187E-17
7395.80062794351  4.974434E-17
7400.31397174257  7.252516E-17
7404.82731554163  6.464203E-17
7409.34065934068  5.440456E-17
7413.85400313974  5.539925E-17
7418.3673469388  5.438898E-17
7422.88069073786  4.770090E-17
7427.39403453691  6.194545E-17
7431.90737833597  6.494896E-17
7436.42072213503  5.158460E-17
7440.93406593409  5.366932E-17
7445.44740973315  5.826311E-17
7449.9607535322  5.597021E-17
7454.47409733126  5.321601E-17
7458.98744113032  5.712143E-17
7463.50078492938  5.578376E-17
7468.01412872844  5.375653E-17
7472.5274725275  4.582890E-17
7477.04081632655  4.602163E-17
7481.55416012561  5.610738E-17
7486.06750392467  4.146742E-17
7490.58084772373  4.940377E-17
7495.09419152279  5.823356E-17
7499.60753532185  5.003335E-17
7504.1208791209  5.415320E-17
7508.63422291996  6.931938E-17
7513.14756671902  5.637522E-17
7517.66091051808  5.208481E-17
7522.17425431714  5.555369E-17
7526.68759811619  5.159831E-17
7531.20094191525  4.736053E-17
7535.71428571431  5.411453E-17
7540.22762951337  5.568711E-17
7544.74097331243  5.973370E-17
7549.25431711148  6.043356E-17
7553.76766091054  5.169613E-17
7558.2810047096  5.660689E-17
7562.79434850866  6.011999E-17
7567.30769230772  6.824334E-17
7571.82103610677  4.698448E-17
7576.33437990583  5.862915E-17
7580.84772370489  5.475202E-17
7585.36106750395  3.790355E-17
7589.87441130301  5.272155E-17
7594.38775510206  7.020493E-17
7598.90109890112  9.871591E-17
7603.41444270018  7.309653E-17
7607.92778649924  4.728475E-17
7612.4411302983  1.439377E-17
7616.95447409736  4.279284E-17
7621.46781789641  4.852106E-17
7625.98116169547  4.570751E-17
7630.49450549453  5.477608E-17
7635.00784929359  5.051338E-17
7639.52119309265  4.057857E-17
7644.0345368917  5.521793E-17
7648.54788069076  5.913538E-17
7653.06122448982  6.107452E-17
7657.57456828888  5.711131E-17
7662.08791208794  6.952974E-17
7666.60125588699  5.503281E-17
7671.11459968605  4.908350E-17
7675.62794348511  5.137564E-17
7680.14128728417  5.418750E-17
7684.65463108323  4.670346E-17
7689.16797488228  4.600245E-17
7693.68131868135  6.055479E-17
7698.1946624804  5.196585E-17
7702.70800627946  5.299794E-17
7707.22135007852  4.453758E-17
7711.73469387758  3.543222E-17
7716.24803767663  2.508285E-17
7720.76138147569  3.252365E-17
7725.27472527475  5.795057E-17
7729.78806907381  5.689936E-17
7734.30141287287  3.946104E-17
7738.81475667192  3.770712E-17
7743.32810047098  3.944984E-17
7747.84144427004  3.826376E-17
7752.3547880691  5.497985E-17
7756.86813186816  3.979446E-17
7761.38147566722  3.146740E-17
7765.89481946627  5.385689E-17
7770.40816326533  5.772696E-17
7774.92150706439  5.857298E-17
7779.43485086345  5.843879E-17
7783.94819466251  5.862660E-17
7788.46153846156  5.712152E-17
7792.97488226062  4.569010E-17
7797.48822605968  5.207933E-17
7802.00156985874  4.736390E-17
7806.5149136578  5.333544E-17
7811.02825745685  5.543556E-17
7815.54160125591  3.122515E-17
7820.05494505497  3.582363E-17
7824.56828885403  5.039354E-17
7829.08163265309  5.245375E-17
7833.59497645215  4.605944E-17
7838.1083202512  5.615780E-17
7842.62166405026  4.717157E-17
7847.13500784932  2.919045E-17
7851.64835164838  3.760410E-17
7856.16169544744  5.953682E-17
7860.67503924649  4.943673E-17
7865.18838304555  4.936440E-17
7869.70172684461  3.992145E-17
7874.21507064367  5.481387E-17
7878.72841444273  5.289070E-17
7883.24175824178  2.660717E-17
7887.75510204084  5.349261E-17
7892.2684458399  5.111607E-17
7896.78178963896  4.275860E-17
7901.29513343802  5.764162E-17
7905.80847723708  7.355093E-17
7910.32182103613  6.300283E-17
7914.83516483519  3.550606E-17
7919.34850863425  5.028566E-17
7923.86185243331  4.382849E-17
7928.37519623236  4.632914E-17
7932.88854003142  5.637405E-17
7937.40188383048  6.639667E-17
7941.91522762954  9.053085E-17
7946.4285714286  5.761400E-17
7950.94191522766  5.127805E-17
7955.45525902672  4.467624E-17
7959.96860282577  5.005810E-17
7964.48194662483  4.428975E-17
7968.99529042389  6.745475E-17
7973.50863422295  5.934347E-17
7978.02197802201  5.249546E-17
7982.53532182106  4.793711E-17
7987.04866562012  4.706469E-17
7991.56200941918  4.002286E-17
7996.07535321824  3.853731E-17
8000.5886970173  5.130713E-17
8005.10204081635  5.304828E-17
8009.61538461541  5.814921E-17
8014.12872841447  7.713878E-17
8018.64207221353  7.301779E-17
8023.15541601259  4.790534E-17
8027.66875981164  4.671955E-17
8032.1821036107  5.681309E-17
8036.69544740976  4.212874E-17
8041.20879120882  4.802118E-17
8045.72213500788  5.238370E-17
8050.23547880693  5.508423E-17
8054.74882260599  4.825730E-17
8059.26216640505  4.109825E-17
8063.77551020411  4.189845E-17
8068.28885400317  5.727976E-17
8072.80219780222  6.624125E-17
8077.31554160128  6.430814E-17
8081.82888540034  5.593121E-17
8086.3422291994  5.879653E-17
8090.85557299846  6.766114E-17
8095.36891679752  7.732202E-17
8099.88226059657  1.029982E-16
8104.39560439563  1.138641E-16
8108.90894819469  7.954725E-17
8113.42229199375  6.205008E-17
8117.93563579281  5.482822E-17
8122.44897959186  6.574467E-17
8126.96232339092  7.378000E-17
8131.47566718998  6.721403E-17
8135.98901098904  5.735525E-17
8140.5023547881  4.728512E-17
8145.01569858716  4.455428E-17
8149.52904238621  3.818282E-17
8154.04238618527  5.035141E-17
8158.55572998433  5.947342E-17
8163.06907378339  4.375243E-17
8167.58241758245  4.653513E-17
8172.0957613815  4.814368E-17
8176.60910518056  5.016828E-17
8181.12244897962  4.169799E-17
8185.63579277868  4.197331E-17
8190.14913657774  5.414975E-17
8194.6624803768  3.623680E-17
8199.17582417585  3.247697E-17
8203.68916797491  4.484468E-17
8208.20251177397  4.717185E-17
8212.71585557303  4.667192E-17
8217.22919937209  5.130723E-17
8221.74254317114  6.433473E-17
8226.2558869702  3.605630E-17
8230.76923076926  2.416055E-17
8235.28257456832  4.596620E-17
8239.79591836737  4.348852E-17
8244.30926216643  3.898201E-17
8248.82260596549  4.914481E-17
8253.33594976455  4.804873E-17
8257.84929356361  3.321056E-17
8262.36263736267  3.158335E-17
8266.87598116172  4.084803E-17
8271.38932496078  4.436180E-17
8275.90266875984  5.976516E-17
8280.4160125589  6.596016E-17
8284.92935635796  5.776413E-17
8289.44270015701  7.473296E-17
8293.95604395607  5.586669E-17
8298.46938775513  5.632553E-17
8302.98273155419  7.583498E-17
8307.49607535325  7.204580E-17
8312.00941915231  5.441821E-17
8316.52276295136  5.267506E-17
8321.03610675042  3.800909E-17
8325.54945054948  3.884247E-17
8330.06279434854  6.203683E-17
8334.5761381476  5.515129E-17
8339.08948194665  2.958290E-17
8343.60282574571  2.830345E-17
8348.11616954477  5.003512E-17
8352.62951334383  5.206254E-17
8357.14285714289  5.100260E-17
8361.65620094194  5.095737E-17
8366.169544741  5.514679E-17
8370.68288854006  6.184974E-17
8375.19623233912  3.886439E-17
8379.70957613818  3.902876E-17
8384.22291993723  3.907513E-17
8388.7362637363  3.850607E-17
8393.24960753535  2.293695E-17
8397.76295133441  3.514113E-17
8402.27629513347  5.760976E-17
8406.78963893253  5.727651E-17
8411.30298273158  4.771461E-17
8415.81632653064  4.913100E-17
8420.3296703297  6.674591E-17
8424.84301412876  5.335632E-17
8429.35635792782  4.457669E-17
8433.86970172687  4.912778E-17
8438.38304552593  6.087304E-17
8442.89638932499  6.249237E-17
8447.40973312405  4.912357E-17
8451.92307692311  5.209479E-17
8456.43642072217  4.416615E-17
8460.94976452122  4.010782E-17
8465.46310832028  3.127585E-17
8469.97645211934  5.049643E-17
8474.4897959184  4.321582E-17
8479.00313971745  4.259560E-17
8483.51648351651  4.992263E-17
8488.02982731557  5.737462E-17
8492.54317111463  4.551739E-17
8497.05651491369  6.413627E-17
8501.56985871275  7.706171E-17
8506.0832025118  5.890396E-17
8510.59654631086  4.204453E-17
8515.10989010992  3.977955E-17
8519.62323390898  4.525711E-17
8524.13657770804  3.394772E-17
8528.64992150709  3.182534E-17
8533.16326530615  4.804085E-17
8537.67660910521  6.498634E-17
8542.18995290427  7.739529E-17
8546.70329670333  8.000526E-17
8551.21664050239  4.682675E-17
8555.72998430145  2.745073E-17
8560.2433281005  3.852013E-17
8564.75667189956  5.107074E-17
8569.27001569862  4.620736E-17
8573.78335949768  5.115879E-17
8578.29670329673  4.221186E-17
8582.81004709579  3.764720E-17
8587.32339089485  4.667975E-17
8591.83673469391  4.164435E-17
8596.35007849297  4.081351E-17
8600.86342229203  4.271434E-17
8605.37676609108  4.182186E-17
8609.89010989014  4.354731E-17
8614.4034536892  5.104523E-17
8618.91679748826  6.195693E-17
8623.43014128731  5.626291E-17
8627.94348508637  4.553696E-17
8632.45682888543  4.452978E-17
8636.97017268449  3.749871E-17
8641.48351648355  4.611576E-17
8645.9968602826  5.573809E-17
8650.51020408166  6.418258E-17
8655.02354788072  4.924750E-17
8659.53689167978  6.868501E-17
8664.05023547884  4.474128E-17
8668.5635792779  1.734938E-17
8673.07692307695  4.104676E-17
8677.59026687601  4.418632E-17
8682.10361067507  3.993228E-17
8686.61695447413  5.782832E-17
8691.13029827319  6.275767E-17
8695.64364207225  5.670845E-17
8700.1569858713  5.999619E-17
8704.67032967036  3.783866E-17
8709.18367346942  3.310562E-17
8713.69701726848  4.559358E-17
8718.21036106754  4.938569E-17
8722.72370486659  4.137301E-17
8727.23704866565  4.873191E-17
8731.75039246471  4.483028E-17
8736.26373626377  4.484994E-17
8740.77708006283  5.072482E-17
8745.29042386188  4.478345E-17
8749.80376766094  5.042670E-17
8754.31711146  5.271434E-17
8758.83045525906  6.533999E-17
8763.34379905812  4.753626E-17
8767.85714285717  4.306533E-17
8772.37048665623  2.060250E-17
8776.88383045529  2.987881E-17
8781.39717425435  2.936639E-17
8785.91051805341  3.256876E-17
8790.42386185247  3.273822E-17
8794.93720565153  4.325692E-17
8799.45054945058  6.349338E-17
8803.96389324964  5.882924E-17
8808.4772370487  5.131318E-17
8812.99058084776  4.846711E-17
8817.50392464681  4.464910E-17
8822.01726844587  1.612345E-17
8826.53061224493  -3.644239E-18
8831.04395604399  5.299870E-17
8835.55729984305  7.424222E-17
8840.0706436421  3.784284E-17
8844.58398744116  3.917169E-17
8849.09733124022  3.783341E-17
8853.61067503928  3.099579E-17
8858.12401883834  2.251990E-17
8862.6373626374  1.595938E-17
8867.15070643645  3.294290E-17
8871.66405023551  7.478546E-17
8876.17739403457  6.931918E-17
8880.69073783363  5.353257E-17
8885.20408163268  3.551781E-17
8889.71742543174  3.401905E-17
8894.2307692308  3.156983E-17
8898.74411302986  5.902464E-17
8903.25745682892  6.976724E-17
8907.77080062798  3.889155E-17
8912.28414442703  1.597172E-17
8916.79748822609  3.045519E-17
8921.31083202515  5.445919E-17
8925.82417582421  5.985251E-17
8930.33751962327  4.454679E-17
8934.85086342233  6.237204E-17
8939.36420722138  7.350910E-17
8943.87755102044  5.043921E-17
8948.3908948195  2.963135E-17
8952.90423861856  7.340215E-18
8957.41758241762  2.100343E-17
8961.93092621667  5.007710E-17
8966.44427001573  3.123968E-17
8970.95761381479  3.195198E-17
8975.47095761385  3.307809E-17
8979.98430141291  2.023525E-17
8984.49764521197  2.404865E-17
8989.01098901102  4.771246E-17
8993.52433281008  4.283023E-17
8998.03767660914  4.487900E-17
9002.5510204082  5.896428E-17
9007.06436420725  5.792057E-17
9011.57770800631  3.390300E-17
9016.09105180537  3.642668E-17
9020.60439560443  2.579267E-17
9025.11773940349  3.278391E-17
9029.63108320255  5.193009E-17
9034.1444270016  7.686812E-17
9038.65777080066  8.438579E-17
9043.17111459972  5.559431E-17
9047.68445839878  3.185258E-17
9052.19780219784  1.816014E-17
9056.71114599689  7.558436E-18
9061.22448979595  4.684158E-17
9065.73783359501  5.931756E-17
9070.25117739407  5.060102E-17
9074.76452119313  4.415294E-17
9079.27786499219  1.556014E-17
9083.79120879124  2.573953E-17
9088.3045525903  3.094433E-17
9092.81789638936  4.619813E-17
9097.33124018842  6.032127E-17
9101.84458398748  5.933913E-17
9106.35792778653  5.625620E-17
9110.87127158559  5.037285E-17
9115.38461538465  3.692228E-17
9119.89795918371  4.053221E-17
9124.41130298277  4.348037E-17
9128.92464678182  3.673537E-17
9133.43799058088  3.391732E-17
9137.95133437994  4.286107E-17
9142.464678179  4.448966E-17
9146.97802197806  3.919910E-17
9151.49136577711  5.314865E-17
9156.00470957617  3.694569E-17
9160.51805337523  1.367470E-17
9165.03139717429  2.561971E-17
9169.54474097335  3.116380E-17
9174.05808477241  2.429888E-17
9178.57142857146  3.053023E-17
9183.08477237052  3.029295E-17
9187.59811616958  1.760713E-17
9192.11145996864  3.667455E-17
9196.6248037677  5.377240E-17
9201.13814756676  5.900167E-17
9205.65149136581  5.068799E-17
9210.16483516487  5.873954E-17
9214.67817896393  5.361322E-17
9219.19152276299  2.760378E-17
9223.70486656205  3.480744E-17
9228.2182103611  5.610404E-17
9232.73155416016  5.359417E-17
9237.24489795922  5.087545E-17
9241.75824175828  4.734360E-17
9246.27158555733  3.709556E-17
9250.78492935639  3.755837E-17
9255.29827315545  2.474840E-17
9259.81161695451  2.721255E-17
9264.32496075357  4.523464E-17
9268.83830455263  4.599040E-17
9273.35164835168  5.489141E-17
9277.86499215074  5.329028E-17
9282.3783359498  5.003019E-17
9286.89167974886  4.974584E-17
9291.40502354792  3.694840E-17
9295.91836734697  6.236000E-17
9300.43171114603  1.214069E-16
9304.94505494509  7.007042E-17
9309.45839874415  -3.358465E-17
9313.97174254321  -6.993125E-17
9318.48508634227  -7.341312E-17
9322.99843014132  8.282623E-17
9327.51177394038  1.809800E-16
9332.02511773944  1.215080E-16
9336.5384615385  4.958312E-17
9341.05180533756  3.793027E-17
9345.56514913661  2.016771E-17
9350.07849293567  -9.624175E-18
9354.59183673473  -5.370808E-17
9359.10518053379  -8.641136E-17
9363.61852433285  -1.232993E-16
9368.1318681319  -6.915622E-17
9372.64521193096  1.639962E-17
9377.15855573002  7.907958E-17
9381.67189952908  1.129720E-16
9386.18524332814  1.123620E-16
9390.69858712719  7.968595E-17
9395.21193092625  2.465118E-17
9399.72527472531  1.941368E-18
9404.23861852437  -6.687924E-18
9408.75196232343  -9.298463E-18
9413.26530612249  4.571158E-17
9417.77864992154  1.044670E-16
9422.2919937206  8.984322E-17
9426.80533751966  6.128257E-17
9431.31868131872  5.578872E-17
9435.83202511778  -5.896983E-17
9440.34536891683  -8.276554E-18
9444.85871271589  1.356352E-17
9449.37205651495  7.008255E-18
9453.88540031401  7.239182E-17
9458.39874411307  6.510989E-17
9462.91208791213  4.996906E-17
9467.42543171118  5.218172E-17
9471.93877551024  1.821176E-17
9476.4521193093  1.236934E-17
9480.96546310836  8.529469E-18
9485.47880690741  1.091575E-17
9489.99215070647  4.169042E-17
9494.50549450553  3.923090E-17
9499.01883830459  2.699103E-17
9503.53218210365  5.076904E-17
9508.04552590271  6.143053E-17
9512.55886970176  4.353089E-17
9517.07221350082  6.614765E-17
9521.58555729988  4.706439E-17
9526.09890109894  2.888983E-17
9530.612244898  2.624577E-17
9535.12558869705  1.643771E-17
9539.63893249611  -1.787335E-17
9544.15227629517  3.436508E-17
9548.66562009423  4.544689E-17
9553.17896389328  1.657462E-17
9557.69230769235  3.132061E-17
9562.2056514914  9.931915E-18
9566.71899529046  5.188378E-18
9571.23233908952  7.572766E-17
9575.74568288858  6.556823E-17
9580.25902668764  4.129996E-17
9584.7723704867  3.929839E-17
9589.28571428575  3.381763E-17
9593.79905808481  1.637047E-17
9598.31240188387  4.051428E-17
9602.82574568293  3.865824E-17
9607.33908948198  -9.378647E-18
9611.85243328104  1.365509E-17
9616.3657770801  6.495068E-17
9620.87912087916  4.018271E-17
9625.39246467822  3.170474E-17
9629.90580847728  3.871599E-17
9634.41915227633  2.795088E-17
9638.93249607539  4.052593E-17
9643.44583987445  4.352055E-17
9647.95918367351  3.518418E-17
9652.47252747257  1.389541E-17
9656.98587127162  3.128988E-17
9661.49921507068  5.441046E-17
9666.01255886974  6.182708E-17
9670.5259026688  4.107933E-17
9675.03924646786  4.638611E-17
9679.55259026691  2.977879E-17
9684.06593406597  7.946956E-18
9688.57927786503  2.348958E-17
9693.09262166409  3.192828E-17
9697.60596546315  5.360500E-17
9702.11930926221  1.215832E-17
9706.63265306126  4.185211E-17
9711.14599686032  8.076210E-17
9715.65934065938  3.752072E-19
9720.17268445844  4.401547E-17
9724.6860282575  4.934637E-17
9729.19937205655  5.415040E-17
9733.71271585561  2.391963E-17
9738.22605965467  2.262223E-19
9742.73940345373  -6.707724E-18
9747.25274725279  -9.471515E-18
9751.76609105185  3.030990E-17
9756.2794348509  3.111531E-17
9760.79277864996  4.197123E-17
9765.30612244902  3.620580E-17
9769.81946624808  3.086816E-17
9774.33281004713  2.085448E-17
9778.84615384619  6.507609E-18
9783.35949764525  2.702228E-17
9787.87284144431  4.662824E-17
9792.38618524337  1.998712E-17
9796.89952904242  -9.330454E-18
9801.41287284148  1.230114E-17
9805.92621664054  4.092263E-17
9810.4395604396  3.322344E-17
9814.95290423866  3.466953E-17
9819.46624803772  3.207724E-17
9823.97959183678  5.202432E-17
9828.49293563583  4.435833E-17
9833.00627943489  4.927158E-17
9837.51962323395  8.111759E-17
9842.03296703301  7.170187E-17
9846.54631083207  2.870182E-17
9851.05965463112  4.150109E-17
9855.57299843018  6.784085E-17
9860.08634222924  5.743703E-17
9864.5996860283  3.297533E-17
9869.11302982736  -4.990293E-17
9873.62637362641  -3.847421E-17
9878.13971742547  1.474933E-17
9882.65306122453  2.384349E-17
9887.16640502359  2.916979E-17
9891.67974882265  5.859208E-18
9896.1930926217  9.989417E-18
9900.70643642076  1.654077E-17
9905.21978021982  -1.997556E-17
9909.73312401888  4.085886E-17
9914.24646781794  4.045333E-17
9918.75981161699  5.314085E-17
9923.27315541605  5.539231E-17
9927.78649921511  1.971122E-17
9932.29984301417  6.376548E-17
9936.81318681323  4.198283E-17
9941.32653061228  1.025133E-16
9945.83987441134  8.803802E-17
9950.3532182104  3.457864E-17
9954.86656200946  2.514253E-17
9959.37990580852  8.507808E-18
9963.89324960758  3.059365E-17
9968.40659340664  8.030932E-17
9972.91993720569  6.643868E-17
9977.43328100475  2.849661E-17
9981.94662480381  3.185678E-17
9986.45996860287  2.604521E-17
9990.97331240192  5.290752E-17
9995.48665620098  3.619372E-17
10000.  3.706116E-18
