3599.7680664062  2.078000E-17
3601.18408241537  2.690000E-18
3602.60009842455  1.079000E-17
3604.01611443372  1.228000E-17
3605.43213044289  1.927000E-17
3606.84814645206  -3.101000E-17
3608.26416246123  -7.354000E-19
3609.6801784704  1.623000E-17
3611.09619447957  -8.086000E-18
3612.51221048874  -1.221000E-17
3613.92822649791  5.330000E-17
3615.34424250708  1.664000E-17
3616.76025851626  2.585000E-17
3618.17627452543  1.321000E-17
3619.5922905346  -2.506000E-18
3621.00830654377  3.172000E-17
3622.42432255294  2.676000E-17
3623.84033856211  2.523000E-17
3625.25635457128  3.218000E-17
3626.67237058045  2.829000E-17
3628.08838658962  -2.876000E-18
3629.50440259879  -6.416000E-18
3630.92041860796  -6.048000E-18
3632.33643461714  1.782000E-19
3633.75245062631  8.812000E-18
3635.16846663548  1.658000E-17
3636.58448264465  4.416000E-17
3638.00049865382  2.758000E-17
3639.41651466299  9.635000E-18
3640.83253067216  1.639000E-17
3642.24854668133  1.681000E-17
3643.6645626905  3.439000E-17
3645.08057869967  6.243000E-18
3646.49659470884  2.326000E-17
3647.91261071801  -1.506000E-19
3649.32862672719  3.739000E-18
3650.74464273636  1.767000E-17
3652.16065874553  2.902000E-17
3653.5766747547  6.190000E-18
3654.99269076387  5.223000E-18
3656.40870677304  6.592000E-18
3657.82472278221  4.888000E-18
3659.24073879138  7.362000E-18
3660.65675480055  2.592000E-18
3662.07277080972  1.378000E-17
3663.48878681889  3.332000E-17
3664.90480282807  6.587000E-18
3666.32081883724  -9.192000E-18
3667.73683484641  1.731000E-17
3669.15285085558  1.879000E-17
3670.56886686475  6.335000E-18
3671.98488287392  4.763000E-18
3673.40089888309  -1.361000E-18
3674.81691489226  5.531000E-18
3676.23293090143  2.304000E-17
3677.6489469106  1.719000E-17
3679.06496291977  2.078000E-17
3680.48097892895  2.469000E-17
3681.89699493812  1.064000E-17
3683.31301094729  3.025000E-18
3684.72902695646  2.786000E-19
3686.14504296563  1.382000E-17
3687.5610589748  -1.434000E-18
3688.97707498397  9.229000E-18
3690.39309099314  -1.036000E-17
3691.80910700231  2.220000E-17
3693.22512301148  3.510000E-17
3694.64113902065  4.438000E-18
3696.05715502983  3.263000E-17
3697.473171039  5.045000E-18
3698.88918704817  4.293000E-18
3700.30520305734  1.885000E-17
3701.72121906651  1.588000E-17
3703.13723507568  2.535000E-17
3704.55325108485  2.892000E-18
3705.96926709402  3.151000E-17
3707.38528310319  1.362000E-17
3708.80129911236  1.314000E-17
3710.21731512153  -1.374000E-17
3711.6333311307  1.039000E-17
3713.04934713988  2.511000E-17
3714.46536314905  4.421000E-18
3715.88137915822  3.420000E-18
3717.29739516739  1.950000E-17
3718.71341117656  2.264000E-17
3720.12942718573  1.940000E-17
3721.5454431949  1.117000E-17
3722.96145920407  1.558000E-17
3724.37747521324  2.945000E-17
3725.79349122241  2.648000E-17
3727.20950723158  1.322000E-17
3728.62552324076  3.227000E-18
3730.04153924993  2.808000E-17
3731.4575552591  2.521000E-17
3732.87357126827  1.097000E-17
3734.28958727744  2.667000E-17
3735.70560328661  1.048000E-17
3737.12161929578  2.622000E-17
3738.53763530495  2.931000E-17
3739.95365131412  3.016000E-18
3741.36966732329  2.686000E-17
3742.78568333246  1.002000E-17
3744.20169934164  1.635000E-17
3745.61771535081  1.410000E-17
3747.03373135998  2.930000E-17
3748.44974736915  -5.111000E-18
3749.86576337832  2.376000E-17
3751.28177938749  1.851000E-17
3752.69779539666  2.352000E-17
3754.11381140583  2.699000E-17
3755.529827415  9.090000E-18
3756.94584342417  3.464000E-17
3758.36185943335  1.784000E-17
3759.77787544252  1.938000E-17
3761.19389145169  2.290000E-17
3762.60990746086  1.787000E-17
3764.02592347003  1.819000E-17
3765.4419394792  5.846000E-18
3766.85795548837  2.464000E-17
3768.27397149754  2.438000E-17
3769.68998750671  6.447000E-18
3771.10600351588  1.589000E-17
3772.52201952505  1.874000E-17
3773.93803553422  6.856000E-18
3775.3540515434  1.091000E-17
3776.77006755257  2.168000E-17
3778.18608356174  1.339000E-17
3779.60209957091  9.974000E-18
3781.01811558008  1.223000E-17
3782.43413158925  1.657000E-17
3783.85014759842  2.071000E-17
3785.26616360759  1.133000E-17
3786.68217961676  1.666000E-17
3788.09819562593  2.814000E-17
3789.5142116351  1.588000E-17
3790.93022764428  1.782000E-17
3792.34624365345  1.533000E-17
3793.76225966262  5.176000E-18
3795.17827567179  8.085000E-18
3796.59429168096  2.288000E-17
3798.01030769013  2.511000E-17
3799.4263236993  2.389000E-17
3800.84233970847  1.212000E-17
3802.25835571764  2.939000E-17
3803.67437172681  1.814000E-17
3805.09038773598  2.298000E-17
3806.50640374516  1.207000E-17
3807.92241975433  2.320000E-17
3809.3384357635  1.895000E-17
3810.75445177267  1.845000E-17
3812.17046778184  1.124000E-17
3813.58648379101  2.726000E-17
3815.00249980018  1.650000E-17
3816.41851580935  3.059000E-17
3817.83453181852  1.866000E-17
3819.25054782769  1.573000E-17
3820.66656383686  2.587000E-17
3822.08257984603  2.007000E-17
3823.49859585521  1.077000E-17
3824.91461186438  2.421000E-17
3826.33062787355  2.760000E-17
3827.74664388272  9.201000E-18
3829.16265989189  1.479000E-17
3830.57867590106  2.116000E-17
3831.99469191023  2.030000E-17
3833.4107079194  8.694000E-18
3834.82672392857  1.447000E-17
3836.24273993774  1.920000E-17
3837.65875594692  1.676000E-17
3839.07477195609  2.389000E-17
3840.49078796526  1.303000E-17
3841.90680397443  1.786000E-17
3843.3228199836  1.802000E-17
3844.73883599277  1.459000E-17
3846.15485200194  1.801000E-17
3847.57086801111  2.701000E-17
3848.98688402028  1.946000E-17
3850.40290002945  1.875000E-17
3851.81891603862  1.985000E-17
3853.2349320478  2.502000E-17
3854.65094805697  3.115000E-17
3856.06696406614  1.791000E-17
3857.48298007531  1.998000E-17
3858.89899608448  2.392000E-17
3860.31501209365  1.973000E-17
3861.73102810282  2.808000E-17
3863.14704411199  2.749000E-17
3864.56306012116  9.612000E-18
3865.97907613033  3.153000E-17
3867.3950921395  1.893000E-17
3868.81110814868  2.781000E-17
3870.22712415785  2.620000E-17
3871.64314016702  1.839000E-17
3873.05915617619  2.428000E-17
3874.47517218536  2.428000E-17
3875.89118819453  2.056000E-17
3877.3072042037  1.621000E-17
3878.72322021287  2.074000E-17
3880.13923622204  1.962000E-17
3881.55525223121  2.382000E-17
3882.97126824038  2.495000E-17
3884.38728424955  2.501000E-17
3885.80330025873  2.914000E-17
3887.2193162679  2.476000E-17
3888.63533227707  2.059000E-17
3890.05134828624  1.986000E-17
3891.46736429541  2.784000E-17
3892.88338030458  2.473000E-17
3894.29939631375  2.189000E-17
3895.71541232292  1.725000E-17
3897.13142833209  2.207000E-17
3898.54744434126  2.390000E-17
3899.96346035044  1.920000E-17
3901.37947635961  1.788000E-17
3902.79549236878  2.656000E-17
3904.21150837795  2.896000E-17
3905.62752438712  1.781000E-17
3907.04354039629  1.596000E-17
3908.45955640546  2.996000E-17
3909.87557241463  2.755000E-17
3911.2915884238  2.222000E-17
3912.70760443297  2.582000E-17
3914.12362044214  2.123000E-17
3915.53963645131  1.669000E-17
3916.95565246049  2.352000E-17
3918.37166846966  2.356000E-17
3919.78768447883  2.069000E-17
3921.203700488  1.993000E-17
3922.61971649717  1.875000E-17
3924.03573250634  2.081000E-17
3925.45174851551  2.708000E-17
3926.86776452468  2.742000E-17
3928.28378053385  2.383000E-17
3929.69979654302  2.218000E-17
3931.11581255219  2.867000E-17
3932.53182856137  3.094000E-17
3933.94784457054  2.208000E-17
3935.36386057971  2.088000E-17
3936.77987658888  2.159000E-17
3938.19589259805  2.877000E-17
3939.61190860722  3.389000E-17
3941.02792461639  3.211000E-17
3942.44394062556  2.939000E-17
3943.85995663473  2.534000E-17
3945.2759726439  3.410000E-17
3946.69198865308  2.575000E-17
3948.10800466225  3.361000E-17
3949.52402067142  2.187000E-17
3950.94003668059  2.486000E-17
3952.35605268976  2.002000E-17
3953.77206869893  3.039000E-17
3955.1880847081  2.775000E-17
3956.60410071727  2.035000E-17
3958.02011672644  2.546000E-17
3959.43613273561  3.205000E-17
3960.85214874478  2.287000E-17
3962.26816475396  2.722000E-17
3963.68418076313  2.202000E-17
3965.1001967723  2.789000E-17
3966.51621278147  2.826000E-17
3967.93222879064  3.112000E-17
3969.34824479981  2.453000E-17
3970.76426080898  2.601000E-17
3972.18027681815  2.785000E-17
3973.59629282732  2.781000E-17
3975.01230883649  2.167000E-17
3976.42832484566  3.363000E-17
3977.84434085483  2.938000E-17
3979.26035686401  2.860000E-17
3980.67637287318  2.615000E-17
3982.09238888235  2.965000E-17
3983.50840489152  3.222000E-17
3984.92442090069  3.165000E-17
3986.34043690986  3.024000E-17
3987.75645291903  3.081000E-17
3989.1724689282  2.916000E-17
3990.58848493737  2.218000E-17
3992.00450094654  2.923000E-17
3993.42051695572  3.796000E-17
3994.83653296489  2.810000E-17
3996.25254897406  2.883000E-17
3997.66856498323  3.023000E-17
3999.0845809924  3.086000E-17
4000.50059700157  3.213000E-17
4001.91661301074  3.099000E-17
4003.33262901991  2.836000E-17
4004.74864502908  2.660000E-17
4006.16466103825  2.872000E-17
4007.58067704742  2.935000E-17
4008.9966930566  3.256000E-17
4010.41270906577  2.931000E-17
4011.82872507494  3.011000E-17
4013.24474108411  3.337000E-17
4014.66075709328  3.280000E-17
4016.07677310245  3.694000E-17
4017.49278911162  2.882000E-17
4018.90880512079  2.914000E-17
4020.32482112996  3.629000E-17
4021.74083713913  3.333000E-17
4023.1568531483  3.402000E-17
4024.57286915747  3.371000E-17
4025.98888516665  3.424000E-17
4027.40490117582  2.627000E-17
4028.82091718499  3.529000E-17
4030.23693319416  3.609000E-17
4031.65294920333  2.852000E-17
4033.0689652125  3.282000E-17
4034.48498122167  2.549000E-17
4035.90099723084  2.560000E-17
4037.31701324001  2.687000E-17
4038.73302924918  2.263000E-17
4040.14904525836  3.079000E-17
4041.56506126753  2.746000E-17
4042.9810772767  2.946000E-17
4044.39709328587  2.788000E-17
4045.81310929504  3.399000E-17
4047.22912530421  2.869000E-17
4048.64514131338  3.073000E-17
4050.06115732255  2.638000E-17
4051.47717333172  2.529000E-17
4052.89318934089  3.349000E-17
4054.30920535006  3.040000E-17
4055.72522135924  1.949000E-17
4057.14123736841  3.024000E-17
4058.55725337758  3.301000E-17
4059.97326938675  3.143000E-17
4061.38928539592  2.965000E-17
4062.80530140509  2.899000E-17
4064.22131741426  2.959000E-17
4065.63733342343  3.142000E-17
4067.0533494326  3.364000E-17
4068.46936544177  3.092000E-17
4069.88538145094  3.309000E-17
4071.30139746011  3.074000E-17
4072.71741346928  3.036000E-17
4074.13342947846  3.779000E-17
4075.54944548763  3.243000E-17
4076.9654614968  3.002000E-17
4078.38147750597  3.472000E-17
4079.79749351514  3.350000E-17
4081.21350952431  2.971000E-17
4082.62952553348  2.190000E-17
4084.04554154265  2.616000E-17
4085.46155755182  2.992000E-17
4086.87757356099  3.131000E-17
4088.29358957017  2.727000E-17
4089.70960557934  3.188000E-17
4091.12562158851  3.554000E-17
4092.54163759768  2.800000E-17
4093.95765360685  3.406000E-17
4095.37366961602  2.891000E-17
4096.78968562519  2.737000E-17
4098.20570163436  2.927000E-17
4099.62171764353  3.561000E-17
4101.0377336527  3.371000E-17
4102.45374966187  3.447000E-17
4103.86976567104  3.284000E-17
4105.28578168022  3.224000E-17
4106.70179768939  3.260000E-17
4108.11781369856  3.108000E-17
4109.53382970773  3.793000E-17
4110.9498457169  3.139000E-17
4112.36586172607  3.098000E-17
4113.78187773524  3.479000E-17
4115.19789374441  2.898000E-17
4116.61390975358  2.408000E-17
4118.02992576275  3.055000E-17
4119.44594177192  2.564000E-17
4120.8619577811  2.529000E-17
4122.27797379027  2.607000E-17
4123.69398979944  3.330000E-17
4125.11000580861  2.775000E-17
4126.52602181778  3.323000E-17
4127.94203782695  2.570000E-17
4129.35805383612  2.368000E-17
4130.77406984529  2.659000E-17
4132.19008585446  2.503000E-17
4133.60610186363  1.914000E-17
4135.02211787281  1.461000E-17
4136.43813388198  2.373000E-17
4137.85414989115  2.930000E-17
4139.27016590032  2.040000E-17
4140.68618190949  1.543000E-17
4142.10219791866  1.708000E-17
4143.51821392783  1.839000E-17
4144.934229937  1.518000E-17
4146.35024594617  2.320000E-17
4147.76626195534  2.118000E-17
4149.18227796451  1.944000E-17
4150.59829397369  2.414000E-17
4152.01430998286  1.970000E-17
4153.43032599203  2.087000E-17
4154.8463420012  2.121000E-17
4156.26235801037  1.829000E-17
4157.67837401954  1.222000E-17
4159.09439002871  1.815000E-17
4160.51040603788  2.292000E-17
4161.92642204705  2.188000E-17
4163.34243805622  1.641000E-17
4164.75845406539  1.624000E-17
4166.17447007456  1.862000E-17
4167.59048608374  2.126000E-17
4169.00650209291  1.825000E-17
4170.42251810208  1.455000E-17
4171.83853411125  2.315000E-17
4173.25455012042  1.735000E-17
4174.67056612959  1.899000E-17
4176.08658213876  1.471000E-17
4177.50259814793  2.530000E-17
4178.9186141571  2.496000E-17
4180.33463016627  1.567000E-17
4181.75064617545  1.429000E-17
4183.16666218461  2.261000E-17
4184.58267819379  1.526000E-17
4185.99869420296  1.578000E-17
4187.41471021213  1.483000E-17
4188.8307262213  1.500000E-17
4190.24674223047  1.575000E-17
4191.66275823964  1.698000E-17
4193.07877424881  1.256000E-17
4194.49479025798  1.759000E-17
4195.91080626715  2.239000E-17
4197.32682227633  2.240000E-17
4198.74283828549  1.722000E-17
4200.15885429467  1.949000E-17
4201.57487030384  1.738000E-17
4202.99088631301  1.623000E-17
4204.40690232218  1.956000E-17
4205.82291833135  1.888000E-17
4207.23893434052  1.931000E-17
4208.65495034969  1.638000E-17
4210.07096635886  1.559000E-17
4211.48698236803  1.636000E-17
4212.9029983772  1.358000E-17
4214.31901438637  1.471000E-17
4215.73503039555  1.513000E-17
4217.15104640472  1.741000E-17
4218.56706241389  1.327000E-17
4219.98307842306  1.601000E-17
4221.39909443223  1.842000E-17
4222.8151104414  1.583000E-17
4224.23112645057  1.940000E-17
4225.64714245974  1.611000E-17
4227.06315846891  1.904000E-17
4228.47917447808  1.426000E-17
4229.89519048726  1.593000E-17
4231.31120649643  1.767000E-17
4232.7272225056  1.785000E-17
4234.14323851477  1.650000E-17
4235.55925452394  1.673000E-17
4236.97527053311  1.842000E-17
4238.39128654228  1.435000E-17
4239.80730255145  1.357000E-17
4241.22331856062  1.484000E-17
4242.63933456979  1.824000E-17
4244.05535057896  1.443000E-17
4245.47136658814  1.857000E-17
4246.88738259731  1.821000E-17
4248.30339860648  1.422000E-17
4249.71941461565  1.631000E-17
4251.13543062482  1.625000E-17
4252.55144663399  1.257000E-17
4253.96746264316  1.863000E-17
4255.38347865233  1.350000E-17
4256.7994946615  1.471000E-17
4258.21551067067  1.732000E-17
4259.63152667984  1.988000E-17
4261.04754268901  1.289000E-17
4262.46355869819  1.472000E-17
4263.87957470736  2.204000E-17
4265.29559071653  1.379000E-17
4266.7116067257  1.751000E-17
4268.12762273487  1.745000E-17
4269.54363874404  2.136000E-17
4270.95965475321  2.163000E-17
4272.37567076238  1.711000E-17
4273.79168677155  1.789000E-17
4275.20770278072  1.186000E-17
4276.62371878989  1.687000E-17
4278.03973479907  1.359000E-17
4279.45575080824  1.269000E-17
4280.87176681741  1.826000E-17
4282.28778282658  1.535000E-17
4283.70379883575  1.815000E-17
4285.11981484492  1.731000E-17
4286.53583085409  1.928000E-17
4287.95184686326  2.111000E-17
4289.36786287243  1.594000E-17
4290.7838788816  1.930000E-17
4292.19989489077  1.774000E-17
4293.61591089995  2.173000E-17
4295.03192690912  2.333000E-17
4296.44794291829  1.668000E-17
4297.86395892746  2.179000E-17
4299.27997493663  1.729000E-17
4300.6959909458  2.138000E-17
4302.11200695497  2.505000E-17
4303.52802296414  1.932000E-17
4304.94403897331  2.251000E-17
4306.36005498248  1.964000E-17
4307.77607099165  2.046000E-17
4309.19208700083  2.452000E-17
4310.60810301  2.575000E-17
4312.02411901917  2.484000E-17
4313.44013502834  2.194000E-17
4314.85615103751  2.280000E-17
4316.27216704668  2.872000E-17
4317.68818305585  2.735000E-17
4319.10419906502  2.728000E-17
4320.52021507419  3.048000E-17
4321.93623108336  2.703000E-17
4323.35224709253  3.205000E-17
4324.76826310171  3.103000E-17
4326.18427911088  2.954000E-17
4327.60029512005  2.981000E-17
4329.01631112922  3.643000E-17
4330.43232713839  2.880000E-17
4331.84834314756  2.904000E-17
4333.26435915673  2.528000E-17
4334.6803751659  3.202000E-17
4336.09639117507  3.620000E-17
4337.51240718424  2.687000E-17
4338.92842319341  2.969000E-17
4340.34443920259  2.890000E-17
4341.76045521176  3.239000E-17
4343.17647122093  3.672000E-17
4344.5924872301  3.258000E-17
4346.00850323927  3.534000E-17
4347.42451924844  3.279000E-17
4348.84053525761  4.146000E-17
4350.25655126678  3.357000E-17
4351.67256727595  3.939000E-17
4353.08858328512  3.968000E-17
4354.50459929429  4.107000E-17
4355.92061530346  4.080000E-17
4357.33663131264  4.693000E-17
4358.75264732181  4.390000E-17
4360.16866333098  3.854000E-17
4361.58467934015  3.600000E-17
4363.00069534932  3.583000E-17
4364.41671135849  3.617000E-17
4365.83272736766  3.864000E-17
4367.24874337683  4.201000E-17
4368.664759386  3.455000E-17
4370.08077539518  3.521000E-17
4371.49679140435  3.699000E-17
4372.91280741352  4.500000E-17
4374.32882342269  3.612000E-17
4375.74483943186  3.471000E-17
4377.16085544103  3.968000E-17
4378.5768714502  4.058000E-17
4379.99288745937  4.289000E-17
4381.40890346854  4.375000E-17
4382.82491947771  3.939000E-17
4384.24093548688  3.870000E-17
4385.65695149605  4.276000E-17
4387.07296750522  4.522000E-17
4388.4889835144  4.055000E-17
4389.90499952357  4.537000E-17
4391.32101553274  4.458000E-17
4392.73703154191  3.437000E-17
4394.15304755108  4.074000E-17
4395.56906356025  4.220000E-17
4396.98507956942  4.514000E-17
4398.40109557859  3.542000E-17
4399.81711158776  4.114000E-17
4401.23312759693  3.697000E-17
4402.64914360611  4.656000E-17
4404.06515961528  3.563000E-17
4405.48117562445  4.297000E-17
4406.89719163362  3.887000E-17
4408.31320764279  3.420000E-17
4409.72922365196  3.761000E-17
4411.14523966113  4.429000E-17
4412.5612556703  4.195000E-17
4413.97727167947  4.780000E-17
4415.39328768864  4.241000E-17
4416.80930369781  4.520000E-17
4418.22531970698  4.059000E-17
4419.64133571616  3.552000E-17
4421.05735172533  3.542000E-17
4422.4733677345  4.388000E-17
4423.88938374367  3.934000E-17
4425.30539975284  4.229000E-17
4426.72141576201  4.484000E-17
4428.13743177118  4.681000E-17
4429.55344778035  4.142000E-17
4430.96946378952  4.373000E-17
4432.38547979869  4.668000E-17
4433.80149580787  4.412000E-17
4435.21751181704  4.138000E-17
4436.63352782621  4.198000E-17
4438.04954383538  3.854000E-17
4439.46555984455  4.365000E-17
4440.88157585372  3.894000E-17
4442.29759186289  4.268000E-17
4443.71360787206  3.718000E-17
4445.12962388123  3.607000E-17
4446.5456398904  4.007000E-17
4447.96165589957  3.743000E-17
4449.37767190874  3.878000E-17
4450.79368791792  3.680000E-17
4452.20970392709  3.042000E-17
4453.62571993626  3.635000E-17
4455.04173594543  3.964000E-17
4456.4577519546  3.064000E-17
4457.87376796377  3.426000E-17
4459.28978397294  3.614000E-17
4460.70579998211  4.020000E-17
4462.12181599128  4.267000E-17
4463.53783200045  3.612000E-17
4464.95384800963  3.310000E-17
4466.3698640188  3.891000E-17
4467.78588002797  3.823000E-17
4469.20189603714  3.713000E-17
4470.61791204631  3.485000E-17
4472.03392805548  3.018000E-17
4473.44994406465  3.254000E-17
4474.86596007382  3.368000E-17
4476.28197608299  3.469000E-17
4477.69799209216  3.286000E-17
4479.11400810134  3.012000E-17
4480.53002411051  3.143000E-17
4481.94604011968  3.346000E-17
4483.36205612885  3.038000E-17
4484.77807213802  3.084000E-17
4486.19408814719  3.438000E-17
4487.61010415636  3.068000E-17
4489.02612016553  3.800000E-17
4490.4421361747  3.387000E-17
4491.85815218387  2.974000E-17
4493.27416819304  3.102000E-17
4494.69018420221  3.359000E-17
4496.10620021138  3.561000E-17
4497.52221622056  3.308000E-17
4498.93823222973  2.991000E-17
4500.3542482389  2.945000E-17
4501.77026424807  3.618000E-17
4503.18628025724  2.602000E-17
4504.60229626641  3.223000E-17
4506.01831227558  3.611000E-17
4507.43432828475  3.127000E-17
4508.85034429392  3.467000E-17
4510.26636030309  2.975000E-17
4511.68237631226  3.058000E-17
4513.09839232144  3.922000E-17
4514.51440833061  3.763000E-17
4515.93042433978  3.747000E-17
4517.34644034895  3.469000E-17
4518.76245635812  4.534000E-17
4520.17847236729  4.518000E-17
4521.59448837646  4.374000E-17
4523.01050438563  3.661000E-17
4524.4265203948  4.089000E-17
4525.84253640397  3.525000E-17
4527.25855241314  2.985000E-17
4528.67456842232  3.769000E-17
4530.09058443149  3.609000E-17
4531.50660044066  3.818000E-17
4532.92261644983  3.718000E-17
4534.338632459  3.517000E-17
4535.75464846817  3.889000E-17
4537.17066447734  3.013000E-17
4538.58668048651  3.725000E-17
4540.00269649568  4.004000E-17
4541.41871250485  4.488000E-17
4542.83472851403  4.408000E-17
4544.2507445232  3.759000E-17
4545.66676053237  3.289000E-17
4547.08277654154  3.867000E-17
4548.49879255071  4.004000E-17
4549.91480855988  3.819000E-17
4551.33082456905  3.352000E-17
4552.74684057822  4.114000E-17
4554.16285658739  3.439000E-17
4555.57887259656  3.307000E-17
4556.99488860573  4.482000E-17
4558.4109046149  4.060000E-17
4559.82692062408  3.438000E-17
4561.24293663325  4.089000E-17
4562.65895264242  2.936000E-17
4564.07496865159  3.778000E-17
4565.49098466076  3.818000E-17
4566.90700066993  3.531000E-17
4568.3230166791  4.585000E-17
4569.73903268827  3.967000E-17
4571.15504869744  3.558000E-17
4572.57106470661  4.550000E-17
4573.98708071578  3.767000E-17
4575.40309672496  4.160000E-17
4576.81911273413  4.511000E-17
4578.2351287433  5.189000E-17
4579.65114475247  3.706000E-17
4581.06716076164  4.116000E-17
4582.48317677081  4.521000E-17
4583.89919277998  4.378000E-17
4585.31520878915  4.501000E-17
4586.73122479832  4.299000E-17
4588.14724080749  3.520000E-17
4589.56325681667  3.557000E-17
4590.97927282584  4.324000E-17
4592.39528883501  4.057000E-17
4593.81130484418  3.478000E-17
4595.22732085335  4.333000E-17
4596.64333686252  4.005000E-17
4598.05935287169  3.439000E-17
4599.47536888086  3.253000E-17
4600.89138489003  3.560000E-17
4602.3074008992  3.845000E-17
4603.72341690837  3.922000E-17
4605.13943291755  3.810000E-17
4606.55544892671  4.171000E-17
4607.97146493589  4.164000E-17
4609.38748094506  4.103000E-17
4610.80349695423  4.487000E-17
4612.2195129634  4.468000E-17
4613.63552897257  3.725000E-17
4615.05154498174  3.788000E-17
4616.46756099091  3.872000E-17
4617.88357700008  3.604000E-17
4619.29959300925  4.070000E-17
4620.71560901842  4.024000E-17
4622.13162502759  3.760000E-17
4623.54764103677  3.510000E-17
4624.96365704594  3.720000E-17
4626.37967305511  3.275000E-17
4627.79568906428  3.679000E-17
4629.21170507345  3.803000E-17
4630.62772108262  3.319000E-17
4632.04373709179  3.770000E-17
4633.45975310096  3.942000E-17
4634.87576911013  3.821000E-17
4636.2917851193  3.365000E-17
4637.70780112848  3.871000E-17
4639.12381713765  3.873000E-17
4640.53983314682  4.004000E-17
4641.95584915599  3.124000E-17
4643.37186516516  3.603000E-17
4644.78788117433  3.459000E-17
4646.2038971835  3.971000E-17
4647.61991319267  3.660000E-17
4649.03592920184  3.636000E-17
4650.45194521101  4.359000E-17
4651.86796122018  4.529000E-17
4653.28397722936  3.204000E-17
4654.69999323853  3.674000E-17
4656.1160092477  3.351000E-17
4657.53202525687  3.037000E-17
4658.94804126604  3.485000E-17
4660.36405727521  3.910000E-17
4661.78007328438  3.605000E-17
4663.19608929355  3.306000E-17
4664.61210530272  3.954000E-17
4666.02812131189  4.399000E-17
4667.44413732106  3.947000E-17
4668.86015333024  3.564000E-17
4670.27616933941  3.844000E-17
4671.69218534858  3.918000E-17
4673.10820135775  3.580000E-17
4674.52421736692  4.165000E-17
4675.94023337609  4.057000E-17
4677.35624938526  3.091000E-17
4678.77226539443  3.425000E-17
4680.1882814036  3.819000E-17
4681.60429741277  2.982000E-17
4683.02031342194  3.228000E-17
4684.43632943112  3.613000E-17
4685.85234544029  2.951000E-17
4687.26836144946  3.297000E-17
4688.68437745863  2.948000E-17
4690.1003934678  3.943000E-17
4691.51640947697  3.690000E-17
4692.93242548614  2.974000E-17
4694.34844149531  4.130000E-17
4695.76445750448  3.815000E-17
4697.18047351365  4.099000E-17
4698.59648952282  3.704000E-17
4700.012505532  3.212000E-17
4701.42852154117  3.388000E-17
4702.84453755034  3.819000E-17
4704.26055355951  3.483000E-17
4705.67656956868  3.022000E-17
4707.09258557785  2.309000E-17
4708.50860158702  3.087000E-17
4709.92461759619  3.267000E-17
4711.34063360536  2.884000E-17
4712.75664961453  2.793000E-17
4714.1726656237  2.308000E-17
4715.58868163288  3.096000E-17
4717.00469764205  2.746000E-17
4718.42071365122  2.804000E-17
4719.83672966039  3.593000E-17
4721.25274566956  2.872000E-17
4722.66876167873  2.832000E-17
4724.0847776879  3.408000E-17
4725.50079369707  3.373000E-17
4726.91680970624  2.920000E-17
4728.33282571541  3.641000E-17
4729.74884172458  3.296000E-17
4731.16485773376  3.137000E-17
4732.58087374293  3.308000E-17
4733.9968897521  3.549000E-17
4735.41290576127  2.935000E-17
4736.82892177044  2.413000E-17
4738.24493777961  2.842000E-17
4739.66095378878  2.985000E-17
4741.07696979795  3.110000E-17
4742.49298580712  2.493000E-17
4743.90900181629  3.041000E-17
4745.32501782546  2.812000E-17
4746.74103383463  2.418000E-17
4748.1570498438  2.237000E-17
4749.57306585298  3.729000E-17
4750.98908186215  2.592000E-17
4752.40509787132  2.653000E-17
4753.82111388049  2.980000E-17
4755.23712988966  2.645000E-17
4756.65314589883  2.513000E-17
4758.069161908  3.348000E-17
4759.48517791717  2.954000E-17
4760.90119392634  2.755000E-17
4762.31720993551  3.131000E-17
4763.73322594468  3.303000E-17
4765.14924195386  3.043000E-17
4766.56525796303  2.964000E-17
4767.9812739722  2.381000E-17
4769.39728998137  2.264000E-17
4770.81330599054  2.788000E-17
4772.22932199971  2.940000E-17
4773.64533800888  3.118000E-17
4775.06135401805  2.681000E-17
4776.47737002722  2.213000E-17
4777.89338603639  2.534000E-17
4779.30940204556  3.159000E-17
4780.72541805474  3.587000E-17
4782.14143406391  3.180000E-17
4783.55745007308  2.108000E-17
4784.97346608225  2.679000E-17
4786.38948209142  2.724000E-17
4787.80549810059  2.423000E-17
4789.22151410976  2.839000E-17
4790.63753011893  2.565000E-17
4792.0535461281  2.550000E-17
4793.46956213727  2.306000E-17
4794.88557814644  2.092000E-17
4796.30159415562  2.452000E-17
4797.71761016479  2.730000E-17
4799.13362617396  2.005000E-17
4800.54964218313  2.780000E-17
4801.9656581923  2.881000E-17
4803.38167420147  1.787000E-17
4804.79769021064  2.560000E-17
4806.21370621981  3.044000E-17
4807.62972222898  2.281000E-17
4809.04573823815  2.148000E-17
4810.46175424732  2.364000E-17
4811.8777702565  2.166000E-17
4813.29378626567  2.407000E-17
4814.70980227484  1.738000E-17
4816.12581828401  2.254000E-17
4817.54183429318  2.496000E-17
4818.95785030235  2.049000E-17
4820.37386631152  1.753000E-17
4821.78988232069  1.892000E-17
4823.20589832986  2.179000E-17
4824.62191433904  2.234000E-17
4826.0379303482  1.534000E-17
4827.45394635738  2.405000E-17
4828.86996236655  2.321000E-17
4830.28597837572  2.123000E-17
4831.70199438489  1.886000E-17
4833.11801039406  2.671000E-17
4834.53402640323  1.575000E-17
4835.9500424124  2.418000E-17
4837.36605842157  2.100000E-17
4838.78207443074  2.177000E-17
4840.19809043991  2.031000E-17
4841.61410644908  2.568000E-17
4843.03012245826  2.401000E-17
4844.44613846743  3.135000E-17
4845.8621544766  2.335000E-17
4847.27817048577  2.923000E-17
4848.69418649494  1.810000E-17
4850.11020250411  2.828000E-17
4851.52621851328  2.229000E-17
4852.94223452245  2.769000E-17
4854.35825053162  3.025000E-17
4855.77426654079  2.998000E-17
4857.19028254996  2.289000E-17
4858.60629855914  3.135000E-17
4860.02231456831  2.959000E-17
4861.43833057748  2.672000E-17
4862.85434658665  2.337000E-17
4864.27036259582  2.759000E-17
4865.68637860499  2.477000E-17
4867.10239461416  1.866000E-17
4868.51841062333  1.945000E-17
4869.9344266325  2.669000E-17
4871.35044264167  2.265000E-17
4872.76645865085  2.962000E-17
4874.18247466002  3.154000E-17
4875.59849066919  2.575000E-17
4877.01450667836  2.560000E-17
4878.43052268753  2.848000E-17
4879.8465386967  3.049000E-17
4881.26255470587  2.839000E-17
4882.67857071504  2.966000E-17
4884.09458672421  3.013000E-17
4885.51060273338  2.740000E-17
4886.92661874255  2.586000E-17
4888.34263475172  2.556000E-17
4889.75865076089  2.014000E-17
4891.17466677007  2.397000E-17
4892.59068277924  2.337000E-17
4894.00669878841  2.719000E-17
4895.42271479758  2.716000E-17
4896.83873080675  2.891000E-17
4898.25474681592  2.879000E-17
4899.67076282509  2.685000E-17
4901.08677883426  2.265000E-17
4902.50279484343  3.095000E-17
4903.9188108526  2.959000E-17
4905.33482686178  2.704000E-17
4906.75084287095  2.190000E-17
4908.16685888012  2.927000E-17
4909.58287488929  2.777000E-17
4910.99889089846  2.658000E-17
4912.41490690763  2.534000E-17
4913.8309229168  2.041000E-17
4915.24693892597  1.824000E-17
4916.66295493514  2.446000E-17
4918.07897094431  2.290000E-17
4919.49498695349  2.701000E-17
4920.91100296266  2.456000E-17
4922.32701897183  2.951000E-17
4923.743034981  2.033000E-17
4925.15905099017  2.109000E-17
4926.57506699934  2.651000E-17
4927.99108300851  2.577000E-17
4929.40709901768  2.635000E-17
4930.82311502685  2.782000E-17
4932.23913103602  2.420000E-17
4933.65514704519  2.337000E-17
4935.07116305436  2.291000E-17
4936.48717906354  2.826000E-17
4937.9031950727  2.738000E-17
4939.31921108188  2.875000E-17
4940.73522709105  2.488000E-17
4942.15124310022  2.486000E-17
4943.56725910939  3.159000E-17
4944.98327511856  2.478000E-17
4946.39929112773  1.886000E-17
4947.8153071369  2.136000E-17
4949.23132314607  2.820000E-17
4950.64733915524  2.988000E-17
4952.06335516441  2.951000E-17
4953.47937117359  2.158000E-17
4954.89538718276  2.256000E-17
4956.31140319193  2.711000E-17
4957.7274192011  2.368000E-17
4959.14343521027  2.892000E-17
4960.55945121944  2.665000E-17
4961.97546722861  2.587000E-17
4963.39148323778  2.908000E-17
4964.80749924695  2.167000E-17
4966.22351525612  2.337000E-17
4967.6395312653  2.461000E-17
4969.05554727447  1.889000E-17
4970.47156328364  2.292000E-17
4971.88757929281  2.332000E-17
4973.30359530198  1.880000E-17
4974.71961131115  2.326000E-17
4976.13562732032  2.328000E-17
4977.55164332949  2.129000E-17
4978.96765933866  1.294000E-17
4980.38367534783  2.743000E-17
4981.799691357  2.011000E-17
4983.21570736617  3.033000E-17
4984.63172337535  2.688000E-17
4986.04773938452  2.086000E-17
4987.46375539369  2.404000E-17
4988.87977140286  3.019000E-17
4990.29578741203  2.399000E-17
4991.7118034212  2.295000E-17
4993.12781943037  2.282000E-17
4994.54383543954  2.886000E-17
4995.95985144871  2.663000E-17
4997.37586745788  1.988000E-17
4998.79188346706  3.326000E-17
5000.20789947623  2.726000E-17
5001.6239154854  3.380000E-17
5003.03993149457  3.386000E-17
5004.45594750374  2.955000E-17
5005.87196351291  3.469000E-17
5007.28797952208  1.977000E-17
5008.70399553125  2.773000E-17
5010.12001154042  3.392000E-17
5011.53602754959  2.946000E-17
5012.95204355876  2.996000E-17
5014.36805956794  2.994000E-17
5015.78407557711  3.021000E-17
5017.20009158628  2.605000E-17
5018.61610759545  3.332000E-17
5020.03212360462  2.826000E-17
5021.44813961379  2.355000E-17
5022.86415562296  2.639000E-17
5024.28017163213  2.807000E-17
5025.6961876413  2.513000E-17
5027.11220365047  2.148000E-17
5028.52821965964  2.210000E-17
5029.94423566882  2.814000E-17
5031.36025167799  2.934000E-17
5032.77626768716  2.928000E-17
5034.19228369633  3.057000E-17
5035.6082997055  2.963000E-17
5037.02431571467  2.882000E-17
5038.44033172384  2.408000E-17
5039.85634773301  3.230000E-17
5041.27236374218  3.100000E-17
5042.68837975135  2.532000E-17
5044.10439576053  3.262000E-17
5045.5204117697  4.020000E-17
5046.93642777887  2.621000E-17
5048.35244378804  3.002000E-17
5049.76845979721  3.687000E-17
5051.18447580638  2.968000E-17
5052.60049181555  3.624000E-17
5054.01650782472  2.440000E-17
5055.43252383389  3.215000E-17
5056.84853984306  2.568000E-17
5058.26455585223  2.832000E-17
5059.6805718614  2.909000E-17
5061.09658787058  3.438000E-17
5062.51260387975  3.146000E-17
5063.92861988892  3.549000E-17
5065.34463589809  3.029000E-17
5066.76065190726  3.093000E-17
5068.17666791643  2.550000E-17
5069.5926839256  2.918000E-17
5071.00869993477  3.891000E-17
5072.42471594394  3.264000E-17
5073.84073195311  2.758000E-17
5075.25674796228  2.083000E-17
5076.67276397146  1.903000E-17
5078.08877998063  2.000000E-17
5079.5047959898  2.934000E-17
5080.92081199897  2.435000E-17
5082.33682800814  3.065000E-17
5083.75284401731  2.769000E-17
5085.16886002648  3.495000E-17
5086.58487603565  2.825000E-17
5088.00089204482  2.567000E-17
5089.41690805399  2.645000E-17
5090.83292406316  2.885000E-17
5092.24894007234  2.154000E-17
5093.66495608151  2.189000E-17
5095.08097209068  3.361000E-17
5096.49698809985  3.217000E-17
5097.91300410902  2.721000E-17
5099.32902011819  3.014000E-17
5100.74503612736  2.641000E-17
5102.16105213653  2.726000E-17
5103.5770681457  3.205000E-17
5104.99308415487  3.024000E-17
5106.40910016404  2.091000E-17
5107.82511617322  1.936000E-17
5109.24113218239  2.798000E-17
5110.65714819156  3.220000E-17
5112.07316420073  3.235000E-17
5113.4891802099  3.145000E-17
5114.90519621907  2.930000E-17
5116.32121222824  2.412000E-17
5117.73722823741  2.576000E-17
5119.15324424658  2.863000E-17
5120.56926025575  2.358000E-17
5121.98527626492  3.519000E-17
5123.4012922741  3.398000E-17
5124.81730828327  2.471000E-17
5126.23332429244  2.853000E-17
5127.64934030161  2.463000E-17
5129.06535631078  2.208000E-17
5130.48137231995  3.334000E-17
5131.89738832912  2.986000E-17
5133.31340433829  2.872000E-17
5134.72942034746  2.135000E-17
5136.14543635663  2.523000E-17
5137.5614523658  3.100000E-17
5138.97746837498  2.988000E-17
5140.39348438415  3.173000E-17
5141.80950039332  2.906000E-17
5143.22551640249  3.184000E-17
5144.64153241166  3.315000E-17
5146.05754842083  3.095000E-17
5147.47356443  2.317000E-17
5148.88958043917  3.282000E-17
5150.30559644834  2.443000E-17
5151.72161245751  3.088000E-17
5153.13762846668  2.949000E-17
5154.55364447586  3.122000E-17
5155.96966048503  2.974000E-17
5157.3856764942  3.193000E-17
5158.80169250337  3.105000E-17
5160.21770851254  3.202000E-17
5161.63372452171  3.094000E-17
5163.04974053088  1.973000E-17
5164.46575654005  2.268000E-17
5165.88177254922  2.783000E-17
5167.29778855839  3.315000E-17
5168.71380456756  3.058000E-17
5170.12982057674  2.524000E-17
5171.5458365859  2.228000E-17
5172.96185259508  2.416000E-17
5174.37786860425  2.980000E-17
5175.79388461342  2.823000E-17
5177.20990062259  1.986000E-17
5178.62591663176  2.929000E-17
5180.04193264093  3.432000E-17
5181.4579486501  2.712000E-17
5182.87396465927  3.292000E-17
5184.28998066844  1.823000E-17
5185.70599667761  2.239000E-17
5187.12201268678  2.488000E-17
5188.53802869596  2.579000E-17
5189.95404470513  2.566000E-17
5191.3700607143  1.539000E-17
5192.78607672347  2.987000E-17
5194.20209273264  3.377000E-17
5195.61810874181  2.373000E-17
5197.03412475098  2.162000E-17
5198.45014076015  2.737000E-17
5199.86615676932  2.450000E-17
5201.28217277849  2.199000E-17
5202.69818878767  3.380000E-17
5204.11420479684  1.480000E-17
5205.53022080601  1.748000E-17
5206.94623681518  3.025000E-17
5208.36225282435  2.145000E-17
5209.77826883352  2.232000E-17
5211.19428484269  1.861000E-17
5212.61030085186  2.857000E-17
5214.02631686103  2.500000E-17
5215.4423328702  1.159000E-17
5216.85834887937  2.415000E-17
5218.27436488855  1.689000E-17
5219.69038089772  2.507000E-17
5221.10639690689  2.962000E-17
5222.52241291606  2.003000E-17
5223.93842892523  2.256000E-17
5225.3544449344  1.579000E-17
5226.77046094357  2.101000E-17
5228.18647695274  2.529000E-17
5229.60249296191  1.286000E-17
5231.01850897108  2.094000E-17
5232.43452498025  2.113000E-17
5233.85054098943  1.065000E-17
5235.2665569986  2.101000E-17
5236.68257300777  2.358000E-17
5238.09858901694  2.762000E-17
5239.51460502611  2.211000E-17
5240.93062103528  2.160000E-17
5242.34663704445  2.799000E-17
5243.76265305362  1.828000E-17
5245.17866906279  1.743000E-17
5246.59468507196  2.380000E-17
5248.01070108113  2.598000E-17
5249.42671709031  2.641000E-17
5250.84273309948  2.348000E-17
5252.25874910865  2.116000E-17
5253.67476511782  1.414000E-17
5255.09078112699  2.137000E-17
5256.50679713616  1.948000E-17
5257.92281314533  1.591000E-17
5259.3388291545  1.737000E-17
5260.75484516367  2.538000E-17
5262.17086117284  2.958000E-17
5263.58687718201  1.963000E-17
5265.00289319119  2.983000E-17
5266.41890920036  2.228000E-17
5267.83492520953  1.521000E-17
5269.2509412187  1.883000E-17
5270.66695722787  2.165000E-17
5272.08297323704  1.924000E-17
5273.49898924621  2.893000E-17
5274.91500525538  2.248000E-17
5276.33102126455  1.772000E-17
5277.74703727372  2.044000E-17
5279.16305328289  3.191000E-17
5280.57906929206  2.345000E-17
5281.99508530124  1.905000E-17
5283.41110131041  3.005000E-17
5284.82711731958  2.116000E-17
5286.24313332875  3.698000E-17
5287.65914933792  2.116000E-17
5289.07516534709  3.091000E-17
5290.49118135626  1.868000E-17
5291.90719736543  1.636000E-17
5293.3232133746  1.817000E-17
5294.73922938377  2.286000E-17
5296.15524539295  2.134000E-17
5297.57126140212  2.085000E-17
5298.98727741129  2.117000E-17
5300.40329342046  1.294000E-17
5301.81930942963  2.599000E-17
5303.2353254388  1.901000E-17
5304.65134144797  2.435000E-17
5306.06735745714  2.500000E-17
5307.48337346631  2.131000E-17
5308.89938947548  2.882000E-17
5310.31540548465  2.421000E-17
5311.73142149383  1.901000E-17
5313.147437503  1.470000E-17
5314.56345351217  2.151000E-17
5315.97946952134  2.050000E-17
5317.39548553051  1.672000E-17
5318.81150153968  1.462000E-17
5320.22751754885  1.525000E-17
5321.64353355802  1.860000E-17
5323.05954956719  1.882000E-17
5324.47556557636  2.203000E-17
5325.89158158553  1.907000E-17
5327.30759759471  1.450000E-17
5328.72361360388  1.575000E-17
5330.13962961305  2.295000E-17
5331.55564562222  2.569000E-17
5332.97166163139  2.050000E-17
5334.38767764056  2.297000E-17
5335.80369364973  2.052000E-17
5337.2197096589  1.748000E-17
5338.63572566807  1.462000E-17
5340.05174167724  2.114000E-17
5341.46775768641  1.996000E-17
5342.88377369558  1.876000E-17
5344.29978970476  1.920000E-17
5345.71580571393  1.554000E-17
5347.1318217231  1.610000E-17
5348.54783773227  1.383000E-17
5349.96385374144  2.073000E-17
5351.37986975061  1.741000E-17
5352.79588575978  2.293000E-17
5354.21190176895  2.593000E-17
5355.62791777812  2.462000E-17
5357.04393378729  1.763000E-17
5358.45994979647  2.039000E-17
5359.87596580564  1.483000E-17
5361.29198181481  1.956000E-17
5362.70799782398  1.243000E-17
5364.12401383315  1.642000E-17
5365.54002984232  1.147000E-17
5366.95604585149  2.061000E-17
5368.37206186066  2.139000E-17
5369.78807786983  2.005000E-17
5371.204093879  2.175000E-17
5372.62010988817  1.453000E-17
5374.03612589734  1.065000E-17
5375.45214190651  2.621000E-17
5376.86815791569  2.143000E-17
5378.28417392486  1.484000E-17
5379.70018993403  3.135000E-17
5381.1162059432  2.309000E-17
5382.53222195237  1.632000E-17
5383.94823796154  1.479000E-17
5385.36425397071  1.434000E-17
5386.78026997988  1.217000E-17
5388.19628598905  1.812000E-17
5389.61230199823  1.965000E-17
5391.0283180074  2.238000E-17
5392.44433401657  3.057000E-17
5393.86035002574  2.291000E-17
5395.27636603491  1.964000E-17
5396.69238204408  1.625000E-17
5398.10839805325  9.616000E-18
5399.52441406242  2.422000E-17
