3616.31745299245  2.931076605386385E-13
3619.26091818612  1.543121506226639E-13
3622.20586763568  -1.097456882857319E-14
3625.15229874714  -2.027366311939047E-13
3628.10020892999  -1.541643603140269E-13
3631.04959559727  9.439430709518372E-14
3634.00045616552  1.791237514217614E-13
3636.9527880548  -2.376203380382528E-14
3639.90658868869  3.187621472116806E-14
3642.86185549427  3.909475824667719E-14
3645.81858590212  -6.307855713455490E-14
3648.77677734635  1.430574442815111E-14
3651.73642726454  4.115579608338603E-14
3654.69753309779  2.496813248775015E-14
3657.66009229068  4.628556313722963E-14
3660.62410229131  3.811335876893404E-14
3663.58956055124  3.383174528693396E-15
3666.55646452552  4.431706873220600E-15
3669.52481167271  1.221201704890888E-14
3672.49459945484  -8.396454647015271E-15
3675.4658253374  9.254684099282853E-16
3678.43848678939  -4.205842573219926E-15
3681.41258128325  -2.863359514567615E-15
3684.38810629493  1.379135825994252E-14
3687.36505930381  4.845825516297964E-15
3690.34343779276  1.059791784088467E-14
3693.32323924811  -7.804170246779492E-15
3696.30446115964  8.083725000691300E-15
3699.2871010206  2.608382692169810E-15
3702.27115632768  -4.641265365470157E-15
3705.25662458105  -6.117341401772231E-15
3708.24350328431  2.833275021863510E-15
3711.23178994449  5.669971209800978E-15
3714.2214820721  -1.245915055797335E-15
3717.21257718107  7.441236057699251E-17
3720.20507278878  3.222109625586214E-16
3723.19896641602  4.257678448493048E-15
3726.19425558706  -3.223130829683247E-15
3729.19093782955  -8.121138551850641E-16
3732.1890106746  -1.366289660788722E-15
3735.18847165675  8.558959823770139E-16
3738.18931831393  1.187933427096292E-15
3741.19154818751  -3.147529698069453E-16
3744.19515882229  9.115116098283596E-17
3747.20014776646  -4.907766071115356E-16
3750.20651257164  7.577375163448902E-16
3753.21425079284  -8.921669919696274E-16
3756.22335998849  -1.114592232325331E-15
3759.23383772043  -1.196726926107992E-16
3762.24568155389  2.430949883208564E-16
3765.25888905749  2.289356944069779E-16
3768.27345780325  2.453470636391484E-16
3771.28938536661  -7.257496876687461E-16
3774.30666932636  1.023046076056389E-15
3777.3253072647  7.382435295198654E-16
3780.3452967672  1.729400191540669E-15
3783.36663542284  -7.065798497647235E-16
3786.38932082394  7.425541860675609E-16
3789.41335056623  -1.890958438400067E-16
3792.43872224879  3.289022052045751E-16
3795.46543347409  -4.870953489832093E-16
3798.49348184795  1.778707911694253E-16
3801.52286497957  -2.585303373697735E-16
3804.55358048151  -2.139175884939223E-16
3807.58562596968  1.827442746407917E-16
3810.61899906336  5.300870673804287E-15
3813.65369738517  2.473180351920262E-15
3816.68971856111  8.074271259349551E-19
3819.72706022049  -2.921801108628796E-17
3822.76571999599  3.866873222618556E-16
3825.80569552364  7.858589043146146E-16
3828.8469844428  1.306348557021827E-17
3831.88958439616  3.065373060839502E-16
3834.93349302977  2.651216830675104E-16
3837.97870799298  8.609157510853492E-17
3841.0252269385  2.568047194979797E-16
3844.07304752236  1.209676736382530E-16
3847.1221674039  2.428326992747832E-16
3850.17258424581  1.032869577058117E-17
3853.22429571405  2.843437193769075E-16
3856.27729947796  8.226157667118171E-17
3859.33159321015  5.515697813556160E-18
3862.38717458655  1.034039491685676E-16
3865.44404128641  1.905865688876151E-16
3868.50219099228  1.131998785861187E-16
3871.56162138999  4.666703538351436E-17
3874.62233016872  2.349561928378246E-16
3877.6843150209  1.132957124231666E-16
3880.74757364227  7.542084594492736E-17
3883.81210373189  1.134852228102249E-16
3886.87790299206  4.866551036088739E-17
3889.9449691284  1.310385512739718E-16
3893.01329984981  5.239764009688578E-17
3896.08289286846  9.882673532283801E-17
3899.15374589982  1.162091484196968E-16
3902.2258566626  9.426642904882909E-17
3905.29922287883  9.142703564328977E-17
3908.37384227376  9.393572885737528E-17
3911.44971257595  1.098182318931039E-16
3914.52683151721  9.143124433824645E-17
3917.60519683259  1.104287639770619E-16
3920.68480626044  6.942306520242375E-17
3923.76565754234  8.049049033547706E-17
3926.84774842313  7.446356636563200E-17
3929.9310766509  9.126883900550023E-17
3933.015639977  6.790360720905775E-17
3936.10143615601  9.261998890526882E-17
3939.18846294575  8.568758671480892E-17
3942.27671810731  6.812396150679699E-17
3945.36619940499  7.743385283130170E-17
3948.45690460634  6.970463748293682E-17
3951.54883148213  8.589640018864182E-17
3954.64197780636  7.740817714508807E-17
3957.73634135627  8.930851359797815E-17
3960.83191991232  7.615661317362593E-17
3963.92871125818  5.863868142265142E-17
3967.02671318076  7.597100046161392E-17
3970.12592347016  5.754945660948649E-17
3973.22633991972  1.087310518704132E-16
3976.32796032597  1.557695707583026E-16
3979.43078248866  2.076549180494996E-16
3982.53480421073  1.970715590109124E-16
3985.64002329835  2.280545948533762E-16
3988.74643756086  1.307744358131061E-16
3991.85404481082  8.499587181681249E-17
3994.96284286397  7.857673850516416E-17
3998.07282953925  6.643178158408501E-17
4001.18400265878  5.946891267730354E-17
4004.29636004788  7.225606615618928E-17
4007.40989953503  5.752256331341117E-17
4010.52461895193  4.669364743818142E-17
4013.64051613342  7.281278517821707E-17
4016.75758891752  6.847711468879791E-17
4019.87583514545  7.576959190862462E-17
4022.99525266158  7.245284249774829E-17
4026.11583931344  6.284026262605326E-17
4029.23759295175  6.483348996962025E-17
4032.36051143035  6.507478186302442E-17
4035.48459260629  6.011142025502042E-17
4038.60983433974  7.395769579021907E-17
4041.73623449405  8.619721599892532E-17
4044.86379093568  8.862436243950289E-17
4047.99250153428  7.251178407947637E-17
4051.12236416263  7.289953326341674E-17
4054.25337669665  5.949116714450367E-17
4057.38553701541  7.560187276762336E-17
4060.5188430011  5.793760284012088E-17
4063.65329253905  6.802405794113528E-17
4066.78888351775  6.945401499222304E-17
4069.92561382877  8.670560120340038E-17
4073.06348136685  6.564450416428153E-17
4076.20248402983  7.507716232657893E-17
4079.34261971868  6.810705393507642E-17
4082.48388633748  6.873053635870457E-17
4085.62628179344  6.309019028505248E-17
4088.76980399686  6.717768673837101E-17
4091.91445086119  6.030508639747624E-17
4095.06022030293  5.110713577090709E-17
4098.20711024175  5.616093799836518E-17
4101.35511860036  5.261052991677733E-17
4104.50424330462  6.832206133733609E-17
4107.65448228345  6.877163069153622E-17
4110.80583346888  7.110799240552489E-17
4113.95829479604  7.627194200335052E-17
4117.11186420314  7.592061523614211E-17
4120.26653963146  7.203847133297353E-17
4123.42231902539  8.234324917614275E-17
4126.57920033239  7.943230133889512E-17
4129.73718150298  7.593492215201681E-17
4132.89626049078  8.082886676301534E-17
4136.05643525248  6.986375394556753E-17
4139.21770374782  7.738359995472788E-17
4142.38006393963  7.481143882660239E-17
4145.54351379378  6.389209225808589E-17
4148.70805127923  6.564377624534251E-17
4151.87367436797  6.941186848565226E-17
4155.04038103506  5.887448745423313E-17
4158.20816925862  7.071038322868290E-17
4161.3770370198  7.260730027916910E-17
4164.54698230283  6.861241496723201E-17
4167.71800309495  7.296535037039635E-17
4170.89009738646  7.151724828539162E-17
4174.0632631707  8.235787372937267E-17
4177.23749844404  8.059222031593128E-17
4180.4128012059  8.351178406643924E-17
4183.58916945871  7.879523991833128E-17
4186.76660120794  8.489152132817769E-17
4189.94509446209  7.577898206293831E-17
4193.12464723267  8.450664411532413E-17
4196.30525753422  7.288735054735505E-17
4199.4869233843  7.072819739035485E-17
4202.66964280349  6.545923555940436E-17
4205.85341381536  6.933380910560683E-17
4209.03823444651  7.444825359813243E-17
4212.22410272654  7.947233026309779E-17
4215.41101668806  8.297210496503005E-17
4218.59897436667  8.581073736440583E-17
4221.78797380099  8.382781338254881E-17
4224.9780130326  8.109999009803065E-17
4228.16909010612  7.881374229427287E-17
4231.36120306911  7.045794094062152E-17
4234.55434997217  6.896354982853830E-17
4237.74852886884  6.305025400507842E-17
4240.94373781568  6.611791617245788E-17
4244.13997487219  6.420758556115852E-17
4247.33723810089  7.121154218332672E-17
4250.53552556725  7.299561194592598E-17
4253.7348353397  8.040803035457287E-17
4256.93516548968  9.184425892681659E-17
4260.13651409155  9.292629719481968E-17
4263.33887922266  8.627177475061838E-17
4266.54225896332  9.071897565638927E-17
4269.74665139679  9.022245553062065E-17
4272.95205460929  9.297895882133726E-17
4276.15846669  8.353777739000811E-17
4279.36588573102  9.361273798923049E-17
4282.57430982744  9.402963701795719E-17
4285.78373707727  9.117914615731987E-17
4288.99416558145  9.138894563044292E-17
4292.20559344389  9.527552322169478E-17
4295.41801877143  9.660357823876092E-17
4298.63143967381  9.871605855687842E-17
4301.84585426374  1.022617980310891E-16
4305.06126065685  9.337803707094714E-17
4308.27765697167  9.494192458937458E-17
4311.49504132969  8.745305483979311E-17
4314.7134118553  9.920967362433579E-17
4317.93276667581  9.871564827529461E-17
4321.15310392144  9.701115990506783E-17
4324.37442172533  9.363902248037497E-17
4327.59671822353  9.591482795607987E-17
4330.81999155498  9.316972652292669E-17
4334.04423986155  1.056441594081531E-16
4337.269461288  9.229216068490181E-17
4340.49565398197  9.963028503965166E-17
4343.72281609403  1.037801244413771E-16
4346.95094577761  9.649801014026447E-17
4350.18004118905  9.903698478221434E-17
4353.41010048758  9.500259994166659E-17
4356.6411218353  8.824490491402276E-17
4359.8731033972  9.906407660163665E-17
4363.10604334115  9.836759052586698E-17
4366.3399398379  9.369615749964523E-17
4369.57479106107  8.806101273768490E-17
4372.81059518714  8.483541863031190E-17
4376.04735039549  9.081090520094598E-17
4379.28505486832  8.403017484760377E-17
4382.52370679073  8.668036888599509E-17
4385.76330435068  9.226304392733995E-17
4389.00384573897  8.715779106578107E-17
4392.24532914925  9.118977377382995E-17
4395.48775277805  8.602457347891812E-17
4398.73111482472  9.385813931591780E-17
4401.97541349148  9.324936747230328E-17
4405.22064698339  9.165789844353087E-17
4408.46681350833  8.196695478932502E-17
4411.71391127704  9.028331617136984E-17
4414.9619385031  9.470408700220843E-17
4418.2108934029  9.379926390863873E-17
4421.46077419569  9.173206014852992E-17
4424.71157910351  9.989860257802913E-17
4427.96330635127  9.114866620610852E-17
4431.21595416667  9.794141383938987E-17
4434.46952078024  9.447931886872066E-17
4437.72400442533  9.109630236461146E-17
4440.97940333809  9.247617197524792E-17
4444.2357157575  9.354601429229949E-17
4447.49293992534  1.057001297571209E-16
4450.7510740862  8.958563895551813E-17
4454.01011648746  9.585789146015661E-17
4457.27006537932  9.191503250002666E-17
4460.53091901477  9.049725154755565E-17
4463.7926756496  8.670229248095019E-17
4467.05533354237  8.959591584744849E-17
4470.31889095445  9.084171602440235E-17
4473.58334615001  8.640389865550025E-17
4476.84869739597  9.206745210841811E-17
4480.11494296206  9.400310768135140E-17
4483.38208112078  9.810377946746669E-17
4486.6501101474  9.107724412329822E-17
4489.91902831996  8.569249685892504E-17
4493.1888339193  9.214242775913994E-17
4496.45952522899  9.687237223317126E-17
4499.73110053539  9.335225550561508E-17
4503.00355812761  9.683352121416087E-17
4506.27689629753  9.121047314147848E-17
4509.55111333979  8.984900664511011E-17
4512.82620755176  9.448079455893342E-17
4516.1021772336  8.529674056665520E-17
4519.37902068817  8.828213465903257E-17
4522.65673622114  8.981521797144853E-17
4525.93532214085  8.581016826414439E-17
4529.21477675845  8.639941864530266E-17
4532.49509838778  8.866992354764233E-17
4535.77628534543  8.472072507529777E-17
4539.05833595074  9.476737624523611E-17
4542.34124852576  9.550278613191004E-17
4545.62502139527  9.351271530956058E-17
4548.90965288677  9.378836497688773E-17
4552.19514133051  8.754078230683804E-17
4555.48148505942  8.900051124253280E-17
4558.76868240917  8.941705954667980E-17
4562.05673171814  8.983466664201088E-17
4565.34563132743  9.492573170170325E-17
4568.63537958082  9.314634047264858E-17
4571.92597482482  9.592108805895566E-17
4575.21741540865  9.082987741547549E-17
4578.5096996842  9.270540688404352E-17
4581.80282600608  9.514871974251285E-17
4585.09679273159  9.383401872925578E-17
4588.39159822073  9.014069038143100E-17
4591.68724083617  8.340786371172297E-17
4594.98371894328  9.246933615466579E-17
4598.28103091011  8.619448961162634E-17
4601.57917510739  8.805492468837648E-17
4604.87814990854  8.821511979452594E-17
4608.17795368964  8.806872867843878E-17
4611.47858482945  9.168673726840692E-17
4614.7800417094  9.454796824211763E-17
4618.0823227136  8.408820322193561E-17
4621.38542622879  8.633532207399714E-17
4624.68935064441  9.209281015727654E-17
4627.99409435254  8.288949278289315E-17
4631.29965574793  9.382613073493446E-17
4634.60603322796  9.306417827676492E-17
4637.91322519268  9.648022244837212E-17
4641.22123004479  1.074188985734428E-16
4644.53004618964  8.252934496163247E-17
4647.83967203519  8.671325758715017E-17
4651.15010599208  8.732343232908359E-17
4654.46134647358  9.003242898286007E-17
4657.77339189557  9.486290567981862E-17
4661.08624067658  9.440490570081536E-17
4664.39989123779  9.600827289551874E-17
4667.71434200297  9.999356291235022E-17
4671.02959139853  9.732153792323245E-17
4674.3456378535  9.588954931656024E-17
4677.66247979954  9.171210855215514E-17
4680.98011567091  9.100908444082387E-17
4684.2985439045  9.659275209890383E-17
4687.61776293979  9.376728841487990E-17
4690.93777121887  9.745589190704574E-17
4694.25856718646  9.607664433622993E-17
4697.58014928986  9.904819473387561E-17
4700.90251597898  9.693152557313613E-17
4704.22566570632  9.598748750108653E-17
4707.54959692697  9.437513381620837E-17
4710.87430809862  9.544463864357002E-17
4714.19979768156  9.708285992056396E-17
4717.52606413863  9.574268174444021E-17
4720.85310593531  9.411467780237256E-17
4724.1809215396  9.625804835328526E-17
4727.50950942212  9.022637305800170E-17
4730.83886805604  9.408675218489277E-17
4734.16899591712  9.620970791828767E-17
4737.49989148369  9.443455185396926E-17
4740.83155323664  9.407151882673199E-17
4744.16397965941  9.004579622155892E-17
4747.49716923803  9.659433366823504E-17
4750.83112046107  9.587458727364039E-17
4754.16583181966  8.874695722372816E-17
4757.5013018075  9.389556096682971E-17
4760.83752892081  8.647485751716752E-17
4764.17451165839  9.793732425844144E-17
4767.51224852155  9.515906942633712E-17
4770.85073801418  9.086533368525195E-17
4774.18997864269  9.541837400476023E-17
4777.52996891602  9.354880023660259E-17
4780.87070734567  9.206182066280787E-17
4784.21219244564  9.642260435562411E-17
4787.55442273249  9.576953533584617E-17
4790.89739672529  9.147106812165718E-17
4794.24111294562  9.548781085410039E-17
4797.58556991762  9.545537875664340E-17
4800.93076616791  9.510466079436582E-17
4804.27670022564  9.993046557522468E-17
4807.62337062248  9.969156257942957E-17
4810.97077589261  9.893346147419206E-17
4814.31891457269  9.837484986292277E-17
4817.66778520192  9.678754982443761E-17
4821.01738632199  1.032319948628301E-16
4824.36771647708  1.025090919470179E-16
4827.71877421388  1.000128196770105E-16
4831.07055808156  9.578963251600875E-17
4834.42306663179  1.010765210051945E-16
4837.77629841873  1.015819812990236E-16
4841.13025199902  1.012604065640875E-16
4844.48492593179  1.070081339161387E-16
4847.84031877864  1.010948380926788E-16
4851.19642910365  1.073271013777841E-16
4854.55325547339  1.053199509301466E-16
4857.91079645688  1.079515962704820E-16
4861.26905062563  1.077911894060957E-16
4864.62801655359  9.816755178397206E-17
4867.98769281721  1.075408316131780E-16
4871.34807799536  1.079800843707783E-16
4874.70917066941  1.094499843192851E-16
4878.07096942315  1.109128631587525E-16
4881.43347284285  1.066750845317453E-16
4884.79667951722  1.135732612971802E-16
4888.16058803741  1.097675356477217E-16
4891.52519699702  1.134127220838959E-16
4894.8905049921  1.117502214015623E-16
4898.25651062114  1.052822050244346E-16
4901.62321248504  1.095683042341047E-16
4904.99060918718  1.098585056627678E-16
4908.35869933332  1.049862464187080E-16
4911.7274815317  1.065054264793882E-16
4915.09695439294  1.069625331033299E-16
4918.46711653012  1.066726162247974E-16
4921.83796655871  1.092491514840021E-16
4925.20950309663  1.074992806766482E-16
4928.58172476417  1.119530196179807E-16
4931.95463018409  1.121168278490458E-16
4935.32821798151  1.206974833629687E-16
4938.70248678398  1.105124548027176E-16
4942.07743522146  1.129512876509893E-16
4945.45306192629  1.091486788180789E-16
4948.82936553322  1.156948008973664E-16
4952.20634467941  1.091619600299941E-16
4955.58399800438  1.093388708019620E-16
4958.96232415009  1.050249320015959E-16
4962.34132176083  1.116758148511020E-16
4965.72098948331  1.136481310687836E-16
4969.10132596663  1.054624576060772E-16
4972.48232986225  1.082098222053864E-16
4975.86399982401  1.052249244213765E-16
4979.24633450813  1.152801782696854E-16
4982.6293325732  1.084465149745847E-16
4986.01299268017  1.086384738162562E-16
4989.39731349238  1.105394473604664E-16
4992.7822936755  1.099488470205485E-16
4996.1679318976  1.057293325414665E-16
4999.55422682907  1.109427872445922E-16
5002.94117714268  1.131516771174640E-16
5006.32878151354  1.094354921149531E-16
5009.71703861911  1.095423175279807E-16
5013.10594713922  1.084570367119764E-16
5016.49550575601  1.028542247857995E-16
5019.88571315398  1.030574994582508E-16
5023.27656801998  1.038993443287031E-16
5026.66806904317  1.005067126771536E-16
5030.06021491506  1.010566488181585E-16
5033.45300432949  9.580074320599653E-17
5036.84643598263  9.901400901352005E-17
5040.24050857297  1.021631186927340E-16
5043.63522080131  1.032256354982807E-16
5047.03057137081  1.006273884023578E-16
5050.4265589869  9.858384862521285E-17
5053.82318235736  9.770173660254142E-17
5057.22044019227  9.673785943068031E-17
5060.618331204  9.861403079140371E-17
5064.01685410727  9.729454536548360E-17
5067.41600761905  9.613080150529501E-17
5070.81579045866  9.735107157982303E-17
5074.21620134769  9.586319203352184E-17
5077.61723901004  9.866073010006598E-17
5081.01890217188  9.332362182153095E-17
5084.42118956169  9.448802080876470E-17
5087.82409991025  8.956276244849735E-17
5091.22763195059  9.396675805651339E-17
5094.63178441805  8.949327927704288E-17
5098.03655605023  1.008430443142177E-16
5101.44194558702  9.809811493463191E-17
5104.84795177059  9.468686179313262E-17
5108.25457334536  9.459655352257655E-17
5111.66180905803  9.910403935139033E-17
5115.06965765758  9.942204066608018E-17
5118.47811789522  1.042709072424170E-16
5121.88718852444  9.915118202886095E-17
5125.296868301  1.035412015932473E-16
5128.70715598288  1.037549715333106E-16
5132.11805033036  9.811367254759282E-17
5135.52955010592  1.051389968993445E-16
5138.94165407432  1.081892684215256E-16
5142.35436100256  1.128021436778235E-16
5145.76766965986  1.103844668008985E-16
5149.1815788177  1.017270886308001E-16
5152.59608724979  1.060360643474909E-16
5156.01119373207  1.042753276956105E-16
5159.42689704272  1.046821814429784E-16
5162.84319596214  1.079901693568066E-16
5166.26008927294  1.057529038802018E-16
5169.67757575998  9.700744090103381E-17
5173.09565421034  1.037742216805259E-16
5176.51432341328  1.001427995297446E-16
5179.93358216031  9.550372580908593E-17
5183.35342924514  1.096087235875564E-16
5186.77386346369  1.455830466555041E-16
5190.19488361408  1.478184460126469E-16
5193.61648849665  1.606457409122986E-16
5197.03867691391  1.566415647077213E-16
5200.4614476706  1.116888644524456E-16
5203.88479957364  1.004019320546003E-16
5207.30873143213  1.076988495799552E-16
5210.73324205739  1.029350833450378E-16
5214.15833026291  1.091265434648870E-16
5217.58399486436  1.093876347534333E-16
5221.0102346796  1.110327315556787E-16
5224.43704852866  1.111789373833087E-16
5227.86443523375  1.118955140217960E-16
5231.29239361926  1.102604625009094E-16
5234.72092251174  1.145756718506964E-16
5238.15002073993  1.127722460617635E-16
5241.5796871347  1.055132663480227E-16
5245.00992052911  1.051974686424846E-16
5248.44071975837  1.075127670293553E-16
5251.87208365984  1.037640903723833E-16
5255.30401107306  9.954671994544909E-17
5258.73650083969  1.015567423641734E-16
5262.16955180356  9.963774951749934E-17
5265.60316281064  9.891820164625169E-17
5269.03733270904  1.111679788945536E-16
5272.47206034902  1.036917616996217E-16
5275.90734458297  9.994779004597400E-17
5279.34318426541  1.047291388319918E-16
5282.77957825301  1.027826769715362E-16
5286.21652540455  1.008903524278108E-16
5289.65402458096  1.086324519413969E-16
5293.09207464527  1.134937196094771E-16
5296.53067446265  1.115788295786413E-16
5299.96982290039  1.115933350178631E-16
5303.40951882788  1.099747146126642E-16
5306.84976111663  1.065806271232366E-16
5310.29054864028  1.094737210941429E-16
5313.73188027455  1.145724954771442E-16
5317.17375489727  1.091481692748216E-16
5320.6161713884  1.017668991793210E-16
5324.05912862997  1.096751759692465E-16
5327.50262550611  1.098648716447621E-16
5330.94666090307  1.089754142582512E-16
5334.39123370917  1.055801290112966E-16
5337.83634281482  1.082583810160657E-16
5341.28198711252  1.278080205527031E-16
5344.72816549685  1.473910781860877E-16
5348.17487686449  1.377804041385240E-16
5351.62212011417  1.424094259603790E-16
5355.06989414671  1.189282829990607E-16
5358.51819786502  1.095095942629481E-16
5361.96703017404  1.101743761601998E-16
5365.41638998081  1.026536897355371E-16
5368.86627619443  1.113189625174017E-16
5372.31668772605  1.077691334622426E-16
5375.76762348889  1.049798010273750E-16
5379.21908239822  9.918258842235834E-17
5382.67106337137  1.030091259360287E-16
5386.12356532771  1.004681131210495E-16
5389.57658718868  9.897895640788247E-17
5393.03012787775  1.006884210966744E-16
5396.48418632043  1.028822628998426E-16
5399.93876144427  1.021588504407731E-16
5403.39385217888  9.861094706208008E-17
5406.84945745588  9.868412938523389E-17
5410.30557620893  9.979453663952508E-17
5413.76220737372  9.271593523888009E-17
5417.21934988797  9.757370227860800E-17
5420.67700269142  9.038729608309022E-17
5424.13516472583  9.436058867231722E-17
5427.59383493499  9.101973190966866E-17
5431.05301226468  1.003304967369002E-16
5434.51269566273  9.880017951645264E-17
5437.97288407895  9.450079909486742E-17
5441.43357646517  9.876969294779637E-17
5444.89477177522  9.530640021960017E-17
5448.35646896494  9.193777665814941E-17
5451.81866699217  9.510293364124679E-17
5455.28136481674  9.972057345787305E-17
5458.74456140047  9.209300868062355E-17
5462.20825570718  9.557128330407433E-17
5465.67244670269  9.506237532145211E-17
5469.13713335478  9.964138249474965E-17
5472.60231463323  1.002361253551753E-16
5476.06798950979  9.724976511584243E-17
5479.53415695821  1.032158284449383E-16
5483.00081595418  9.624107460711567E-17
5486.46796547541  1.064121932981861E-16
5489.93560450153  9.569618757656986E-17
5493.40373201416  1.024597655127301E-16
5496.8723469969  9.993108099760044E-17
5500.34144843528  9.582731886471664E-17
5503.81103531681  9.842481157192095E-17
5507.28110663095  9.897630942992231E-17
5510.75166136912  1.043167198134627E-16
5514.22269852467  9.820118825640093E-17
5517.69421709292  9.560682560063453E-17
5521.16621607114  9.494692737771931E-17
5524.63869445851  9.755808510864300E-17
5528.11165125619  9.582480423565451E-17
5531.58508546724  1.025024745021175E-16
5535.05899609669  1.089700872151063E-16
5538.53338215147  9.825017720099877E-17
5542.00824264046  9.642639615155205E-17
5545.48357657445  1.053160466376554E-16
5548.95938296617  1.044880520793796E-16
5552.43566083027  1.027779388809874E-16
5555.91240918331  1.015644847747068E-16
5559.38962704375  1.046077087180691E-16
5562.867313432  9.852838781950239E-17
5566.34546737036  9.616022266532230E-17
5569.82408788302  9.837274551544441E-17
5573.30317399611  9.867874278508494E-17
5576.78272473764  9.876330049602255E-17
5580.26273913751  1.141249312087490E-16
5583.74321622754  1.110697627773415E-16
5587.22415504144  9.979585351106026E-17
5590.7055546148  9.682462075076978E-17
5594.1874139851  1.005025701566460E-16
5597.6697321917  1.034551152525377E-16
5601.15250827586  9.941745477676422E-17
5604.63574128072  1.033925340761143E-16
5608.11943025127  9.845255190094354E-17
5611.6035742344  1.030063002870562E-16
5615.08817227888  1.024537767250953E-16
5618.57322343531  1.032574918780314E-16
5622.05872675621  1.060535013148035E-16
5625.54468129591  9.880011995944853E-17
5629.03108611063  9.813414692211473E-17
5632.51794025846  1.015125444496834E-16
5636.00524279932  9.758687761140475E-17
5639.49299279499  1.033842093304296E-16
5642.98118930911  1.038350624689404E-16
5646.46983140716  1.052818675347447E-16
5649.95891815646  1.073942287388540E-16
5653.44844862619  1.118090107820577E-16
5656.93842188735  1.082936255276053E-16
5660.42883701279  1.042857237015491E-16
5663.91969307718  9.637429039040611E-17
5667.41098915703  1.110544632447317E-16
5670.90272433069  1.025976730644550E-16
5674.39489767831  1.072066771154862E-16
5677.88750828189  1.118867657596377E-16
5681.38055522523  1.082407719951856E-16
5684.87403759396  1.079532969538214E-16
5688.36795447551  1.027374004135275E-16
5691.86230495915  1.040848313092620E-16
5695.35708813592  1.061444051554007E-16
5698.85230309871  1.045458356082501E-16
5702.34794894218  1.034653524397986E-16
5705.84402476281  1.009530461007974E-16
5709.34052965888  1.095834714178164E-16
5712.83746273044  1.066119607248401E-16
5716.33482307937  1.051005164572485E-16
5719.83260980932  1.076087067455216E-16
5723.33082202572  1.027958589217778E-16
5726.82945883581  1.096960275381277E-16
5730.32851934859  1.051557324174977E-16
5733.82800267486  1.023671609887936E-16
5737.32790792716  1.058869336092149E-16
5740.82823421985  1.039177871476406E-16
5744.32898066904  1.068654750389754E-16
5747.8301463926  1.034371356547432E-16
5751.33173051019  1.035910772754618E-16
5754.8337321432  1.013515817199255E-16
5758.33615041482  1.030741621845101E-16
5761.83898444996  1.032575183478110E-16
5765.34223337532  1.012782869002084E-16
5768.84589631932  1.061858171255875E-16
5772.34997241215  1.068700013712873E-16
5775.85446078575  1.067035527797069E-16
5779.3593605738  1.045329845302534E-16
5782.8646709117  1.064143572026686E-16
5786.37039093662  1.048430449110628E-16
5789.87651978745  1.096270803797102E-16
5793.38305660482  1.013590528152181E-16
5796.89000053108  1.023760614521847E-16
5800.39735071033  1.025505039172047E-16
5803.90510628838  1.028643031543829E-16
5807.41326641275  1.015433949778092E-16
5810.92183023271  1.037914005674874E-16
5814.43079689923  9.930299944976644E-17
5817.94016556498  1.027754705740396E-16
5821.44993538437  1.001968971418056E-16
5824.96010551351  1.020310477274113E-16
5828.47067511021  1.031104456348991E-16
5831.98164333398  1.018304862073692E-16
5835.49300934605  1.005017826807028E-16
5839.00477230932  9.829816029397177E-17
5842.51693138842  1.039962898964943E-16
5846.02948574964  1.005672027409884E-16
5849.54243456098  1.023172919240240E-16
5853.05577699213  9.976393095686063E-17
5856.56951221444  1.009490359291878E-16
5860.08363940097  1.046844446091343E-16
5863.59815772644  1.063223283964384E-16
5867.11306636726  1.088276930357390E-16
5870.6283645015  1.061773534135599E-16
5874.14405130892  1.039546992552952E-16
5877.66012597093  1.051950532750960E-16
5881.17658767062  9.924643353075762E-17
5884.69343559273  9.696333563077248E-17
5888.21066892366  1.040433002250670E-16
5891.72828685149  1.079768815274465E-16
5895.24628856592  1.021046601844836E-16
5898.76467325834  1.044462298276089E-16
5902.28344012175  9.888200422264636E-17
5905.80258835083  1.007600152330521E-16
5909.32211714188  1.009933132530165E-16
5912.84202569286  1.011449520029097E-16
5916.36231320336  9.740720074746842E-17
5919.88297887461  1.022406552946322E-16
5923.40402190945  9.487764272961188E-17
5926.92544151238  1.036216697232364E-16
5930.44723688953  1.023758960160622E-16
5933.96940724862  1.011718651513198E-16
5937.49195179902  1.004328818443996E-16
5941.01486975173  9.755578223781764E-17
5944.53816031932  9.606239035991443E-17
5948.06182271603  9.813954675715347E-17
5951.58585615768  9.564624571990634E-17
5955.1102598617  9.681296743030015E-17
5958.63503304713  9.963393786923669E-17
5962.16017493461  9.697150155777961E-17
5965.68568474639  9.838150701249258E-17
5969.21156170631  9.295659185757381E-17
5972.7378050398  9.926389696784985E-17
5976.2644139739  9.569270018310731E-17
5979.79138773722  9.424156069089328E-17
5983.31872555997  9.438529159413050E-17
5986.84642667393  9.828147109793288E-17
5990.37449031249  9.589299038790848E-17
5993.90291571058  9.829726693891018E-17
5997.43170210474  1.005462386755439E-16
6000.96084873306  1.048709308238732E-16
6004.49035483521  9.955335062523930E-17
6008.02021965244  1.017581707694974E-16
6011.55044242753  9.816634079155530E-17
6015.08102240487  9.898720836167331E-17
6018.61195883036  9.703759659744504E-17
6022.14325095151  9.449481030723251E-17
6025.67489801733  1.006904725045935E-16
6029.20689927842  1.022201478328858E-16
6032.73925398692  1.037296002495624E-16
6036.2719613965  9.873476607361196E-17
6039.8050207624  9.826644288056400E-17
6043.33843134139  9.928887782234896E-17
6046.87219239176  1.020095476489298E-16
6050.40630317335  9.465961115503269E-17
6053.94076294755  1.035973373783376E-16
6057.47557097725  9.839344488309295E-17
6061.01072652689  1.014723236195786E-16
6064.54622886241  1.009334386115575E-16
6068.08207725129  9.536949093928079E-17
6071.61827096254  9.622389572015418E-17
6075.15480926665  1.017508584928824E-16
6078.69169143566  9.981151038569466E-17
6082.2289167431  9.652126384164454E-17
6085.76648446401  1.009246043226154E-16
6089.30439387496  9.621307619774198E-17
6092.84264425397  9.684212389253142E-17
6096.38123488062  9.844005154752665E-17
6099.92016503594  9.101143363376351E-17
6103.45943400249  9.456562358511195E-17
6106.9990410643  9.905573200361722E-17
6110.53898550689  9.282000779482906E-17
6114.07926661727  9.338280163127544E-17
6117.61988368395  9.529157714302321E-17
6121.16083599689  9.472811494464188E-17
6124.70212284755  9.132850188872245E-17
6128.24374352887  9.864985763809459E-17
6131.78569733523  9.626371950356492E-17
6135.32798356253  9.400801782546752E-17
6138.87060150809  9.785072175702957E-17
6142.41355047072  9.453343633311629E-17
6145.95682975069  9.325292765765970E-17
6149.50043864973  9.189604705060734E-17
6153.04437647102  9.139914311303448E-17
6156.58864251919  9.395662674837081E-17
6160.13323610034  8.949455644390869E-17
6163.67815652199  8.975853293843149E-17
6167.22340309314  9.094296954882372E-17
6170.7689751242  8.954131530957507E-17
6174.31487192705  9.215096426306146E-17
6177.86109281498  9.296809959425566E-17
6181.40763710273  9.350269649798132E-17
6184.95450410647  9.346297859368899E-17
6188.50169314381  9.486420931646401E-17
6192.04920353376  9.009005369305295E-17
6195.59703459678  8.976501141698902E-17
6199.14518565473  9.423681598289968E-17
6202.69365603092  9.065676505688040E-17
6206.24244505003  9.247564919710079E-17
6209.7915520382  9.310701299760538E-17
6213.34097632295  9.455412246587503E-17
6216.89071723321  9.471432418946941E-17
6220.44077409933  9.380231455073783E-17
6223.99114625305  9.340947655166907E-17
6227.54183302752  9.898664587885679E-17
6231.09283375728  9.554870458207409E-17
6234.64414777825  9.980666641602756E-17
6238.19577442778  9.512903284393408E-17
6241.74771304455  9.599979594860130E-17
6245.29996296869  9.620644551795177E-17
6248.85252354168  1.018086883438672E-16
6252.40539410637  9.605438325158491E-17
6255.95857400701  9.981705580452121E-17
6259.51206258921  1.009719653757678E-16
6263.06585919998  9.970037701603693E-17
6266.61996318765  1.048625068165150E-16
6270.17437390197  1.043334553316158E-16
6273.72909069402  1.081851523707976E-16
6277.28411291625  1.086242264573856E-16
6280.83943992247  1.106335408095055E-16
6284.39507106785  1.017192668109278E-16
6287.95100570891  9.766336203956386E-17
6291.50724320352  9.272925615546462E-17
6295.0637829109  8.856298563805147E-17
6298.62062419161  8.973066687795583E-17
6302.17776640756  9.654541751553111E-17
6305.735208922  1.040150172655625E-16
6309.2929510995  1.020957398687578E-16
6312.85099230598  9.416131093658586E-17
6316.4093319087  1.000856380406947E-16
6319.96796927623  9.950650573278922E-17
6323.52690377848  9.713900894054404E-17
6327.08613478668  9.722150200867273E-17
6330.64566167336  1.002971117273776E-16
6334.20548381241  9.296101892821219E-17
6337.76560057899  9.370831374592730E-17
6341.32601134962  9.636210767434443E-17
6344.88671550208  9.851226772372497E-17
6348.4477124155  9.676355496922868E-17
6352.00900147028  9.447372712777978E-17
6355.57058204815  9.325341734858236E-17
6359.13245353213  9.488717846771338E-17
6362.69461530652  9.515616436802583E-17
6366.25706675694  1.001801020666483E-16
6369.81980727028  1.035532982825253E-16
6373.38283623472  9.793859480786231E-17
6376.94615303975  9.620643228306192E-17
6380.50975707611  9.991916959677968E-17
6384.07364773584  9.564181203182307E-17
6387.63782441226  9.198736779023318E-17
6391.20228649994  9.498424314951281E-17
6394.76703339474  9.320793564978171E-17
6398.33206449381  9.525178644683697E-17
6401.89737919551  9.681707024613839E-17
6405.46297689952  9.388795090519423E-17
6409.02885700676  9.713350322638689E-17
6412.5950189194  9.286786515634894E-17
6416.16146204087  9.554390031707638E-17
6419.72818577586  9.528857282303842E-17
6423.29518953031  9.132275132910399E-17
6426.8624727114  9.489013646558387E-17
6430.43003472756  9.414325854689751E-17
6433.99787498845  9.654103014956211E-17
6437.56599290499  9.408324493909553E-17
6441.13438788932  9.434933239854160E-17
6444.70305935483  9.634265900378208E-17
6448.27200671612  9.725572743369770E-17
6451.84122938903  9.232487733248952E-17
6455.41072679064  1.023459719302225E-16
6458.98049833922  9.534789821657073E-17
6462.55054345429  9.132257265809167E-17
6466.12086155657  9.388325913675982E-17
6469.691452068  9.639741836033310E-17
6473.26231441175  9.353802041885980E-17
6476.83344801216  9.499185982859319E-17
6480.40485229481  9.216749464042273E-17
6483.97652668648  9.452617037861564E-17
6487.54847061513  1.006201753874163E-16
6491.12068350995  9.549203278394687E-17
6494.69316480129  8.900012081328368E-17
6498.26591392074  9.639431477867479E-17
6501.83893030102  9.411258007233913E-17
6505.4122133761  9.568161596289911E-17
6508.98576258109  9.029765617446907E-17
6512.5595773523  9.592409899638537E-17
6516.13365712722  9.336529848951380E-17
6519.70800134451  9.349487467810902E-17
6523.28260944402  9.470756777822607E-17
6526.85748086675  9.315676956581164E-17
6530.43261505488  9.401785796603444E-17
6534.00801145175  9.411381091709060E-17
6537.58366950188  9.133899715633454E-17
6541.15958865093  9.151697995437634E-17
6544.73576834573  9.642003678700275E-17
6548.31220803426  9.293524398032506E-17
6551.88890716566  9.058204086906480E-17
6555.46586519021  9.229194892666502E-17
6559.04308155933  9.221079258240617E-17
6562.62055572562  9.466344265563005E-17
6566.19828714277  9.093426760877967E-17
6569.77627526565  9.288469331873072E-17
6573.35451955025  9.411494911761348E-17
6576.93301945369  8.846185784508319E-17
6580.51177443423  8.997880120938702E-17
6584.09078395126  8.890117015968764E-17
6587.67004746528  8.924973083492769E-17
6591.24956443793  8.910823001062190E-17
6594.82933433195  8.903556384817035E-17
6598.40935661122  9.234537817679104E-17
6601.98963074071  9.101115570107770E-17
6605.57015618653  9.254482796608982E-17
6609.15093241587  9.219247549492184E-17
6612.73195889706  9.331714334297345E-17
6616.31323509949  8.917415961416484E-17
6619.89476049368  8.988853264350034E-17
6623.47653455125  9.047370006115507E-17
6627.05855674491  9.383804213575521E-17
6630.64082654845  9.496488712317907E-17
6634.22334343677  9.116374074559169E-17
6637.80610688584  9.480017891960750E-17
6641.38911637274  9.275191428680368E-17
6644.97237137559  9.447176836408926E-17
6648.55587137362  9.148743306289592E-17
6652.13961584714  9.366707382930785E-17
6655.72360427752  8.790077792686600E-17
6659.3078361472  8.633509708087055E-17
6662.8923109397  8.918348359402955E-17
6666.47702813958  8.938150401522984E-17
6670.06198723251  8.961829604610171E-17
6673.64718770516  8.918012193202013E-17
6677.23262904531  8.402238611495597E-17
6680.81831074177  8.363112306777351E-17
6684.4042322844  8.662562276433387E-17
6687.99039316412  8.837499726332021E-17
6691.57679287288  8.441306682698723E-17
6695.1634309037  8.407112359664761E-17
6698.75030675061  8.897351868478398E-17
6702.33741990871  9.076420589228369E-17
6705.92476987411  8.736895373255361E-17
6709.51235614397  8.841003663406796E-17
6713.10017821646  8.538788925271362E-17
6716.68823559081  8.694229397259876E-17
6720.27652776724  8.653938422239153E-17
6723.86505424701  9.290486329078721E-17
6727.4538145324  9.574672500327439E-17
6731.04280812671  9.840395338559481E-17
6734.63203453423  9.332116674947290E-17
6738.2214932603  8.830599054789857E-17
6741.81118381123  8.637568848788975E-17
6745.40110569436  8.399986694995982E-17
6748.99125841803  8.284198614595300E-17
6752.58164149157  8.325514631831099E-17
6756.17225442532  8.817637465463395E-17
6759.7630967306  7.942844336851817E-17
6763.35416791974  8.294120811478997E-17
6766.94546750605  7.965352913936118E-17
6770.53699500382  7.960274686719534E-17
6774.12874992835  8.283825390702917E-17
6777.72073179588  8.385307878717863E-17
6781.31294012367  7.927055113319405E-17
6784.90537442992  7.961768905778050E-17
6788.49803423384  8.030868265428280E-17
6792.09091905558  7.895157043665889E-17
6795.68402841628  8.321336377120971E-17
6799.27736183802  8.320181632985848E-17
6802.87091884386  8.195555954920648E-17
6806.46469895782  7.896512958125988E-17
6810.05870170487  7.546972901040680E-17
6813.65292661095  8.291909261393275E-17
6817.24737320292  7.847837680416427E-17
6820.84204100862  7.783109804867418E-17
6824.43692955681  8.290178137807323E-17
6828.03203837723  8.296445519872516E-17
6831.62736700052  7.719723947144213E-17
6835.22291495828  7.592697460069142E-17
6838.81868178305  7.502308456685266E-17
6842.41466700827  7.951932735678060E-17
6846.01087016836  8.188055742870508E-17
6849.60729079863  8.105991485171365E-17
6853.20392843531  7.704148467082085E-17
6856.80078261558  7.546431594047825E-17
6860.39785287754  7.626649584619748E-17
6863.99513876016  8.305122975370442E-17
6867.59263980337  8.248314196133769E-17
6871.190355548  8.208105939174304E-17
6874.78828553577  8.668809144419387E-17
6878.38642930934  8.542791155947139E-17
6881.98478641223  8.187820161832053E-17
6885.58335638889  8.087687632576791E-17
6889.18213878466  9.051667374833840E-17
6892.78113314578  9.008178850437232E-17
6896.38033901935  9.076991012978783E-17
6899.97975595342  9.222223414463904E-17
6903.57938349685  9.465601788245175E-17
6907.17922119946  1.012787368864616E-16
6910.77926861189  1.029371082831773E-16
6914.3795252857  1.022345407755442E-16
6917.97999077329  1.026240568172730E-16
6921.58066462797  1.020661665074978E-16
6925.18154640388  1.093028388144792E-16
6928.78263565607  1.039577896020637E-16
6932.38393194042  1.112427030823692E-16
6935.98543481369  1.083312390844193E-16
6939.58714383349  1.084786559044661E-16
6943.18905855829  1.079041690428807E-16
6946.79117854742  1.107651684060199E-16
6950.39350336105  1.141156535509986E-16
6953.99603256021  1.096568919689866E-16
6957.59876570676  1.169929582983724E-16
6961.20170236341  1.172758540678656E-16
6964.80484209373  1.160271819198249E-16
6968.4081844621  1.176230978715704E-16
6972.01172903373  1.197912110489658E-16
6975.6154753747  1.183719147016126E-16
6979.21942305188  1.122985561209013E-16
6982.82357163299  1.151117642969696E-16
6986.42792068656  1.283694975176143E-16
6990.03246978195  1.371884869270709E-16
6993.63721848934  1.460790109159010E-16
6997.24216637972  1.396453721650310E-16
7000.84731302489  2.012100561120785E-16
7004.45265799746  3.165559853142945E-16
7008.05820087087  3.504727727091328E-16
7011.66394121933  3.529313387780976E-16
7015.26987861787  2.915354790853498E-16
7018.87601264234  1.392521238843784E-16
7022.48234286934  1.305998146770737E-16
7026.0888688763  1.735960144079798E-16
7029.69559024142  1.775873262996707E-16
7033.30250654373  1.849143730516572E-16
7036.90961736298  1.762653063923537E-16
7040.51692227976  1.230992717546879E-16
7044.12442087541  1.099246271722129E-16
7047.73211273205  1.083809162432868E-16
7051.3399974326  1.033466288608401E-16
7054.94807456072  1.022234036157768E-16
7058.55634370086  1.064685805461826E-16
7062.16480443822  1.053038374518141E-16
7065.77345635879  1.094496931517094E-16
7069.38229904929  1.014158106401290E-16
7072.99133209722  1.068097098307995E-16
7076.60055509083  1.034294263314342E-16
7080.20996761914  1.031862484662334E-16
7083.81956927187  9.810929841651361E-17
7087.42935963955  1.007572292887490E-16
7091.03933831342  1.019361403326494E-16
7094.64950488547  1.032854969048500E-16
7098.25985894842  1.008060263274447E-16
7101.87040009575  9.835930548485167E-17
7105.48112792165  1.004342648903838E-16
7109.09204202106  1.008229669863898E-16
7112.70314198964  9.841675814147714E-17
7116.31442742377  9.793284424824383E-17
7119.92589792056  9.874497679109330E-17
7123.53755307785  9.889840886855452E-17
7127.14939249418  9.745623601418056E-17
7130.76141576883  1.021607297951249E-16
7134.37362250176  1.024512620960331E-16
7137.98601229366  9.718011650826547E-17
7141.59858474593  9.294939869496705E-17
7145.21133946066  9.553371606937464E-17
7148.82427604065  9.586317218118713E-17
7152.43739408941  9.717483578723493E-17
7156.05069321113  9.462659672242448E-17
7159.66417301069  9.761090555383821E-17
7163.27783309368  9.842122491678495E-17
7166.89167306637  1.275256541788020E-16
7170.5056925357  1.461248698090610E-16
7174.11989110931  1.502917954535193E-16
7177.73426839551  1.437617405304501E-16
7181.34882400332  1.339080474363632E-16
7184.96355754237  1.299042418087003E-16
7188.57846862303  1.343849799252265E-16
7192.19355685628  1.300469403905331E-16
7195.80882185382  1.148489193855248E-16
7199.42426322798  9.647270503096523E-17
7203.03988059175  9.036335416744048E-17
7206.6556735588  9.237775071724392E-17
7210.27164174343  9.117073538485144E-17
7213.88778476062  8.852457137040449E-17
7217.50410222597  9.085760450960824E-17
7221.12059375576  9.320283359976350E-17
7224.73725896688  9.209844160288682E-17
7228.3540974769  8.938324440323864E-17
7231.97110890399  9.051357678412500E-17
7235.58829286698  9.217350328039232E-17
7239.20564898535  8.984929119524082E-17
7242.82317687916  9.695489838852445E-17
7246.44087616914  8.609808005687204E-17
7250.05874647664  8.995141160494416E-17
7253.67678742363  8.930101603290596E-17
7257.29499863269  8.981857963345795E-17
7260.91337972702  8.865794597237254E-17
7264.53193033045  9.430700060351359E-17
7268.15065006741  8.796253192267677E-17
7271.76953856293  9.414082994461903E-17
7275.38859544268  9.201987929702898E-17
7279.00782033289  9.389487937000495E-17
7282.62721286042  8.586652242491638E-17
7286.24677265273  9.307951089659919E-17
7289.86649933786  8.864485004891463E-17
7293.48639254445  8.333953197568121E-17
7297.10645190173  8.706967316948702E-17
7300.72667703952  9.057009638101952E-17
7304.34706758822  8.575231194338000E-17
7307.96762317882  8.606034076860494E-17
7311.58834344289  8.689047276158355E-17
7315.20922801256  8.765156495191604E-17
7318.83027652055  8.954722468787117E-17
7322.45148860015  7.989081086115570E-17
7326.07286388521  8.377676641258693E-17
7329.69440201016  8.817129245695042E-17
7333.31610260998  8.381238150104103E-17
7336.93796532021  8.630848833492594E-17
7340.55998977696  8.634485781209866E-17
7344.18217561689  9.239073414413853E-17
7347.80452247721  8.255224132098794E-17
7351.42702999567  8.798188133156561E-17
7355.04969781058  8.856325695329235E-17
7358.6725255608  8.713789902641043E-17
7362.29551288572  8.041611687224120E-17
7365.91865942527  7.917007846727091E-17
7369.54196481991  8.828215451136724E-17
7373.16542871065  8.409274278913731E-17
7376.78905073902  8.817505778309879E-17
7380.41283054707  8.691471907969869E-17
7384.0367677774  8.870197845073995E-17
7387.66086207311  9.077972380057516E-17
7391.28511307781  8.794653094090755E-17
7394.90952043567  8.528936873303610E-17
7398.53408379134  8.728908779005040E-17
7402.15880278998  8.915405581655734E-17
7405.78367707728  8.882718050825600E-17
7409.40870629941  8.888274719308487E-17
7413.03389010308  8.753892942226590E-17
7416.65922813546  8.888651913667811E-17
7420.28472004424  8.913195355058995E-17
7423.91036547761  8.446265795907098E-17
7427.53616408423  8.512917362688662E-17
7431.16211551328  8.619902917882802E-17
7434.78821941441  8.811109356069129E-17
7438.41447543775  8.862194707211424E-17
7442.04088323392  8.533959513983033E-17
7445.66744245401  8.519642671940966E-17
7449.29415274961  8.480117997039709E-17
7452.92101377275  8.750692084128257E-17
7456.54802517596  8.763470370230974E-17
7460.17518661222  8.544289345472593E-17
7463.80249773498  8.940441360947509E-17
7467.42995819815  8.065817638925382E-17
7471.05756765612  8.807195799155017E-17
7474.68532576371  9.141893589073164E-17
7478.3132321762  8.696579251944015E-17
7481.94128654934  8.862096107282408E-17
7485.56948853931  9.091624168887092E-17
7489.19783780275  8.641111828788663E-17
7492.82633399672  8.883567069006325E-17
7496.45497677876  8.734819480790099E-17
7500.08376580682  8.616706030251407E-17
7503.71270073928  8.923575479129798E-17
7507.34178123498  8.999149346870606E-17
7510.97100695316  9.117147653868029E-17
7514.60037755351  9.056558328359745E-17
7518.22989269614  8.687062042688225E-17
7521.85955204158  9.091794898965524E-17
7525.48935525077  8.583780933149347E-17
7529.11930198509  8.466072470238561E-17
7532.7493919063  8.958127144188384E-17
7536.37962467659  8.529787214973316E-17
7540.00999995858  8.470600787783922E-17
7543.64051741525  8.935587465113048E-17
7547.27117671002  8.102411447480237E-17
7550.9019775067  8.433038847040133E-17
7554.53291946948  8.878472959921976E-17
7558.16400226297  8.354034495862947E-17
7561.79522555217  8.388193084694448E-17
7565.42658900244  8.448156399915152E-17
7569.05809227956  8.545127775741477E-17
7572.68973504969  8.198376971681698E-17
7576.32151697935  8.077958003339700E-17
7579.95343773545  8.494330283452351E-17
7583.58549698529  8.533776872503782E-17
7587.21769439652  8.153107031117897E-17
7590.85002963717  8.375299655050461E-17
7594.48250237565  8.842008191542680E-17
7598.11511228072  8.459321352951146E-17
7601.7478590215  8.209991249226433E-17
7605.38074226747  7.278067071811531E-17
7609.01376168849  9.126939487087184E-17
7612.64691695474  9.097528253227251E-17
7616.28020773677  7.559737290509107E-17
7619.91363370549  7.655262754624692E-17
7623.54719453214  8.620294008876417E-17
7627.18088988828  8.907505675933609E-17
7630.81471944587  8.431626022553892E-17
7634.44868287715  8.797530359133459E-17
7638.08277985473  8.206620984538648E-17
7641.71701005154  8.539051637833910E-17
7645.35137314084  8.327959777721806E-17
7648.98586879621  8.175920672412109E-17
7652.62049669159  8.322487150789154E-17
7656.25525650118  8.072073771334242E-17
7659.89014789955  8.459970524295879E-17
7663.52517056156  8.469937058060407E-17
7667.16032416241  8.237675329967359E-17
7670.79560837757  8.491462944576998E-17
7674.43102288285  8.598487542696048E-17
7678.06656735437  8.322858389448072E-17
7681.70224146852  8.352577334495874E-17
7685.33804490201  8.141954651227212E-17
7688.97397733185  8.640708164649735E-17
7692.61003843534  8.276317237718894E-17
7696.24622789007  8.648280506849291E-17
7699.88254537392  8.279616034001758E-17
7703.51899056506  8.613424439325287E-17
7707.15556314193  8.644035415945667E-17
7710.79226278328  8.861601122403856E-17
7714.4290891681  9.164200334088004E-17
7718.06604197568  8.906572616202648E-17
7721.70312088558  8.220174173439207E-17
7725.34032557762  8.848020801979206E-17
7728.9776557319  8.885688621841401E-17
7732.61511102878  8.858629889643566E-17
7736.25269114888  9.204591894271214E-17
7739.89039577307  9.164203642810454E-17
7743.5282245825  9.275460758687817E-17
7747.16617725855  8.513000080749918E-17
7750.80425348286  8.348489738780882E-17
7754.44245293733  8.308757937854245E-17
7758.08077530407  9.039657374084061E-17
7761.71922026548  8.278838484225959E-17
7765.35778750417  8.578001918517806E-17
7768.996476703  8.762252098624808E-17
7772.63528754504  8.914024520905016E-17
7776.27421971363  8.471284369842136E-17
7779.9132728923  8.374888711722144E-17
7783.55244676485  8.235271212235033E-17
7787.19174101527  8.220215201597589E-17
7790.83115532778  8.821395512422348E-17
7794.47068938681  8.988604448421780E-17
7798.11034287704  8.693523315889001E-17
7801.75011548331  8.952815982911303E-17
7805.39000689072  8.450865581857385E-17
7809.03001678454  9.102705080372853E-17
7812.67014485027  8.511785117866200E-17
7816.31039077361  8.536075772862188E-17
7819.95075424043  8.454510470508541E-17
7823.59123493684  8.711696143074545E-17
7827.23183254911  8.536645534868114E-17
7830.87254676371  8.500663839966547E-17
7834.51337726732  8.911359014099124E-17
7838.15432374678  8.571420207819844E-17
7841.79538588911  8.148482760621480E-17
7845.43656338153  9.101512616801796E-17
7849.07785591143  8.553079297533829E-17
7852.71926316636  8.409519786119535E-17
7856.36078483408  8.657335156706540E-17
7860.00242060248  7.847595481933073E-17
7863.64417015964  8.586384235973172E-17
7867.28603319378  9.215768096963540E-17
7870.92800939332  8.701430500800519E-17
7874.5700984468  9.092099963175432E-17
7878.21230004293  8.696347641372502E-17
7881.85461387059  8.734111414185754E-17
7885.49703961879  9.135387978991557E-17
7889.13957697668  9.048700112540490E-17
7892.78222563359  8.866703172422083E-17
7896.42498527895  8.359165000894247E-17
7900.06785560236  8.525200002168340E-17
7903.71083629355  8.311983942243202E-17
7907.35392704238  8.807070729446399E-17
7910.99712753884  8.733717014469688E-17
7914.64043747305  7.749980890462424E-17
7918.28385653526  8.436047799236357E-17
7921.92738441584  9.041764368540356E-17
7925.57102080528  8.976709591213264E-17
7929.2147653942  8.784367599482024E-17
7932.85861787331  8.949392116919824E-17
7936.50257793345  8.466052617903857E-17
7940.14664526557  8.961286312383847E-17
7943.79081956072  8.882478499320203E-17
7947.43510051005  8.593366963832099E-17
7951.07948780484  8.772648766307863E-17
7954.72398113644  8.641535345262290E-17
7958.3685801963  9.108580047955449E-17
7962.01328467597  8.911119462593731E-17
7965.65809426708  9.078570597076517E-17
7969.30300866138  8.671307891613787E-17
7972.94802755065  8.569098146404286E-17
7976.59315062681  9.001892277781829E-17
7980.23837758182  8.469683609920721E-17
7983.88370810775  8.656439816411515E-17
7987.5291418967  8.723584382838158E-17
7991.17467864088  8.949091684921345E-17
7994.82031803256  8.370380908255976E-17
7998.46605976407  8.417990777336569E-17
8002.1119035278  9.069281027925299E-17
8005.75784901622  8.797142576862293E-17
8009.40389592183  8.544967633574886E-17
8013.05004393721  8.984160834171142E-17
8016.69629275499  8.938503773080665E-17
8020.34264206783  8.405357413277167E-17
8023.98909156846  8.643881891223978E-17
8027.63564094964  8.917798449731728E-17
8031.28228990417  8.804020749091796E-17
8034.92903812492  8.941280452960885E-17
8038.57588530475  8.524119373416100E-17
8042.22283113658  8.337309565621618E-17
8045.86987531336  8.676095612999244E-17
8049.51701752807  8.026605307423427E-17
8053.16425747371  8.724607439819765E-17
8056.8115948433  8.906088219235940E-17
8060.45902932989  9.109313922594905E-17
8064.10656062653  8.171116407414402E-17
8067.75418842631  9.011758888128362E-17
8071.4019124223  8.865968636038134E-17
8075.04973230762  8.769119021197978E-17
8078.69764777536  8.692273280547311E-17
8082.34565851862  9.004027727251195E-17
8085.99376423053  8.721444962901852E-17
8089.64196460419  8.690561347551570E-17
8093.29025933269  8.620919357419507E-17
8096.93864810913  8.089404197783965E-17
8100.58713062661  8.155806948637270E-17
8104.2357065782  8.965684928009158E-17
8107.88437565694  8.283747966597582E-17
8111.53313755589  7.958730175079775E-17
8115.18199196807  8.095015129315033E-17
8118.83093858646  8.010991446180877E-17
8122.47997710404  8.392266122030658E-17
8126.12910721376  8.372182176757871E-17
8129.77832860851  8.102629823161953E-17
8133.42764098119  8.687668200641105E-17
8137.07704402463  8.362510119291412E-17
8140.72653743162  8.547465057280307E-17
8144.37612089493  8.315426337080403E-17
8148.02579410726  8.355146226606219E-17
8151.67555676129  8.131418355456755E-17
8155.32540854962  7.575711140754243E-17
8158.97534916482  7.853683531241461E-17
8162.62537829938  7.607351130056640E-17
8166.27549564577  7.502258164104023E-17
8169.92570089635  7.514970937502230E-17
8173.57599374346  7.671812322576164E-17
8177.22637387935  7.587831652833859E-17
8180.8768409962  7.189301989406221E-17
8184.52739478611  7.140870233668995E-17
8188.17803494115  7.306977365092505E-17
8191.82876115324  7.099963836272533E-17
8195.4795731143  7.862813619970578E-17
8199.1304705161  7.224983252309308E-17
8202.78145305035  7.926380133939563E-17
8206.43252040868  8.094143611821646E-17
8210.08367228262  7.921426314687105E-17
8213.73490836361  7.995565520373498E-17
8217.38622834299  7.375077490562770E-17
8221.03763191198  8.120621994101712E-17
8224.68911876175  7.184484489518712E-17
8228.34068858332  7.302190967196029E-17
8231.99234106762  7.715809066741123E-17
8235.64407590545  7.811769296986666E-17
8239.29589278754  7.750317056663367E-17
8242.94779140446  8.132073482501899E-17
8246.59977144668  7.843885742321893E-17
8250.25183260455  7.926969748280190E-17
8253.9039745683  7.931965257435522E-17
8257.55619702802  7.967563140532861E-17
8261.20849967369  8.066079689743439E-17
8264.86088219513  8.341809428153904E-17
8268.51334428206  8.042299239749276E-17
8272.16588562403  8.372919360119778E-17
8275.81850591047  8.372296658554647E-17
8279.47120483066  7.971226558029736E-17
8283.12398207375  7.994132181808066E-17
8286.7768373287  7.899906383870924E-17
8290.42977028438  7.891923098343052E-17
8294.08278062944  8.448421759455658E-17
8297.73586805244  8.058660210521082E-17
8301.38903224172  8.081154890971095E-17
8305.04227288551  7.840688192946007E-17
8308.69558967183  7.845900754294072E-17
8312.34898228857  8.664010835122088E-17
8316.00245042342  8.046439775023470E-17
8319.65599376393  8.201875614800552E-17
8323.30961199744  8.684426314384388E-17
8326.96330481113  8.071363719496426E-17
8330.61707189201  8.593572766368504E-17
8334.27091292688  7.807597659721437E-17
8337.92482760237  8.258849168415245E-17
8341.57881560493  8.303834558848331E-17
8345.2328766208  7.903426202813462E-17
8348.88701033603  8.888315085722380E-17
8352.54121643647  8.330389041744751E-17
8356.19549460778  7.840905906883232E-17
8359.84984453542  8.493141128603745E-17
8363.50426590463  8.279118402145247E-17
8367.15875840046  7.878017861373792E-17
8370.81332170772  7.790684794044934E-17
8374.46795551105  8.542723658009155E-17
8378.12265949483  8.048061049024074E-17
8381.77743334324  7.979419616560954E-17
8385.43227674026  7.647711588248818E-17
8389.08718936961  8.505591189439403E-17
8392.74217091479  8.689636228754494E-17
8396.39722105909  8.872867322346829E-17
8400.05233948556  7.843747437723474E-17
8403.707525877  8.456071525760549E-17
8407.36277991599  7.685957772795309E-17
8411.01810128485  8.094422867996444E-17
8414.67348966568  8.359791011181826E-17
8418.32894474033  8.394656343128692E-17
8421.98446619038  8.361855653990758E-17
8425.64005369718  8.430806121130729E-17
8429.29570694182  7.865111196840004E-17
8432.95142560512  7.997393920399485E-17
8436.60720936767  7.743010735748807E-17
8440.26305790976  8.348555251485397E-17
8443.91897091145  7.928931820693165E-17
8447.57494805251  7.673681750760533E-17
8451.23098901246  7.957822261639436E-17
8454.88709347051  7.889001496419516E-17
8458.54326110564  8.018767605683365E-17
8462.19949159652  7.981109711988521E-17
8465.85578462155  7.211825786613795E-17
8469.51213985884  7.702453739443088E-17
8473.16855698622  7.678583953942768E-17
8476.82503568123  7.938752108925396E-17
8480.48157562111  7.839530140088434E-17
8484.13817648282  7.709738884533965E-17
8487.794837943  7.645059978077217E-17
8491.45155967801  7.893169824962292E-17
8495.10834136391  7.637671600845895E-17
8498.76518267642  7.349317762798889E-17
8502.422083291  7.749515684085923E-17
8506.07904288276  7.217047612384719E-17
8509.73606112651  8.900182811406798E-17
8513.39313769676  7.917731795199198E-17
8517.05027226766  7.761167681066591E-17
8520.70746451309  7.966010687959224E-17
8524.36471410656  7.671306088041280E-17
8528.02202072127  7.550912927734393E-17
8531.6793840301  7.893251219534568E-17
8535.33680370558  8.146154081761020E-17
8538.99427941992  7.864301883328681E-17
8542.65181084497  8.272444708963167E-17
8546.30939765226  8.069060186926590E-17
8549.96703951298  8.161120095147820E-17
8553.62473609794  7.442947328950500E-17
8557.28248707764  7.487617067261835E-17
8560.94029212221  8.357459023598918E-17
8564.59815090142  7.768226509541873E-17
8568.25606308469  7.847616657756752E-17
8571.91402834109  8.128849463346410E-17
8575.57204633929  7.479437243620421E-17
8579.23011674766  8.251293369827941E-17
8582.88823923413  7.517194398988770E-17
8586.5464134663  8.527958153202838E-17
8590.2046391114  8.161617727004333E-17
8593.86291583626  7.663320817279939E-17
8597.52124330734  8.007498097017942E-17
8601.17962119074  7.935717348694061E-17
8604.83804915214  7.697959170866718E-17
8608.49652685686  7.623195940126215E-17
8612.15505396981  7.819900151535817E-17
8615.81363015552  8.425581648381847E-17
8619.47225507812  7.816005123467427E-17
8623.13092840135  8.557899444399296E-17
8626.78964978854  7.867291644934693E-17
8630.44841890261  8.248196405614542E-17
8634.1072354061  7.366597896667366E-17
8637.76609896112  8.346877067458649E-17
8641.42500922936  8.076921049723804E-17
8645.08396587211  8.161881763055861E-17
8648.74296855026  7.937670156684175E-17
8652.40201692425  8.185195021440051E-17
8656.06111065411  7.460164597092424E-17
8659.72024939943  7.764206411764867E-17
8663.37943281941  7.723079653453218E-17
8667.03866057278  8.242340628622157E-17
8670.69793231785  7.905159973377372E-17
8674.3572477125  8.287807107299503E-17
8678.01660641417  8.525194046467930E-17
8681.67600807985  8.051492855949431E-17
8685.3354523661  7.470224436830051E-17
8688.99493892901  7.789937684515675E-17
8692.65446742424  7.702504032024331E-17
8696.31403750701  7.764083989034208E-17
8699.97364883204  7.675417506557914E-17
8703.63330105364  7.937358475029365E-17
8707.29299382563  8.071298206791912E-17
8710.95272680137  7.773312015947850E-17
8714.61249963377  7.945097576840412E-17
8718.27231197526  7.596532931133426E-17
8721.93216347779  7.846289860054217E-17
8725.59205379286  8.057171947162975E-17
8729.25198257147  7.870777053163747E-17
8732.91194946414  7.699648604549796E-17
8736.57195412094  8.052987075007948E-17
8740.23199619142  8.184069394062493E-17
8743.89207532465  7.681604155795320E-17
8747.55219116922  8.098203414268059E-17
8751.21234337321  7.638694657827499E-17
8754.87253158424  7.691165040187453E-17
8758.53275544938  7.877587065710773E-17
8762.19301461524  7.508934504264061E-17
8765.85330872791  7.530392892842668E-17
8769.51363743297  7.734159241450000E-17
8773.1740003755  6.746254127155469E-17
8776.83439720006  8.306026918343839E-17
8780.4948275507  7.950656230556768E-17
8784.15529107096  7.592239532882032E-17
8787.81578740383  7.964990939700067E-17
8791.47631619181  8.606605162355398E-17
8795.13687707687  7.905498786556274E-17
8798.79746970043  7.736816807322011E-17
8802.4580937034  7.618502186458346E-17
8806.11874872614  7.694950880414985E-17
8809.7794344085  7.684898981611243E-17
8813.44015038975  7.495411755610044E-17
8817.10089630866  7.474144611189061E-17
8820.76167180343  6.371359991678676E-17
8824.42247651172  7.543082505183720E-17
8828.08331007063  7.210722658548895E-17
8831.74417211673  7.004888358410178E-17
8835.40506228601  7.004331169549562E-17
8839.06598021391  6.988003286002255E-17
8842.72692553532  6.714287897819479E-17
8846.38789788455  7.316739419809610E-17
8850.04889689536  7.003390168884722E-17
8853.70992220093  6.933719723739585E-17
8857.37097343387  6.483549505542508E-17
8861.0320502262  6.478377310608336E-17
8864.69315220939  6.248643446467249E-17
8868.35427901433  6.655686452759281E-17
8872.0154302713  6.704265115773297E-17
8875.67660561002  6.304459608968857E-17
8879.3378046596  6.642934636436165E-17
8882.99902704858  6.261252987725006E-17
8886.66027240489  7.112414558852682E-17
8890.32154035589  5.810407790148085E-17
8893.9828305283  5.993176324341882E-17
8897.64414254828  6.445489932942206E-17
8901.30547604135  6.400674610843064E-17
8904.96683063244  6.183448379308269E-17
8908.62820594588  6.256704817844944E-17
8912.28960160537  5.374056451264317E-17
8915.951017234  6.309558350264634E-17
8919.61245245425  4.865819477554996E-17
8923.27390688797  6.449913033113650E-17
8926.93538015639  6.976723851169484E-17
8930.5968718801  6.450024867932468E-17
8934.2583816791  6.538385624454362E-17
8937.91990917271  6.755459654756448E-17
8941.58145397964  5.961152523235258E-17
8945.24301571798  6.233040834881027E-17
8948.90459400514  6.190545588963973E-17
8952.56618845792  5.696391199747247E-17
8956.22779869246  6.091678315173676E-17
8959.88942432426  6.509859804722104E-17
8963.55106496817  6.237080123248247E-17
8967.21272023837  6.074716480404909E-17
8970.87438974841  5.959940869073991E-17
8974.53607311115  6.355828186752889E-17
8978.19776993882  6.404473024215908E-17
8981.85947984297  6.151447077514307E-17
8985.52120243448  6.774901707873894E-17
8989.18293732357  5.872871176052169E-17
8992.84468411978  5.867049148028775E-17
8996.50644243199  6.127644789951972E-17
9000.16821186837  6.853258211195329E-17
9003.82999203644  6.776658639494957E-17
9007.49178254303  6.465114627538905E-17
9011.15358299427  5.721448816607192E-17
9014.81539299563  6.706520340995362E-17
9018.47721215185  6.827289372172593E-17
9022.13904006702  6.324053201574524E-17
9025.80087634449  6.639223573336008E-17
9029.46272058694  6.694886211115925E-17
9033.12457239634  6.618237670323292E-17
9036.78643137394  6.275018596606869E-17
9040.44829712031  6.729396848016127E-17
9044.1101692353  6.542765049489464E-17
9047.77204731803  5.876110415330927E-17
9051.43393096692  6.949068887186120E-17
9055.09581977968  6.812277698415981E-17
9058.75771335327  7.098386899152763E-17
9062.41961128394  6.367642311133616E-17
9066.08151316724  6.371437415784010E-17
9069.74341859796  5.844267270470084E-17
9073.40532717015  5.616290337950060E-17
9077.06723847715  5.928512638008407E-17
9080.72915211156  5.886397895173125E-17
9084.39106766522  6.266143941250911E-17
9088.05298472925  6.299476011214348E-17
9091.71490289401  5.981732115131087E-17
9095.37682174912  6.692044680275683E-17
9099.03874088344  6.215589970934120E-17
9102.70065988508  6.332213834625727E-17
9106.36257834141  6.309412104732334E-17
9110.024495839  7.056616263452304E-17
9113.68641196371  6.337960423777254E-17
9117.34832630058  6.323362340326919E-17
9121.01023843394  5.727031954869680E-17
9124.6721479473  5.841708966271581E-17
9128.33405442343  5.798246249910086E-17
9131.99595744432  6.848213732947733E-17
9135.65785659116  6.285556215866305E-17
9139.31975144438  6.469052668999148E-17
9142.98164158362  6.594906544837865E-17
9146.64352658774  7.157562076685826E-17
9150.30540603479  7.032884782550404E-17
9153.96727950206  7.128541933819507E-17
9157.62914656603  7.743789609013587E-17
9161.29100680236  7.449572053040316E-17
9164.95285978595  7.153717341198680E-17
9168.61470509088  7.399838645891177E-17
9172.27654229041  7.702345875091209E-17
9175.93837095702  6.932828353911499E-17
9179.60019066236  7.678286168922248E-17
9183.26200097726  7.384713813826769E-17
9186.92380147176  7.743996735038970E-17
9190.58559171507  7.417193556887030E-17
9194.24737127556  8.126101900223757E-17
9197.90913972079  7.444497796290672E-17
9201.5708966175  8.355074096456805E-17
9205.23264153159  7.805653454409693E-17
9208.89437402813  8.364253154278182E-17
9212.55609367136  8.582332374460643E-17
9216.21780002468  9.053221812640952E-17
9219.87949265064  8.737754317603435E-17
9223.54117111096  8.963168975458016E-17
9227.20283496649  9.472668557654341E-17
9230.86448377727  8.937777839375089E-17
9234.52611710245  9.400370986883734E-17
9238.18773450036  8.950026068141283E-17
9241.84933552845  8.099190075302711E-17
9245.51091974331  7.140387160191265E-17
9249.17248670067  7.282235400354308E-17
9252.83403595541  7.719598215691105E-17
9256.49556706152  6.980374033776558E-17
9260.15707957215  7.237556397620115E-17
9263.81857303953  7.053676132683046E-17
9267.48004701506  7.674272688590139E-17
9271.14150104923  7.068178263182325E-17
9274.80293469168  7.634689780173761E-17
9278.46434749113  7.083121777256464E-17
9282.12573899544  7.375586372075613E-17
9285.78710875156  7.948016531785990E-17
9289.44845630556  8.023172838753577E-17
9293.10978120263  7.980908541663549E-17
9296.77108298702  7.714102427701304E-17
9300.43236120213  7.401452640702390E-17
9304.09361539041  7.670100389580424E-17
9307.75484509344  7.284208722423613E-17
9311.41604985188  7.884552588212962E-17
9315.07722920546  7.899835577210490E-17
9318.73838269303  5.504985576469416E-17
9322.3995098525  6.601603399077094E-17
9326.06061022086  7.949174584643561E-17
9329.7216833342  7.382320284006285E-17
9333.38272872765  7.534810699058191E-17
9337.04374593545  6.935748632346056E-17
9340.70473449088  7.018248317919645E-17
9344.3656939263  7.613116909798379E-17
9348.02662377313  6.501748140763164E-17
9351.68752356186  7.004231907876057E-17
9355.34839282203  7.739940903059501E-17
9359.00923108225  7.306564436530718E-17
9362.67003787016  6.670305050288810E-17
9366.33081271247  5.831077379294560E-17
9369.99155513493  7.500351016483720E-17
9373.65226466233  8.231321259373968E-17
9377.31294081853  8.124478640989682E-17
9380.97358312639  7.269247341248245E-17
9384.63419110783  7.038867614484876E-17
9388.2947642838  6.879171463680899E-17
9391.95530217429  6.458609679201789E-17
9395.61580429831  6.599059653257372E-17
9399.2762701739  6.218658480134447E-17
9402.93669931811  6.433801540014588E-17
9406.59709124703  6.537920418077863E-17
9410.25744547577  6.749762034697183E-17
9413.91776151843  6.589701924423683E-17
9417.57803888814  6.081306793781243E-17
9421.23827709705  5.371263558644092E-17
9424.8984756563  6.736683316595986E-17
9428.55863407604  6.649506420966776E-17
9432.21875186542  6.255446179824886E-17
9435.8788285326  4.637814090021898E-17
9439.53886358471  7.123067983397874E-17
9443.19885652791  6.829405631051749E-17
9446.85880686733  6.427682388715166E-17
9450.51871410709  5.648152673401114E-17
9454.17857775028  6.985990259263546E-17
9457.83839729901  6.429626594026910E-17
9461.49817225434  6.905691535863839E-17
9465.15790211633  6.757581207591524E-17
9468.81758638398  6.806175752473300E-17
9472.47722455529  6.443044787051500E-17
9476.13681612723  5.934936853517738E-17
9479.79636059572  6.950204440731033E-17
9483.45585745567  6.802470645073554E-17
9487.11530620091  7.264262420004757E-17
9490.77470632428  6.376379323635648E-17
9494.43405731752  7.230824470922911E-17
9498.09335867137  5.830563203825796E-17
9501.7526098755  6.177542309734641E-17
9505.41181041852  6.389560612132804E-17
9509.070959788  6.680168351912890E-17
9512.73005747044  6.225908552767352E-17
9516.38910295129  6.619602849206249E-17
9520.04809571494  7.015812436451800E-17
9523.7070352447  6.572404585198463E-17
9527.36592102281  6.775626979834981E-17
9531.02475253045  7.104089151423458E-17
9534.68352924773  6.509944508016829E-17
9538.34225065366  7.119539561776968E-17
9542.00091622619  7.718780961245903E-17
9545.65952544219  9.402729444246247E-17
9549.31807777743  8.067522954476221E-17
9552.9765727066  7.045721302168246E-17
9556.63500970331  8.001946722490977E-17
9560.29338824005  7.213961897827651E-17
9563.95170778825  6.330804980606425E-17
9567.60996781819  7.231355851748416E-17
9571.26816779912  6.351136418318490E-17
9574.92630719912  6.480307619285791E-17
9578.58438548519  6.105397601941236E-17
9582.24240212324  7.151957100855166E-17
9585.90035657802  6.454442674147991E-17
9589.55824831321  6.809368007893263E-17
9593.21607679136  6.352714017182750E-17
9596.87384147388  5.838918389757072E-17
9600.53154182108  5.550617822141514E-17
9604.18917729213  7.040149413562089E-17
9607.8467473451  6.335136098293753E-17
9611.50425143687  6.101641540215755E-17
9615.16168902325  5.978537212733163E-17
9618.81905955888  6.608209594321190E-17
9622.47636249726  5.932962207959451E-17
9626.13359729076  6.190842712240003E-17
9629.79076339059  7.069845197552742E-17
9633.44786024684  6.593559894800629E-17
9637.10488730842  6.596395469940463E-17
9640.76184402309  5.775348567065636E-17
9644.41872983749  6.436961369954541E-17
9648.07554419705  6.551006415368451E-17
9651.73228654607  6.067472363472415E-17
9655.38895632769  6.509075637501403E-17
9659.04555298386  6.391625916686225E-17
9662.70207595539  7.386398615298416E-17
9666.35852468188  5.871559598472905E-17
9670.0148986018  6.156834339407744E-17
9673.67119715241  5.347005660000362E-17
9677.3274197698  6.555883472260065E-17
9680.98356588888  8.018739150670292E-17
9684.63963494337  9.341236837509054E-17
9688.2956263658  8.295829435752287E-17
9691.95153958753  7.428800555242375E-17
9695.60737403869  7.420756389221417E-17
9699.26312914823  6.848371889880855E-17
9702.91880434393  7.133318405548632E-17
9706.57439905231  5.858774033180795E-17
9710.22991269874  6.774719728139134E-17
9713.88534470735  6.681391255730489E-17
9717.54069450107  6.530367928213008E-17
9721.19596150163  7.734179755529191E-17
