4250.  2.872759E-17
4254.50980392157  1.581343E-17
4259.01960784314  1.577975E-17
4263.52941176471  8.731282E-18
4268.03921568627  3.852829E-18
4272.54901960784  2.032863E-18
4277.05882352941  4.980302E-19
4281.56862745098  5.234006E-18
4286.07843137255  1.463390E-17
4290.58823529412  1.134483E-17
4295.09803921569  5.724307E-18
4299.60784313726  7.361318E-18
4304.11764705882  3.742755E-18
4308.62745098039  -1.755840E-18
4313.13725490196  2.890452E-18
4317.64705882353  7.355503E-18
4322.1568627451  3.655752E-18
4326.66666666667  -8.342195E-19
4331.17647058823  5.585146E-18
4335.6862745098  3.299604E-18
4340.19607843137  1.888909E-18
4344.70588235294  5.774535E-18
4349.21568627451  2.058612E-17
4353.72549019608  1.595500E-17
4358.23529411765  1.682343E-18
4362.74509803922  -6.351428E-19
4367.25490196078  -2.028953E-18
4371.76470588235  -3.750589E-19
4376.27450980392  7.016450E-18
4380.78431372549  3.758082E-18
4385.29411764706  7.334369E-18
4389.80392156863  3.178117E-18
4394.3137254902  1.143467E-18
4398.82352941176  8.364209E-18
4403.33333333333  1.272262E-17
4407.8431372549  8.556324E-18
4412.35294117647  1.288610E-17
4416.86274509804  1.022875E-17
4421.37254901961  4.813985E-18
4425.88235294118  -1.881085E-18
4430.39215686274  -4.332775E-19
4434.90196078431  5.775815E-18
4439.41176470588  8.260009E-18
4443.92156862745  7.650027E-18
4448.43137254902  1.057663E-17
4452.94117647059  1.131944E-17
4457.45098039216  8.625626E-18
4461.96078431373  6.508358E-18
4466.47058823529  1.311203E-17
4470.98039215686  1.090716E-17
4475.49019607843  -4.887687E-18
4480.  -1.229424E-18
4484.50980392157  6.248565E-18
4489.01960784314  8.582424E-18
4493.52941176471  1.243750E-17
4498.03921568627  1.186713E-17
4502.54901960784  1.378076E-17
4507.05882352941  6.930898E-18
4511.56862745098  1.278782E-17
4516.07843137255  9.853417E-18
4520.58823529412  1.679053E-17
4525.09803921569  1.080438E-17
4529.60784313725  1.020638E-17
4534.11764705882  1.176213E-18
4538.62745098039  1.704681E-18
4543.13725490196  1.065676E-17
4547.64705882353  1.083170E-17
4552.1568627451  1.133903E-17
4556.66666666667  8.673013E-18
4561.17647058824  1.226361E-17
4565.6862745098  1.590359E-17
4570.19607843137  9.179202E-18
4574.70588235294  1.235417E-17
4579.21568627451  1.362854E-17
4583.72549019608  4.171839E-18
4588.23529411765  1.497176E-18
4592.74509803922  1.061254E-17
4597.25490196078  1.817818E-17
4601.76470588235  1.253697E-17
4606.27450980392  7.600853E-18
4610.78431372549  1.380341E-17
4615.29411764706  1.047293E-17
4619.80392156863  7.079449E-18
4624.3137254902  1.257419E-17
4628.82352941176  6.929422E-18
4633.33333333333  2.293448E-18
4637.8431372549  1.408690E-17
4642.35294117647  1.213669E-17
4646.86274509804  7.200410E-18
4651.37254901961  1.662242E-17
4655.88235294118  1.552203E-17
4660.39215686275  2.074914E-17
4664.90196078431  1.435341E-17
4669.41176470588  1.342182E-17
4673.92156862745  1.790752E-17
4678.43137254902  1.415136E-18
4682.94117647059  5.942849E-18
4687.45098039216  1.418118E-17
4691.96078431373  1.293132E-17
4696.47058823529  1.190373E-17
4700.98039215686  9.117162E-18
4705.49019607843  1.706625E-17
4710.  2.597337E-17
4714.50980392157  8.009848E-18
4719.01960784314  1.311073E-17
4723.52941176471  1.854915E-17
4728.03921568627  1.687983E-17
4732.54901960784  1.688761E-17
4737.05882352941  2.182571E-17
4741.56862745098  2.851267E-17
4746.07843137255  1.598622E-17
4750.58823529412  1.104426E-17
4755.09803921568  1.315661E-17
4759.60784313725  1.305154E-17
4764.11764705882  1.409274E-17
4768.62745098039  1.820984E-17
4773.13725490196  1.404118E-17
4777.64705882353  1.707394E-17
4782.1568627451  1.621081E-17
4786.66666666667  1.528824E-17
4791.17647058823  2.994945E-18
4795.6862745098  3.914192E-18
4800.19607843137  1.651365E-17
4804.70588235294  1.706398E-17
4809.21568627451  1.824174E-17
4813.72549019608  1.491079E-17
4818.23529411765  1.813781E-17
4822.74509803921  2.258456E-17
4827.25490196078  1.503147E-17
4831.76470588235  1.937161E-17
4836.27450980392  1.434588E-17
4840.78431372549  1.832684E-17
4845.29411764706  2.095131E-17
4849.80392156863  1.700708E-17
4854.3137254902  1.310448E-17
4858.82352941176  1.998699E-17
4863.33333333333  1.966775E-17
4867.8431372549  1.587235E-17
4872.35294117647  1.661680E-17
4876.86274509804  1.999314E-17
4881.37254901961  1.994830E-17
4885.88235294118  1.996096E-17
4890.39215686274  1.884704E-17
4894.90196078431  1.809741E-17
4899.41176470588  1.995306E-17
4903.92156862745  2.268968E-17
4908.43137254902  1.368748E-17
4912.94117647059  1.957248E-17
4917.45098039216  1.664978E-17
4921.96078431372  2.021593E-17
4926.47058823529  1.779401E-17
4930.98039215686  1.962440E-17
4935.49019607843  1.806450E-17
4940.  1.689469E-17
4944.50980392157  1.645891E-17
4949.01960784314  1.350381E-17
4953.5294117647  1.177988E-17
4958.03921568627  1.683849E-17
4962.54901960784  2.267231E-17
4967.05882352941  1.854650E-17
4971.56862745098  2.354329E-17
4976.07843137255  2.192389E-17
4980.58823529412  2.140346E-17
4985.09803921568  1.984962E-17
4989.60784313725  2.300570E-17
4994.11764705882  2.234950E-17
4998.62745098039  2.259376E-17
5003.13725490196  2.010404E-17
5007.64705882353  2.085682E-17
5012.1568627451  1.467175E-17
5016.66666666667  1.687966E-17
5021.17647058824  1.677286E-17
5025.6862745098  1.972444E-17
5030.19607843137  1.396589E-17
5034.70588235294  9.659033E-18
5039.21568627451  1.403945E-17
5043.72549019608  1.622010E-17
5048.23529411765  2.008397E-17
5052.74509803922  1.825363E-17
5057.25490196078  1.714958E-17
5061.76470588235  1.570366E-17
5066.27450980392  1.737333E-17
5070.78431372549  1.621449E-17
5075.29411764706  2.083405E-17
5079.80392156863  1.907513E-17
5084.3137254902  1.698055E-17
5088.82352941176  1.835249E-17
5093.33333333333  1.931504E-17
5097.8431372549  1.902124E-17
5102.35294117647  1.832205E-17
5106.86274509804  1.747416E-17
5111.37254901961  1.999608E-17
5115.88235294118  2.183401E-17
5120.39215686274  1.823303E-17
5124.90196078431  1.915121E-17
5129.41176470588  1.563441E-17
5133.92156862745  1.438969E-17
5138.43137254902  1.984720E-17
5142.94117647059  1.681940E-17
5147.45098039216  1.502889E-17
5151.96078431372  1.704565E-17
5156.47058823529  1.858942E-17
5160.98039215686  1.524584E-17
5165.49019607843  1.501188E-17
5170.  1.990660E-17
5174.50980392157  1.546225E-17
5179.01960784314  1.333048E-17
5183.52941176471  1.527621E-17
5188.03921568627  1.726132E-17
5192.54901960784  1.711822E-17
5197.05882352941  1.475821E-17
5201.56862745098  1.368595E-17
5206.07843137255  1.572744E-17
5210.58823529412  1.819105E-17
5215.09803921568  1.668719E-17
5219.60784313725  2.016952E-17
5224.11764705882  1.786913E-17
5228.62745098039  1.835301E-17
5233.13725490196  1.317959E-17
5237.64705882353  9.519506E-18
5242.1568627451  1.102254E-17
5246.66666666667  9.171578E-18
5251.17647058823  9.173076E-18
5255.6862745098  1.567799E-17
5260.19607843137  1.736771E-17
5264.70588235294  1.824448E-17
5269.21568627451  1.868086E-17
5273.72549019608  1.830273E-17
5278.23529411765  1.786059E-17
5282.74509803921  1.823839E-17
5287.25490196078  1.700064E-17
5291.76470588235  1.483506E-17
5296.27450980392  1.648270E-17
5300.78431372549  1.513972E-17
5305.29411764706  1.586393E-17
5309.80392156863  1.588361E-17
5314.31372549019  1.594343E-17
5318.82352941176  1.599944E-17
5323.33333333333  1.468922E-17
5327.8431372549  1.513824E-17
5332.35294117647  1.733613E-17
5336.86274509804  1.702171E-17
5341.37254901961  1.509565E-17
5345.88235294117  1.538202E-17
5350.39215686274  1.482965E-17
5354.90196078431  1.597377E-17
5359.41176470588  1.491821E-17
5363.92156862745  1.917607E-17
5368.43137254902  1.675604E-17
5372.94117647059  1.727003E-17
5377.45098039215  1.959168E-17
5381.96078431372  1.732431E-17
5386.47058823529  1.651992E-17
5390.98039215686  1.798588E-17
5395.49019607843  2.069649E-17
5400.  2.189191E-17
5404.50980392157  1.702801E-17
5409.01960784314  1.597906E-17
5413.5294117647  1.527465E-17
5418.03921568627  1.652230E-17
5422.54901960784  1.849455E-17
5427.05882352941  1.993429E-17
5431.56862745098  1.491531E-17
5436.07843137255  1.024419E-17
5440.58823529412  1.959251E-17
5445.09803921568  1.842246E-17
5449.60784313725  1.737064E-17
5454.11764705882  1.968831E-17
5458.62745098039  1.709132E-17
5463.13725490196  1.489546E-17
5467.64705882353  1.918222E-17
5472.1568627451  1.660246E-17
5476.66666666667  1.542433E-17
5481.17647058823  1.708897E-17
5485.6862745098  1.881056E-17
5490.19607843137  1.551481E-17
5494.70588235294  1.618635E-17
5499.21568627451  1.368772E-17
5503.72549019608  1.287724E-17
5508.23529411765  2.132016E-17
5512.74509803921  1.948895E-17
5517.25490196078  1.793383E-17
5521.76470588235  1.698081E-17
5526.27450980392  1.589205E-17
5530.78431372549  1.665359E-17
5535.29411764706  1.315355E-17
5539.80392156863  1.673621E-17
5544.3137254902  1.483075E-17
5548.82352941176  1.358027E-17
5553.33333333333  1.398448E-17
5557.8431372549  1.552848E-17
5562.35294117647  1.539571E-17
5566.86274509804  1.083869E-17
5571.3725490196  1.113748E-17
5575.88235294117  2.626071E-17
5580.39215686274  8.817250E-18
5584.90196078431  1.431229E-17
5589.41176470588  1.636397E-17
5593.92156862745  2.042151E-17
5598.43137254902  1.955939E-17
5602.94117647059  1.713199E-17
5607.45098039215  1.710047E-17
5611.96078431372  1.806311E-17
5616.47058823529  1.432477E-17
5620.98039215686  1.483737E-17
5625.49019607843  1.548749E-17
5630.  1.764290E-17
5634.50980392157  1.695365E-17
5639.01960784313  1.140361E-17
5643.5294117647  1.527436E-17
5648.03921568627  1.617330E-17
5652.54901960784  1.536774E-17
5657.05882352941  1.383823E-17
5661.56862745098  1.422937E-17
5666.07843137255  1.429457E-17
5670.58823529411  1.469062E-17
5675.09803921569  1.827749E-17
5679.60784313725  1.391609E-17
5684.11764705882  1.885761E-17
5688.62745098039  1.562654E-17
5693.13725490196  1.543754E-17
5697.64705882353  1.530280E-17
5702.1568627451  1.604902E-17
5706.66666666666  1.882779E-17
5711.17647058823  2.025963E-17
5715.6862745098  1.639636E-17
5720.19607843137  1.420343E-17
5724.70588235294  1.426875E-17
5729.21568627451  1.747454E-17
5733.72549019607  1.722826E-17
5738.23529411764  1.561638E-17
5742.74509803921  1.747841E-17
5747.25490196078  1.788103E-17
5751.76470588235  1.670065E-17
5756.27450980392  1.712589E-17
5760.78431372549  1.244558E-17
5765.29411764706  1.385421E-17
5769.80392156863  1.578152E-17
5774.31372549019  1.490089E-17
5778.82352941176  1.522488E-17
5783.33333333333  1.429532E-17
5787.8431372549  1.810825E-17
5792.35294117647  1.561117E-17
5796.86274509804  1.776410E-17
5801.3725490196  1.485139E-17
5805.88235294117  1.396744E-17
5810.39215686274  1.063422E-17
5814.90196078431  1.098241E-17
5819.41176470588  1.789259E-17
5823.92156862745  1.397169E-17
5828.43137254902  1.348896E-17
5832.94117647059  1.324708E-17
5837.45098039215  1.692519E-17
5841.96078431372  1.781095E-17
5846.47058823529  1.750476E-17
5850.98039215686  1.570586E-17
5855.49019607843  1.591661E-17
5860.  1.342835E-17
5864.50980392157  1.456209E-17
5869.01960784313  1.534380E-17
5873.5294117647  1.518333E-17
5878.03921568627  1.437717E-17
5882.54901960784  1.033770E-17
5887.05882352941  2.353819E-18
5891.56862745098  5.073143E-18
5896.07843137255  1.011792E-17
5900.58823529412  1.024887E-17
5905.09803921568  1.011531E-17
5909.60784313725  1.309478E-17
5914.11764705882  1.579111E-17
5918.62745098039  1.795845E-17
5923.13725490196  1.480835E-17
5927.64705882353  1.486753E-17
5932.15686274509  1.515969E-17
5936.66666666666  1.056704E-17
5941.17647058823  1.461214E-17
5945.6862745098  1.513321E-17
5950.19607843137  1.347267E-17
5954.70588235294  1.570849E-17
5959.21568627451  1.495893E-17
5963.72549019608  1.443588E-17
5968.23529411764  1.552516E-17
5972.74509803921  1.481378E-17
5977.25490196078  1.452270E-17
5981.76470588235  1.499149E-17
5986.27450980392  1.583062E-17
5990.78431372549  1.646384E-17
5995.29411764706  1.308099E-17
5999.80392156862  1.177086E-17
6004.31372549019  1.548698E-17
6008.82352941176  1.560009E-17
6013.33333333333  1.541681E-17
6017.8431372549  1.334738E-17
6022.35294117647  1.487039E-17
6026.86274509804  1.649588E-17
6031.37254901961  1.638494E-17
6035.88235294117  1.524157E-17
6040.39215686274  1.546300E-17
6044.90196078431  1.503655E-17
6049.41176470588  1.338334E-17
6053.92156862745  1.411184E-17
6058.43137254902  1.412830E-17
6062.94117647058  1.395955E-17
6067.45098039215  1.602577E-17
6071.96078431372  1.630703E-17
6076.47058823529  1.426060E-17
6080.98039215686  1.452616E-17
6085.49019607843  1.405321E-17
6090.  1.244669E-17
6094.50980392156  1.270707E-17
6099.01960784314  1.320859E-17
6103.5294117647  1.422780E-17
6108.03921568627  1.297517E-17
6112.54901960784  1.350975E-17
6117.05882352941  1.269526E-17
6121.56862745098  1.433621E-17
6126.07843137255  1.299781E-17
6130.58823529411  9.836626E-18
6135.09803921568  1.249194E-17
6139.60784313725  1.386197E-17
6144.11764705882  1.364103E-17
6148.62745098039  1.385821E-17
6153.13725490196  1.406243E-17
6157.64705882352  1.419596E-17
6162.15686274509  1.324043E-17
6166.66666666666  1.240632E-17
6171.17647058823  1.429751E-17
6175.6862745098  1.333094E-17
6180.19607843137  1.358474E-17
6184.70588235294  1.335015E-17
6189.21568627451  1.301410E-17
6193.72549019607  1.320059E-17
6198.23529411764  1.338415E-17
6202.74509803921  1.291063E-17
6207.25490196078  1.409198E-17
6211.76470588235  1.482836E-17
6216.27450980392  1.330207E-17
6220.78431372549  1.331450E-17
6225.29411764705  1.263592E-17
6229.80392156862  1.264756E-17
6234.31372549019  1.084336E-17
6238.82352941176  1.156717E-17
6243.33333333333  1.214849E-17
6247.8431372549  1.007293E-17
6252.35294117647  1.030237E-17
6256.86274509804  1.209421E-17
6261.3725490196  1.445847E-17
6265.88235294117  1.380901E-17
6270.39215686274  1.053763E-17
6274.90196078431  1.054582E-17
6279.41176470588  1.254155E-17
6283.92156862745  1.290993E-17
6288.43137254902  9.218477E-18
6292.94117647058  1.002544E-17
6297.45098039215  1.365259E-17
6301.96078431372  1.125053E-17
6306.47058823529  7.355690E-18
6310.98039215686  1.263028E-17
6315.49019607843  1.290984E-17
6320.  1.212595E-17
6324.50980392157  1.418587E-17
6329.01960784313  1.055977E-17
6333.5294117647  1.148322E-17
6338.03921568627  1.336269E-17
6342.54901960784  1.014747E-17
6347.05882352941  1.290521E-17
6351.56862745098  1.406997E-17
6356.07843137255  1.570731E-17
6360.58823529411  1.640974E-17
6365.09803921568  1.230389E-17
6369.60784313725  1.142245E-17
6374.11764705882  1.186879E-17
6378.62745098039  1.333046E-17
6383.13725490196  1.374103E-17
6387.64705882353  1.152822E-17
6392.1568627451  1.116058E-17
6396.66666666666  1.368035E-17
6401.17647058823  1.306476E-17
6405.6862745098  1.313703E-17
6410.19607843137  1.504642E-17
6414.70588235294  1.440368E-17
6419.21568627451  1.563204E-17
6423.72549019607  1.267197E-17
6428.23529411764  1.230430E-17
6432.74509803921  1.286219E-17
6437.25490196078  1.238303E-17
6441.76470588235  1.307507E-17
6446.27450980392  1.545722E-17
6450.78431372549  1.416181E-17
6455.29411764706  1.154472E-17
6459.80392156862  1.142586E-17
6464.31372549019  1.245739E-17
6468.82352941176  1.314244E-17
6473.33333333333  1.343717E-17
6477.8431372549  1.392950E-17
6482.35294117647  1.061725E-17
6486.86274509804  1.169487E-17
6491.3725490196  1.204327E-17
6495.88235294117  1.401960E-17
6500.39215686274  1.202071E-17
6504.90196078431  1.010351E-17
6509.41176470588  1.407496E-17
6513.92156862745  1.412962E-17
6518.43137254901  1.310450E-17
6522.94117647058  1.250187E-17
6527.45098039215  1.247492E-17
6531.96078431372  1.405616E-17
6536.47058823529  1.167149E-17
6540.98039215686  1.258071E-17
6545.49019607843  1.135165E-17
6550.  1.205748E-17
6554.50980392156  8.733584E-18
6559.01960784313  9.770240E-18
6563.5294117647  1.415871E-17
6568.03921568627  1.357876E-17
6572.54901960784  1.268651E-17
6577.05882352941  1.417390E-17
6581.56862745098  1.304867E-17
6586.07843137254  1.020304E-17
6590.58823529411  1.188098E-17
6595.09803921568  1.467631E-17
6599.60784313725  1.593756E-17
6604.11764705882  1.428587E-17
6608.62745098039  1.386976E-17
6613.13725490196  1.373973E-17
6617.64705882353  1.124317E-17
6622.15686274509  1.051915E-17
6626.66666666666  1.074647E-17
6631.17647058823  1.260360E-17
6635.6862745098  1.268947E-17
6640.19607843137  1.343747E-17
6644.70588235294  1.303934E-17
6649.2156862745  1.014584E-17
6653.72549019607  1.246416E-17
6658.23529411764  1.446131E-17
6662.74509803921  1.473850E-17
6667.25490196078  1.357959E-17
6671.76470588235  1.552157E-17
6676.27450980392  1.613698E-17
6680.78431372549  1.460030E-17
6685.29411764705  1.181179E-17
6689.80392156862  1.181006E-17
6694.31372549019  1.388964E-17
6698.82352941176  1.258624E-17
6703.33333333333  1.264892E-17
6707.8431372549  1.406657E-17
6712.35294117647  1.267453E-17
6716.86274509803  1.223252E-17
6721.3725490196  1.216120E-17
6725.88235294117  1.240625E-17
6730.39215686274  1.588177E-17
6734.90196078431  1.354107E-17
6739.41176470588  1.185822E-17
6743.92156862745  1.233953E-17
6748.43137254901  1.075495E-17
6752.94117647058  1.130384E-17
6757.45098039215  1.094161E-17
6761.96078431372  1.350130E-17
6766.47058823529  9.740388E-18
6770.98039215686  1.307810E-17
6775.49019607843  1.281045E-17
6779.99999999999  1.370965E-17
6784.50980392156  1.217881E-17
6789.01960784313  1.251241E-17
6793.5294117647  1.447591E-17
6798.03921568627  1.221619E-17
6802.54901960784  1.261749E-17
6807.05882352941  1.263630E-17
6811.56862745098  1.302685E-17
6816.07843137254  1.392626E-17
6820.58823529411  1.376576E-17
6825.09803921568  1.306936E-17
6829.60784313725  1.263207E-17
6834.11764705882  1.132986E-17
6838.62745098039  1.325676E-17
6843.13725490196  1.339488E-17
6847.64705882352  1.378066E-17
6852.15686274509  1.305643E-17
6856.66666666666  1.001387E-17
6861.17647058823  1.543373E-17
6865.6862745098  1.468308E-17
6870.19607843137  9.976682E-18
6874.70588235293  1.232454E-17
6879.2156862745  1.192595E-17
6883.72549019607  1.337976E-17
6888.23529411764  1.333943E-17
6892.74509803921  1.429619E-17
6897.25490196078  1.358105E-17
6901.76470588235  1.003946E-17
6906.27450980392  1.086524E-17
6910.78431372548  1.329194E-17
6915.29411764705  1.479389E-17
6919.80392156862  1.406971E-17
6924.31372549019  1.324526E-17
6928.82352941176  1.426900E-17
6933.33333333333  1.134973E-17
6937.8431372549  1.151192E-17
6942.35294117646  1.257208E-17
6946.86274509803  1.186019E-17
6951.3725490196  1.234088E-17
6955.88235294117  1.606795E-17
6960.39215686274  1.785745E-17
6964.90196078431  1.365320E-17
6969.41176470588  1.334502E-17
6973.92156862744  1.361671E-17
6978.43137254901  1.206688E-17
6982.94117647058  1.297463E-17
6987.45098039215  1.244182E-17
6991.96078431372  1.551770E-17
6996.47058823529  1.699192E-17
7000.98039215686  1.198290E-17
7005.49019607842  1.174815E-17
7009.99999999999  1.650704E-17
7014.50980392156  1.454002E-17
7019.01960784313  1.381742E-17
7023.5294117647  1.277886E-17
7028.03921568627  1.190301E-17
7032.54901960784  1.509518E-17
7037.05882352941  1.509100E-17
7041.56862745097  1.376262E-17
7046.07843137254  1.246643E-17
7050.58823529411  1.353308E-17
7055.09803921568  1.492614E-17
7059.60784313725  1.494375E-17
7064.11764705882  1.507452E-17
7068.62745098039  1.279172E-17
7073.13725490195  1.284991E-17
7077.64705882352  1.140841E-17
7082.15686274509  1.262328E-17
7086.66666666666  1.288230E-17
7091.17647058823  1.336487E-17
7095.6862745098  1.415962E-17
7100.19607843137  1.259368E-17
7104.70588235294  1.459885E-17
7109.2156862745  1.460154E-17
7113.72549019607  1.172422E-17
7118.23529411764  1.191271E-17
7122.74509803921  1.241839E-17
7127.25490196078  1.190361E-17
7131.76470588235  1.177375E-17
7136.27450980391  1.410443E-17
7140.78431372549  1.259350E-17
7145.29411764705  1.254463E-17
7149.80392156862  1.281315E-17
7154.31372549019  1.468297E-17
7158.82352941176  1.455573E-17
7163.33333333333  1.331974E-17
7167.8431372549  1.436443E-17
7172.35294117647  1.434589E-17
7176.86274509803  1.470379E-17
7181.3725490196  1.406551E-17
7185.88235294117  1.606069E-17
7190.39215686274  1.527131E-17
7194.90196078431  1.382252E-17
7199.41176470588  1.282968E-17
7203.92156862745  1.413972E-17
7208.43137254901  1.321377E-17
7212.94117647058  1.470809E-17
7217.45098039215  1.413203E-17
7221.96078431372  1.292927E-17
7226.47058823529  1.629397E-17
7230.98039215686  1.509195E-17
7235.49019607843  1.450352E-17
7239.99999999999  1.101092E-17
7244.50980392156  1.062582E-17
7249.01960784313  1.348517E-17
7253.5294117647  1.203811E-17
7258.03921568627  1.307533E-17
7262.54901960784  1.654104E-17
7267.05882352941  1.616330E-17
7271.56862745097  1.035833E-17
7276.07843137254  8.909619E-18
7280.58823529411  9.090734E-18
7285.09803921568  1.318305E-17
7289.60784313725  1.402252E-17
7294.11764705882  1.047447E-17
7298.62745098039  1.525357E-17
7303.13725490196  1.395541E-17
7307.64705882352  1.232658E-17
7312.15686274509  1.218163E-17
7316.66666666666  1.148782E-17
7321.17647058823  1.056213E-17
7325.6862745098  1.250007E-17
7330.19607843137  1.692823E-17
7334.70588235294  1.656913E-17
7339.2156862745  1.574285E-17
7343.72549019607  1.462959E-17
7348.23529411764  1.304321E-17
7352.74509803921  1.222028E-17
7357.25490196078  1.211419E-17
7361.76470588235  9.652227E-18
7366.27450980391  1.143843E-17
7370.78431372548  8.929760E-18
7375.29411764705  1.089446E-17
7379.80392156862  1.236164E-17
7384.31372549019  1.088245E-17
7388.82352941176  1.552538E-17
7393.33333333333  1.089948E-17
7397.8431372549  1.661275E-17
7402.35294117646  1.724626E-17
7406.86274509803  1.703853E-17
7411.3725490196  1.573011E-17
7415.88235294117  1.484689E-17
7420.39215686274  1.433737E-17
7424.90196078431  1.300269E-17
7429.41176470588  1.810420E-17
7433.92156862744  1.468980E-17
7438.43137254901  1.163193E-17
7442.94117647058  1.276466E-17
7447.45098039215  1.394165E-17
7451.96078431372  1.504465E-17
7456.47058823529  1.408298E-17
7460.98039215686  1.125990E-17
7465.49019607843  1.352223E-17
7469.99999999999  1.405504E-17
7474.50980392156  1.252859E-17
7479.01960784313  1.355798E-17
7483.5294117647  1.135581E-17
7488.03921568627  1.350533E-17
7492.54901960784  1.472816E-17
7497.0588235294  1.231715E-17
7501.56862745097  1.425360E-17
7506.07843137254  1.492773E-17
7510.58823529411  1.425929E-17
7515.09803921568  1.396510E-17
7519.60784313725  1.059739E-17
7524.11764705882  1.176829E-17
7528.62745098039  1.198244E-17
7533.13725490195  1.325643E-17
7537.64705882352  1.281963E-17
7542.15686274509  1.509022E-17
7546.66666666666  1.453603E-17
7551.17647058823  1.176072E-17
7555.6862745098  1.552652E-17
7560.19607843137  1.651281E-17
7564.70588235293  1.430749E-17
7569.2156862745  1.388191E-17
7573.72549019607  1.352807E-17
7578.23529411764  1.544906E-17
7582.74509803921  1.475631E-17
7587.25490196078  1.288104E-17
7591.76470588235  1.141397E-17
7596.27450980391  1.461539E-17
7600.78431372548  1.294199E-17
7605.29411764705  4.293634E-18
7609.80392156862  1.244213E-17
7614.31372549019  1.884371E-17
7618.82352941176  1.335117E-17
7623.33333333333  1.572231E-17
7627.8431372549  1.459105E-17
7632.35294117646  1.251138E-17
7636.86274509803  1.323453E-17
7641.3725490196  1.237613E-17
7645.88235294117  1.323571E-17
7650.39215686274  1.313755E-17
7654.90196078431  1.715334E-17
7659.41176470588  1.692297E-17
7663.92156862744  1.384374E-17
7668.43137254901  1.830705E-17
7672.94117647058  1.677662E-17
7677.45098039215  1.182344E-17
7681.96078431372  1.322383E-17
7686.47058823529  1.140346E-17
7690.98039215686  1.051479E-17
7695.49019607842  1.576588E-17
7699.99999999999  1.331447E-17
7704.50980392156  1.431718E-17
7709.01960784313  1.619020E-17
7713.5294117647  1.992509E-17
7718.03921568627  1.545585E-17
7722.54901960784  1.270632E-17
7727.0588235294  1.348958E-17
7731.56862745097  1.381639E-17
7736.07843137254  1.365921E-17
7740.58823529411  1.663388E-17
7745.09803921568  1.268297E-17
7749.60784313725  1.675634E-17
7754.11764705882  1.290138E-17
7758.62745098038  1.100472E-17
7763.13725490195  1.453843E-17
7767.64705882352  1.384400E-17
7772.15686274509  1.243517E-17
7776.66666666666  1.408467E-17
7781.17647058823  1.358609E-17
7785.6862745098  1.136558E-17
7790.19607843137  8.856994E-18
7794.70588235293  1.394234E-17
7799.2156862745  1.129626E-17
7803.72549019607  1.443731E-17
7808.23529411764  1.788586E-17
7812.74509803921  1.171882E-17
7817.25490196078  1.690524E-17
7821.76470588234  1.445780E-17
7826.27450980391  1.841564E-17
7830.78431372548  1.991071E-17
7835.29411764705  1.501985E-17
7839.80392156862  1.289720E-17
7844.31372549019  1.677130E-17
7848.82352941176  1.407738E-17
7853.33333333332  9.837456E-18
7857.84313725489  1.472162E-17
7862.35294117646  1.748024E-17
7866.86274509803  1.931096E-17
7871.3725490196  1.569124E-17
7875.88235294117  1.320069E-17
7880.39215686274  1.296071E-17
7884.90196078431  1.198518E-17
7889.41176470587  1.461623E-17
7893.92156862744  1.485975E-17
7898.43137254901  1.691685E-17
7902.94117647058  1.382154E-17
7907.45098039215  1.545380E-17
7911.96078431372  2.116897E-17
7916.47058823529  2.298525E-17
7920.98039215686  2.590577E-17
7925.49019607842  2.122943E-17
7929.99999999999  1.463307E-17
7934.50980392156  1.400952E-17
7939.01960784313  1.437535E-17
7943.5294117647  1.519819E-17
7948.03921568627  1.561036E-17
7952.54901960784  1.523616E-17
7957.0588235294  1.126923E-17
7961.56862745097  1.410524E-17
7966.07843137254  1.468782E-17
7970.58823529411  1.366011E-17
7975.09803921568  1.288423E-17
7979.60784313725  1.015533E-17
7984.11764705882  1.040180E-17
7988.62745098038  9.388708E-18
7993.13725490195  9.971451E-18
7997.64705882352  4.472589E-18
8002.15686274509  1.368900E-17
8006.66666666666  1.688190E-17
8011.17647058823  1.762714E-17
8015.6862745098  1.598755E-17
8020.19607843137  1.530797E-17
8024.70588235293  1.702308E-17
8029.2156862745  1.478308E-17
8033.72549019607  1.652731E-17
8038.23529411764  1.953416E-17
8042.74509803921  1.563934E-17
8047.25490196078  1.200549E-17
8051.76470588235  1.051006E-17
8056.27450980391  1.170316E-17
8060.78431372548  2.016619E-17
8065.29411764705  1.433366E-17
8069.80392156862  1.483693E-17
8074.31372549019  1.036678E-17
8078.82352941176  1.419536E-17
8083.33333333333  1.776070E-17
8087.84313725489  1.478738E-17
8092.35294117646  1.374554E-17
8096.86274509803  1.672063E-17
8101.3725490196  1.631649E-17
8105.88235294117  1.797336E-17
8110.39215686274  1.831651E-17
8114.90196078431  1.382221E-17
8119.41176470587  1.297661E-17
8123.92156862744  1.496558E-17
8128.43137254901  1.796192E-17
8132.94117647058  1.763744E-17
8137.45098039215  1.746578E-17
8141.96078431372  1.527427E-17
8146.47058823529  1.293155E-17
8150.98039215686  1.464363E-17
8155.49019607842  1.382908E-17
8159.99999999999  1.274041E-17
8164.50980392156  1.372064E-17
8169.01960784313  1.371659E-17
8173.5294117647  1.907428E-17
8178.03921568627  1.453904E-17
8182.54901960783  1.725315E-17
8187.0588235294  1.616816E-17
8191.56862745097  1.355475E-17
8196.07843137254  1.734337E-17
8200.58823529411  1.525660E-17
8205.09803921568  1.170710E-17
8209.60784313725  1.401356E-17
8214.11764705881  1.367000E-17
8218.62745098038  1.249853E-17
8223.13725490195  1.441059E-17
8227.64705882352  1.107060E-17
8232.15686274509  1.303856E-17
8236.66666666666  1.633503E-17
8241.17647058823  1.676810E-17
8245.6862745098  1.570674E-17
8250.19607843136  1.705077E-17
8254.70588235293  1.560799E-17
8259.2156862745  1.353805E-17
8263.72549019607  1.527080E-17
8268.23529411764  9.437539E-18
8272.74509803921  7.950331E-18
8277.25490196078  1.504338E-17
8281.76470588234  1.619195E-17
8286.27450980391  1.188503E-17
8290.78431372548  1.190348E-17
8295.29411764705  1.535354E-17
8299.80392156862  1.252117E-17
8304.31372549019  1.169519E-17
8308.82352941175  2.015805E-17
8313.33333333332  1.611802E-17
8317.84313725489  1.538287E-17
8322.35294117646  1.662368E-17
8326.86274509803  1.724369E-17
8331.3725490196  1.044105E-17
8335.88235294117  1.349669E-17
8340.39215686274  2.578574E-17
8344.9019607843  2.598485E-17
8349.41176470587  2.495695E-17
8353.92156862744  2.007306E-17
8358.43137254901  1.034417E-17
8362.94117647058  1.494288E-17
8367.45098039215  1.962202E-17
8371.96078431372  1.384776E-17
8376.47058823528  1.859885E-17
8380.98039215685  1.809305E-17
8385.49019607842  1.154637E-17
8389.99999999999  1.665093E-17
8394.50980392156  1.144489E-17
8399.01960784313  5.865630E-18
8403.5294117647  1.599600E-17
8408.03921568626  2.631212E-17
8412.54901960783  2.205582E-17
8417.0588235294  1.819378E-17
8421.56862745097  1.968192E-17
8426.07843137254  1.893223E-17
8430.58823529411  1.710125E-17
8435.09803921568  1.469883E-17
8439.60784313724  1.776461E-17
8444.11764705881  1.621429E-17
8448.62745098038  1.730571E-17
8453.13725490195  1.464746E-17
8457.64705882352  1.265568E-17
8462.15686274509  8.864543E-18
8466.66666666666  1.415986E-17
8471.17647058823  2.282350E-17
8475.68627450979  1.518276E-17
8480.19607843136  1.280362E-17
8484.70588235293  1.473361E-17
8489.2156862745  1.684542E-17
8493.72549019607  1.511993E-17
8498.23529411764  1.782839E-17
8502.74509803921  1.296740E-17
8507.25490196077  1.078437E-17
8511.76470588234  1.244072E-17
8516.27450980391  1.823812E-17
8520.78431372548  1.812794E-17
8525.29411764705  1.423755E-17
8529.80392156862  1.690033E-17
8534.31372549019  1.616718E-17
8538.82352941175  1.514356E-17
8543.33333333333  1.520612E-17
8547.84313725489  1.521809E-17
8552.35294117646  1.655678E-17
8556.86274509803  1.495751E-17
8561.3725490196  1.511106E-17
8565.88235294117  1.370356E-17
8570.39215686273  1.195931E-17
8574.9019607843  1.473354E-17
8579.41176470587  1.756253E-17
8583.92156862744  1.405190E-17
8588.43137254901  1.384596E-17
8592.94117647058  1.303370E-17
8597.45098039215  1.092056E-17
8601.96078431372  1.430496E-17
8606.47058823529  1.385423E-17
8610.98039215685  2.108433E-17
8615.49019607842  2.375346E-17
8619.99999999999  1.676200E-17
8624.50980392156  7.630251E-18
8629.01960784313  1.038124E-17
8633.52941176469  1.433926E-17
8638.03921568627  1.414462E-17
8642.54901960783  1.521209E-17
8647.0588235294  6.505436E-18
8651.56862745097  7.487794E-18
8656.07843137254  -3.412400E-19
8660.58823529411  1.877601E-17
8665.09803921568  1.677402E-17
8669.60784313724  1.927498E-17
8674.11764705881  1.985266E-17
8678.62745098038  1.220355E-17
8683.13725490195  1.479139E-17
8687.64705882352  1.406581E-17
8692.15686274509  1.021562E-17
8696.66666666666  9.573060E-18
8701.17647058823  1.697057E-17
8705.68627450979  1.766733E-17
8710.19607843136  1.389974E-17
8714.70588235293  1.329945E-17
8719.2156862745  1.292339E-17
8723.72549019607  1.419681E-17
8728.23529411764  1.408362E-17
8732.74509803921  1.018992E-17
8737.25490196077  8.542029E-18
8741.76470588234  1.094886E-17
8746.27450980391  1.364233E-17
8750.78431372548  1.037621E-17
8755.29411764705  1.287533E-17
8759.80392156862  2.464188E-17
8764.31372549019  9.212373E-18
8768.82352941176  4.749601E-18
8773.33333333332  1.201265E-17
8777.84313725489  1.490509E-17
8782.35294117646  1.367278E-17
8786.86274509803  1.543003E-17
8791.3725490196  1.384670E-17
8795.88235294117  1.404679E-17
8800.39215686273  2.007848E-17
8804.9019607843  1.786227E-17
8809.41176470587  1.380292E-17
8813.92156862744  1.418551E-17
8818.43137254901  -3.033091E-18
8822.94117647058  1.885949E-17
8827.45098039215  5.104656E-17
8831.96078431372  4.371038E-17
8836.47058823528  2.745394E-17
8840.98039215685  1.094453E-17
8845.49019607842  9.381118E-18
8849.99999999999  8.201365E-18
8854.50980392156  1.087769E-17
8859.01960784313  3.539142E-18
8863.5294117647  8.137433E-18
8868.03921568626  1.941247E-17
8872.54901960783  1.968342E-17
8877.0588235294  9.787356E-18
8881.56862745097  9.920533E-18
8886.07843137254  1.249837E-17
8890.58823529411  8.250262E-18
8895.09803921568  1.337712E-17
8899.60784313724  1.589089E-17
8904.11764705881  1.492267E-17
8908.62745098038  1.185638E-17
8913.13725490195  4.094029E-18
8917.64705882352  -2.125582E-18
8922.15686274509  -1.333460E-17
8926.66666666666  -4.807949E-18
8931.17647058822  1.614346E-17
8935.68627450979  1.854692E-17
8940.19607843136  1.487079E-17
8944.70588235293  2.536573E-18
8949.2156862745  9.267680E-18
8953.72549019607  1.118392E-17
8958.23529411764  -2.358027E-18
8962.74509803921  -5.189262E-18
8967.25490196077  6.419446E-18
8971.76470588234  1.533942E-17
8976.27450980391  8.361556E-18
8980.78431372548  9.167433E-18
8985.29411764705  1.852037E-17
8989.80392156862  1.966306E-17
8994.31372549019  2.010459E-17
8998.82352941176  2.063320E-17
9003.33333333332  2.799658E-18
9007.84313725489  4.605637E-18
9012.35294117646  4.587848E-18
9016.86274509803  8.789255E-18
9021.3725490196  1.461030E-17
9025.88235294117  1.155609E-17
9030.39215686273  1.275116E-17
9034.9019607843  1.469346E-17
9039.41176470587  1.260420E-17
9043.92156862744  -4.615742E-19
9048.43137254901  1.123416E-17
9052.94117647058  2.124228E-17
9057.45098039215  1.588876E-17
9061.96078431372  1.255165E-17
9066.47058823528  1.381896E-17
9070.98039215685  9.198593E-18
9075.49019607842  9.253182E-18
9079.99999999999  1.044117E-17
9084.50980392156  1.261856E-17
9089.01960784313  1.348754E-17
9093.5294117647  1.846182E-17
9098.03921568626  2.310066E-17
9102.54901960783  3.731037E-17
9107.0588235294  2.669782E-17
9111.56862745097  2.911387E-17
9116.07843137254  1.035248E-17
9120.58823529411  8.386218E-18
9125.09803921568  1.118105E-17
9129.60784313724  9.942451E-18
9134.11764705881  8.619215E-18
9138.62745098038  1.065634E-17
9143.13725490195  1.337399E-17
9147.64705882352  1.470313E-17
9152.15686274509  1.325111E-17
9156.66666666666  3.806183E-18
9161.17647058822  1.088981E-17
9165.68627450979  8.917032E-18
9170.19607843136  1.066700E-17
9174.70588235293  1.065839E-17
9179.2156862745  8.525832E-18
9183.72549019607  8.064075E-18
9188.23529411764  1.029037E-17
9192.7450980392  1.126778E-17
9197.25490196077  1.251246E-17
9201.76470588234  1.060094E-17
9206.27450980391  9.698779E-18
9210.78431372548  1.536930E-17
9215.29411764705  1.361841E-17
9219.80392156862  1.155161E-17
9224.31372549019  1.459496E-17
9228.82352941175  1.588115E-17
9233.33333333332  1.569562E-17
9237.84313725489  1.390200E-17
9242.35294117646  1.214899E-17
9246.86274509803  1.172522E-17
9251.3725490196  1.109982E-17
9255.88235294116  1.171408E-17
9260.39215686273  1.749549E-17
9264.9019607843  1.099817E-17
9269.41176470587  1.182415E-17
9273.92156862744  1.367467E-17
9278.43137254901  8.937672E-18
9282.94117647058  1.098145E-17
9287.45098039215  5.348074E-18
9291.96078431371  1.731712E-17
9296.47058823528  3.960952E-17
9300.98039215685  5.116297E-17
9305.49019607842  2.605425E-17
9309.99999999999  2.284289E-17
9314.50980392156  6.445399E-17
9319.01960784313  7.798317E-17
9323.5294117647  4.584699E-17
9328.03921568626  1.688560E-17
9332.54901960783  -2.508410E-18
9337.0588235294  -6.103759E-18
9341.56862745097  7.116232E-18
9346.07843137254  2.390943E-18
9350.58823529411  9.406068E-18
9355.09803921567  -5.201888E-18
9359.60784313724  -1.191546E-17
9364.11764705881  -4.267312E-17
9368.62745098038  -2.970266E-17
9373.13725490195  7.939487E-18
9377.64705882352  -1.409345E-17
9382.15686274509  -4.013589E-17
9386.66666666665  -5.830700E-18
9391.17647058822  1.162578E-17
9395.68627450979  3.847731E-18
9400.19607843136  4.391248E-18
9404.70588235293  2.031265E-17
9409.2156862745  1.203115E-17
9413.72549019607  7.610220E-18
9418.23529411764  2.325249E-17
9422.7450980392  1.511562E-17
9427.25490196077  3.477339E-18
9431.76470588234  9.104940E-18
9436.27450980391  2.981256E-18
9440.78431372548  6.680078E-18
9445.29411764705  5.590560E-18
9449.80392156861  1.793113E-17
9454.31372549018  3.621974E-17
9458.82352941175  3.715381E-17
9463.33333333332  3.401061E-17
9467.84313725489  3.434324E-17
9472.35294117646  -1.981596E-19
9476.86274509803  -1.847274E-17
9481.37254901959  -1.530060E-17
9485.88235294116  -5.458032E-19
9490.39215686273  9.662386E-18
9494.9019607843  1.844171E-17
9499.41176470587  3.391232E-17
9503.92156862744  3.512580E-17
9508.43137254901  2.107925E-17
9512.94117647058  1.217296E-17
9517.45098039214  7.813445E-18
9521.96078431371  9.191897E-18
9526.47058823528  7.880898E-18
9530.98039215685  1.448532E-17
9535.49019607842  1.187432E-17
9539.99999999999  2.245494E-18
9544.50980392156  2.007849E-17
9549.01960784312  8.079536E-18
9553.52941176469  3.388268E-18
9558.03921568626  5.574629E-18
9562.54901960783  3.058902E-17
9567.0588235294  2.366147E-17
9571.56862745097  1.605736E-17
9576.07843137254  2.389198E-17
9580.58823529411  2.075182E-17
9585.09803921567  1.040617E-17
9589.60784313724  7.119919E-18
9594.11764705881  6.129878E-18
9598.62745098038  4.045519E-18
9603.13725490195  7.743753E-18
9607.64705882352  1.291732E-17
9612.15686274509  1.245389E-17
9616.66666666666  1.352292E-17
9621.17647058822  3.793394E-18
9625.68627450979  1.505760E-18
9630.19607843136  6.668873E-18
9634.70588235293  1.020715E-17
9639.2156862745  9.845943E-18
9643.72549019607  1.561817E-17
9648.23529411764  1.174098E-17
9652.7450980392  1.328332E-17
9657.25490196077  1.160262E-17
9661.76470588234  1.397468E-17
9666.27450980391  4.988720E-18
9670.78431372548  1.400694E-17
9675.29411764705  1.444839E-17
9679.80392156862  -5.302985E-18
9684.31372549019  8.598849E-18
9688.82352941175  1.651400E-17
9693.33333333332  1.267021E-17
9697.84313725489  1.372441E-17
9702.35294117646  2.139812E-17
9706.86274509803  1.976999E-17
9711.3725490196  1.466057E-17
9715.88235294117  2.236824E-17
9720.39215686273  1.794774E-17
9724.9019607843  9.593498E-18
9729.41176470587  -2.728014E-18
9733.92156862744  -4.136487E-19
9738.43137254901  1.279235E-17
9742.94117647058  5.973139E-18
9747.45098039215  1.157149E-17
9751.96078431371  8.466486E-18
9756.47058823528  1.503039E-17
9760.98039215685  1.293984E-17
9765.49019607842  1.570514E-19
9769.99999999999  -1.237654E-18
9774.50980392156  3.487806E-18
9779.01960784313  1.254390E-17
9783.52941176469  1.784510E-17
9788.03921568626  7.088152E-18
9792.54901960783  -4.713702E-18
9797.0588235294  -7.303670E-19
9801.56862745097  -4.958773E-18
9806.07843137254  -3.592141E-18
9810.58823529411  4.003601E-18
9815.09803921568  1.162040E-17
9819.60784313724  1.689135E-17
9824.11764705881  1.471528E-17
9828.62745098038  5.484831E-18
9833.13725490195  -4.067069E-19
9837.64705882352  1.124095E-17
9842.15686274509  1.797534E-17
9846.66666666665  1.929987E-17
9851.17647058822  1.994720E-17
9855.68627450979  1.984707E-17
9860.19607843136  7.973156E-18
9864.70588235293  1.058881E-17
9869.2156862745  -7.715415E-18
9873.72549019607  -3.409867E-18
9878.23529411763  1.242994E-18
9882.7450980392  -5.967831E-19
9887.25490196077  1.763354E-17
9891.76470588234  7.075706E-18
9896.27450980391  -8.394000E-18
9900.78431372548  -6.955379E-18
9905.29411764705  4.585925E-18
9909.80392156862  1.750294E-17
9914.31372549018  1.221148E-17
9918.82352941175  1.633736E-17
9923.33333333332  1.967183E-17
9927.84313725489  -6.188043E-18
9932.35294117646  5.383532E-19
9936.86274509803  3.047404E-17
9941.37254901959  1.915980E-17
9945.88235294117  1.049540E-17
9950.39215686273  2.425880E-17
9954.9019607843  -6.098217E-18
9959.41176470587  -1.810344E-17
9963.92156862744  1.001814E-17
9968.43137254901  1.612064E-17
9972.94117647058  1.009319E-17
9977.45098039214  8.256084E-18
9981.96078431371  1.453910E-17
9986.47058823528  2.104720E-17
9990.98039215685  1.540302E-17
9995.49019607842  1.633578E-17
9999.99999999999  6.739379E-18
