3616.41892789904  2.947442145900944E-15
3619.35964391865  -9.554562815840967E-14
3622.30185964177  2.041330090531666E-14
3625.24557240722  2.859924414801673E-14
3628.19077955754  3.662541664807388E-14
3631.13747843896  5.620131791184536E-15
3634.08566640138  1.701391204843045E-14
3637.03534079839  -5.782782869364569E-15
3639.98649898725  -4.042706568677590E-15
3642.93913832892  1.765037260499733E-14
3645.893256188  -4.843541068439219E-15
3648.84884993278  -2.853495815896838E-15
3651.80591693522  -6.763024029552344E-15
3654.76445457093  -8.442272353198152E-15
3657.72446021918  1.410687633872885E-15
3660.68593126293  -2.350654918517560E-15
3663.64886508876  1.677487024511111E-15
3666.61325908691  -3.303070622871557E-15
3669.57911065128  2.290018370922466E-15
3672.54641717942  -1.606668187977955E-15
3675.51517607251  2.056525189273007E-16
3678.48538473537  8.594591323487577E-16
3681.45704057648  -4.291363519437252E-16
3684.43014100793  1.020379298701077E-15
3687.40468344546  5.421496847581010E-16
3690.38066530842  4.868678676973122E-16
3693.35808401982  4.790372598581830E-16
3696.33693700625  -3.588306056183685E-16
3699.31722169796  -4.045428032597559E-16
3702.29893552879  -6.838709493883948E-16
3705.28207593622  -5.941110929609832E-17
3708.26664036132  -2.680309202952513E-17
3711.25262624878  1.676799392576618E-16
3714.24003104689  -1.936557133626522E-16
3717.22885220755  -1.568207254109555E-16
3720.21908718626  1.887231361083250E-16
3723.21073344211  -4.475929550189351E-17
3726.2037884378  -2.952042434777041E-16
3729.1982496396  5.155192071244421E-17
3732.19411451739  5.022178450895689E-17
3735.19138054463  4.868356275057573E-17
3738.19004519834  -1.180945908207257E-16
3741.19010595916  1.225553177838730E-16
3744.19156031129  -3.004737214693568E-17
3747.19440574248  7.865301779253137E-17
3750.19863974409  1.650164706248002E-16
3753.20425981103  8.291602873694387E-17
3756.21126344177  1.827839362968024E-17
3759.21964813836  -5.628536416046663E-18
3762.22941140639  3.473272496850549E-17
3765.24055075503  -1.431409083935045E-17
3768.25306369698  -1.198480400114094E-17
3771.2669477485  1.157931510178377E-17
3774.28220042942  -1.870573994954351E-17
3777.29881926307  -1.970532485408729E-17
3780.31680177636  2.405485723621159E-17
3783.33614549974  2.644281185936643E-17
3786.35684796717  -6.976624920368222E-18
3789.37890671616  2.018321315014847E-18
3792.40231928775  2.668420963188901E-18
3795.42708322651  3.553561294082907E-17
3798.45319608053  -2.428599383323545E-18
3801.48065540142  -3.375144226219506E-18
3804.50945874433  3.739635159286404E-18
3807.53960366789  2.198082261860431E-17
3810.57108773428  1.333989707088960E-17
3813.60390850917  9.104265804752619E-18
3816.63806356173  4.538264805816552E-18
3819.67355046466  -1.170402457324502E-18
3822.71036679415  1.326960243525423E-17
3825.74851012987  -8.595199003452783E-18
3828.78797805503  3.792906004325125E-18
3831.82876815628  2.791894833610151E-18
3834.8708780238  5.554104222987303E-18
3837.91430525125  9.877160208065017E-18
3840.95904743576  -1.726802601226152E-18
3844.00510217795  1.151826586385491E-17
3847.05246708193  -8.704578750211895E-18
3850.10113975526  1.346617777192439E-17
3853.151117809  1.046960019766530E-17
3856.20239885765  5.696964518629807E-18
3859.25498051922  3.483346894966955E-18
3862.30886041514  -1.792383134550581E-18
3865.36403617032  4.746858663196804E-18
3868.42050541314  3.912621372838087E-18
3871.47826577542  4.269524578146036E-18
3874.53731489243  3.019182093954702E-20
3877.5976504029  1.152852869371485E-17
3880.65926994901  2.672560795359576E-18
3883.72217117637  3.394414018974389E-18
3886.78635173404  1.683727067429877E-18
3889.85180927451  4.641411746660076E-18
3892.91854145371  2.375819263183221E-18
3895.98654593102  7.272389965831457E-18
3899.05582036921  5.549770623758139E-18
3902.12636243452  8.579113028875617E-19
3905.19816979657  6.779170290706914E-18
3908.27124012845  9.030081765877024E-18
3911.34557110662  8.174107823381639E-18
3914.42116041098  8.679618575228108E-18
3917.49800572485  9.774880152503445E-18
3920.57610473493  8.509383150803468E-18
3923.65545513136  7.316407554947854E-18
3926.73605460765  5.057153963300146E-18
3929.81790086073  9.031808091815420E-18
3932.90099159093  6.207976848730366E-18
3935.98532450197  1.039835099560304E-17
3939.07089730096  8.461931934964363E-18
3942.15770769839  8.788147980317516E-18
3945.24575340816  1.481590492103942E-17
3948.33503214752  1.764927645171936E-17
3951.42554163713  2.871379818082258E-17
3954.51727960101  2.243326394389122E-17
3957.61024376657  1.506858543711722E-17
3960.70443186456  8.540723369851878E-18
3963.79984162914  9.015327345290916E-18
3966.8964707978  9.869156408457952E-18
3969.99431711142  6.221277912980218E-18
3973.09337831422  7.670133973113292E-18
3976.19365215378  1.075478229437153E-17
3979.29513638104  9.550352728573891E-18
3982.3978287503  1.384664859365490E-17
3985.50172701918  1.306903016186421E-17
3988.60682894868  7.846705601030087E-18
3991.71313230311  1.073010253361539E-17
3994.82063485014  9.554782280754112E-18
3997.92933436077  1.072508981910332E-17
4001.03922860934  7.967023984209599E-18
4004.15031537351  1.012151763281931E-17
4007.26259243427  8.188822539298346E-18
4010.37605757594  1.213101975493827E-17
4013.49070858616  1.148116350465946E-17
4016.60654325589  9.389924357491679E-18
4019.72355937941  8.447515831248791E-18
4022.8417547543  9.075836434279782E-18
4025.96112718147  9.149175094569345E-18
4029.08167446511  1.011852075746002E-17
4032.20339441275  8.932966626060236E-18
4035.32628483519  1.318310250423833E-17
4038.45034354655  1.118271012220543E-17
4041.57556836423  1.077945543768276E-17
4044.70195710893  1.322375512262287E-17
4047.82950760466  9.991651931009705E-18
4050.95821767868  1.328002325661118E-17
4054.08808516155  1.004503485902143E-17
4057.21910788712  7.261092333025208E-18
4060.35128369252  9.422378788825197E-18
4063.48461041814  8.251085251185823E-18
4066.61908590766  1.146913050828865E-17
4069.754708008  9.281843284294277E-18
4072.89147456939  8.701163321462662E-18
4076.02938344529  9.601537010517446E-18
4079.16843249244  1.164141155036813E-17
4082.30861957083  1.124133406657828E-17
4085.4499425437  1.175286503892291E-17
4088.59239927755  1.291202549133736E-17
4091.73598764214  1.272821189715766E-17
4094.88070551045  1.297770032325162E-17
4098.02655075873  1.271187177133729E-17
4101.17352126645  1.272651534972131E-17
4104.32161491634  1.158921479935481E-17
4107.47082959434  1.353562289307067E-17
4110.62116318964  1.102615874665425E-17
4113.77261359466  8.480961224956146E-18
4116.92517870503  9.318660266178397E-18
4120.07885641962  1.136153416293020E-17
4123.23364464051  1.038956054723344E-17
4126.38954127301  1.119702944578933E-17
4129.54654422563  9.982593476121637E-18
4132.7046514101  1.094952211726244E-17
4135.86386074136  1.104838095381049E-17
4139.02417013755  1.393448773008252E-17
4142.18557752002  1.297999657663206E-17
4145.34808081331  1.316148827483233E-17
4148.51167794518  1.303585691057839E-17
4151.67636684655  1.272415209471125E-17
4154.84214545155  1.375977146827968E-17
4158.00901169752  1.346841694984257E-17
4161.17696352495  1.352287273110878E-17
4164.34599887753  1.114620085150917E-17
4167.51611570212  9.336667988113680E-18
4170.68731194877  1.194687611569416E-17
4173.8595855707  1.185753647363537E-17
4177.0329345243  1.310542859035838E-17
4180.20735676913  1.509459861302079E-17
4183.38285026791  1.363075362659794E-17
4186.55941298652  1.271061528398682E-17
4189.73704289402  1.523547739750592E-17
4192.9157379626  1.545511535683468E-17
4196.09549616762  1.414355597554407E-17
4199.27631548759  1.383829241510689E-17
4202.45819390416  1.125736896275262E-17
4205.64112940213  1.194835263308757E-17
4208.82511996945  1.071693878134723E-17
4212.01016359719  1.066123230299484E-17
4215.19625827958  1.510615432617815E-17
4218.38340201397  1.507047471763629E-17
4221.57159280084  1.601410250810209E-17
4224.76082864379  1.340898898591432E-17
4227.95110754957  1.549592017645191E-17
4231.14242752803  1.575802393406792E-17
4234.33478659215  1.555154641828488E-17
4237.52818275801  1.690099728907532E-17
4240.72261404483  1.557770352361503E-17
4243.91807847492  1.510134178937432E-17
4247.11457407371  1.705145482505381E-17
4250.31209886971  1.472858277249465E-17
4253.51065089456  1.829334409207152E-17
4256.71022818299  1.587372334070694E-17
4259.91082877282  1.503595316195200E-17
4263.11245070496  1.701575701853847E-17
4266.31509202343  1.408781061970290E-17
4269.51875077532  1.477056218858171E-17
4272.7234250108  1.657229060289777E-17
4275.92911278314  1.510749435877049E-17
4279.13581214867  1.516515877363279E-17
4282.3435211668  1.458627958299470E-17
4285.55223790002  1.456606494318513E-17
4288.76196041389  1.359737109861714E-17
4291.97268677703  1.476725346613150E-17
4295.18441506112  1.735671590394916E-17
4298.39714334092  1.597812676890093E-17
4301.61086969422  1.528486835188146E-17
4304.82559220189  1.494226668577425E-17
4308.04130894784  1.520817051112432E-17
4311.25801801903  1.567361015255688E-17
4314.47571750548  1.643988876533008E-17
4317.69440550023  1.531483710547426E-17
4320.91408009937  1.474403285197591E-17
4324.13473940205  1.476833707273395E-17
4327.35638151042  1.696520966566658E-17
4330.57900452968  1.701903596248663E-17
4333.80260656806  1.593736496267554E-17
4337.02718573681  1.534176018005163E-17
4340.25274015021  1.438724007527974E-17
4343.47926792555  1.532217750623005E-17
4346.70676718316  1.549098356255620E-17
4349.93523604635  1.387934787044973E-17
4353.16467264148  1.409028223537320E-17
4356.39507509788  1.478740524021452E-17
4359.62644154792  1.425554961303885E-17
4362.85877012695  1.362985530845271E-17
4366.09205897333  1.700445607700977E-17
4369.32630622842  1.549684661873797E-17
4372.56151003656  1.497221889575479E-17
4375.79766854511  1.417611711317661E-17
4379.03477990438  1.591649023273715E-17
4382.2728422677  1.622779634754903E-17
4385.51185379136  1.598519254569336E-17
4388.75181263464  1.693112320698450E-17
4391.9927169598  1.627248395296160E-17
4395.23456493206  1.862178938917550E-17
4398.47735471962  1.566797705258539E-17
4401.72108449366  1.620826992200911E-17
4404.96575242831  1.682569903791462E-17
4408.21135670066  1.583439917438617E-17
4411.45789549076  1.595497563791680E-17
4414.70536698164  1.701284865150473E-17
4417.95376935925  1.577969772047803E-17
4421.20310081252  1.659006505990031E-17
4424.45335953331  1.420823984508449E-17
4427.70454371642  1.622045760115446E-17
4430.95665155961  1.585594557498195E-17
4434.20968126357  1.606383922397367E-17
4437.46363103192  1.413160156133145E-17
4440.71849907124  1.639149208205082E-17
4443.974283591  1.686748489373834E-17
4447.23098280363  1.589261118281397E-17
4450.48859492446  1.585059702514118E-17
4453.74711817178  1.685068154677494E-17
4457.00655076675  1.705413323587726E-17
4460.26689093348  1.581566187915061E-17
4463.52813689899  1.635175928850746E-17
4466.79028689319  1.803671296138817E-17
4470.05333914891  1.616664950230789E-17
4473.3172919019  1.570674535353453E-17
4476.58214339079  1.604150865615719E-17
4479.84789185711  1.592390011666441E-17
4483.11453554529  1.504294449248930E-17
4486.38207270266  1.513946654380689E-17
4489.65050157943  1.448190924202521E-17
4492.9198204287  1.532597922832534E-17
4496.19002750646  1.529598731367540E-17
4499.46112107157  1.588510700029689E-17
4502.73309938578  1.663596200336843E-17
4506.0059607137  1.400022708208456E-17
4509.27970332283  1.427382699585382E-17
4512.55432548353  1.626497811608329E-17
4515.82982546902  1.393566398091357E-17
4519.1062015554  1.574150513723524E-17
4522.38345202163  1.565465448163961E-17
4525.66157514951  1.582664352896287E-17
4528.9405692237  1.446610512924177E-17
4532.22043253174  1.522976488819563E-17
4535.50116336398  1.524615795357521E-17
4538.78276001363  1.460054513983879E-17
4542.06522077677  1.398234012851871E-17
4545.34854395227  1.543290059430395E-17
4548.63272784189  1.650508383248906E-17
4551.91777075018  1.471672927431676E-17
4555.20367098456  1.492821288716697E-17
4558.49042685525  1.365694878223628E-17
4561.77803667531  1.414689943958001E-17
4565.06649876063  1.458453919498589E-17
4568.35581142989  1.469945774312666E-17
4571.64597300463  1.656965355110495E-17
4574.93698180917  1.584162376985620E-17
4578.22883617065  1.540224528080273E-17
4581.52153441904  1.538616985277838E-17
4584.81507488708  1.580794924711917E-17
4588.10945591035  1.479646286792197E-17
4591.4046758272  1.521767150764010E-17
4594.70073297879  1.573078653085777E-17
4597.99762570908  1.727606579422523E-17
4601.2953523648  1.803320075250727E-17
4604.59391129549  1.714213201816310E-17
4607.89330085348  1.489609180962031E-17
4611.19351939385  1.530556771952999E-17
4614.49456527449  1.589666105909303E-17
4617.79643685606  1.606490959568632E-17
4621.09913250199  1.655736991900854E-17
4624.40265057848  1.639361462750264E-17
4627.7069894545  1.774989801015276E-17
4631.01214750178  1.659837657069524E-17
4634.31812309483  1.686997139865967E-17
4637.62491461089  1.657902054436150E-17
4640.93252042999  1.729950974714621E-17
4644.24093893489  1.536411556328649E-17
4647.55016851111  1.643509277213850E-17
4650.86020754691  1.709215541991387E-17
4654.1710544333  1.710436956883882E-17
4657.48270756404  1.670266750232593E-17
4660.79516533562  1.581438305792360E-17
4664.10842614726  1.646869284862040E-17
4667.42248840093  1.587752671716345E-17
4670.73735050131  1.689987397780347E-17
4674.05301085583  1.663240512673445E-17
4677.36946787462  1.754751503840186E-17
4680.68671997056  1.888486756555309E-17
4684.00476555923  1.708104969300973E-17
4687.32360305892  1.740301320283375E-17
4690.64323089065  1.674023473702563E-17
4693.96364747814  1.772758067722608E-17
4697.28485124783  1.746225256958234E-17
4700.60684062883  1.665047736875751E-17
4703.929614053  1.875081136676030E-17
4707.25316995487  1.713164502235715E-17
4710.57750677165  1.690915990735999E-17
4713.90262294329  1.847610964841511E-17
4717.22851691238  1.785216069492147E-17
4720.55518712422  1.747062198302016E-17
4723.88263202681  1.776558797201167E-17
4727.2108500708  1.590664512908654E-17
4730.53983970954  1.561843886006082E-17
4733.86959939903  1.554331431682875E-17
4737.20012759798  1.650276441805146E-17
4740.53142276774  1.743914114326761E-17
4743.86348337234  1.736438883131119E-17
4747.19630787846  1.621424878347664E-17
4750.52989475546  1.599681774202218E-17
4753.86424247534  1.682357318374035E-17
4757.19934951277  1.667692067857960E-17
4760.53521434506  1.823100776110953E-17
4763.87183545217  1.539855605527075E-17
4767.20921131673  1.688548765258994E-17
4770.54734042397  1.611097362963817E-17
4773.88622126179  1.624524324102900E-17
4777.22585232074  1.777407319073524E-17
4780.56623209396  1.763689190358822E-17
4783.90735907727  1.740503979533450E-17
4787.24923176908  1.704399200156736E-17
4790.59184867045  1.801879292059782E-17
4793.93520828506  1.819197310800315E-17
4797.27930911921  1.619179744729073E-17
4800.6241496818  1.733099885870488E-17
4803.96972848436  1.741408087942971E-17
4807.31604404104  1.895107179305939E-17
4810.66309486858  1.710122297378868E-17
4814.01087948633  1.869333058599399E-17
4817.35939641626  1.919424304081527E-17
4820.70864418292  1.902618144704042E-17
4824.05862131345  1.858443391271261E-17
4827.40932633762  1.992923602846050E-17
4830.76075778775  1.960602182155030E-17
4834.11291419877  2.081502569613536E-17
4837.4657941082  2.013485493076770E-17
4840.81939605613  2.056372326295807E-17
4844.17371858523  1.939766329705432E-17
4847.52876024076  2.050612502254478E-17
4850.88451957054  2.000908046426779E-17
4854.24099512496  1.842482114171437E-17
4857.59818545698  1.943856076090017E-17
4860.95608912214  1.923220566784778E-17
4864.31470467853  1.985425376029379E-17
4867.6740306868  1.979336499540376E-17
4871.03406571014  2.019007916282297E-17
4874.39480831433  1.877805373305412E-17
4877.75625706767  2.015048037253883E-17
4881.11841054102  2.030158807247878E-17
4884.48126730777  2.007243091866078E-17
4887.84482594389  2.135051264620013E-17
4891.20908502784  1.861848728417019E-17
4894.57404314065  2.003572064307567E-17
4897.93969886587  2.055206001632107E-17
4901.30605078959  2.021400288049922E-17
4904.67309750041  2.179990498374917E-17
4908.04083758946  2.038227457814966E-17
4911.40926965041  1.959677228794074E-17
4914.77839227943  2.119360641016617E-17
4918.14820407521  2.071128401243141E-17
4921.51870363896  2.048552160784731E-17
4924.88988957437  1.987608471102029E-17
4928.26176048768  1.948469924110715E-17
4931.63431498762  2.068471166243375E-17
4935.0075516854  2.002976825138774E-17
4938.38146919475  2.013596666151098E-17
4941.75606613189  1.956309611084247E-17
4945.13134111554  1.876325381753432E-17
4948.50729276688  1.992952057859121E-17
4951.88391970962  1.980180554637425E-17
4955.26122056993  1.982051471746897E-17
4958.63919397645  1.969798610769272E-17
4962.01783856032  1.908942767667624E-17
4965.39715295514  2.085489249293796E-17
4968.777135797  1.909442550193728E-17
4972.15778572445  1.902918245830277E-17
4975.53910137848  1.923932603856064E-17
4978.9210814026  1.927771879951168E-17
4982.30372444273  2.003403319462606E-17
4985.68702914726  1.937541544729909E-17
4989.07099416706  1.936026811592202E-17
4992.45561815542  1.879996409311943E-17
4995.8408997681  1.943587573263181E-17
4999.22683766329  2.065177333044189E-17
5002.61343050164  1.991326482519332E-17
5006.00067694622  2.034674551647928E-17
5009.38857566257  1.944257589559350E-17
5012.77712531862  1.854863353580132E-17
5016.16632458477  1.883628228509418E-17
5019.55617213384  1.914586786423195E-17
5022.94666664105  1.964500849818115E-17
5026.33780678408  1.892329175936741E-17
5029.72959124301  1.954386581596184E-17
5033.12201870033  1.900080189148608E-17
5036.51508784097  1.858604360618464E-17
5039.90879735225  1.820529567894893E-17
5043.3031459239  1.770305973514756E-17
5046.69813224806  1.689557429297942E-17
5050.09375501927  1.798815580507008E-17
5053.49001293448  1.683301627761326E-17
5056.88690469303  1.721639133047443E-17
5060.28442899665  1.819529175662071E-17
5063.68258454946  1.677500279253246E-17
5067.08137005797  1.581837006847611E-17
5070.48078423109  1.759030509148923E-17
5073.88082578009  1.653682937003762E-17
5077.28149341863  1.651382547720252E-17
5080.68278586275  1.769598568654900E-17
5084.08470183085  1.693761326607059E-17
5087.48724004372  1.696487383033788E-17
5090.8903992245  1.720544442224790E-17
5094.29417809871  1.720891858082063E-17
5097.69857539422  1.784039818661096E-17
5101.10358984126  1.843737278032925E-17
5104.50922017244  2.022187102248583E-17
5107.91546512268  1.950402879766129E-17
5111.32232342928  2.116819045866487E-17
5114.72979383189  1.992196180215371E-17
5118.13787507249  1.914322750371668E-17
5121.5465658954  2.077459310779377E-17
5124.95586504731  2.039394278787034E-17
5128.36577127719  2.087788480524448E-17
5131.77628333641  2.087016224704569E-17
5135.18739997861  1.873953193192753E-17
5138.59911995979  1.898701279067481E-17
5142.01144203827  1.934898371800557E-17
5145.42436497469  2.089578664806135E-17
5148.83788753201  2.839777548215793E-17
5152.25200847549  3.163759709606683E-17
5155.66672657272  2.581484446245700E-17
5159.08204059361  1.782632288130776E-17
5162.49794931034  1.727338407467934E-17
5165.91445149744  1.750118299793154E-17
5169.3315459317  1.807552593009038E-17
5172.74923139222  1.883518378924071E-17
5176.16750666043  1.832521370671197E-17
5179.58637051999  1.952239386162119E-17
5183.00582175691  1.875893593473680E-17
5186.42585915944  1.935196322257199E-17
5189.84648151814  1.974600394225143E-17
5193.26768762585  1.884712662292475E-17
5196.68947627767  1.957999871947938E-17
5200.111846271  2.118995688930359E-17
5203.5347964055  1.990565310919661E-17
5206.95832548308  1.996703156500927E-17
5210.38243230796  2.054278732165435E-17
5213.80711568657  1.973176154646449E-17
5217.23237442765  1.954516779824600E-17
5220.65820734218  2.063888585649831E-17
5224.08461324337  2.054179635928051E-17
5227.51159094671  1.938944939357167E-17
5230.93913926994  1.959508483949112E-17
5234.36725703303  1.881695107417882E-17
5237.79594305821  1.908044118650146E-17
5241.22519616993  1.980515893657754E-17
5244.6550151949  1.829050024512557E-17
5248.08539896205  1.818535400874150E-17
5251.51634630253  1.930785795231066E-17
5254.94785604975  1.911478241681221E-17
5258.37992703931  1.891040924850750E-17
5261.81255810908  1.758455453187076E-17
5265.2457480991  1.852767939652412E-17
5268.67949585165  1.758753899952085E-17
5272.11380021123  1.831913889229338E-17
5275.54866002454  1.937900541115757E-17
5278.98407414049  1.898401508813492E-17
5282.4200414102  1.819245287275843E-17
5285.85656068699  1.936739675844100E-17
5289.29363082638  1.944561661152524E-17
5292.73125068609  1.920099448897493E-17
5296.16941912602  1.998652821204715E-17
5299.60813500828  2.162921295562640E-17
5303.04739719715  2.362046499189061E-17
5306.48720455911  2.449718214260698E-17
5309.92755596282  2.223734952453049E-17
5313.36845027911  1.966531909094177E-17
5316.80988638099  1.988724006876118E-17
5320.25186314366  1.877009956428381E-17
5323.69437944446  2.027605631569173E-17
5327.13743416292  1.988063585875055E-17
5330.58102618072  1.931355060928625E-17
5334.02515438173  1.925138798625289E-17
5337.46981765195  1.968295127287896E-17
5340.91501487954  1.910253352630152E-17
5344.36074495482  1.927120227064599E-17
5347.80700677026  1.737851045872870E-17
5351.25379922049  2.077134063362520E-17
5354.70112120225  1.844128534462663E-17
5358.14897161446  1.919839714185152E-17
5361.59734935815  1.829770829698335E-17
5365.0462533365  1.889958641737286E-17
5368.49568245483  1.924609733905500E-17
5371.94563562056  1.862183074820613E-17
5375.39611174328  1.901260245010476E-17
5378.84710973467  1.731304407632880E-17
5382.29862850854  1.803883385247876E-17
5385.75066698082  1.705811197462363E-17
5389.20322406957  1.665723212563961E-17
5392.65629869494  1.743667449068098E-17
5396.1098897792  1.725151341928344E-17
5399.56399624672  1.742497319373581E-17
5403.01861702399  1.658178498196865E-17
5406.47375103958  1.714751034650592E-17
5409.92939722418  1.635411840761446E-17
5413.38555451056  1.700451563401387E-17
5416.84222183358  1.766576877877244E-17
5420.29939813021  1.820806673400098E-17
5423.75708233947  1.637897518502168E-17
5427.2152734025  1.753657309325901E-17
5430.67397026251  1.761148753261549E-17
5434.13317186478  1.706203281072714E-17
5437.59287715667  1.742512208624606E-17
5441.05308508761  1.795820194072831E-17
5444.5137946091  1.723094474617169E-17
5447.9750046747  1.805242442994300E-17
5451.43671424005  1.840226227204883E-17
5454.89892226283  1.888634656448834E-17
5458.36162770281  1.776200462559809E-17
5461.82482952176  1.843925875212588E-17
5465.28852668356  1.939840445088317E-17
5468.7527181541  1.905739262591328E-17
5472.21740290133  1.837658824019641E-17
5475.68257989524  1.705089068787605E-17
5479.14824810787  1.694250852093568E-17
5482.61440651328  1.664604202631300E-17
5486.08105408758  1.818117674664811E-17
5489.5481898089  1.817416390941488E-17
5493.0158126574  1.853162670240722E-17
5496.48392161528  1.882179835256838E-17
5499.95251566674  1.898564297958043E-17
5503.42159379802  1.823154873723014E-17
5506.89115499736  1.917851668300942E-17
5510.36119825503  1.954926565100058E-17
5513.83172256329  1.907898369426214E-17
5517.30272691644  1.880231494042030E-17
5520.77421031075  1.902854718359233E-17
5524.24617174452  1.827572514502415E-17
5527.71861021803  1.891590503649731E-17
5531.19152473358  1.960871015854110E-17
5534.66491429542  1.887885727122228E-17
5538.13877790985  1.854412540146290E-17
5541.61311458511  1.791169950105181E-17
5545.08792333146  1.828381662577614E-17
5548.5632031611  1.996520349585552E-17
5552.03895308824  1.926042410726442E-17
5555.51517212907  2.038339954378273E-17
5558.99185930174  1.960083870783204E-17
5562.46901362638  1.821038118535491E-17
5565.94663412506  1.926124301607085E-17
5569.42471982186  1.881056689421113E-17
5572.90326974279  1.750617089702523E-17
5576.38228291581  1.913668615943262E-17
5579.86175837088  1.794769509258767E-17
5583.34169513987  1.904912081978775E-17
5586.82209225662  1.815328090767037E-17
5590.30294875691  1.899294367566682E-17
5593.78426367847  1.998649016173897E-17
5597.26603606097  2.015717391805560E-17
5600.74826494602  1.946686357273928E-17
5604.23094937716  1.980979611109152E-17
5607.71408839986  1.894217298402954E-17
5611.19768106154  2.029201593843033E-17
5614.68172641152  2.019932704207131E-17
5618.16622350107  1.905799646776044E-17
5621.65117138336  1.961994327125957E-17
5625.13656911348  2.008029409756370E-17
5628.62241574845  2.048091917491906E-17
5632.1087103472  2.083899077284224E-17
5635.59545197056  1.963373733515450E-17
5639.08263968126  2.013173480549715E-17
5642.57027254396  1.996277323921584E-17
5646.0583496252  1.989425621471685E-17
5649.54686999341  1.950916228054279E-17
5653.03583271895  1.975373973534002E-17
5656.52523687404  2.044836465473142E-17
5660.0150815328  1.925966310110087E-17
5663.50536577124  1.866247344042331E-17
5666.99608866724  2.015692410951061E-17
5670.48724930058  1.968479092256127E-17
5673.97884675291  1.982731248774294E-17
5677.47088010774  2.105046280516387E-17
5680.96334845048  1.959814540775757E-17
5684.45625086837  2.017889071785758E-17
5687.94958645057  1.868960165579260E-17
5691.44335428805  1.878360080624190E-17
5694.93755347368  1.967920579906532E-17
5698.43218310215  1.940093396919635E-17
5701.92724227004  1.994169667720799E-17
5705.42273007577  2.071224023321951E-17
5708.91864561959  1.982873027531285E-17
5712.41498800362  1.903306524409810E-17
5715.91175633181  1.917067997388609E-17
5719.40894970996  1.944801212657919E-17
5722.9065672457  1.879141600866931E-17
5726.40460804849  1.907614481039985E-17
5729.90307122963  1.856727984116949E-17
5733.40195590224  1.817675629345463E-17
5736.90126118127  1.927887519800803E-17
5740.4009861835  2.025935884784674E-17
5743.90113002752  1.995498946965172E-17
5747.40169183374  1.907436637208287E-17
5750.90267072437  1.954880739294123E-17
5754.40406582346  1.893807843999740E-17
5757.90587625685  1.850292518951286E-17
5761.40810115218  1.916313774106084E-17
5764.9107396389  1.834321150247990E-17
5768.41379084826  1.892625472032157E-17
5771.91725391331  2.011588437059941E-17
5775.42112796888  1.883112894987798E-17
5778.92541215161  1.821517717854649E-17
5782.43010559991  1.873853766083124E-17
5785.93520745399  1.802833031306056E-17
5789.44071685582  1.892787599432218E-17
5792.94663294918  1.839472169358480E-17
5796.45295487959  1.900655741418822E-17
5799.95968179438  1.793087189328956E-17
5803.46681284263  1.892204106228123E-17
5806.97434717518  1.907451526459313E-17
5810.48228394465  1.859545526719426E-17
5813.99062230542  1.865737469912754E-17
5817.49936141362  1.927098720368672E-17
5821.00850042715  1.932587394605207E-17
5824.51803850565  2.008781316933181E-17
5828.02797481051  1.996905815751002E-17
5831.53830850487  1.887678766532967E-17
5835.04903875362  1.913632716304677E-17
5838.56016472339  1.982872531222917E-17
5842.07168558254  1.977224542000405E-17
5845.58360050117  1.944016218256607E-17
5849.09590865112  1.965442015919078E-17
5852.60860920595  2.008432908459174E-17
5856.12170134096  1.944718163724419E-17
5859.63518423314  2.014479102428569E-17
5863.14905706124  2.042610026136395E-17
5866.66331900572  1.979100918501921E-17
5870.17796924874  1.934230175301737E-17
5873.69300697418  2.038465685831381E-17
5877.20843136764  1.958834662622126E-17
5880.72424161641  1.990905116715298E-17
5884.24043690948  2.017725124588349E-17
5887.75701643757  2.137161402362636E-17
5891.27397939308  1.877570288575325E-17
5894.79132497008  1.902446587444999E-17
5898.30905236438  1.939448857786334E-17
5901.82716077345  1.821415643767060E-17
5905.34564939645  1.863676135826272E-17
5908.86451743422  1.962983138830202E-17
5912.38376408929  1.818838645286712E-17
5915.90338856586  1.842311880401375E-17
5919.42339006982  1.897141547304451E-17
5922.9437678087  1.787078218487126E-17
5926.46452099173  1.750276787598519E-17
5929.9856488298  1.817884740604316E-17
5933.50715053544  1.786703836541884E-17
5937.02902532287  1.711076698369631E-17
5940.55127240796  1.834569635304000E-17
5944.07389100821  1.782651313284864E-17
5947.59688034281  1.827561595718329E-17
5951.12023963256  1.797656369596576E-17
5954.64396809995  1.813920394800594E-17
5958.16806496906  1.820995601452005E-17
5961.69252946565  1.939127415400296E-17
5965.21736081711  1.821872082029066E-17
5968.74255825245  1.831796429582355E-17
5972.26812100232  1.789891625186541E-17
5975.794048299  1.853676018528873E-17
5979.32033937639  1.797549497861435E-17
5982.84699347002  1.846557467613364E-17
5986.37400981703  1.845764366842048E-17
5989.90138765618  1.884443332285028E-17
5993.42912622785  1.753358697124769E-17
5996.95722477403  1.807290045882614E-17
6000.48568253831  1.835444130647592E-17
6004.01449876589  1.672916044298478E-17
6007.54367270356  1.825378169773434E-17
6011.07320359974  1.799226192963080E-17
6014.60309070441  1.840507137740907E-17
6018.13333326917  1.828799554223076E-17
6021.6639305472  1.837858836291756E-17
6025.19488179327  1.826544659873256E-17
6028.72618626372  1.886975828448420E-17
6032.2578432165  1.866596414260829E-17
6035.78985191112  1.885905622171899E-17
6039.32221160867  1.708419794242111E-17
6042.85492157181  1.816330137361084E-17
6046.38798106478  1.706824328276619E-17
6049.92138935338  1.692145181126253E-17
6053.45514570496  1.768809272914402E-17
6056.98924938846  1.738578468503549E-17
6060.52369967437  1.810346809118243E-17
6064.05849583472  1.767053333910075E-17
6067.59363714311  1.728852975169518E-17
6071.12912287468  1.839581688071582E-17
6074.66495230613  1.825466843535099E-17
6078.20112471568  1.800496411511716E-17
6081.73763938312  1.794087250689533E-17
6085.27449558976  1.839099772646708E-17
6088.81169261844  1.786029518906531E-17
6092.34922975356  1.799737059709393E-17
6095.88710628102  1.812178021558312E-17
6099.42532148827  1.852761156771389E-17
6102.96387466426  1.761879484614678E-17
6106.50276509948  1.790929405983050E-17
6110.04199208593  1.848143172847628E-17
6113.58155491713  1.773775003567681E-17
6117.1214528881  1.826686107758002E-17
6120.66168529539  1.811765258432649E-17
6124.20225143704  1.634123755111578E-17
6127.74315061259  1.701088161600809E-17
6131.28438212311  1.690139102704689E-17
6134.82594527113  1.762908993605062E-17
6138.36783936069  1.801715675734619E-17
6141.91006369733  1.778951334404915E-17
6145.45261758808  1.690670483530193E-17
6148.99550034143  1.783312065158172E-17
6152.53871126738  1.797651737385146E-17
6156.08224967741  1.619018279073502E-17
6159.62611488447  1.729589331350813E-17
6163.17030620296  1.691119642602809E-17
6166.71482294881  1.558281715416184E-17
6170.25966443936  1.751752477811314E-17
6173.80482999345  1.643244579417832E-17
6177.35031893136  1.708516408937657E-17
6180.89613057487  1.721164165939715E-17
6184.44226424717  1.706610419370213E-17
6187.98871927292  1.802780257182975E-17
6191.53549497826  1.721760563161366E-17
6195.08259069073  1.773527345692282E-17
6198.63000573935  1.798989784744012E-17
6202.17773945457  1.693605320343531E-17
6205.72579116829  1.810997965696444E-17
6209.27416021383  1.860816572448675E-17
6212.82284592595  1.824204565920343E-17
6216.37184764085  1.836221845859514E-17
6219.92116469616  1.869828705222440E-17
6223.47079643091  2.047624891318059E-17
6227.02074218559  2.090790980711893E-17
6230.57100130207  1.916760782509107E-17
6234.12157312366  1.843213507269057E-17
6237.67245699509  1.831361001707907E-17
6241.22365226248  1.784704375565221E-17
6244.77515827336  1.712637257313274E-17
6248.32697437669  1.786719222101278E-17
6251.87909992281  1.868713004012229E-17
6255.43153426346  1.896695862390408E-17
6258.98427675177  1.792089609510217E-17
6262.53732674229  1.808701546879875E-17
6266.09068359094  1.942281455075960E-17
6269.64434665503  1.974334538376268E-17
6273.19831529325  1.843988244630774E-17
6276.75258886568  1.832017948550397E-17
6280.30716673379  1.811069599537491E-17
6283.86204826039  1.891006679573391E-17
6287.41723280969  1.911668162349863E-17
6290.97271974728  1.798754700013924E-17
6294.52850844009  1.766729079109954E-17
6298.08459825644  1.927288310165069E-17
6301.64098856598  1.719154117051211E-17
6305.19767873974  1.862484333999705E-17
6308.75466815012  1.923680644641480E-17
6312.31195617083  1.857780488728361E-17
6315.86954217698  1.786191315434346E-17
6319.42742554499  1.799082594408741E-17
6322.98560565263  1.848738742888667E-17
6326.54408187902  1.909117964521362E-17
6330.10285360462  1.854086796421067E-17
6333.66192021122  1.874037069306866E-17
6337.22128108194  1.813801115356264E-17
6340.78093560123  1.760836244426126E-17
6344.34088315487  1.812578376974789E-17
6347.90112312998  1.914093455905868E-17
6351.46165491495  1.818123134056854E-17
6355.02247789955  1.796588810298015E-17
6358.58359147483  1.827093576927746E-17
6362.14499503315  1.770433193892966E-17
6365.70668796819  1.737986538057207E-17
6369.26866967494  1.752963635664214E-17
6372.83093954969  1.762004058014928E-17
6376.39349699001  1.753912246390690E-17
6379.95634139481  1.770756290640229E-17
6383.51947216425  1.815298477701108E-17
6387.08288869981  1.793544785643820E-17
6390.64659040425  1.726649200581554E-17
6394.21057668162  1.772878008911428E-17
6397.77484693725  1.743873086168379E-17
6401.33940057775  1.885438430561929E-17
6404.904237011  1.778880693180603E-17
6408.46935564617  1.833798372100856E-17
6412.03475589369  1.765805780110222E-17
6415.60043716526  1.736267160435954E-17
6419.16639887386  1.798094113576740E-17
6422.7326404337  1.764210645016975E-17
6426.29916126029  1.877129235872711E-17
6429.86596077037  1.729507275034048E-17
6433.43303838194  1.741376985951939E-17
6437.00039351425  1.749277057110188E-17
6440.5680255878  1.790381481545295E-17
6444.13593402435  1.744286180166288E-17
6447.70411824688  1.745115676884556E-17
6451.27257767962  1.695494600862602E-17
6454.84131174803  1.693633279048236E-17
6458.41031987881  1.717870498176652E-17
6461.97960149989  1.782628979408326E-17
6465.54915604044  1.721595954219468E-17
6469.11898293083  1.756481469373280E-17
6472.68908160267  1.715786995649754E-17
6476.25945148878  1.691127748972812E-17
6479.83009202321  1.697087088977889E-17
6483.4010026412  1.813962581011834E-17
6486.97218277923  1.712834788043552E-17
6490.54363187497  1.696478284047051E-17
6494.11534936728  1.615037224221407E-17
6497.68733469627  1.845575107917896E-17
6501.25958730319  1.724386365297855E-17
6504.83210663053  1.830481212408395E-17
6508.40489212195  1.786337726402768E-17
6511.97794322232  1.761495507374331E-17
6515.55125937767  1.707540170378722E-17
6519.12484003524  1.724615328891409E-17
6522.69868464343  1.644402632275407E-17
6526.27279265185  1.684174468743692E-17
6529.84716351125  1.739236904271141E-17
6533.42179667356  1.651124467369136E-17
6536.99669159192  1.625469129798558E-17
6540.57184772058  1.704448334685122E-17
6544.14726451499  1.694225540366823E-17
6547.72294143174  1.702583373276059E-17
6551.2988779286  1.768565585505944E-17
6554.87507346449  1.769561676399581E-17
6558.45152749947  1.715690380954207E-17
6562.02823949475  1.781478536612387E-17
6565.60520891272  1.736983002538057E-17
6569.18243521686  1.756794970825437E-17
6572.75991787183  1.697673725468312E-17
6576.33765634342  1.828646691245876E-17
6579.91565009854  1.795266810243033E-17
6583.49389860527  1.856159545600002E-17
6587.07240133277  1.664195244536454E-17
6590.65115775136  1.735708317214113E-17
6594.23016733247  1.787758491822889E-17
6597.80942954866  1.715085215618063E-17
6601.3889438736  1.802524823809818E-17
6604.96870978208  1.753667731801620E-17
6608.54872675  1.683096817841658E-17
6612.12899425436  1.786699700638821E-17
6615.70951177328  1.769471182840567E-17
6619.29027878598  1.709386272069818E-17
6622.87129477278  1.773525029586567E-17
6626.45255921509  1.789675400174420E-17
6630.03407159542  1.719502360089096E-17
6633.61583139738  1.672338010486425E-17
6637.19783810566  1.757269441624798E-17
6640.78009120603  1.773952351091012E-17
6644.36259018534  1.776199800815319E-17
6647.94533453156  1.719741911594492E-17
6651.52832373368  1.753776257897986E-17
6655.1115572818  1.736348058699861E-17
6658.69503466709  1.747861420209865E-17
6662.27875538177  1.623201993175673E-17
6665.86271891914  1.689500850144043E-17
6669.44692477356  1.775346977603776E-17
6673.03137244045  1.778805088872615E-17
6676.61606141628  1.765850447863300E-17
6680.20099119859  1.745017242391662E-17
6683.78616128596  1.672391777226241E-17
6687.37157117802  1.724155912779197E-17
6690.95722037543  1.712039536602643E-17
6694.54310837992  1.565613017185241E-17
6698.12923469425  1.680969474742294E-17
6701.7155988222  1.622531480571137E-17
6705.3022002686  1.770554954879135E-17
6708.88903853931  1.692041287241316E-17
6712.47611314122  1.628046459151151E-17
6716.06342358224  1.682433584426513E-17
6719.65096937129  1.693762319223794E-17
6723.23875001834  1.690025613524647E-17
6726.82676503434  1.697091224880952E-17
6730.41501393127  1.670202891889303E-17
6734.00349622214  1.728886724138511E-17
6737.59221142094  1.698771725013415E-17
6741.18115904267  1.745562354415334E-17
6744.77033860334  1.697373458905955E-17
6748.35974961995  1.708704675245074E-17
6751.9493916105  1.722712317174169E-17
6755.53926409399  1.638956805994603E-17
6759.1293665904  1.613759230175013E-17
6762.71969862071  1.626670196047985E-17
6766.31025970685  1.668594191034010E-17
6769.90104937179  1.657702042164035E-17
6773.49206713941  1.691517185605202E-17
6777.08331253463  1.602843258503395E-17
6780.67478508331  1.569464700989533E-17
6784.26648431226  1.578543339084547E-17
6787.85840974931  1.619573317264525E-17
6791.45056092321  1.586078458156538E-17
6795.04293736368  1.592448079745441E-17
6798.63553860142  1.610300622597806E-17
6802.22836416806  1.506680699880023E-17
6805.82141359619  1.469526724614346E-17
6809.41468641935  1.480173531714639E-17
6813.00818217204  1.489247372162101E-17
6816.60190038968  1.372186508952882E-17
6820.19584060865  1.507059383164450E-17
6823.79000236625  1.572661423184805E-17
6827.38438520074  1.540207488159655E-17
6830.97898865129  1.440988662609022E-17
6834.57381225801  1.547769077011247E-17
6838.16885556193  1.435075644718248E-17
6841.76411810501  1.598036511963849E-17
6845.35959943013  1.524510743419726E-17
6848.95529908108  1.680882124469608E-17
6852.55121660256  1.514157254564645E-17
6856.14735154021  1.627840987486993E-17
6859.74370344056  1.716007852873305E-17
6863.34027185103  1.701789114451886E-17
6866.93705631998  1.648560372906344E-17
6870.53405639664  1.816163708621838E-17
6874.13127163114  1.871111827788633E-17
6877.72870157453  2.012453006236181E-17
6881.32634577872  1.920385818825559E-17
6884.92420379652  2.014754553572549E-17
6888.52227518165  2.155862467087357E-17
6892.12055948866  2.261208715743538E-17
6895.71905627304  2.277464965449798E-17
6899.3177650911  2.339112254961537E-17
6902.91668550007  2.341982075378729E-17
6906.51581705803  2.382354941280095E-17
6910.11515932393  2.530021735307959E-17
6913.71471185759  2.466228242978889E-17
6917.31447421969  2.345960648688986E-17
6920.91444597176  2.365737875390639E-17
6924.5146266762  2.498239967248569E-17
6928.11501589627  2.550388741786361E-17
6931.71561319606  2.687265295595715E-17
6935.31641814052  2.987757843695815E-17
6938.91743029545  2.940629393731729E-17
6942.51864922748  2.781578443805543E-17
6946.12007450409  2.842659114597683E-17
6949.72170569359  3.905914426995385E-17
6953.32354236512  4.378988614609566E-17
6956.92558408867  4.009042011812576E-17
6960.52783043503  3.382146310104768E-17
6964.13028097584  2.338873199764510E-17
6967.73293528354  2.450398322160339E-17
6971.33579293141  3.248978834162101E-17
6974.93885349352  3.598621461643365E-17
6978.54211654479  3.511041894491965E-17
6982.14558166092  2.651572783036298E-17
6985.74924841843  2.191044940081075E-17
6989.35311639464  2.164225924824759E-17
6992.95718516766  2.106250490052142E-17
6996.56145431643  2.028564830207489E-17
7000.16592342066  1.982448683877046E-17
7003.77059206086  2.042782079703806E-17
7007.37545981834  1.966244877421621E-17
7010.98052627518  2.018116711890332E-17
7014.58579101425  1.935368044952365E-17
7018.19125361921  1.885184982422243E-17
7021.79691367448  2.006991959832106E-17
7025.40277076528  1.895700102369016E-17
7029.00882447759  1.822218505269604E-17
7032.61507439816  1.823834319878165E-17
7036.22152011449  1.792217657069041E-17
7039.82816121488  1.822584780844842E-17
7043.43499728837  1.836770101169514E-17
7047.04202792475  1.833248627865753E-17
7050.64925271458  1.803273422264179E-17
7054.25667124916  1.808369351145873E-17
7057.86428312057  1.850742670640637E-17
7061.47208792159  1.749105499851144E-17
7065.08008524577  1.788269524005325E-17
7068.6882746874  1.716545189399219E-17
7072.29665584152  1.683742184155571E-17
7075.90522830387  1.792183246355558E-17
7079.51399167095  1.762393990955686E-17
7083.12294553998  1.761185810952991E-17
7086.73208950892  1.707704283012253E-17
7090.34142317643  1.642595904381469E-17
7093.9509461419  1.709612588685413E-17
7097.56065800544  1.697598617468692E-17
7101.17055836788  1.615987323872986E-17
7104.78064683075  1.619437825080189E-17
7108.3909229963  1.792431731411569E-17
7112.00138646747  2.186710513671298E-17
7115.61203684793  2.422646081736940E-17
7119.22287374201  2.421924614806671E-17
7122.83389675479  1.979253946915243E-17
7126.44510549199  1.967836042047929E-17
7130.05649956006  2.133092335493365E-17
7133.66807856612  2.130816927064355E-17
7137.27984211798  1.869381862255540E-17
7140.89178982414  1.757271426858268E-17
7144.50392129376  1.593854121350659E-17
7148.1162361367  1.634189433252215E-17
7151.72873396349  1.592988890429928E-17
7155.34141438531  1.572375053256739E-17
7158.95427701404  1.651839482290626E-17
7162.5673214622  1.576929013401089E-17
7166.18054734298  1.545555045383688E-17
7169.79395427022  1.541605588830992E-17
7173.40754185846  1.487355775537314E-17
7177.02130972283  1.492480324868203E-17
7180.63525747915  1.585246976204800E-17
7184.24938474389  1.510593595049644E-17
7187.86369113415  1.455916625687644E-17
7191.47817626767  1.441834206631174E-17
7195.09283976284  1.436997681589576E-17
7198.70768123869  1.479578457981969E-17
7202.32270031487  1.541015478181997E-17
7205.93789661166  1.522921398590767E-17
7209.55326974998  1.531119420205657E-17
7213.16881935138  1.539482050762446E-17
7216.784545038  1.528912502331366E-17
7220.40044643264  1.527527801985952E-17
7224.01652315868  1.457139364069120E-17
7227.63277484013  1.608653209689845E-17
7231.24920110162  1.497130734271976E-17
7234.86580156837  1.484980278254185E-17
7238.48257586621  1.523762641273733E-17
7242.09952362158  1.436525692332053E-17
7245.71664446149  1.464852161536687E-17
7249.33393801359  1.552232543596583E-17
7252.95140390609  1.559274828459615E-17
7256.5690417678  1.485280213944296E-17
7260.18685122811  1.492310587406507E-17
7263.80483191701  1.532609172488865E-17
7267.42298346506  1.445128039830360E-17
7271.04130550339  1.422239455972650E-17
7274.65979766373  1.457894579968380E-17
7278.27845957836  1.519278495173083E-17
7281.89729088014  1.561451802395732E-17
7285.5162912025  1.549208867585457E-17
7289.13546017941  1.496511010557051E-17
7292.75479744543  1.423850803805903E-17
7296.37430263568  1.541663656909993E-17
7299.9939753858  1.546667934179817E-17
7303.61381533202  1.484881512889046E-17
7307.23382211109  1.503378098566344E-17
7310.85399536033  1.417482174833735E-17
7314.4743347176  1.503205714126687E-17
7318.09483982127  1.492042250015795E-17
7321.7155103103  1.531645176202996E-17
7325.33634582414  1.600236316084873E-17
7328.9573460028  1.513685430743245E-17
7332.57851048679  1.543735082599948E-17
7336.19983891718  1.567408329986726E-17
7339.82133093554  1.576314087333717E-17
7343.44298618397  1.543025030762133E-17
7347.06480430508  1.498798330386883E-17
7350.68678494201  1.572091495742756E-17
7354.30892773838  1.477492473913232E-17
7357.93123233837  1.490358772033127E-17
7361.55369838661  1.541387213149278E-17
7365.17632552826  1.474937643873301E-17
7368.799113409  1.434261864431618E-17
7372.42206167496  1.603730657864542E-17
7376.0451699728  1.565883008937178E-17
7379.66843794966  1.608639643927799E-17
7383.29186525317  1.603457853698522E-17
7386.91545153145  1.537353715046347E-17
7390.53919643309  1.464608970436596E-17
7394.16309960717  1.569571241852430E-17
7397.78716070324  1.487190339414804E-17
7401.41137937133  1.518125074526939E-17
7405.03575526194  1.596352041364447E-17
7408.66028802604  1.534465696655679E-17
7412.28497731506  1.603423773857285E-17
7415.90982278089  1.550581656530050E-17
7419.53482407589  1.505821590095826E-17
7423.15998085287  1.545545780960827E-17
7426.78529276508  1.594175563736697E-17
7430.41075946626  1.571256539632446E-17
7434.03638061055  1.534981195613422E-17
7437.66215585257  1.545555376255933E-17
7441.28808484736  1.505146610715982E-17
7444.91416725042  1.550593402494748E-17
7448.54040271766  1.509677575239303E-17
7452.16679090545  1.563313620518466E-17
7455.79333147058  1.641812068033013E-17
7459.42002407025  1.535669740755311E-17
7463.04686836212  1.641320226440790E-17
7466.67386400424  1.512480724899122E-17
7470.30101065509  1.564070490778952E-17
7473.92830797357  1.604827333920665E-17
7477.555755619  1.556170088748458E-17
7481.18335325108  1.518563480251592E-17
7484.81110052995  1.521622725029058E-17
7488.43899711614  1.554376761180443E-17
7492.06704267059  1.592294224151507E-17
7495.69523685461  1.538913281373254E-17
7499.32357932995  1.561138631815819E-17
7502.95206975872  1.519904836332908E-17
7506.58070780342  1.490452739750713E-17
7510.20949312696  1.467782531574717E-17
7513.83842539261  1.509565740420486E-17
7517.46750426405  1.526192732477291E-17
7521.09672940529  1.393432063959878E-17
7524.72610048077  1.391838086919489E-17
7528.35561715527  1.421957883692137E-17
7531.98527909395  1.547964622508055E-17
7535.61508596232  1.498624622458247E-17
7539.24503742628  1.495778128534329E-17
7542.87513315207  1.509251742659960E-17
7546.5053728063  1.526649501611543E-17
7550.13575605593  1.425965904632201E-17
7553.76628256827  1.474182262537917E-17
7557.39695201099  1.436399133698333E-17
7561.02776405209  1.561772913909525E-17
7564.65871835993  1.521420562087351E-17
7568.28981460319  1.562926996300159E-17
7571.92105245091  1.457140852994222E-17
7575.55243157245  1.488227789339068E-17
7579.1839516375  1.532685107669097E-17
7582.8156123161  1.451446872529652E-17
7586.44741327859  1.404860391302911E-17
7590.07935419565  1.407940977340181E-17
7593.71143473828  1.292429506136336E-17
7597.34365457777  1.278982940816735E-17
7600.97601338577  1.297878558421529E-17
7604.60851083419  1.361041656405772E-17
7608.24114659531  1.357761306250570E-17
7611.87392034166  1.608089568820451E-17
7615.5068317461  1.510381175068340E-17
7619.13988048178  1.369537132168936E-17
7622.77306622216  1.247190336691321E-17
7626.40638864098  1.374590213094900E-17
7630.03984741227  1.520981660054330E-17
7633.67344221037  1.384163008887854E-17
7637.30717270988  1.284433730181214E-17
7640.94103858569  1.519287759595944E-17
7644.57503951299  1.562592980768810E-17
7648.20917516721  1.513870222892089E-17
7651.84344522408  1.544689483590713E-17
7655.4778493596  1.597141667977189E-17
7659.11238725002  1.549311934289781E-17
7662.74705857188  1.570817803035547E-17
7666.38186300195  1.677227309651104E-17
7670.0168002173  1.605451028102530E-17
7673.65186989522  1.647756022478697E-17
7677.28707171327  1.577037208625211E-17
7680.92240534926  1.515118603872554E-17
7684.55787048125  1.525263808649395E-17
7688.19346678754  1.586754926461484E-17
7691.82919394667  1.474821838587543E-17
7695.46505163742  1.609546730187525E-17
7699.10103953882  1.533483171524089E-17
7702.73715733011  1.491848358880212E-17
7706.37340469078  1.640716219157503E-17
7710.00978130053  1.550290985262799E-17
7713.64628683929  1.545489036370806E-17
7717.28292098723  1.455268116087402E-17
7720.91968342471  1.632638304167555E-17
7724.55657383233  1.609588254654275E-17
7728.19359189088  1.529588639764067E-17
7731.83073728139  1.592814520756802E-17
7735.46800968506  1.521329075911602E-17
7739.10540878333  1.621688252654701E-17
7742.74293425781  1.556062720704949E-17
7746.38058579034  1.565761744259378E-17
7750.01836306292  1.491155016090770E-17
7753.65626575777  1.698089631880304E-17
7757.2942935573  1.457566189265197E-17
7760.93244614408  1.564711224881436E-17
7764.57072320089  1.615581839936712E-17
7768.20912441069  1.584312262112614E-17
7771.8476494566  1.521505099945954E-17
7775.48629802193  1.577702261837703E-17
7779.12506979015  1.419032642173904E-17
7782.76396444492  1.534172212974346E-17
7786.40298167005  1.570227526950429E-17
7790.04212114951  1.479033180522173E-17
7793.68138256745  1.556773268851132E-17
7797.32076560815  1.671407928605670E-17
7800.96026995608  1.611202745773856E-17
7804.59989529583  1.434895815653079E-17
7808.23964131215  1.621164647326955E-17
7811.87950768995  1.575317665567836E-17
7815.51949411426  1.544310965742408E-17
7819.15960027026  1.525696754982005E-17
7822.79982584328  1.569253108188842E-17
7826.44017051876  1.627248560732282E-17
7830.0806339823  1.473660807879764E-17
7833.72121591961  1.539710352611511E-17
7837.36191601652  1.680188947116289E-17
7841.002733959  1.616603407993215E-17
7844.64366943313  1.551836820391538E-17
7848.28472212512  1.575639107953874E-17
7851.92589172126  1.587372334070694E-17
7855.56717790801  1.487087769018847E-17
7859.20858037188  1.622042782265241E-17
7862.85009879951  1.553269000904112E-17
7866.49173287765  1.518827516303119E-17
7870.13348229315  1.666734854453113E-17
7873.77534673293  1.539266818367059E-17
7877.41732588403  1.604745608476145E-17
7881.05941943358  1.592264445649455E-17
7884.70162706879  1.429427159187368E-17
7888.34394847695  1.541239644127998E-17
7891.98638334545  1.546036133627949E-17
7895.62893136174  1.517040971616127E-17
7899.27159221336  1.513647214998945E-17
7902.91436558793  1.545098276249436E-17
7906.55725117311  1.483220865091284E-17
7910.20024865666  1.473945854318849E-17
7913.84335772639  1.729677508804111E-17
7917.48657807017  1.594180857692617E-17
7921.12990937595  1.597727311850877E-17
7924.7733513317  1.446947506305731E-17
7928.41690362548  1.566444168264734E-17
7932.06056594538  1.448063372952065E-17
7935.70433797953  1.617872468488994E-17
7939.34821941614  1.539016513513701E-17
7942.99220994341  1.557769690617014E-17
7946.63630924963  1.505988680579561E-17
7950.2805170231  1.499295300498905E-17
7953.92483295214  1.567878334010779E-17
7957.56925672514  1.550424492213665E-17
7961.21378803047  1.537704770498314E-17
7964.85842655656  1.595490119166167E-17
7968.50317199185  1.610498318764206E-17
7972.14802402479  1.453470983488569E-17
7975.79298234386  1.486520819427003E-17
7979.43804663755  1.539592727528406E-17
7983.08321659434  1.616553611720339E-17
7986.72849190275  1.568306482695836E-17
7990.37387225128  1.528930369432597E-17
7994.01935732845  1.615381496792351E-17
7997.66494682274  1.593041002808519E-17
8001.31064042268  1.568207717330697E-17
8004.95643781674  1.541067755996710E-17
8008.60233869342  1.597212309201502E-17
8012.24834274119  1.412176307512575E-17
8015.8944496485  1.537630324243184E-17
8019.54065910378  1.470408499147328E-17
8023.18697079545  1.425203574979672E-17
8026.83338441189  1.449645107719389E-17
8030.47989964147  1.545932570615257E-17
8034.12651617252  1.531033062549707E-17
8037.77323369333  1.397785184651499E-17
8041.42005189216  1.486107229120727E-17
8045.06697045723  1.406857039865491E-17
8048.71398907671  1.511096851734321E-17
8052.36110743875  1.398373640939270E-17
8056.00832523142  1.438819133298418E-17
8059.65564214275  1.510674658749675E-17
8063.30305786073  1.569429959403806E-17
8066.95057207329  1.490611227556078E-17
8070.59818446826  1.560069087283788E-17
8074.24589473347  1.487326327907507E-17
8077.89370255664  1.462785368058162E-17
8081.54160762544  1.426684890020632E-17
8085.18960962747  1.346018815710890E-17
8088.83770825023  1.540201863331489E-17
8092.48590318119  1.502747290631211E-17
8096.13419410769  1.449132752047974E-17
8099.78258071702  1.525151312086087E-17
8103.43106269638  1.502742658419781E-17
8107.07963973286  1.457382389733088E-17
8110.72831151349  1.431711832039240E-17
8114.37707772517  1.447768896653997E-17
8118.02593805474  1.440453145880455E-17
8121.67489218891  1.458501399665749E-17
8125.3239398143  1.468591679649916E-17
8128.97308061742  1.346397168123072E-17
8132.62231428468  1.290035231853301E-17
8136.27164050237  1.247895590881583E-17
8139.92105895666  1.400189798692192E-17
8143.57056933361  1.410421857433350E-17
8147.22017131915  1.278084870825686E-17
8150.86986459911  1.385263986283162E-17
8154.51964885916  1.256173518143647E-17
8158.16952378487  1.296542661732256E-17
8161.81948906167  1.301403505883862E-17
8165.46954437484  1.338829292698824E-17
8169.11968940953  1.332727098601959E-17
8172.76992385076  1.352010581195979E-17
8176.42024738339  1.324920167980684E-17
8180.07065969215  1.398897246267016E-17
8183.7211604616  1.421829670697191E-17
8187.37174937617  1.386570518060689E-17
8191.02242612012  1.410373550085576E-17
8194.67319037755  1.437104884196963E-17
8198.32404183241  1.447587413227602E-17
8201.97498016848  1.505874695091151E-17
8205.62600506936  1.497505447089462E-17
8209.2771162185  1.417956645633095E-17
8212.92831329917  1.475150725599094E-17
8216.57959599447  1.468633038680544E-17
8220.23096398731  1.482618843041468E-17
8223.88241696041  1.420319238898669E-17
8227.53395459634  1.350072331584645E-17
8231.18557657745  1.427566002809124E-17
8234.83728258591  1.427516371972371E-17
8238.48907230371  1.411261114882846E-17
8242.14094541262  1.408740364684152E-17
8245.79290159423  1.582158614669771E-17
8249.44494052991  1.466271934340073E-17
8253.09706190085  1.499867213174424E-17
8256.74926538801  1.420212698035772E-17
8260.40155067215  1.457078814448280E-17
8264.05391743382  1.543684459146460E-17
8267.70636535334  1.493230908556034E-17
8271.35889411083  1.471187206975985E-17
8275.01150338616  1.324951931716206E-17
8278.66419285901  1.389250996835668E-17
8282.31696220881  1.466759143720867E-17
8285.96981111475  1.487051042199650E-17
8289.62273925581  1.505131886901079E-17
8293.27574631071  1.377053226086838E-17
8296.92883195797  1.408353575029722E-17
8300.58199587581  1.496026117281973E-17
8304.23523774226  1.573138375526004E-17
8307.88855723505  1.431483364754052E-17
8311.54195403171  1.374561427209583E-17
8315.19542780948  1.423312474663254E-17
8318.84897824536  1.456577708433196E-17
8322.50260501607  1.389238423690357E-17
8326.1563077981  1.388412070258416E-17
8329.81008626765  1.443013600748552E-17
8333.46394010066  1.463993713496979E-17
8337.11786897278  1.345184273190885E-17
8340.77187255942  1.468430544866591E-17
8344.42595053569  1.288520912305900E-17
8348.08010257642  1.520621505615624E-17
8351.73432835617  1.414103472903701E-17
8355.38862754919  1.411617960599102E-17
8359.04299982947  1.438593478427313E-17
8362.69744487068  1.428088780956257E-17
8366.35196234623  1.484738410643074E-17
8370.00655192919  1.404105175403650E-17
8373.66121329237  1.416651189190365E-17
8377.31594610826  1.400483778681893E-17
8380.97075004902  1.462567654120938E-17
8384.62562478654  1.267315144686368E-17
8388.28056999237  1.351867230795824E-17
8391.93558533777  1.412114103530511E-17
8395.59067049366  1.438168307592461E-17
8399.24582513064  1.447699082610297E-17
8402.90104891901  1.301957303303966E-17
8406.5563415287  1.397106896549206E-17
8410.21170262937  1.421647029217939E-17
8413.8671318903  1.418586295515371E-17
8417.52262898044  1.354091850335224E-17
8421.17819356842  1.341375354624262E-17
8424.83382532253  1.321620627235271E-17
8428.48952391069  1.234246697184152E-17
8432.1452890005  1.449579595014875E-17
8435.80112025919  1.376348550923004E-17
8439.45701735366  1.416004333951348E-17
8443.11297995042  1.486201362274435E-17
8446.76900771567  1.364077078381596E-17
8450.42510031521  1.311914572645635E-17
8454.08125741448  1.377581629062137E-17
8457.73747867856  1.458764608536664E-17
8461.39376377217  1.327606354301888E-17
8465.05011235965  1.283387843014702E-17
8468.70652410494  1.270642809572608E-17
8472.36299867164  1.301227647285633E-17
8476.01953572294  1.416279619659205E-17
8479.67613492167  1.360373956215319E-17
8483.33279593024  1.455853925397212E-17
8486.9895184107  1.406461812968813E-17
8490.6463020247  1.410488362754599E-17
8494.30314643347  1.315173995131339E-17
8497.96005129788  1.357065647355413E-17
8501.61701627836  1.472118612345720E-17
8505.27404103497  1.354686345041465E-17
8508.93112522732  1.384236297090126E-17
8512.58826851466  1.350242151764402E-17
8516.24547055578  1.369844098894255E-17
8519.90273100908  1.339864674671557E-17
8523.56004953255  1.406336577824073E-17
8527.21742578372  1.330236209623378E-17
8530.87485941973  1.383036471611618E-17
8534.53235009727  1.382042614105636E-17
8538.18989747262  1.457940571210439E-17
8541.8475012016  1.383219857553421E-17
8545.50516093961  1.253062822732080E-17
8549.16287634162  1.247924211330778E-17
8552.82064706213  1.422332100201256E-17
8556.47847275522  1.327022364789426E-17
8560.1363530745  1.318104282451308E-17
8563.79428767315  1.382088274475449E-17
8567.45227620387  1.396930210770365E-17
8571.11031831894  1.295101713105188E-17
8574.76841367015  1.366652257064596E-17
8578.42656190882  1.310056724989841E-17
8582.08476268585  1.307482704359698E-17
8585.74301565161  1.367498793703483E-17
8589.40132045605  1.311568811149588E-17
8593.05967674861  1.403707963273502E-17
8596.71808417828  1.304709085047746E-17
8600.37654239355  1.290344514684335E-17
8604.03505104243  1.354381528985740E-17
8607.69360977246  1.335937717431523E-17
8611.35221823067  1.402280414972358E-17
8615.0108760636  1.398115560588153E-17
8618.66958291732  1.334550452826209E-17
8622.32833843737  1.277965922253601E-17
8625.98714226881  1.365480473008854E-17
8629.64599405619  1.513403362154364E-17
8633.30489344354  1.355146919206535E-17
8636.96384007442  1.355464473843694E-17
8640.62283359183  1.304033774795658E-17
8644.28187363829  1.278566289942192E-17
8647.94095985578  1.364610692594754E-17
8651.60009188578  1.347641330482413E-17
8655.25926936922  1.353054400410960E-17
8658.91849194653  1.313440886311918E-17
8662.57775925759  1.383303981821718E-17
8666.23707094175  1.336053605435341E-17
8669.89642663784  1.308240153646613E-17
8673.55582598415  1.255103560021309E-17
8677.2152686184  1.310980520297940E-17
8680.87475417781  1.343938208316135E-17
8684.534282299  1.304273243582992E-17
8688.19385261809  1.266922895639896E-17
8691.85346477063  1.327921261961087E-17
8695.51311839159  1.287123638815176E-17
8699.17281311542  1.265583524792050E-17
8702.83254857599  1.284551851572687E-17
8706.4923244066  1.331494847643439E-17
8710.15214023999  1.249242902663310E-17
8713.81199570833  1.345886466812881E-17
8717.47189044321  1.372621605955085E-17
8721.13182407566  1.393726540257947E-17
8724.79179623612  1.361537964773303E-17
8728.45180655444  1.349692407529299E-17
8732.1118546599  1.282695906432302E-17
8735.77194018119  1.281095560101195E-17
8739.4320627464  1.218664682395184E-17
8743.09222198303  1.304647708246295E-17
8746.752417518  1.335725462886341E-17
8750.4126489776  1.271533848528450E-17
8754.07291598755  1.314783152291907E-17
8757.73321817293  1.417060974465823E-17
8761.39355515826  1.374126330207380E-17
8765.05392656739  1.320710149535034E-17
8768.71433202362  1.363120361285117E-17
8772.37477114957  1.238882548209144E-17
8776.03524356729  1.244459151744793E-17
8779.69574889819  1.318629790294463E-17
8783.35628676304  1.275219434465741E-17
8787.01685678201  1.270485810692345E-17
8790.67745857461  1.229551537309240E-17
8794.33809175975  1.261971227057030E-17
8797.99875595566  1.240804336926289E-17
8801.65945077997  1.230558712423085E-17
8805.32017584964  1.258635455800788E-17
8808.980930781  1.160734990710442E-17
8812.64171518972  1.201328961989543E-17
8816.30252869085  1.175902339858337E-17
8819.96337089873  1.207919358083937E-17
8823.62424142709  1.112184038246948E-17
8827.28513988898  9.936397093271777E-18
8830.94606589678  1.146032434348741E-17
8834.60701906223  1.191350185951948E-17
8838.26799899638  1.014255697169959E-17
8841.92900530962  1.109064161130582E-17
8845.59003761164  1.089956868007036E-17
8849.25109551149  1.092655958345797E-17
8852.91217861752  1.066700685085107E-17
8856.57328653739  1.069021919320054E-17
8860.23441887808  1.090497678691523E-17
8863.8955752459  1.070575860818796E-17
8867.55675524642  9.795118780550781E-18
8871.21795848458  8.819710710950701E-18
8874.87918456457  1.061057410792087E-17
8878.54043308989  1.138096628988030E-17
8882.20170366336  9.903862425418839E-18
8885.86299588706  9.808141084934206E-18
8889.5243093624  1.079245458100903E-17
8893.18564369003  1.004640384293520E-17
8896.84699846992  1.054733863163303E-17
8900.50837330132  1.012428786069075E-17
8904.16976778274  1.082098900341966E-17
8907.83118151198  1.090668822360260E-17
8911.49261408611  1.038094463397309E-17
8915.15406510147  1.140183853827684E-17
8918.81553415367  1.084757955139079E-17
8922.47702083758  1.129726471087667E-17
8926.13852474732  1.054941402778992E-17
8929.80004547631  1.041457531613765E-17
8933.46158261718  1.070563535827669E-17
8937.12313576183  1.112608051028943E-17
8940.78470450142  9.271308312012799E-18
8944.44628842634  9.881018178441964E-18
8948.10788712623  1.066931964784378E-17
8951.76950018999  1.212739339513283E-17
8955.43112720572  1.174367919822051E-17
8959.09276776079  9.905118912769308E-18
8962.75442144178  9.857649498956726E-18
8966.41608783452  1.092992124546738E-17
8970.07776652404  1.080625029926519E-17
8973.73945709463  1.064974524582832E-17
8977.40115912978  1.147884326304124E-17
8981.06287221218  1.147750488481013E-17
8984.72459592376  1.046946123132239E-17
8988.38632984567  1.033129311770459E-17
8992.04807355824  1.107516175332250E-17
8995.70982664103  1.026307470540673E-17
8999.3715886728  9.873504069757531E-18
9003.03335923149  9.468919278809881E-18
9006.69513789427  1.042929168641559E-17
9010.35692423748  1.017253565145974E-17
9014.01871783667  1.004788366905106E-17
9017.68051826656  1.051935593869097E-17
9021.34232510107  1.108904432554298E-17
9025.0041379133  1.056155703918220E-17
9028.66595627553  1.045399295386765E-17
9032.32777975921  1.184259511023082E-17
9035.98960793498  1.168454984649338E-17
9039.65144037264  1.124600350113614E-17
9043.31327664116  1.025125098573090E-17
9046.97511630869  1.027190320408451E-17
9050.63695894251  1.077241282194748E-17
9054.2988041091  1.002842424514075E-17
9057.96065137407  1.026298454271996E-17
9061.62250030218  1.101317449257901E-17
9065.28435045738  9.918502695080416E-18
9068.94620140272  9.603287324693608E-18
9072.60805270043  1.044331653370142E-17
9076.26990391186  1.109400327331524E-17
9079.93175459752  1.245295100471839E-17
9083.59360431705  1.135136315011825E-17
9087.2554526292  1.167314633456873E-17
9090.9172990919  1.100532703010772E-17
9094.57914326215  1.150133347671595E-17
9098.24098469612  1.216116221645970E-17
9101.90282294909  1.272102617917642E-17
9105.56465757546  1.321641968495075E-17
9109.22648812874  1.368939163304122E-17
9112.88831416155  1.366206158560246E-17
9116.55013522563  1.264998211790607E-17
9120.21195087184  1.316771611766424E-17
9123.87376065011  1.262462572340887E-17
9127.5355641095  1.192295074365668E-17
9131.19736079817  1.220847860185896E-17
9134.85915026336  1.266880213120288E-17
9138.52093205142  1.341200819515014E-17
9142.18270570777  1.456484237023978E-17
9145.84447077693  1.456850347163094E-17
9149.50622680252  1.310580495753709E-17
9153.16797332721  1.446736078941163E-17
9156.82970989276  1.382673339322707E-17
9160.49143604003  1.438475853344208E-17
9164.15315130892  1.444281172319228E-17
9167.81485523842  1.421561498742601E-17
9171.47654736658  1.293635949059744E-17
9175.1382272305  1.198454592078983E-17
9178.79989436638  1.120569747142827E-17
9182.46154830945  1.283271706856700E-17
9186.12318859399  1.411689098131781E-17
9189.78481475335  1.395250372382392E-17
9193.44642631993  1.363068414342649E-17
9197.10802282516  1.497596602392966E-17
9200.76960379952  1.507959686543152E-17
9204.43116877255  1.349956609016949E-17
9208.09271727281  1.447515117642065E-17
9211.75424882789  1.442194691942124E-17
9215.41576296444  1.469021979004566E-17
9219.0772592081  1.433983435437433E-17
9222.73873708357  1.472273129684145E-17
9226.40019611456  1.497602888965621E-17
9230.0616358238  1.509036013956207E-17
9233.72305573304  1.307820111331559E-17
9237.38445536304  1.435715717076241E-17
9241.04583423359  1.373893396146885E-17
9244.70719186347  1.495504662623820E-17
9248.36852777047  1.461519616284833E-17
9252.0298414714  1.426574709563040E-17
9255.69113248204  1.382649930111372E-17
9259.35240031718  1.507823863486572E-17
9263.01364449064  1.447260842321766E-17
9266.67486451517  1.431845008117861E-17
9270.33605990255  1.427393122061100E-17
9273.99723016354  1.306818478327818E-17
9277.65837480787  1.364527809097376E-17
9281.31949334428  1.370061151086989E-17
9284.98058528044  1.374882952313683E-17
9288.64165012304  1.136699438215366E-17
9292.30268737771  1.237127601821552E-17
9295.96369654908  1.225190475683738E-17
9299.6246771407  1.157307815996512E-17
9303.28562865513  1.166417473364498E-17
9306.94655059386  1.200066022630297E-17
9310.60744245736  1.086551199989032E-17
9314.26830374502  1.024912430437602E-17
9317.92913395522  1.191427444621161E-17
9321.58993258527  8.878210578231675E-18
9325.25069913141  9.293288982430173E-18
9328.91143308885  9.046237430420799E-18
9332.57213395173  9.540008835013914E-18
9336.23280121312  1.055091536060171E-17
9339.89343436502  7.794891007459765E-18
9343.55403289839  9.565300709423336E-18
9347.21459630309  1.072318730369445E-17
9350.8751240679  9.764760424889471E-18
9354.53561568055  9.601462564262314E-18
9358.19607062766  9.691837009267409E-18
9361.85648839479  1.077980698944309E-17
9365.51686846641  8.489442307776652E-18
9369.17721032588  1.052482773844301E-17
9372.83751345549  1.015708722633970E-17
9376.49777733643  1.123218627618406E-17
9380.15800144878  1.132816817856165E-17
9383.81818527154  1.166385047884485E-17
9387.47832828259  1.090190050221715E-17
9391.1384299587  1.210272604208589E-17
9394.79848977554  1.102872217937255E-17
9398.45850720768  1.097103543063371E-17
9402.11848172854  1.015849426056165E-17
9405.77841281045  9.197820759212977E-18
9409.43829992461  1.129590648031085E-17
9413.0981425411  1.173359007628920E-17
9416.75794012886  1.043260454476886E-17
9420.41769215571  1.010550837924395E-17
9424.07739808835  1.010998094481603E-17
9427.73705739231  1.020540201873831E-17
9431.39666953201  1.180116990515417E-17
9435.05623397072  9.644425498097708E-18
9438.71575017057  7.752075311773408E-18
9442.37521759253  9.470778780826901E-18
9446.03463569643  1.134639510335925E-17
9449.69400394095  1.186298842105271E-17
9453.3533217836  1.008366336644704E-17
9457.01258868075  9.766023529684842E-18
9460.67180408758  1.117240179741179E-17
9464.33096745814  1.188252394557937E-17
9467.99007824529  9.567919563242679E-18
9471.64913590072  9.813758468474052E-18
9475.30813987495  7.124490899487589E-18
9478.96708961733  7.944932471590147E-18
9482.62598457603  1.141795532533183E-17
9486.28482419802  1.224439891995907E-17
9489.9436079291  1.210491145326425E-17
9493.60233521389  1.071311472537539E-17
9497.2610054958  1.044806868632054E-17
9500.91961821707  8.060762572765947E-18
9504.5781728187  1.184518749427057E-17
9508.23666874055  8.561199398735016E-18
9511.89510542123  1.209400755842958E-17
9515.55348229816  1.155935771514471E-17
9519.21179880755  1.048277056737837E-17
9522.87005438442  1.167780005269495E-17
9526.52824846254  1.228735358198834E-17
9530.18638047448  1.094839384290691E-17
9533.84444985161  1.278668529465903E-17
9537.50245602403  1.182824683532548E-17
9541.16039842066  1.172113852652844E-17
9544.81827646917  1.362544478142658E-17
9548.47608959601  1.367970948397128E-17
9552.13383722637  1.217936101711647E-17
9555.79151878423  1.236340043160340E-17
9559.44913369232  1.284840124016162E-17
9563.10668137213  9.761178732837116E-18
9566.76416124389  1.038734122164996E-17
9570.4215727266  8.551121030151669E-18
9574.07891523801  1.270962763033543E-17
9577.73618819459  1.229671395779999E-17
9581.39339101157  1.144756756408062E-17
9585.05052310292  1.050257988868778E-17
9588.70758388134  1.046611197702216E-17
9592.36457275829  1.008387926058692E-17
9596.02148914391  1.093406872905872E-17
9599.6783324471  1.149343142032423E-17
9603.3351020755  1.223437183657370E-17
9606.99179743544  1.246139900031439E-17
9610.64841793198  1.289776241603511E-17
9614.30496296891  1.189586967758230E-17
9617.96143194871  1.029919520121509E-17
9621.61782427259  9.738107011191788E-18
9625.27413934047  1.084610634271983E-17
9628.93037655094  1.009216761032470E-17
9632.58653530134  9.210794259940261E-18
9636.24261498767  1.053999905805784E-17
9639.89861500466  1.094528612534555E-17
9643.5545347457  9.060156398588226E-18
9647.21037360289  1.027856945264107E-17
9650.86613096701  8.303069416781719E-18
9654.52180622753  9.711616552074778E-18
9658.1773987726  1.167706551631100E-17
9661.83290798904  9.346821630132767E-18
9665.48833326236  9.573090269251746E-18
9669.14367397673  1.037865168931509E-17
9672.79892951499  1.134947965986346E-17
9676.45409925867  1.155750979365626E-17
9680.10918258793  1.111663741641652E-17
9683.76417888161  1.350045696368921E-17
9687.41908751722  1.146348500060797E-17
9691.07390787089  1.082726564990771E-17
9694.72863931744  1.034343116601319E-17
9698.38328123032  8.888849775270333E-18
9702.03783298161  9.583078475148326E-18
9705.69229394209  8.486594324927633E-18
9709.34666348112  1.239829090984089E-17
9713.00094096672  1.196774009228459E-17
9716.65512576556  9.143422053409040E-18
9720.30921724293  8.684229279962478E-18
