3616.29461615255  2.687626563088654E-14
3619.23510809319  -2.491115935765193E-14
3622.17710354934  -9.385801834902505E-15
3625.12059984244  -8.772488147685240E-15
3628.06559429763  -3.267631187874910E-15
3631.0120842438  2.146974834921949E-15
3633.96006701357  8.339269758680240E-15
3636.90953994326  5.743225160178373E-15
3639.86050037294  7.067798342435703E-15
3642.81294564638  5.918995084645482E-15
3645.76687311108  -1.386117008018051E-15
3648.72228011825  1.299685660201104E-15
3651.6791640228  -1.732413193613171E-15
3654.63752218335  -1.345057932932846E-15
3657.59735196224  -4.805010386701569E-16
3660.55865072549  -1.255911950399067E-15
3663.52141584283  4.869380655528160E-15
3666.48564468768  -9.800800121695591E-16
3669.45133463717  -1.767193742855972E-15
3672.4184830721  4.373475422739677E-16
3675.38708737695  1.292900502777123E-15
3678.3571449399  5.426637808175250E-16
3681.32865315282  4.044816911561003E-17
3684.30160941123  -8.705123035054956E-17
3687.27601111435  -1.810935000708217E-16
3690.25185566505  -1.730136428607955E-17
3693.22914046988  -1.539251962203258E-16
3696.20786293906  -3.990181102706285E-16
3699.18802048647  1.814882968335810E-16
3702.16961052964  4.501196940052640E-17
3705.15263048978  1.021109599920288E-16
3708.13707779172  3.302858335239151E-16
3711.12294986398  -1.121765701416069E-16
3714.1102441387  -5.559275094432496E-17
3717.09895805168  5.265421828800992E-17
3720.08908904235  -2.148260677257995E-17
3723.08063455379  -2.972940061074785E-18
3726.0735920327  -1.266334273916003E-17
3729.06795892945  -1.427470049858068E-17
3732.063732698  -6.776958409748946E-17
3735.06091079596  6.811143468360048E-17
3738.05949068456  5.720456861616618E-17
3741.05946982865  -5.021916069205387E-17
3744.06084569669  4.899317314513188E-17
3747.06361576078  -5.883028292229829E-17
3750.06777749661  -2.616799764445794E-17
3753.07332838349  5.026663258740828E-18
3756.08026590434  1.274620224830008E-17
3759.08858754567  -1.589776617239140E-17
3762.0982907976  3.129188192213397E-17
3765.10937315385  4.086253200857869E-18
3768.12183211175  -1.242942991720529E-18
3771.13566517218  1.464597886216388E-17
3774.15086983965  -3.911588637843314E-18
3777.16744362223  1.493456232554893E-17
3780.18538403161  1.287456082703360E-17
3783.20468858301  -1.089549564273415E-17
3786.22535479525  -9.338496884448034E-18
3789.24738019075  7.339910237692325E-18
3792.27076229546  7.427040170142253E-19
3795.29549863893  -5.077723463592502E-18
3798.32158675426  4.494802668481484E-18
3801.34902417811  -6.720678281641757E-18
3804.3778084507  -9.007083663306213E-18
3807.40793711583  7.750566534336112E-18
3810.43940772083  -2.254105839900637E-18
3813.47221781658  3.452574328613911E-18
3816.50636495752  -3.743182006355455E-19
3819.54184670164  -2.837233430164794E-18
3822.57866061045  1.984911903664136E-18
3825.61680424901  6.806375020282863E-18
3828.65627518593  -3.334873558482822E-18
3831.69707099333  3.486968705279019E-18
3834.73918924688  7.248330590534740E-18
3837.78262752577  -2.183612577520679E-19
3840.82738341271  -1.334956391711820E-18
3843.87345449392  4.179460739460955E-18
3846.92083835918  -1.418587143375499E-18
3849.96953260174  5.087605376780367E-19
3853.0195348184  2.891381707038282E-18
3856.07084260943  3.875866687993847E-19
3859.12345357863  -1.244830928071105E-18
3862.17736533332  1.867019434426088E-18
3865.23257548429  -2.626565003808258E-18
3868.28908164584  -3.881044580134488E-19
3871.34688143577  -2.609568975460919E-19
3874.40597247537  7.630503853363455E-19
3877.46635238941  2.500650536989670E-18
3880.52801880615  -1.691239392506113E-19
3883.59096935734  2.763098401740495E-18
3886.65520167821  1.161205242888678E-18
3889.72071340746  2.178390482916055E-18
3892.78750218727  9.465669699773469E-19
3895.85556566329  4.293218856599887E-19
3898.92490148462  2.721490389748466E-19
3901.99550730387  8.553741331537086E-19
3905.06738077707  2.682973965295852E-18
3908.14051956372  -5.059694234961296E-19
3911.21492132679  3.838922216897815E-19
3914.2905837327  6.502050103045776E-19
3917.36750445131  7.858824313991873E-19
3920.44568115593  3.316515784052067E-19
3923.52511152332  4.209321804477755E-19
3926.60579323369  8.833346990143787E-19
3929.68772397066  1.503228296157411E-18
3932.77090142133  1.292404980231174E-18
3935.85532327618  1.119325398667848E-18
3938.94098722918  -4.396575461879300E-20
3942.02789097767  1.295753200555635E-18
3945.11603222245  2.939139121875699E-20
3948.20540866773  1.474768113206758E-18
3951.29601802115  1.324821568051667E-18
3954.38785799373  1.862438921784076E-18
3957.48092629995  1.186754990854064E-18
3960.57522065767  1.254374214195706E-18
3963.67073878815  5.276057282847378E-19
3966.76747841609  1.620513201235538E-18
3969.86543726955  1.724844974908969E-18
3972.96461308  1.377439664189508E-18
3976.06500358233  1.065615217326285E-18
3979.16660651479  1.762766759898733E-18
3982.26941961903  1.564571803589190E-18
3985.37344064008  6.078754900232484E-19
3988.47866732637  -2.395929678235610E-19
3991.5850974297  1.579886432245150E-18
3994.69272870523  2.014237524330673E-18
3997.80155891152  1.767279650525669E-18
4000.9115858105  2.016606776400177E-18
4004.02280716745  1.312301879287947E-18
4007.13522075102  6.598134886012053E-19
4010.24882433323  8.196380178362511E-19
4013.36361568946  6.479264379097237E-19
4016.47959259844  1.658625547958919E-18
4019.59675284226  1.393200660183516E-18
4022.71509420635  1.312798601245785E-18
4025.83461447949  8.443208805196803E-19
4028.95531145382  1.877648084911935E-18
4032.07718292481  1.573538131236535E-18
4035.20022669126  1.854650602726583E-18
4038.32444055532  1.703153197320532E-18
4041.44982232247  1.830200177795280E-18
4044.57636980151  1.120643097383645E-18
4047.70408080458  1.605392236240493E-18
4050.83295314713  9.699954132618392E-19
4053.96298464795  1.889702381183517E-18
4057.09417312913  1.210582652181689E-18
4060.22651641608  2.346470895049840E-18
4063.36001233754  1.758029289735489E-18
4066.49465872553  8.125156308706515E-19
4069.63045341539  1.742540746355739E-18
4072.76739424576  1.180270205044377E-18
4075.9054790586  2.699173470412091E-18
4079.04470569913  2.003866954195943E-18
4082.18507201591  1.899758829480631E-18
4085.32657586074  1.396182129303887E-18
4088.46921508876  9.737594986392618E-19
4091.61298755835  1.346953095533253E-18
4094.75789113121  1.165450333792301E-18
4097.9039236723  1.062865048584699E-18
4101.05108304986  1.798358273705358E-18
4104.1993671354  2.482837616088647E-18
4107.3487738037  2.246691613275172E-18
4110.49930093283  1.590141714082006E-18
4113.6509464041  1.265829114715917E-18
4116.80370810208  1.670460641368175E-18
4119.95758391463  2.282722153191909E-18
4123.11257173283  1.883967744791840E-18
4126.26866945103  2.006484360449213E-18
4129.42587496683  1.874457442494165E-18
4132.58418618108  2.255958310882450E-18
4135.74360099787  2.019012217621482E-18
4138.90411732453  1.666898594855368E-18
4142.06573307163  2.710706849692918E-18
4145.22844615298  1.873268163568467E-18
4148.39225448561  1.795922433596543E-18
4151.5571559898  2.041293154601210E-18
4154.72314858903  1.683819401465753E-18
4157.89023021003  1.815646968893176E-18
4161.05839878274  1.665341737544967E-18
4164.22765224031  1.508796669245964E-18
4167.39798851911  1.982810451317946E-18
4170.56940555873  1.473137430026687E-18
4173.74190130196  1.441071876978645E-18
4176.91547369481  1.672420232239313E-18
4180.09012068646  2.149264005981991E-18
4183.26584022933  1.800584423528892E-18
4186.44263027902  1.902170681351682E-18
4189.62048879431  1.818784464956589E-18
4192.7994137372  1.736667557211460E-18
4195.97940307285  1.655761538485531E-18
4199.16045476962  1.576064547622425E-18
4202.34256679906  1.497505550487039E-18
4205.52573713588  1.382072702800417E-18
4208.70996375799  1.630977346177064E-18
4211.89524464644  1.626457734707651E-18
4215.0815777855  1.312068717752784E-18
4218.26896116255  1.602801609959553E-18
4221.45739276819  2.008675355096713E-18
4224.64687059613  1.683391438896334E-18
4227.83739264329  1.461686665409538E-18
4231.0289569097  1.539902589385868E-18
4234.22156139857  1.122341402578793E-18
4237.41520411626  1.328083864990000E-18
4240.60988307226  1.576983441885395E-18
4243.80559627922  1.478919112315702E-18
4247.00234175292  1.429192632804194E-18
4250.2001175123  1.955648528338695E-18
4253.3989215794  1.439171739714034E-18
4256.59875197942  1.273238791848014E-18
4259.79960674068  1.410555012832456E-18
4263.00148389463  1.452455019580717E-18
4266.20438147583  1.145409505308942E-18
4269.40829752199  1.340860806924224E-18
4272.61323007391  1.706225759705860E-18
4275.81917717551  1.580153404787851E-18
4279.02613687382  2.468054450976254E-18
4282.234107219  1.633990971943748E-18
4285.44308626429  1.749057275221432E-18
4288.65307206604  1.582664311537256E-18
4291.86406268371  1.019231995055563E-18
4295.07605617985  2.262742432676303E-18
4298.28905062009  1.306886327817562E-18
4301.50304407318  1.434453398102455E-18
4304.71803461094  1.526034182633380E-18
4307.93402030827  1.425418828054574E-18
4311.15099924317  1.512977033266654E-18
4314.3689694967  1.573675339820643E-18
4317.58792915301  1.796520278384266E-18
4320.80787629932  1.475134347422966E-18
4324.02880902591  1.914183205002331E-18
4327.25072542616  1.905277364937278E-18
4330.47362359646  1.649999605133640E-18
4333.69750163632  1.804638022120708E-18
4336.92235764827  1.697279491188369E-18
4340.1481897379  2.412184811248043E-18
4343.37499601388  2.238713663062251E-18
4346.60277458789  2.446137887056354E-18
4349.83152357469  2.495431027324461E-18
4353.06124109206  2.223491678634897E-18
4356.29192526084  2.469454247367846E-18
4359.52357420489  2.579365044080217E-18
4362.75618605112  2.718894696986274E-18
4365.98975892947  3.013658026727707E-18
4369.2242909729  2.939955613763773E-18
4372.45978031741  2.531668775984643E-18
4375.69622510201  2.936538117063011E-18
4378.93362346873  3.099515858793109E-18
4382.17197356263  2.226279070504047E-18
4385.41127353177  3.058912250859871E-18
4388.65152152724  3.046170153908951E-18
4391.89271570312  3.215753139625439E-18
4395.1348542165  3.015874250383890E-18
4398.37793522748  3.025893475553439E-18
4401.62195689916  2.829037104270160E-18
4404.86691739762  3.104337908173986E-18
4408.11281489195  2.944396539677418E-18
4411.35964755423  3.232063280148606E-18
4414.60741355952  2.675176547251621E-18
4417.85611108586  2.279439280135839E-18
4421.1057383143  2.736673703482183E-18
4424.35629342885  3.048802656208400E-18
4427.60777461648  3.050869366968865E-18
4430.86018006716  3.175646874035499E-18
4434.11350797381  3.051387182032323E-18
4437.36775653233  2.857030964150486E-18
4440.62292394159  3.891511310015427E-18
4443.87900840341  3.913853871950791E-18
4447.13600812257  3.127400737627731E-18
4450.39392130679  2.436964040472835E-18
4453.65274616678  2.837715056076453E-18
4456.91248091617  3.018677151889527E-18
4460.17312377155  3.309058078745654E-18
4463.43467295244  2.699947711465440E-18
4466.69712668131  2.776592199073073E-18
4469.96048318356  2.977171089907994E-18
4473.22474068756  3.234375870346151E-18
4476.48989742455  3.114325493685105E-18
4479.75595162876  3.108211181392266E-18
4483.02290153729  2.538370386512394E-18
4486.29074539022  2.895110637239671E-18
4489.5594814305  2.647078255818961E-18
4492.82910790403  2.992532661063716E-18
4496.09962305962  3.329375909336640E-18
4499.37102514896  2.995431308725255E-18
4502.64331242669  3.294990218067965E-18
4505.91648315034  2.627979069065418E-18
4509.19053558032  2.693626397224310E-18
4512.46546797999  2.671478429528050E-18
4515.74127861555  2.814488238066271E-18
4519.01796575613  3.210385357835428E-18
4522.29552767373  2.409085365492807E-18
4525.57396264327  2.939528374977390E-18
4528.85326894251  3.410168294125920E-18
4532.13344485212  3.164239846593239E-18
4535.41448865565  2.616748231093632E-18
4538.69639863951  2.877529740500468E-18
4541.979173093  3.145332772536962E-18
4545.26281030828  2.907718524136204E-18
4548.54730858037  3.104425175728611E-18
4551.83266620717  3.066535754180313E-18
4555.11888148943  2.512544773812724E-18
4558.40595273077  2.997326586303767E-18
4561.69387823764  3.445949025497668E-18
4564.98265631938  3.019966726464497E-18
4568.27228528814  2.996645609864483E-18
4571.56276345895  3.398093938724484E-18
4574.85408914966  2.735951161217117E-18
4578.14626068097  3.315362228989074E-18
4581.43927637642  3.723087411132280E-18
4584.73313456238  3.530032555149142E-18
4588.02783356804  3.469698001269525E-18
4591.32337172545  3.261269580011781E-18
4594.61974736946  3.040947335521292E-18
4597.91695883775  2.932382361665545E-18
4601.21500447081  3.008693909076624E-18
4604.51388261197  3.297731287822811E-18
4607.81359160735  3.254393641169934E-18
4611.1141298059  3.116990462823598E-18
4614.41549555936  3.991703975301220E-18
4617.7176872223  3.435242620034241E-18
4621.02070315206  3.033448943268499E-18
4624.3245417088  2.957953202736549E-18
4627.62920125548  3.047570570686004E-18
4630.93468015784  3.209385710065158E-18
4634.24097678441  3.301411000777754E-18
4637.54808950653  3.359752049381119E-18
4640.85601669829  3.387053145498432E-18
4644.16475673658  3.309495036904236E-18
4647.47430800108  3.723238371594072E-18
4650.78466887422  3.134760370332768E-18
4654.09583774122  3.149957332546593E-18
4657.40781299008  2.978535317533246E-18
4660.72059301153  3.502525904649611E-18
4664.0341761991  2.972035952665264E-18
4667.34856094906  2.973189869619776E-18
4670.66374566044  3.300136729044116E-18
4673.97972873505  3.463010246017033E-18
4677.29650857742  3.425277988785120E-18
4680.61408359483  3.090581480996923E-18
4683.93245219734  3.193751582897600E-18
4687.25161279771  3.307997633200361E-18
4690.57156381147  3.321796246588665E-18
4693.89230365688  3.545045469676673E-18
4697.21383075493  3.616984126779492E-18
4700.53614352934  3.479548481594112E-18
4703.85924040656  3.474171394022212E-18
4707.18311981577  2.868139999777073E-18
4710.50778018888  3.345635591842442E-18
4713.8332199605  3.683950187629946E-18
4717.15943756796  3.725703369819480E-18
4720.48643145132  3.790937728057554E-18
4723.81420005334  3.430223081282115E-18
4727.14274181949  3.513929002983960E-18
4730.47205519793  3.469320186524741E-18
4733.80213863955  3.507781396671467E-18
4737.13299059792  3.140702835853349E-18
4740.46460952931  3.619501650973795E-18
4743.79699389269  3.620093498702077E-18
4747.13014214969  3.028942463291310E-18
4750.46405276468  3.351212650327429E-18
4753.79872420467  3.581730929843401E-18
4757.13415493936  3.268961739323064E-18
4760.47034344114  3.273023816516160E-18
4763.80728818508  3.304620461554459E-18
4767.1449876489  3.320558784392285E-18
4770.48344031301  3.078221127898696E-18
4773.82264466046  2.998205052114299E-18
4777.16259917701  3.459698835229830E-18
4780.50330235103  3.011002570166260E-18
4783.84475267358  3.040855104882991E-18
4787.18694863836  2.805878528660512E-18
4790.52988874173  3.126766290097902E-18
4793.87357148269  3.196206448160503E-18
4797.2179953629  3.086627350873767E-18
4800.56315888664  2.581175949236249E-18
4803.90906056087  2.687386560273517E-18
4807.25569889513  2.890893463681722E-18
4810.60307240165  2.399576303966050E-18
4813.95117959525  3.215504365056212E-18
4817.3000189934  3.154181123549441E-18
4820.6495891162  3.063850105526507E-18
4823.99988848635  3.183243080395726E-18
4827.35091562918  2.358901558500133E-18
4830.70266907265  3.008012105456727E-18
4834.05514734732  2.759076856397415E-18
4837.40834898635  2.648053294966008E-18
4840.76227252552  2.829254859566415E-18
4844.11691650323  2.862606575069399E-18
4847.47227946045  3.118605739764761E-18
4850.82835994077  2.777437577659102E-18
4854.18515649038  2.888306249520809E-18
4857.54266765804  2.651911885728415E-18
4860.90089199511  2.814284751635582E-18
4864.25982805556  3.103600683453049E-18
4867.6194743959  2.523897414129708E-18
4870.97982957526  2.483971473913304E-18
4874.34089215534  2.240244981171240E-18
4877.70266070038  2.796188934965066E-18
4881.06513377725  3.629754554666391E-18
4884.42830995535  3.654809441830317E-18
4887.79218780664  2.710319729166243E-18
4891.15676590568  2.927832454706196E-18
4894.52204282957  2.724108209592043E-18
4897.88801715795  2.684907086387389E-18
4901.25468747304  2.812359695555018E-18
4904.62205235961  2.641979928113491E-18
4907.99011040497  2.573383287480540E-18
4911.35886019896  3.181459885790216E-18
4914.728300334  2.793026209892970E-18
4918.09842940503  2.592755650631378E-18
4921.46924600951  3.046910066966880E-18
4924.84074874746  2.796116349866315E-18
4928.21293622143  2.580740438643740E-18
4931.58580703648  2.912045092330163E-18
4934.9593598002  2.751644225003320E-18
4938.33359312272  2.610513564021666E-18
4941.70850561666  2.597199678472319E-18
4945.08409589718  2.559164466341059E-18
4948.46036258195  2.763545286066427E-18
4951.83730429114  2.730298829296389E-18
4955.21491964743  2.384817540681726E-18
4958.59320727601  3.002172830717562E-18
4961.97216580457  2.515734175459575E-18
4965.3517938633  2.694693046624197E-18
4968.73209008487  2.777206587473047E-18
4972.11305310446  3.050290960925537E-18
4975.49468155974  2.806792356442231E-18
4978.87697409086  2.896157847895164E-18
4982.25992934046  2.692192479632450E-18
4985.64354595364  2.605017155646405E-18
4989.02782257801  2.802367767345685E-18
4992.41275786363  3.187899693654094E-18
4995.79835046304  2.838189650952906E-18
4999.18459903125  2.979686546150768E-18
5002.57150222574  3.196572475581560E-18
5005.95905870645  3.290221521836597E-18
5009.34726713578  3.187065895596640E-18
5012.73612617857  3.432586749882486E-18
5016.12563450215  3.640204327344773E-18
5019.51579077628  3.793932121874997E-18
5022.90659367315  3.062472849806606E-18
5026.29804186744  3.356608969848571E-18
5029.69013403623  3.095863442798381E-18
5033.08286885907  3.203154558510796E-18
5036.47624501793  3.233023223249473E-18
5039.87026119722  3.229644604037501E-18
5043.26491608377  3.525732456734785E-18
5046.66020836685  4.086096036541484E-18
5050.05613673816  3.551072307619735E-18
5053.45269989179  3.521903851269582E-18
5056.8498965243  3.438751520192691E-18
5060.24772533462  3.801032640253152E-18
5063.64618502412  4.045471542297779E-18
5067.04527429656  3.632601710334798E-18
5070.44499185812  3.357435116485358E-18
5073.84533641739  3.961793537941607E-18
5077.24630668535  4.289460871679482E-18
5080.64790137538  3.678687664572884E-18
5084.05011920325  4.003312214427482E-18
5087.45295888713  3.870510021443319E-18
5090.85641914759  3.889641881831058E-18
5094.26049870757  4.126345404377395E-18
5097.66519629239  3.868904050284047E-18
5101.07051062977  3.913726486136457E-18
5104.47644044979  4.144071884904406E-18
5107.88298448491  4.220713890970200E-18
5111.29014146997  3.926320724552883E-18
5114.69791014217  4.072924012467189E-18
5118.10628924107  3.835328375630214E-18
5121.5152775086  4.163340230093217E-18
5124.92487368906  4.095567668145522E-18
5128.33507652909  3.945079940074668E-18
5131.74588477769  4.052728811402012E-18
5135.15729718622  4.276007606196920E-18
5138.56931250837  4.139718846930845E-18
5141.9819295002  4.089248835446229E-18
5145.39514692009  3.934530078542167E-18
5148.80896352876  4.429333804539749E-18
5152.22337808928  4.291148320129090E-18
5155.63838936706  4.294264309496579E-18
5159.0539961298  4.212882972111160E-18
5162.47019714758  4.067951002624520E-18
5165.88699119276  4.596365972042277E-18
5169.30437704005  4.572496848286446E-18
5172.72235346647  4.396528235036202E-18
5176.14091925136  4.006663123088934E-18
5179.56007317635  4.099864044247122E-18
5182.97981402542  4.228695356700725E-18
5186.40014058482  4.098012400445922E-18
5189.82105164313  4.153169630871570E-18
5193.24254599121  4.503050072778944E-18
5196.66462242223  4.459874139935819E-18
5200.08727973165  4.133713515683710E-18
5203.51051671724  3.954538336788906E-18
5206.93433217902  4.308787533101478E-18
5210.35872491934  4.018080697084005E-18
5213.7836937428  4.278096237243617E-18
5217.2092374563  4.073937722307872E-18
5220.63535486902  3.884878562273670E-18
5224.06204479238  3.691182227725498E-18
5227.48930604013  3.979225542170551E-18
5230.91713742823  3.870510021443319E-18
5234.34553777494  3.561767752940045E-18
5237.77450590078  3.751237194558072E-18
5241.20404062851  3.778336458605922E-18
5244.63414078317  3.171725210751385E-18
5248.06480519204  3.493424022779382E-18
5251.49603268466  3.525164183653962E-18
5254.92782209281  3.254122946314476E-18
5258.36017225051  3.241524778790140E-18
5261.79308199404  3.427241715559321E-18
5265.22655016191  3.207025350187238E-18
5268.66057559486  3.054958534327021E-18
5272.09515713586  3.397243803849933E-18
5275.53029363013  3.858285532760703E-18
5278.9659839251  3.458166483145075E-18
5282.40222687044  3.181125084437284E-18
5285.83902131802  3.543264963408152E-18
5289.27636612194  3.469549108759264E-18
5292.71426013852  3.218001002940051E-18
5296.15270222628  3.250854755714279E-18
5299.59169124596  3.276368107732712E-18
5303.03122606052  3.152803454239234E-18
5306.47130553508  3.306310598341059E-18
5309.91192853701  2.985343220769711E-18
5313.35309393584  3.410757246722057E-18
5316.79480060332  3.105675872814792E-18
5320.23704741338  2.860711504286040E-18
5323.67983324215  3.045925308447636E-18
5327.12315696792  3.272311820803905E-18
5330.5670174712  3.303851803970245E-18
5334.01141363464  3.102407268624288E-18
5337.45634434311  2.776584340857253E-18
5340.90180848362  3.089076012282077E-18
5344.34780494536  3.054969080879831E-18
5347.79433261969  2.808316023130553E-18
5351.24139040015  2.823829795518986E-18
5354.68897718242  2.398212696726257E-18
5358.13709186435  2.907907534906172E-18
5361.58573334595  2.503060114114037E-18
5365.03490052937  2.827406731282817E-18
5368.48459231892  3.084503564651037E-18
5371.93480762107  3.187866399634438E-18
5375.38554534441  3.275656318815611E-18
5378.83680439969  2.930834913534610E-18
5382.28858369978  3.010381977911691E-18
5385.74088215971  3.026955575459957E-18
5389.19369869664  3.123989031191256E-18
5392.64703222983  3.164542387902280E-18
5396.10088168069  3.080389168284198E-18
5399.55524597277  3.037996368686008E-18
5403.01012403171  2.677046182231144E-18
5406.46551478528  2.979368702000395E-18
5409.92141716338  3.076475983601363E-18
5413.37783009799  2.750844961736441E-18
5416.83475252324  2.901196825391683E-18
5420.29218337533  2.801202269862597E-18
5423.75012159258  2.974091703282612E-18
5427.20856611541  2.399801297092665E-18
5430.66751588633  2.785108023479306E-18
5434.12696984997  2.713276072675507E-18
5437.58692695301  2.817507033711783E-18
5441.04738614426  2.921434005872946E-18
5444.50834637458  2.458829732785062E-18
5447.96980659694  2.828926882453537E-18
5451.43176576638  2.985992971140872E-18
5454.89422284001  2.542709155620388E-18
5458.35717677702  2.864987407667480E-18
5461.82062653868  3.079770643981162E-18
5465.28457108832  4.356230477134457E-18
5468.74900939132  4.478460061119274E-18
5472.21394041515  4.818289017813209E-18
5475.67936312933  2.977861992514629E-18
5479.14527650541  2.772718305469334E-18
5482.61167951704  2.806191202932057E-18
5486.07857113989  2.715785738653994E-18
5489.54595035167  3.014838827052127E-18
5493.01381613216  2.924013775408345E-18
5496.48216746316  2.879359670810589E-18
5499.95100332854  3.092193242420483E-18
5503.42032271416  3.004080516005263E-18
5506.89012460794  3.116396547143784E-18
5510.36040799983  2.889079870188700E-18
5513.83117188181  3.168326325614405E-18
5517.30241524787  3.356978719582382E-18
5520.77413709402  3.379359331825924E-18
5524.24633641831  2.850251185054848E-18
5527.71901222078  3.281205873545228E-18
5531.1921635035  3.743127102242296E-18
5534.66578927053  3.226495941035818E-18
5538.13988852796  3.144725001581888E-18
5541.61446028386  3.377578618762250E-18
5545.08950354832  3.166552023200478E-18
5548.56501733342  3.147592629970456E-18
5552.04100065323  3.165588150991700E-18
5555.51745252381  3.172049465551505E-18
5558.99437196321  3.127263425646047E-18
5562.47175799148  3.130233831225725E-18
5565.94960963063  3.036738226974315E-18
5569.42792590467  2.759004271298664E-18
5572.90670583957  3.528328563087283E-18
5576.38594846328  4.391948963165109E-18
5579.86565280573  4.782136261960967E-18
5583.3458178988  4.650426360975679E-18
5586.82644277635  2.868614181063219E-18
5590.30752647419  3.149418217582361E-18
5593.78906803011  2.824257241100522E-18
5597.27106648382  2.701996224252428E-18
5600.75352087702  2.732440193107136E-18
5604.23643025334  2.529538165521860E-18
5607.71979365836  2.919092050763655E-18
5611.20361013961  2.806671794867951E-18
5614.68787874656  2.418223436514834E-18
5618.1725985306  3.053472297561417E-18
5621.65776854508  2.534650968888050E-18
5625.14338784528  2.792211850579912E-18
5628.62945548839  3.049068801570490E-18
5632.11597053356  3.305212929668201E-18
5635.60293204182  3.560702344311077E-18
5639.09033907615  3.815488035047822E-18
5642.57819070145  2.547327511775426E-18
5646.06648598452  2.675465233285402E-18
5649.55522399408  2.626732714677453E-18
5653.04440380075  2.454003340705968E-18
5656.53402447708  2.922437375955972E-18
5660.02408509748  2.828179524770095E-18
5663.51458473831  3.031780519972979E-18
5667.00552247778  2.715373182323483E-18
5670.49689739604  2.708350625718061E-18
5673.9887085751  2.626829494809121E-18
5677.48095509886  2.994751986647195E-18
5680.97363605311  2.726107505132584E-18
5684.46675052553  2.851594733164787E-18
5687.96029760568  2.890430656128998E-18
5691.45427638498  3.220393002476402E-18
5694.94868595673  3.254649239979213E-18
5698.44352541611  3.399912702096335E-18
5701.93879386016  2.824795322088988E-18
5705.4344903878  2.965512599559518E-18
5708.93061409977  3.103102100338832E-18
5712.42716409871  3.170204439195206E-18
5715.92413948911  3.302548374120015E-18
5719.42153937729  3.167988629129329E-18
5722.91936287145  3.336181331031268E-18
5726.41760908161  3.432617975950609E-18
5729.91627711965  3.537070207800744E-18
5733.41536609929  3.177921207129713E-18
5736.91487513609  3.320040348943367E-18
5740.41480334742  3.351768515699065E-18
5743.91514985252  3.348691197025214E-18
5747.41591377244  3.092026772322207E-18
5750.91709423006  3.506369399365838E-18
5754.41869035007  3.482746775432548E-18
5757.92070125899  3.677580069732677E-18
5761.42312608518  3.598498708040462E-18
5764.92596395878  3.722734618601027E-18
5768.42921401175  3.624142547800525E-18
5771.93287537788  3.677402639491283E-18
5775.43694719273  3.712857668496838E-18
5778.9414285937  3.731274017654718E-18
5782.44631871996  3.759142973262548E-18
5785.9516167125  3.724313706390391E-18
5789.45732171409  3.911377293196807E-18
5792.96343286928  3.691642140146078E-18
5796.46994932444  3.773031335747313E-18
5799.9768702277  3.785612752864245E-18
5803.48419472898  3.880641743176175E-18
5806.99192197997  3.507373183039170E-18
5810.50005113416  3.760372163652802E-18
5814.00858134678  3.614543116791846E-18
5817.51751177486  4.252969385366400E-18
5821.02684157718  3.781985565878200E-18
5824.5365699143  4.078808161754584E-18
5828.04669594852  3.826166109575270E-18
5831.55721884391  3.947644613563889E-18
5835.06813776629  3.853552818885981E-18
5838.57945188325  3.862632366879670E-18
5842.09116036412  3.685174828526831E-18
5845.60326237996  3.649766948816192E-18
5849.1157571036  4.095909293738506E-18
5852.62864370959  3.680162527605066E-18
5856.14192137423  3.937255638660528E-18
5859.65558927555  3.930895033340301E-18
5863.16964659332  4.283674329704368E-18
5866.68409250902  4.337869962667923E-18
5870.19892620588  3.894357638503223E-18
5873.71414686884  3.782210559004814E-18
5877.22975368456  4.249748757651425E-18
5880.74574584142  3.987006416602531E-18
5884.26212252951  3.619674118131514E-18
5887.77888294064  4.072447556434358E-18
5891.29602626832  3.231529541858357E-18
5894.81355170777  3.469263524652780E-18
5898.33145845591  4.033160199650846E-18
5901.84974571136  3.883249843647554E-18
5905.36841267445  3.826206641425285E-18
5908.88745854717  3.810536531901081E-18
5912.40688253323  3.219735807479728E-18
5915.92668383802  3.424719021486188E-18
5919.44686166861  3.749455861108940E-18
5922.96741523377  3.439098315664504E-18
5926.48834374392  3.575397207893082E-18
5930.00964641118  3.525768025501125E-18
5933.53132244933  3.132727367182266E-18
5937.05337107383  3.400896840230119E-18
5940.57579150179  3.454728720519306E-18
5944.098582952  2.848621432452965E-18
5947.62174464491  3.380837710375709E-18
5951.14527580262  3.736267293422395E-18
5954.6691756489  3.139463098910284E-18
5958.19344340915  3.700672057303012E-18
5961.71807831043  3.035446791242967E-18
5965.24307958146  3.465842719229568E-18
5968.76844645259  3.354400397613055E-18
5972.29417815581  3.108267222878766E-18
5975.82027392475  3.178542626564893E-18
5979.34673299468  3.624576404031809E-18
5982.87355460248  3.100118666664507E-18
5986.40073798669  3.472476914537396E-18
5989.92828238746  3.262849288186604E-18
5993.45618704656  3.090277078531504E-18
5996.98445120739  3.420715260526278E-18
6000.51307411496  3.127148447540902E-18
6004.04205501589  3.209497379447852E-18
6007.57139315841  3.261766715559925E-18
6011.10108779238  3.159664917420361E-18
6014.63113816924  3.474605663843801E-18
6018.16154354205  3.146889526449786E-18
6021.69230316545  3.347715123902401E-18
6025.2234162957  3.423467290424242E-18
6028.75488219063  3.230890958425465E-18
6032.28670010967  3.159601224513195E-18
6035.81886931385  3.252105246005306E-18
6039.35138906577  3.517530133780710E-18
6042.88425862961  3.385335298161313E-18
6046.41747727113  3.181696045855098E-18
6049.95104425769  3.220649014875987E-18
6053.48495885818  3.145715343570266E-18
6057.01922034309  3.145359449111717E-18
6060.55382798447  3.411678519129289E-18
6064.08878105593  3.310506678793387E-18
6067.62407883265  3.302405892259503E-18
6071.15972059136  3.320992020238111E-18
6074.69570561035  3.223463290115045E-18
6078.23203316945  3.470009021179845E-18
6081.76870255005  3.296100914835470E-18
6085.30571303509  3.058317714794598E-18
6088.84306390904  3.109628555371876E-18
6092.38075445793  3.280198160763985E-18
6095.91878396931  3.030943826783381E-18
6099.45715173227  3.220016221707384E-18
6102.99585703743  3.397990747943068E-18
6106.53489917694  3.651461841891314E-18
6110.07427744448  3.028455667500822E-18
6113.61399113525  3.360774444618235E-18
6117.15403954596  3.309973147298291E-18
6120.69442197485  2.878635887774605E-18
6124.23513772166  2.974438705549578E-18
6127.77618608766  3.288927604563411E-18
6131.31756637562  3.162619606568401E-18
6134.85927788981  2.866837603902608E-18
6138.40131993599  3.133361401121788E-18
6141.94369182146  3.292745870270956E-18
6145.48639285496  3.151977100807293E-18
6149.02942234678  3.021646937083745E-18
6152.57277960865  2.898727691263212E-18
6156.11646395383  3.392902346404948E-18
6159.66047469704  2.966013250625265E-18
6163.20481115447  2.992166220052355E-18
6166.74947264383  3.151319905810620E-18
6170.29445848426  3.034744721698063E-18
6173.8397679964  3.040681810544663E-18
6177.38540050236  3.212887579188401E-18
6180.93135532569  3.103246443355722E-18
6184.47763179144  3.421638807680193E-18
6188.0242292261  2.979615615413241E-18
6191.57114695761  3.138795564155955E-18
6195.11838431539  3.113621562983823E-18
6198.66594063029  3.213016826159113E-18
6202.21381523461  3.079960275136590E-18
6205.76200746212  3.417207394343594E-18
6209.31051664801  3.343087255170320E-18
6212.85934212891  2.977600189850755E-18
6216.4084832429  3.038451111227760E-18
6219.95793932948  3.187036944275201E-18
6223.50770972959  3.216131161165376E-18
6227.0577937856  3.322993176935029E-18
6230.60819084131  3.373488624223482E-18
6234.15890024192  3.270448389678976E-18
6237.70992133407  3.142420269600163E-18
6241.26125346581  3.088133026383767E-18
6244.81289598661  3.029835611557714E-18
6248.36484824734  3.094319923775357E-18
6251.91710960029  3.375735867152635E-18
6255.46967939914  3.098204570727059E-18
6259.02255699897  3.189987497520177E-18
6262.57574175629  2.898336434833474E-18
6266.12923302897  3.281887677165125E-18
6269.68303017629  3.008724928349594E-18
6273.23713255891  3.371991013724454E-18
6276.79153953889  3.249554014201039E-18
6280.34625047967  3.002131264891781E-18
6283.90126474607  2.670574527913683E-18
6287.45658170429  2.925742376093428E-18
6291.01220072189  3.052153771665007E-18
6294.56812116782  3.184595107106944E-18
6298.1243424124  3.026589341243749E-18
6301.68086382731  3.403474335018835E-18
6305.23768478559  3.206097667130260E-18
6308.79480466164  3.014178530128157E-18
6312.35222283124  3.257596070911433E-18
6315.90993867148  2.955211719391396E-18
6319.46795156085  3.033092221629335E-18
6323.02626087917  2.930251130817302E-18
6326.58486600759  3.030543884957213E-18
6330.14376632862  3.144753952903327E-18
6333.7029612261  3.227276799534068E-18
6337.26245008522  2.977604532548971E-18
6340.8222322925  2.795586747479128E-18
6344.38230723578  3.097127581569515E-18
6347.94267430423  2.913743500922887E-18
6351.50333288837  3.107285359491667E-18
6355.06428238001  2.748140494723699E-18
6358.6255221723  2.858043640015404E-18
6362.18705165968  3.105924440588863E-18
6365.74887023795  2.872126596739272E-18
6369.31097730417  2.791618141695252E-18
6372.87337225674  2.856265615288721E-18
6376.43605449535  2.798562943323094E-18
6379.999023421  2.658612875870706E-18
6383.56227843598  2.967552220154921E-18
6387.12581894388  3.008281352746113E-18
6390.68964434959  2.780150936863429E-18
6394.25375405927  2.757022553346140E-18
6397.8181474804  2.945806055441208E-18
6401.3828240217  3.068920515886303E-18
6404.94778309321  3.048338607884759E-18
6408.51302410623  2.694909561149533E-18
6412.07854647332  2.681114876869139E-18
6415.64434960835  2.508399978558373E-18
6419.21043292644  2.552848735569064E-18
6422.77679584396  2.816410812604997E-18
6426.34343777856  2.568738254750749E-18
6429.91035814916  2.657674853056072E-18
6433.47755637591  2.824948764092616E-18
6437.04503188024  2.927702380554872E-18
6440.61278408482  2.775921562391445E-18
6444.18081241357  2.944051398566831E-18
6447.74911629165  2.674304905681143E-18
6451.31769514547  2.666161726140865E-18
6454.88654840268  2.983737042815286E-18
6458.45567549216  2.669173077160864E-18
6462.02507584403  2.991404179913041E-18
6465.59474888964  2.929095352706412E-18
6469.16469406157  2.817613326420496E-18
6472.73491079361  2.798526960966448E-18
6476.3053985208  2.791658259954961E-18
6479.87615667937  2.866510660765497E-18
6483.44718470678  2.929611306613492E-18
6487.0184820417  3.215856123611701E-18
6490.59004812401  2.928095911731294E-18
6494.16188239481  3.224197826498993E-18
6497.73398429639  2.985101684030846E-18
6501.30635327224  3.171824679220045E-18
6504.87898876705  3.044495733553990E-18
6508.45189022671  3.157790939742623E-18
6512.02505709831  3.439072673065514E-18
6515.59848883011  3.256645640387610E-18
6519.17218487158  3.314743084300578E-18
6522.74614467334  3.308599613891147E-18
6526.32036768722  3.136961291147619E-18
6529.89485336623  3.618636006462759E-18
6533.46960116453  3.413812024724216E-18
6537.04461053747  3.203060466716118E-18
6540.61988094156  3.485804862157158E-18
6544.19541183449  4.001592919524291E-18
6547.7712026751  3.678936232346956E-18
6551.34725292339  3.558171171636664E-18
6554.92356204053  3.592851545998563E-18
6558.50012948882  3.327847279564643E-18
6562.07695473173  3.696281382611581E-18
6565.65403723388  3.305355825119019E-18
6569.23137646102  3.609932412057476E-18
6572.80897188006  3.614990207912932E-18
6576.38682295904  3.563758363084155E-18
6579.96492916714  3.519141068023656E-18
6583.54328997467  3.765605321798119E-18
6587.12190485307  3.317572662380969E-18
6590.7007732749  3.682287968189021E-18
6594.27989471387  3.628171744564270E-18
6597.85926864478  3.902786195354832E-18
6601.43889454358  3.675954246238703E-18
6605.01877188731  3.773143832310621E-18
6608.59890015414  4.165006585437204E-18
6612.17927882334  3.599456996780104E-18
6615.75990737528  3.602218539255114E-18
6619.34078529146  3.651104086276384E-18
6622.92191205446  3.465293678097986E-18
6626.50328714796  3.370283092554685E-18
6630.08491005674  3.238113279148819E-18
6633.66678026667  3.480848809517045E-18
6637.24889726471  3.836210150163195E-18
6640.83126053891  3.377139799447291E-18
6644.4138695784  3.280309416556374E-18
6647.99672387338  3.362120887860318E-18
6651.57982291515  3.242306671264156E-18
6655.16316619607  3.557896134082989E-18
6658.74675320956  3.450162063152553E-18
6662.33058345014  3.402114656886951E-18
6665.91465641337  3.319139135665991E-18
6669.49897159588  3.405285860560326E-18
6673.08352849537  3.279379872343017E-18
6676.66832661057  3.403182340262604E-18
6680.2533654413  3.444922701152642E-18
6683.8386444884  3.157862077275303E-18
6687.42416325378  3.409291275881460E-18
6691.00992124038  3.123346725445608E-18
6694.59591795219  3.218107916034224E-18
6698.18215289423  3.058398571699476E-18
6701.76862557257  3.279421231373644E-18
6705.3553354943  3.307426671782547E-18
6708.94228216756  3.502058134013211E-18
6712.52946510149  3.159310677323035E-18
6716.11688380628  3.160295849432586E-18
6719.70453779311  3.188328793596855E-18
6723.29242657422  3.250255876950791E-18
6726.88054966284  3.149910596841983E-18
6730.46890657321  3.216511250656844E-18
6734.05749682059  3.046359164678920E-18
6737.64631992124  3.228757452830537E-18
6741.23537539243  3.286405117285430E-18
6744.82466275242  3.062976396004497E-18
6748.41418152049  3.152504428447795E-18
6752.00393121689  3.247836994044532E-18
6755.59391136288  3.231334534028947E-18
6759.1841214807  2.824203887951012E-18
6762.77456109357  2.878855504227238E-18
6766.36522972571  3.275206746152687E-18
6769.9561269023  3.048115682709676E-18
6773.54725214952  3.329170561749574E-18
6777.13860499451  3.373342006459906E-18
6780.73018496538  2.884082665313114E-18
6784.32199159121  3.060673525179149E-18
6787.91402440206  3.015833511738723E-18
6791.50628292893  2.839223419923444E-18
6795.0987667038  2.833484854423857E-18
6798.69147525958  3.006048171887372E-18
6802.28440813017  3.040986006214929E-18
6805.87756485039  2.913123735848932E-18
6809.47094495602  2.747678307556435E-18
6813.06454798378  3.033927674048014E-18
6816.65837347134  2.914518362361696E-18
6820.2524209573  2.920641980436426E-18
6823.84668998121  2.600258592377540E-18
6827.44118008354  2.582347857369083E-18
6831.03589080569  2.638562845003034E-18
6834.63082168999  2.990881401765907E-18
6838.2259722797  2.544600504090990E-18
6841.821342119  2.721919076100921E-18
6845.41693075297  2.393429731629322E-18
6849.01273772763  2.394059009280322E-18
6852.6087625899  2.392849878019922E-18
6856.2050048876  2.010023245904868E-18
6859.8014641695  2.216323951831972E-18
6863.39813998521  1.747943062936323E-18
6866.99503188529  1.890699961002256E-18
6870.59213942117  2.063687622120011E-18
6874.18946214519  1.957001795820831E-18
6877.78699961057  1.733577520635692E-18
6881.38475137144  1.766413592424326E-18
6884.98271698279  1.765849455246565E-18
6888.5808960005  1.902992898880560E-18
6892.17928798134  1.676771926044378E-18
6895.77789248296  1.827558990099399E-18
6899.37670906386  1.578783800488617E-18
6902.97573728344  1.598122249234341E-18
6906.57497670194  1.932147706750604E-18
6910.17442688049  1.771747046218915E-18
6913.77408738106  1.761319193826765E-18
6917.37395776651  1.862108463129361E-18
6920.97403760053  1.867721917561299E-18
6924.57432644767  1.715541260969279E-18
6928.17482387332  1.597858171823783E-18
6931.77552944375  1.742615606201176E-18
6935.37644272604  1.812783476407671E-18
6938.97756328813  1.825816740934209E-18
6942.57889069879  2.051101448714558E-18
6946.18042452764  2.045323178545569E-18
6949.78216434511  1.920167649938998E-18
6953.38410972248  2.272208067220901E-18
6956.98626023185  2.006762706725337E-18
6960.58861544614  2.261571351724081E-18
6964.1911749391  2.435188704083143E-18
6967.79393828528  2.606674825593961E-18
6971.39690506008  2.261098618004007E-18
6975.00007483966  2.401223013770490E-18
6978.60344720104  2.340926923789356E-18
6982.20702172203  2.245545140946173E-18
6985.81079798122  2.510245832095286E-18
6989.41477555803  2.468472797571052E-18
6993.01895403266  2.587041073369555E-18
6996.62333298612  2.596851642229587E-18
7000.22791200019  2.584325646213697E-18
7003.83269065746  2.479509661689194E-18
7007.4376685413  2.404908516989721E-18
7011.04284523585  2.717121428548114E-18
7014.64822032605  2.768149373355897E-18
7018.25379339759  2.506633741155420E-18
7021.85956403697  2.645147616269261E-18
7025.46553183142  2.858749431873064E-18
7029.07169636897  2.535103436683117E-18
7032.6780572384  2.619291811477233E-18
7036.28461402925  2.614601283813751E-18
7039.89136633184  2.405284470578126E-18
7043.49831373722  2.686278551843002E-18
7047.10545583721  2.886057145435278E-18
7050.71279222437  2.772821289455596E-18
7054.32032249201  2.522016198621609E-18
7057.92804623418  2.632842891067230E-18
7061.53596304569  2.756788047642481E-18
7065.14407252208  2.685697043872377E-18
7068.7523742596  2.813292962081132E-18
7072.36086785527  2.486241050718997E-18
7075.96955290682  2.833447424501140E-18
7079.57842901271  2.779490226349152E-18
7083.18749577213  2.698451962122792E-18
7086.79675278497  2.752725970449387E-18
7090.40619965186  3.262473127803046E-18
7094.01583597414  2.656401822093352E-18
7097.62566135386  2.794679330347157E-18
7101.23567539377  2.907730311459932E-18
7104.84587769735  2.428648186979686E-18
7108.45626786875  2.531929131082445E-18
7112.06684551285  2.757083557916315E-18
7115.6776102352  2.757811476855362E-18
7119.28856164207  2.710258104210608E-18
7122.89969934042  2.693251684406823E-18
7126.51102293787  2.722525606285076E-18
7130.12253204275  2.783674312682599E-18
7133.73422626407  2.705583086183611E-18
7137.34610521152  2.769417648030094E-18
7140.95816849544  2.573126447900342E-18
7144.5704157269  2.417559210482953E-18
7148.18284651758  2.631931751622502E-18
7151.79546047986  2.838904955387611E-18
7155.40825722679  2.367921756284871E-18
7159.02123637207  2.879927943891413E-18
7162.63439753004  2.496159566648967E-18
7166.24774031574  2.691268105297921E-18
7169.86126434482  2.593214942666499E-18
7173.47496923362  2.813024748767512E-18
7177.08885459908  2.614657118505098E-18
7180.70292005883  2.678283851222677E-18
7184.31716523111  2.182707745328123E-18
7187.93158973482  2.511416706252354E-18
7191.54619318947  2.573935637334571E-18
7195.16097521523  2.545458910771669E-18
7198.77593543288  2.684241826379743E-18
7202.39107346384  2.682605456332960E-18
7206.00638893014  2.287806832417273E-18
7209.62188145443  2.845300509088718E-18
7213.23755066  2.742204439852864E-18
7216.85339617073  2.636759177677361E-18
7220.46941761112  2.466940238691144E-18
7224.08561460629  2.599502962887974E-18
7227.70198678194  2.653593750708888E-18
7231.3185337644  2.634632909912794E-18
7234.93525518057  2.516173615159994E-18
7238.55215065799  2.922276489326831E-18
7242.16921982476  2.340849375606929E-18
7245.78646230957  2.847905300837648E-18
7249.40387774172  2.645346346411428E-18
7253.02146575108  2.672225580416339E-18
7256.6392259681  2.369983297166506E-18
7260.25715802383  2.700504197222536E-18
7263.87526154986  2.708210005013926E-18
7267.49353617839  2.591656947982754E-18
7271.11198154217  2.852378486795181E-18
7274.73059727453  2.413093675946085E-18
7278.34938300934  1.978264266671354E-18
7281.96833838106  2.536048283737805E-18
7285.5874630247  2.410378248790227E-18
7289.20675657581  2.459236085260978E-18
7292.82621867052  2.588604858317587E-18
7296.44584894549  2.608407768977260E-18
7300.06564703793  2.501531070751733E-18
7303.6856125856  2.461155557872408E-18
7307.30574522679  2.636962870903203E-18
7310.92604460034  2.976450408799307E-18
7314.54651034562  2.307051396163472E-18
7318.16714210254  2.516335742560054E-18
7321.78793951152  2.286924644293985E-18
7325.40890221351  2.123208230276877E-18
7329.03002985001  2.805156193190601E-18
7332.65132206301  2.188256266081975E-18
7336.27277849504  2.198173748036180E-18
7339.89439878911  2.716201190116648E-18
7343.51618258879  2.126980173870119E-18
7347.13812953811  2.699420797415244E-18
7350.76023928165  2.424916568441306E-18
7354.38251146445  2.773269207757294E-18
7358.00494573209  2.178078635825123E-18
7361.62754173061  2.931192875944693E-18
7365.25029910658  2.912162758772298E-18
7368.87321750702  2.255861530750781E-18
7372.49629657948  2.772123355813755E-18
7376.11953597196  2.758447785541569E-18
7379.74293533296  2.744767458980860E-18
7383.36649431147  2.731059215074478E-18
7386.99021255692  2.717315609196910E-18
7390.61408971925  2.703552771370100E-18
7394.23812544885  2.662637316345930E-18
7397.86231939658  2.358182738547825E-18
7401.48667121377  3.941839873615297E-18
7405.1111805522  3.761361471665416E-18
7408.73584706413  2.982038013837103E-18
7412.36067040226  2.455638883572138E-18
7415.98565021974  2.380114398513903E-18
7419.61078617017  2.205597280443537E-18
7423.23607790761  2.383023385933099E-18
7426.86152508654  2.481943227051324E-18
7430.48712736191  2.461228142971159E-18
7434.11288438908  2.346793909079042E-18
7437.73879582387  2.382112246488372E-18
7441.36486132251  2.351790907159475E-18
7444.99108054167  2.396271510623748E-18
7448.61745313845  2.193663545746234E-18
7452.24397877036  2.347190335387608E-18
7455.87065709534  2.184453716806069E-18
7459.49748777174  2.364740212853839E-18
7463.12447045833  2.153901800881423E-18
7466.7516048143  2.093500452167342E-18
7470.37889049923  2.144671085630790E-18
7474.00632717311  2.463595533884286E-18
7477.63391449634  2.174669204135332E-18
7481.26165212972  2.032550682707138E-18
7484.88953973443  2.366228724366128E-18
7488.51757697206  2.233024728399417E-18
7492.14576350459  2.073025250464816E-18
7495.77409899438  2.294757010719096E-18
7499.40258310418  2.253708172821153E-18
7503.03121549712  2.082784947717176E-18
7506.6599958367  2.316548049981040E-18
7510.28892378682  2.157516580158280E-18
7513.91799901173  2.136093429473768E-18
7517.54722117605  2.114830958623246E-18
7521.17658994479  1.908205791100869E-18
7524.80610498329  2.175032336424243E-18
7528.43576595728  2.150753344674893E-18
7532.06557253284  2.226677357968992E-18
7535.69552437639  2.079475811676658E-18
7539.32562115473  2.315021074570267E-18
7542.95586253499  2.031783265893841E-18
7546.58624818465  2.353987071685804E-18
7550.21677777153  2.944242477288329E-18
7553.8474509638  3.359390157863128E-18
7557.47826742996  2.790771315543151E-18
7561.10922683885  2.421234167149373E-18
7564.74032885964  2.427414860686369E-18
7568.37157316181  3.138146434170254E-18
7572.00295941521  2.937036079791767E-18
7575.63448728996  2.134756498808730E-18
7579.26615645654  1.950674691315413E-18
7582.89796658573  2.137027936770800E-18
7586.52991734863  2.242106757934943E-18
7590.16200841663  2.047019725981915E-18
7593.79423946147  1.942493461466958E-18
7597.42661015515  1.481492161008625E-18
7601.05912017  1.722098218287410E-18
7604.69176917865  1.285152881005768E-18
7608.324556854  1.078564626418226E-18
7611.95748286928  1.411318603935419E-18
7615.59054689798  1.638573966127598E-18
7619.22374861389  2.162310918988637E-18
7622.85708769109  1.950845917702212E-18
7626.49056380393  1.971673084755378E-18
7630.12417662704  1.801938931781947E-18
7633.75792583533  1.908781922397513E-18
7637.39181110399  1.967805188211080E-18
7641.02583210846  1.920708419264455E-18
7644.65998852447  1.927733664206868E-18
7648.294280028  2.501251276909537E-18
7651.92870629528  1.690683139393565E-18
7655.56326700283  1.991110588379455E-18
7659.19796182739  1.771069998887540E-18
7662.83279044598  1.751878581495697E-18
7666.46775253584  2.138856833105155E-18
7670.1028477745  1.729904838715956E-18
7673.73807583968  2.122518982031467E-18
7677.37343640938  1.926193247111141E-18
7681.00892916181  1.982243625803193E-18
7684.64455377545  2.027948456574045E-18
7688.28030992898  1.957177364905846E-18
7691.91619730131  1.665675504922132E-18
7695.55221557159  1.940724328931860E-18
7699.18836441919  1.908938673123591E-18
7702.82464352369  1.929997243953119E-18
7706.46105256489  1.834480423874937E-18
7710.09759122281  1.944998991542381E-18
7713.73425917767  1.377333681673524E-18
7717.37105610992  1.693196527684807E-18
7721.00798170019  1.712587812592158E-18
7724.64503562931  1.888519512907566E-18
7728.28221757834  2.018869942556123E-18
7731.91952722851  2.068962346091109E-18
7735.55696426124  1.967104359437095E-18
7739.19452835816  1.868942422555121E-18
7742.83221920107  1.814594588358855E-18
7746.47003647196  1.426634059771991E-18
7750.10797985301  1.744443882150071E-18
7753.74604902657  1.765910459816741E-18
7757.38424367516  1.986896930339110E-18
7761.02256348147  1.501605574590735E-18
7764.66100812839  2.373297396290700E-18
7768.29957729893  1.883605439683542E-18
7771.9382706763  1.704311250178106E-18
7775.57708794386  1.888639867686693E-18
7779.21602878513  2.003210999970188E-18
7782.85509288377  2.043970945039197E-18
7786.49427992361  2.265784596174120E-18
7790.13358958861  2.017602908652844E-18
7793.7730215629  2.020573107437369E-18
7797.41257553074  1.851699429096147E-18
7801.05225117652  1.728000668945859E-18
7804.69204818479  1.879314440255923E-18
7808.33196624021  1.765843664982277E-18
7811.97200502759  1.659468548400687E-18
7815.61216423186  2.000575602538594E-18
7819.25244353807  1.450741514941813E-18
7822.89284263141  1.912747219458939E-18
7826.53336119716  1.691120717937606E-18
7830.17399892075  1.695153637014108E-18
7833.81475548771  1.897271083788378E-18
7837.45563058366  2.355054961856609E-18
7841.09662389436  2.179305551468692E-18
7844.73773510566  1.849460251177965E-18
7848.3789639035  1.458531695155684E-18
7852.02030997394  1.551082038762099E-18
7855.66177300313  1.866257394286774E-18
7859.3033526773  1.880071103721256E-18
7862.94504868279  2.143884023277947E-18
7866.58686070601  2.165302210878782E-18
7870.22878843345  1.709944970535052E-18
7873.87083155171  1.816323395839091E-18
7877.51298974744  1.990304707667676E-18
7881.15526270737  1.525472320202304E-18
7884.79765011832  1.240815172992313E-18
7888.44015166715  1.978103793632519E-18
7892.08276704081  1.565118363178934E-18
7895.72549592631  2.055297942757193E-18
7899.3683380107  1.703771101238109E-18
7903.01129298112  1.817312497056552E-18
7906.65436052474  1.538964669968809E-18
7910.29754032879  1.862567134779022E-18
7913.94083208055  2.137236593080316E-18
7917.58423546734  1.656199840812608E-18
7921.22775017653  1.811456471909982E-18
7924.87137589553  1.750020113454444E-18
7928.51511231177  1.805298112249525E-18
7932.15895911273  1.675373163628551E-18
7935.80291598593  1.727657492389226E-18
7939.4469826189  1.718212227167213E-18
7943.09115869919  2.077431434792734E-18
7946.73544391439  1.839761765290934E-18
7950.37983795211  2.003724679130583E-18
7954.02434049996  2.049415447831021E-18
7957.66895124556  1.469917939685053E-18
7961.31366987658  2.042954340066370E-18
7964.95849608064  1.744802051355306E-18
7968.60342954541  2.168285024167649E-18
7972.24846995854  1.699321489928033E-18
7975.89361700768  1.761272664917310E-18
7979.53887038048  1.989819773033567E-18
7983.18422976459  1.376167770600131E-18
7986.82969484763  2.131064791734906E-18
7990.47526531723  1.921205141222293E-18
7994.12094086097  1.647221208853650E-18
7997.76672116646  1.673701535008158E-18
8001.41260592123  1.828109892387359E-18
8005.05859481284  1.560223004916269E-18
8008.70468752879  1.746058745500928E-18
8012.35088375654  1.555995698395817E-18
8015.99718318355  1.786562678170352E-18
8019.64358549723  1.532283532161219E-18
8023.29009038493  1.885499269695982E-18
8026.93669753397  2.229087762273971E-18
8030.58340663164  1.881705612611661E-18
8034.23021736516  1.647353661149236E-18
8037.87712942172  1.865824158440949E-18
8041.52414248842  1.790341859593954E-18
8045.17125625234  1.747632870206616E-18
8048.81847040047  1.859733420795568E-18
8052.46578461976  1.593054320416381E-18
8056.11319859709  2.248129459974942E-18
8059.76071201926  1.732330132271961E-18
8063.408324573  1.719403677442019E-18
8067.05603594496  1.997735684700546E-18
8070.70384582173  1.864908883093159E-18
8074.3517538898  1.782371354006546E-18
8077.9997598356  1.951439626586872E-18
8081.64786334543  1.575833040448487E-18
8085.29606410556  1.855565050893760E-18
8088.9443618021  1.869912291823339E-18
8092.59275612112  1.604307388867129E-18
8096.24124674857  1.632784218827610E-18
8099.88983337029  1.883987183536235E-18
8103.53851567202  1.997753675878869E-18
8107.1872933394  1.628433352203157E-18
8110.83616605795  1.850612720566405E-18
8114.48513351309  1.784154962202364E-18
8118.13419539011  1.743439271296125E-18
8121.78335137419  1.746317032647197E-18
8125.43260115037  1.753344759131448E-18
8129.08194440359  1.636291981612717E-18
8132.73138081864  2.005128818220392E-18
8136.3809100802  1.740680003567801E-18
8140.03053187279  1.792382927755429E-18
8143.68024588082  1.482326889644267E-18
8147.33005178854  1.619162518692816E-18
8150.97994928006  1.692189435289024E-18
8154.62993803935  2.014226977777862E-18
8158.28001775023  1.866180052899500E-18
8161.93018809637  1.688915971412422E-18
8165.58044876128  1.819004494999529E-18
8169.23079942831  1.854695477274814E-18
8172.88123978065  2.322378846118926E-18
8176.53176950135  1.525298095285785E-18
8180.18238827325  2.049557516101228E-18
8183.83309577906  1.969307554998630E-18
8187.48389170129  1.634606084126758E-18
8191.13477572229  1.484332285641826E-18
8194.78574752423  2.306214496178721E-18
8198.4368067891  1.477614338296976E-18
8202.08795319869  1.621031843479609E-18
8205.73918643462  1.628741787174063E-18
8209.39050617831  1.899527012113962E-18
8213.041912111  1.670530848322666E-18
8216.69340391372  1.540724289926862E-18
8220.34498126731  1.608498092645476E-18
8223.9966438524  1.597970461591938E-18
8227.64839134942  1.462275618005676E-18
8231.30022343859  1.551808820327803E-18
8234.95213979993  1.979117503473202E-18
8238.60414011322  1.547604157876619E-18
8242.25622405805  2.026016989843734E-18
8245.90839131377  1.545912573523948E-18
8249.56064155954  1.895591907144895E-18
8253.21297447425  1.629379233233612E-18
8256.8653897366  1.445481473426588E-18
8260.51788702503  1.608551962782869E-18
8264.17046601776  1.620876747114756E-18
8267.82312639277  1.586901854417789E-18
8271.4758678278  1.333846832317657E-18
8275.12869000036  1.675916724688575E-18
8278.78159258768  1.773271746883003E-18
8282.43457526677  1.733739648035752E-18
8286.08763771438  2.050206852882082E-18
8289.74077960701  1.296310203300613E-18
8293.39400062089  1.496963333595511E-18
8297.04730043199  1.717109388615527E-18
8300.70067871603  1.375950945882066E-18
8304.35413514845  1.537463647349755E-18
8308.00766940444  1.294863567806834E-18
8311.66128115887  1.306766490026319E-18
8315.31497008639  1.735331867317340E-18
8318.96873586134  1.494303844528576E-18
8322.6225781578  1.426847058779723E-18
8326.27649664953  1.661210383975570E-18
8329.93049101004  1.623801140772860E-18
8333.58456091252  1.582998492504728E-18
8337.2387060299  1.629011758246485E-18
8340.89292603477  1.682082528974545E-18
8344.54722059947  1.987891201435399E-18
8348.20158939599  1.647351903390434E-18
8351.85603209605  2.187940489883133E-18
8355.51054837105  1.631331172684084E-18
8359.16513789207  2.005467962271539E-18
8362.81980032989  1.286055541849217E-18
8366.47453535496  1.551675747646759E-18
8370.12934263742  1.574220038254008E-18
8373.7842218471  1.616148996323709E-18
8377.43917265347  1.494424406102856E-18
8381.09419472569  1.687330059383005E-18
8384.7492877326  1.592080108449947E-18
8388.40445134269  1.534311779023198E-18
8392.05968522411  1.262285783164469E-18
8395.71498904468  1.496309240526134E-18
8399.37036247187  1.848577442669218E-18
8403.0258051728  1.351397433566924E-18
8406.68131681426  1.323654623002508E-18
8410.33689706266  1.557034844040336E-18
8413.99254558408  1.114871548057133E-18
8417.64826204422  1.621758728442890E-18
8421.30404610844  1.287068010918981E-18
8424.95989744171  1.552682323054659E-18
8428.61581570866  1.775010687325743E-18
8432.27180057353  1.468666725610990E-18
8435.92785170021  2.002583997065872E-18
8439.58396875218  1.599398278726780E-18
8443.24015139257  1.373875136134864E-18
8446.89639928411  1.227721731076211E-18
8450.55271208916  1.080613242602790E-18
8454.20908946969  1.405558841932635E-18
8457.86553108727  1.618156770465528E-18
8461.52203660308  1.476178249356008E-18
8465.1786056779  1.171280819737457E-18
8468.83523797213  1.679241990751038E-18
8472.49193314574  1.252585746313790E-18
8476.14869085831  1.637277153722268E-18
8479.80551076902  1.598337833181487E-18
8483.46239253661  1.449160255803342E-18
8487.11933581943  1.531277783933930E-18
8490.77634027542  1.558656428233670E-18
8494.43340556207  1.863163118410366E-18
8498.09053133647  1.408352334258804E-18
8501.74771725528  2.012412350309074E-18
8505.40496297472  1.311570651626451E-18
8509.06226815059  2.582339171972651E-18
8512.71963243825  1.653270070480521E-18
8516.37705549263  4.267805696833150E-18
8520.0345369682  1.115303749927192E-18
8523.69207651901  1.447957535192689E-18
8527.34967379865  1.293996889320032E-18
8531.00732846026  1.393253496345143E-18
8534.66504015653  1.386217394657191E-18
8538.3228085397  1.843121772939125E-18
8541.98063326154  1.592068114331065E-18
8545.63851397338  1.298474211180628E-18
8549.29645032604  1.518522348695633E-18
8552.95444196993  1.781906478502292E-18
8556.61248855495  1.509101485301690E-18
8560.27058973055  1.705008977024795E-18
8563.92874514568  1.437912253833846E-18
8567.58695444883  1.434515436648396E-18
8571.24521728801  1.540601763798628E-18
8574.90353331072  1.659131782493802E-18
8578.56190216401  1.511206246370331E-18
8582.2203234944  1.344486649741773E-18
8585.87879694795  1.469971292834563E-18
8589.53732217019  1.590964965586649E-18
8593.19589880618  1.788755533974230E-18
8596.85452650047  1.424334704464247E-18
8600.51320489709  1.427726351770867E-18
8604.17193363958  1.538766663609680E-18
8607.83071237095  1.482556742456980E-18
8611.4895407337  1.532092556837295E-18
8615.14841836984  1.322331857805459E-18
8618.80734492082  9.055733463852908E-19
8622.46632002758  1.229932784853566E-18
8626.12534333056  1.145008219314278E-18
8629.78441446963  1.509436079859468E-18
8633.44353308414  1.202084922351356E-18
8637.10269881293  1.737358253022942E-18
8640.76191129427  1.623117992984468E-18
8644.42117016591  1.937816995873889E-18
8648.08047506504  1.285831479300791E-18
8651.73982562832  1.570593678448576E-18
8655.39922149185  1.694457564528645E-18
8659.05866229117  1.755643080463426E-18
8662.71814766128  1.844639028977701E-18
8666.37767723662  1.211397528482630E-18
8670.03725065105  1.615045744181716E-18
8673.69686753788  2.274791765864210E-18
8677.35652752985  1.523810721146837E-18
8681.01623025914  3.640753782066661E-19
8684.67597535733  1.631870597841045E-18
8688.33576245546  1.403792811324835E-18
8691.99559118395  1.631858810517316E-18
8695.65546117268  1.732476956830689E-18
8699.3153720509  1.468022145118658E-18
8702.97532344731  1.798048494565957E-18
8706.63531499  1.773854495624547E-18
8710.29534630646  1.396944789828661E-18
8713.95541702362  1.814134469143123E-18
8717.61552676775  1.297410456912885E-18
8721.27567516457  1.668020251765991E-18
8724.93586183916  1.472545065310522E-18
8728.59608641602  1.507897213727390E-18
8732.25634851902  1.289382255477752E-18
8735.91664777141  1.389075407071138E-18
8739.57698379583  1.529118945932744E-18
8743.23735621432  1.476459283969123E-18
8746.89776464825  1.708017019322344E-18
8750.55820871841  1.560303861821146E-18
8754.21868804493  2.073424985495832E-18
8757.87920224732  7.691972161670152E-19
8761.53975094446  1.721378571154489E-18
8765.20033375457  7.841754925063957E-19
8768.86095029526  1.381669762444527E-18
8772.52160018347  2.252972188871133E-18
8776.18228303551  1.622464727095704E-18
8779.84299846702  1.344152675569455E-18
8783.50374609301  1.509091662531916E-18
8787.16452552781  1.471543659781450E-18
8790.82533638511  1.288297304706812E-18
8794.48617827794  1.601269361272376E-18
8798.14705081865  1.674779144551161E-18
8801.80795361893  1.357359648024630E-18
8805.4688862898  1.553373225661294E-18
8809.12984844161  1.764640117191013E-18
8812.79083968401  1.762980999677384E-18
8816.45185962601  1.932736659346742E-18
8820.11290787591  1.292258155672445E-18
8823.77398404132  1.686018771316955E-18
8827.43508772919  1.469713005688293E-18
8831.09621854574  1.679031680080297E-18
8834.75737609654  1.923398617411631E-18
8838.41855998643  1.624038231415933E-18
8842.07976981955  1.867383187100459E-18
8845.74100519936  1.456016238912910E-18
8849.40226572859  1.390769472965647E-18
8853.06355100927  1.712319495880961E-18
8856.72486064273  1.487919767958468E-18
8860.38619422957  1.304420295616389E-18
8864.04755136966  1.322869421806042E-18
8867.70893166219  1.462718883416428E-18
8871.37033470559  1.532051197806667E-18
8875.03176009757  1.774600405741916E-18
8878.69320743513  2.148643827317730E-18
8882.3546763145  1.242922105410062E-18
8886.01616633121  6.647768307704650E-19
8889.67767708005  1.525302851574307E-18
8893.33920815503  1.896047063276952E-18
8897.00075914946  1.315596022679863E-18
8900.66232965588  1.513783637761470E-18
8904.32391926609  1.763061856582261E-18
8907.98552757112  1.507750285771085E-18
8911.64715416127  1.391471025522668E-18
8915.30879862605  1.507874466260544E-18
8918.97046055423  1.504903440295406E-18
8922.63213953382  1.722936462440656E-18
8926.29383515203  1.664722179266165E-18
8929.95554699534  1.562035357638373E-18
8933.61727464942  1.329912347734048E-18
8937.27901769919  1.716081720102006E-18
8940.94077572877  1.218145978112567E-18
8944.60254832151  1.616455053150354E-18
8948.26433505997  1.235498056014822E-18
8951.92613552593  1.239629099391489E-18
8955.58794930036  1.259408848994010E-18
8959.24977596344  1.922364434850786E-18
8962.91161509458  1.872705887547084E-18
8966.57346627235  1.559670034676777E-18
8970.23532907454  1.453831137927275E-18
8973.89720307813  1.617500919637350E-18
8977.55908785928  1.390944008074895E-18
8981.22098299336  1.590797461512607E-18
8984.8828880549  1.629528125743872E-18
8988.54480261764  1.678991458423011E-18
8992.20672625446  1.353754484722394E-18
8995.86865853744  1.443577407054068E-18
8999.53059903785  1.458684826966583E-18
9003.1925473261  8.063031425788603E-19
9006.85450297178  9.278955389980701E-19
9010.51646554364  1.552006206301474E-18
9014.17843460959  1.224629833344065E-18
9017.84040973671  1.501831084705232E-18
9021.50239049123  1.200917356916737E-18
9025.16437643852  1.325905691641994E-18
9028.82636714311  1.295199506533107E-18
9032.48836216869  1.068436316805397E-18
9036.15036107805  1.664880274160740E-18
9039.81236343318  1.417075987793941E-18
9043.47436879517  1.299201819926945E-18
9047.13637672424  1.089526734088508E-18
9050.79838677976  1.321306257243470E-18
9054.46039852023  1.466003721026452E-18
9058.12241150325  1.204102829455678E-18
9061.78442528558  1.434733605534957E-18
9065.44643942308  1.383768009465844E-18
9069.10845347072  1.365865339468359E-18
9072.77046698259  1.262299224849423E-18
9076.4324795119  1.434592054252634E-18
9080.09449061097  1.111434716009552E-18
9083.7564998312  1.167183483970752E-18
9087.41850672312  7.453473760592154E-19
9091.08051083634  1.275880703326931E-18
9094.74251171958  1.636546753241383E-18
9098.40450892066  1.238742258377255E-18
9102.06650198646  9.815031499436770E-19
9105.72849046297  1.058877727839464E-18
9109.39047389526  1.329584577416324E-18
9113.0524518275  1.376685275470860E-18
9116.7144238029  1.315752256418059E-18
9120.37638936377  1.505861522239896E-18
9124.0383480515  1.055928828955712E-18
9127.70029940653  1.348125313858817E-18
9131.36224296838  1.064130531524329E-18
9135.02417827563  1.414082421157111E-18
9138.68610486592  1.469265914567209E-18
9142.34802227595  1.213713427402626E-18
9146.00993004148  1.260559457226071E-18
9149.6718276973  1.351603918527333E-18
9153.33371477729  8.722542011189249E-19
9156.99559081433  1.237836702401663E-18
9160.65745534038  1.367401724058600E-18
9164.31930788641  1.149834921586101E-18
9167.98114798247  1.316023158068670E-18
9171.64297515759  1.190003225721982E-18
9175.30478893986  1.030181591619080E-18
9178.96658885642  1.133777484740069E-18
9182.6283744334  1.434380296015821E-18
9186.29014519596  1.048774337042588E-18
9189.95190066829  1.277898093443372E-18
9193.6136403736  1.328020689070716E-18
9197.2753638341  1.346661514367328E-18
9200.93707057101  1.203724497723012E-18
9204.59876010458  1.189936224092365E-18
9208.26043195403  1.219882126820740E-18
9211.92208563762  1.191900674649603E-18
9215.58372067259  1.383001730025891E-18
9219.24533657517  1.206057457243141E-18
9222.90693286059  1.308480511653106E-18
9226.56850904306  1.355741579348900E-18
9230.23006463582  1.187281491313953E-18
9233.89159915103  1.189275720373242E-18
9237.55311209988  1.036322994076980E-18
9241.21460299252  1.312017742747535E-18
9244.87607133807  1.244842715394834E-18
9248.53751664464  1.171791293572979E-18
9252.1989384193  8.817456850576645E-19
9255.86033616807  9.336912833574995E-19
9259.52170939597  8.580723446130683E-19
9263.18305760695  1.134052005305860E-18
9266.84438030393  7.410750915929553E-19
9270.50567698879  1.139724809946748E-18
9274.16694716235  1.309751164471564E-18
9277.82819032437  1.640153467507268E-18
9281.4894059736  1.362818212886867E-18
9285.15059360768  1.305123502534636E-18
9288.81175272322  1.280880906732238E-18
9292.47288281577  9.545773870293102E-19
9296.13398337979  7.991149430557744E-19
9299.79505390869  1.296494044191753E-18
9303.45609389481  9.640139668548918E-19
9307.11710282941  1.677580391695572E-18
9310.77808020267  1.638305442621248E-18
9314.43902550369  7.180200169574541E-19
9318.09993822048  7.239925711728166E-19
9321.76081783999  8.237236179780154E-19
9325.42166384805  1.335358298091944E-18
9329.08247572942  4.352189079456676E-19
9332.74325296774  7.187934308301910E-19
9336.40399504558  1.266431715792162E-18
9340.06470144439  6.559976010379218E-19
9343.72537164453  9.047865942251764E-19
9347.38600512522  9.371268746341618E-19
9351.04660136463  1.166758313135900E-18
9354.70715983975  1.467666457455261E-18
9358.36768002651  1.389378361970486E-18
9362.02816139967  1.111203105438037E-18
9365.68860343292  1.073734408628799E-18
9369.34900559879  1.260548910673261E-18
9373.00936736869  2.168113590985696E-18
9376.66968821291  3.633711050009112E-20
9380.32996760058  1.018192332423160E-18
9383.99020499974  1.844898350099736E-18
9387.65039987723  1.353378841326718E-18
9391.31055169881  1.136236175713306E-18
9394.97065992905  7.838182021805611E-19
9398.63072403138  1.537026378998444E-18
9402.29074346809  1.096500487037790E-18
9405.95071770032  1.410984629763100E-18
9409.61064618803  8.455046276750321E-19
9413.27052839004  1.487123710016462E-18
9416.930363764  1.366663051771590E-18
9420.5901517664  1.260586237198403E-18
9424.24989185255  7.613068437014486E-19
9427.90958347658  9.149244164150493E-19
9431.56922609147  1.350081492609929E-18
9435.22881914902  8.382318489343123E-19
9438.88836209984  -8.152110505954441E-20
9442.54785439333  1.183825634112283E-18
9446.20729547776  1.567685208017263E-18
9449.86668480016  1.399569847502598E-18
9453.5260218064  2.043208904899882E-18
9457.18530594113  6.640396060495270E-19
9460.84453664782  1.835586984739379E-18
9464.50371336874  1.343191595095245E-18
9468.16283554494  6.708464753102259E-19
9471.82190261626  2.425272462899857E-18
9475.48091402136  1.545465379005287E-18
9479.13986919765  1.311123146915059E-18
9482.79876758135  1.567936670923479E-18
9486.45760860746  8.386373742296168E-19
9490.11639170973  1.039145230929435E-18
9493.77511632072  1.469012693902191E-18
9497.43378187174  6.776361805732143E-19
9501.09238779288  1.946771432799929E-18
9504.75093351299  1.750387174851264E-18
9508.40941845968  1.293234022000105E-18
9512.06784205933  1.169461022389840E-18
9515.72620373709  2.105518559287125E-18
9519.38450291682  1.239358301138454E-18
9523.04273902117  4.849775647830040E-18
9526.70091147153  3.386437309532387E-18
9530.35901968803  2.061472639234747E-18
9534.01706308955  1.831183281953300E-18
9537.6750410937  1.381868699381846E-18
9541.33295311683  1.462530286236766E-18
9544.99079857403  1.687249409273281E-18
9548.64857687912  1.597399500174123E-18
9552.30628744464  2.027926949878119E-18
9555.96392968185  5.814178079380102E-19
9559.62150300076  2.039840418650414E-18
9563.27900681007  6.117983940782813E-19
9566.9364405172  1.326300049999029E-18
9570.59380352829  2.064337372491172E-18
9574.25109524821  1.313848190045539E-18
9577.90831508049  1.064338153858080E-18
9581.56546242741  1.627297529824546E-18
9585.22253668992  1.444490304257596E-18
9588.87953726769  1.462057345721538E-18
9592.53646355907  1.468987878483814E-18
9596.1933149611  1.659078842934598E-18
9599.85009086954  1.490788223527649E-18
9603.5067906788  1.007196413745340E-18
9607.16341378199  1.586739106632269E-18
9610.8199595709  1.236650938993568E-18
9614.47642743599  1.562061620622821E-18
9618.13281676642  1.439979895172498E-18
9621.78912694999  9.596917413591489E-19
9625.44535737317  1.841711223199569E-18
9629.10150742114  1.952198151208584E-18
9632.75757647768  1.835254458133133E-18
9636.41356392528  1.013147461264776E-18
9640.06946914506  1.963458974477573E-18
9643.7252915168  1.729758117554804E-18
9647.38103041895  1.648736396940695E-18
9651.03668522857  1.473473575548112E-18
9654.6922553214  1.435508673768919E-18
9658.34774007181  1.662467491711499E-18
9662.0031388528  1.351166443380868E-18
9665.65845103603  1.482674098706387E-18
9669.31367599176  1.668670725920187E-18
9672.96881308891  1.380661946265708E-18
9676.62386169503  2.002463642286746E-18
9680.27882117626  1.455942826633546E-18
9683.93369089739  1.524859896356285E-18
9687.58847022183  9.106295912770976E-19
9691.24315851159  1.273410225029965E-18
9694.8977551273  1.489899521357037E-18
9698.55225942821  1.380865122503666E-18
9702.20667077216  1.372848811789838E-18
9705.8609885156  9.724773686898046E-19
9709.51521201359  1.338544184221192E-18
9713.16934061978  1.038371300068815E-18
9716.82337368642  1.093077406867892E-18
9720.47731056433  2.903970568780726E-19
