3617.07508248386  1.274432704234550E-14
3620.02056424401  -1.507404249659608E-13
3622.96752161965  -1.098809469707789E-13
3625.91595204111  7.362088655680264E-14
3628.86585294224  1.290811094043290E-13
3631.81722176033  -4.284446455797604E-14
3634.7700559362  -3.041623771930179E-14
3637.72435291412  -1.499364995261725E-14
3640.68011014183  -4.067053085657668E-14
3643.63732507057  -5.311810930379716E-14
3646.59599515503  4.069639724048069E-14
3649.55611785337  -3.706511444617766E-16
3652.51769062722  4.494986061373368E-14
3655.48071094168  1.003812223573323E-15
3658.44517626528  1.685712872351662E-14
3661.41108407005  6.821575056038577E-15
3664.37843183144  1.830964657028634E-14
3667.34721702837  -3.998797315502568E-15
3670.31743714319  -6.284847693623972E-15
3673.28908966172  -7.375446988435419E-15
3676.26217207321  1.525644813235975E-14
3679.23668187034  -3.369702291167381E-15
3682.21261654926  -4.956840707879234E-15
3685.18997360953  4.612101165823030E-15
3688.16875055415  -1.637431250818913E-15
3691.14894488954  2.836236543806204E-15
3694.13055412556  -3.617249255916696E-15
3697.1135757755  1.352099694904074E-15
3700.09800735605  1.167002403536096E-15
3703.08384638734  1.625702475041311E-15
3706.07109039291  -1.804031496565406E-15
3709.05973689972  -2.290188350413294E-15
3712.04978343811  -8.304576144772005E-16
3715.04122754187  -5.531274427033726E-16
3718.03406674818  8.417180535993249E-16
3721.02829859761  7.336070852478857E-16
3724.02392063414  7.172065568929745E-16
3727.02093040517  2.699426541861899E-16
3730.01932546145  -5.881292772261712E-16
3733.01910335715  -1.228981131180841E-16
3736.02026164984  2.661373744648950E-16
3739.02279790045  2.084835265876095E-16
3742.02670967332  2.563781765339434E-16
3745.03199453614  -7.907837074271916E-17
3748.03865006  3.365904257303797E-16
3751.04667381938  2.787208120071353E-16
3754.0560633921  7.707396103508270E-17
3757.06681635938  1.501571216773424E-16
3760.07893030578  1.532274227477963E-17
3763.09240281925  -3.810384668060242E-16
3766.1072314911  1.224168446140765E-16
3769.12341391597  1.846575207627040E-16
3772.14094769191  -3.386364060397487E-17
3775.15983042027  -1.647003511631997E-16
3778.18005970579  1.115259633651836E-16
3781.20163315653  -1.341992552673307E-17
3784.22454838394  -7.579047920411117E-17
3787.24880300276  -6.415675248949348E-17
3790.2743946311  3.325530366214553E-17
3793.30132089042  8.717479729533595E-17
3796.32957940549  4.006556499447360E-17
3799.35916780442  8.415399754553519E-17
3802.39008371866  9.259427361482586E-17
3805.42232478298  -1.350963349443490E-17
3808.45588863548  7.205785889530368E-17
3811.49077291757  2.347612552380855E-17
3814.52697527399  2.640762973352979E-17
3817.56449335279  -3.340920176493966E-17
3820.60332480536  -1.958222384630096E-17
3823.64346728635  5.265005182952960E-17
3826.68491845377  6.258848797829818E-17
3829.7276759689  -8.796257369485866E-18
3832.77173749635  -1.202217398080587E-17
3835.81710070401  2.254006771598128E-17
3838.86376326308  -7.978021973781777E-18
3841.91172284805  2.033356983950551E-17
3844.9609771367  4.071028212683975E-17
3848.01152381011  -1.222937264228096E-18
3851.06336055264  1.989827123062195E-17
3854.11648505193  2.318014869678321E-17
3857.1708949989  2.025619279324556E-17
3860.22658808777  -1.456233014370589E-17
3863.28356201602  1.883360893930228E-17
3866.3418144844  1.178167181982460E-17
3869.40134319693  4.070324291447666E-18
3872.46214586091  -5.353638020892099E-18
3875.52422018691  8.801281363111314E-18
3878.58756388874  -1.187874149530198E-17
3881.65217468348  2.004921632262022E-17
3884.71805029148  2.545450461594496E-18
3887.78518843634  2.415414875707226E-17
3890.85358684489  6.115817880566072E-19
3893.92324324723  1.084791566446568E-17
3896.99415537671  1.085999922350692E-17
3900.06632096992  3.065421107372878E-18
3903.13973776668  -7.757334973374452E-18
3906.21440351005  1.178739408911690E-17
3909.29031594634  1.458603454234480E-17
3912.36747282509  2.426052939653000E-17
3915.44587189906  4.656143632144404E-18
3918.52551092424  6.883487941251631E-19
3921.60638765986  1.112008436407660E-17
3924.68849986834  6.389744967890842E-18
3927.77184531537  -2.818641477422088E-18
3930.8564217698  5.204120614466588E-18
3933.94222700373  4.320858281357915E-18
3937.02925879247  8.153890271341140E-18
3940.11751491453  1.175249688686937E-18
3943.20699315162  -6.782034089128119E-19
3946.29769128867  1.859668577263224E-18
3949.3896071138  2.169838996770582E-18
3952.48273841832  -3.894607690498514E-18
3955.57708299676  -2.728608397750440E-18
3958.67263864683  5.460689321265363E-18
3961.76940316941  2.350304027924987E-18
3964.86737436861  4.908510915265236E-18
3967.96655005167  2.215369064433868E-18
3971.06692802907  1.277862781305836E-19
3974.16850611443  9.314425477795541E-18
3977.27128212456  1.187374606534268E-17
3980.37525387943  -2.241628451732302E-18
3983.48041920221  4.124715576957366E-18
3986.58677591921  8.074466954475322E-18
3989.69432185991  5.442357874345757E-18
3992.80305485698  4.982629814754525E-18
3995.91297274621  5.247521252461764E-18
3999.02407336658  1.692479580356680E-18
4002.1363545602  4.822798137144838E-18
4005.24981417236  5.737103842633657E-18
4008.36445005147  2.065871156199067E-18
4011.48026004911  1.492508616461819E-18
4014.59724201999  -1.208466685913147E-18
4017.71539382197  6.024370849710370E-18
4020.83471331604  4.002160269180827E-18
4023.95519836633  5.316480281603536E-18
4027.07684684011  4.257011766549624E-18
4030.19965660777  5.725274179079197E-18
4033.32362554284  5.574368651510113E-18
4036.44875152196  -1.048720274253252E-18
4039.57503242491  3.589123200176527E-18
4042.70246613456  3.210892825079167E-18
4045.83105053694  1.657360630863914E-19
4048.96078352117  7.490357119827713E-18
4052.09166297947  1.220587975404926E-17
4055.22368680719  9.278482973492454E-18
4058.35685290278  2.724094454325240E-18
4061.49115916779  6.940148974374027E-19
4064.62660350688  8.823585658067829E-18
4067.76318382779  5.154908577585583E-18
4070.90089804138  4.558949524425379E-18
4074.03974406158  6.230736631416742E-18
4077.17971980543  9.448655249179688E-18
4080.32082319304  4.717167358442732E-18
4083.46305214761  5.710173806793356E-18
4086.60640459544  2.076878320211449E-18
4089.75087846588  2.769565681757560E-18
4092.89647169137  8.800316389635407E-18
4096.04318220744  2.544535866418774E-18
4099.19100795266  6.742165488549810E-18
4102.33994686869  6.393550240774894E-18
4105.48999690025  2.051532154445854E-18
4108.64115599512  4.343399954901930E-18
4111.79342210416  4.061324175218738E-18
4114.94679318125  4.788274395918289E-18
4118.10126718336  3.270524743268568E-18
4121.2568420705  7.042270961812880E-18
4124.41351580572  6.264798692660611E-18
4127.57128635513  4.638870296028026E-18
4130.73015168789  6.846658568313115E-18
4133.89010977618  4.493804854834891E-18
4137.05115859523  2.284513348236716E-18
4140.21329612331  7.478416639210792E-18
4143.37652034173  5.703724676771853E-18
4146.54082923481  7.233539612797670E-18
4149.70622078991  8.825294936784445E-18
4152.87269299742  2.809935602325333E-18
4156.04024385075  6.402508192606608E-18
4159.20887134632  9.693369950516926E-18
4162.37857348358  3.749233572064781E-18
4165.54934826499  5.709873883600190E-18
4168.72119369601  2.774814742408436E-18
4171.89410778514  6.131595493643313E-18
4175.06808854385  8.640968633476298E-18
4178.24313398664  6.346606212252625E-18
4181.419242131  3.917836476699136E-18
4184.59641099742  5.429569737909777E-18
4187.77463860939  4.855333038203068E-18
4190.95392299339  6.186323236832000E-18
4194.13426217888  2.927656385520791E-18
4197.31565419833  3.048543855794898E-18
4200.49809708718  3.902748642690608E-18
4203.68158888385  3.505231379351391E-18
4206.86612762974  6.004859177606178E-18
4210.05171136924  3.263844641665786E-18
4213.23833814971  4.694125356013543E-18
4216.42600602146  5.382757763613955E-18
4219.6147130378  2.039678527210813E-18
4222.80445725498  7.830631838397511E-18
4225.99523673224  4.499676622635534E-18
4229.18704953175  3.952290459920850E-18
4232.37989371867  7.114284839512960E-18
4235.57376736108  7.559678307804867E-18
4238.76866853005  7.943479156180542E-18
4241.96459529957  1.315608707013415E-18
4245.16154574659  4.972756091721665E-18
4248.359517951  7.901739159584639E-18
4251.55850999565  6.686896410465436E-18
4254.75851996629  7.332317249490866E-18
4257.95954595165  8.851961304592357E-18
4261.16158604337  7.650110930100790E-18
4264.36463833603  7.635659353375273E-18
4267.56870092712  3.609742153716873E-18
4270.77377191707  8.882397584161482E-18
4273.97984940925  6.247687326437782E-18
4277.18693150991  5.666706035423866E-18
4280.39501632825  5.753999250331478E-18
4283.60410197638  7.978529828814545E-18
4286.81418656931  5.956630071874603E-18
4290.02526822496  8.108542774671233E-18
4293.23734506418  6.838664436126718E-18
4296.45041521069  6.070702178843761E-18
4299.66447679113  8.174972978110501E-18
4302.87952793506  2.846602662015797E-18
4306.09556677488  6.745841037604960E-18
4309.31259144593  6.236647738168509E-18
4312.53060008643  8.777221208720831E-18
4315.74959083748  9.409059322411902E-18
4318.96956184308  8.026179336854797E-18
4322.19051125008  9.246465524051741E-18
4325.41243720825  9.383670961157907E-18
4328.63533787022  9.519826457272774E-18
4331.85921139148  9.179299644190145E-18
4335.08405593042  8.528758071784075E-18
4338.30986964827  1.138584171377575E-17
4341.53665070914  7.251024892044553E-18
4344.76439728002  8.762470434443795E-18
4347.99310753073  9.100943286321035E-18
4351.22277963397  5.836409965210980E-18
4354.45341176528  9.946707469816095E-18
4357.68500210308  9.067149214943558E-18
4360.91754882859  1.100133919159189E-17
4364.15105012594  8.953912277960077E-18
4367.38550418205  9.926466151347042E-18
4370.62090918671  6.950672742192425E-18
4373.85726333256  6.547243017227749E-18
4377.09456481505  8.900241011902933E-18
4380.33281183247  9.621043910788174E-18
4383.57200258595  1.243572234568271E-17
4386.81213527945  8.440409425591091E-18
4390.05320811974  1.020296858284045E-17
4393.29521931644  1.118996813843992E-17
4396.53816708195  9.818200490861048E-18
4399.78204963154  1.081246792863735E-17
4403.02686518325  1.124396398447034E-17
4406.27261195794  1.054276119675934E-17
4409.51928817932  1.236785715725750E-17
4412.76689207384  1.037968906908703E-17
4416.01542187081  1.085440479386419E-17
4419.26487580232  8.126654657937868E-18
4422.51525210326  9.127883802555430E-18
4425.76654901131  1.040411299436647E-17
4429.01876476696  8.053316030771224E-18
4432.27189761347  8.476001212211960E-18
4435.5259457969  8.943573334256120E-18
4438.7809075661  1.357644498337635E-17
4442.03678117269  9.256170614132976E-18
4445.29356487109  1.039363840045548E-17
4448.55125691847  1.123342968784422E-17
4451.80985557479  1.149872362707143E-17
4455.06935910279  1.103431809497545E-17
4458.32976576796  1.299333464849710E-17
4461.59107383857  1.043642566066812E-17
4464.85328158564  9.202443408486761E-18
4468.11638728298  8.268781586667788E-18
4471.38038920712  1.269723285423367E-17
4474.64528563737  1.347524768978351E-17
4477.9110748558  1.151535630521216E-17
4481.1777551472  7.996873860792107E-18
4484.44532479915  1.169848870872812E-17
4487.71378210192  1.220349381643109E-17
4490.98312534857  1.112581757047010E-17
4494.25335283489  1.222264603785521E-17
4497.52446285938  7.436621698147920E-18
4500.7964537233  9.550285975164628E-18
4504.06932373064  1.020831964451446E-17
4507.34307118812  9.923361596320335E-18
4510.61769440516  8.988086931256550E-18
4513.89319169393  8.457033067739461E-18
4517.16956136932  8.937295164510860E-18
4520.44680174892  8.525743202620086E-18
4523.72491115306  9.900266572613158E-18
4527.00388790476  9.479351667118979E-18
4530.28373032975  9.330394864133193E-18
4533.5644367565  8.937524581318523E-18
4536.84600551614  7.781329519371037E-18
4540.12843494252  7.393734595051181E-18
4543.41172337221  7.309373638630251E-18
4546.69586914444  1.119892006504741E-17
4549.98087060117  6.495392141301817E-18
4553.266726087  7.337605509016333E-18
4556.55343394928  1.110190720945901E-17
4559.84099253801  1.257489701548959E-17
4563.12940020586  1.455508885653487E-17
4566.41865530822  1.235228850150935E-17
4569.70875620313  1.239442611464810E-17
4572.99970125131  7.894095235491409E-18
4576.29148881615  7.861445974578302E-18
4579.58411726371  8.121296051684899E-18
4582.87758496273  7.546392204875267E-18
4586.1718902846  6.268732527321326E-18
4589.46703160336  8.926225474157751E-18
4592.76300729574  1.003080074226352E-17
4596.0598157411  6.131475078327268E-18
4599.35745532147  6.590084755564344E-18
4602.65592442151  9.170892881462679E-18
4605.95522142854  5.782455572521306E-18
4609.25534473254  9.035519513008944E-18
4612.55629272611  9.121724981806105E-18
4615.8580638045  8.584106966233807E-18
4619.16065636559  6.377979239544563E-18
4622.46406880989  7.767119531699789E-18
4625.76829954057  1.109304605889548E-17
4629.07334696339  9.013141485119792E-18
4632.37920948677  7.046708251427045E-18
4635.68588552173  8.306689405550581E-18
4638.99337348193  8.703398073512900E-18
4642.30167178362  7.612158700461685E-18
4645.6107788457  4.808798646271811E-18
4648.92069308966  7.413877525555303E-18
4652.2314129396  7.137080044997632E-18
4655.54293682224  9.417524978732805E-18
4658.8552631669  8.059734964094637E-18
4662.16839040549  9.185576600136311E-18
4665.48231697254  7.823670771415542E-18
4668.79704130515  1.023856082356287E-17
4672.11256184305  6.706989850907395E-18
4675.42887702853  8.437839474062688E-18
4678.74598530647  7.994270661895828E-18
4682.06388512436  1.057939325952693E-17
4685.38257493225  4.695893277901622E-18
4688.70205318278  7.362104528312734E-18
4692.02231833117  5.286150157930697E-18
4695.3433688352  8.513529553874338E-18
4698.66520315524  9.503191536770025E-18
4701.98781975422  9.679561083211575E-18
4705.31121709764  9.358118764348965E-18
4708.63539365357  1.134559690664370E-17
4711.96034789263  1.055218796504288E-17
4715.28607828799  1.117784761579401E-17
4718.61258331541  1.330503052202918E-17
4721.93986145318  1.186295183063280E-17
4725.26791118214  1.092242890826243E-17
4728.59673098568  1.058581367022213E-17
4731.92631934973  1.239376805825236E-17
4735.25667476279  1.198760809947466E-17
4738.58779571586  1.296256740232643E-17
4741.91968070251  1.174752514130690E-17
4745.25232821882  1.536668943149593E-17
4748.58573676343  1.195709657181645E-17
4751.91990483747  1.230785991126057E-17
4755.25483094464  1.436303480533042E-17
4758.59051359112  1.547743324417869E-17
4761.92695128566  1.454811707983591E-17
4765.26414253948  1.365346324502272E-17
4768.60208586634  1.551795349719434E-17
4771.94077978252  1.372207594161787E-17
4775.2802228068  1.386269186996254E-17
4778.62041346045  1.453641651218647E-17
4781.96135026729  1.605866564517386E-17
4785.30303175359  1.533014175973663E-17
4788.64545644816  1.631897344853048E-17
4791.98862288228  1.453157485435468E-17
4795.33252958975  1.693221248625933E-17
4798.67717510683  1.588959899470872E-17
4802.02255797229  1.641491003413607E-17
4805.36867672739  1.607632252754249E-17
4808.71552991585  1.650428093665743E-17
4812.0631160839  1.398853284886759E-17
4815.41143378022  1.373113469917264E-17
4818.76048155598  1.617632773621051E-17
4822.11025796483  1.226166146504044E-17
4825.46076156286  1.799507521413633E-17
4828.81199090867  1.399222597668487E-17
4832.16394456328  1.510256554586248E-17
4835.51662109021  1.755410222026716E-17
4838.87001905542  1.937467891401015E-17
4842.22413702731  1.497792442159693E-17
4845.57897357678  1.670090198456883E-17
4848.93452727713  1.810112454892244E-17
4852.29079670414  1.475340698518899E-17
4855.64778043603  1.065972818775540E-17
4859.00547705345  1.120644482752007E-17
4862.36388513951  1.238137443230990E-17
4865.72300327973  1.468573758191196E-17
4869.0828300621  1.582476728266217E-17
4872.44336407701  1.434641481907963E-17
4875.8046039173  1.288048282771904E-17
4879.16654817823  1.427058734906420E-17
4882.52919545748  1.347976653318301E-17
4885.89254435515  1.384883272166939E-17
4889.25659347377  1.391481827965363E-17
4892.62134141827  1.398434081915529E-17
4895.98678679601  1.303218478381662E-17
4899.35292821676  1.298196148530663E-17
4902.71976429267  1.425518771341236E-17
4906.08729363832  1.451129488464359E-17
4909.4555148707  1.442285812273829E-17
4912.82442660917  1.571554964401600E-17
4916.19402747551  1.448934453188189E-17
4919.5643160939  1.545289494771457E-17
4922.93529109089  1.623186488428006E-17
4926.30695109542  1.404111596213151E-17
4929.67929473883  1.389844012078842E-17
4933.05232065485  1.591004852706662E-17
4936.42602747956  1.575380618393867E-17
4939.80041385145  1.310616967766886E-17
4943.17547841137  1.623272272087417E-17
4946.55121980254  1.380309520608003E-17
4949.92763667055  1.763272478750633E-17
4953.30472766338  1.448838696955417E-17
4956.68249143134  1.707851619391620E-17
4960.06092662712  1.597620243186697E-17
4963.44003190577  1.737156152274992E-17
4966.81980592471  1.737332644215425E-17
4970.20024734367  1.537729047895682E-17
4973.58135482477  1.664787521823411E-17
4976.96312703247  1.973063215590715E-17
4980.34556263358  1.597564766467288E-17
4983.72866029723  1.905052794950502E-17
4987.11241869491  1.897713235143188E-17
4990.49683650046  1.602228773163698E-17
4993.88191239001  1.653921005279043E-17
4997.26764504208  1.840736649253839E-17
5000.65403313747  1.721905553758215E-17
5004.04107535933  1.499324281440557E-17
5007.42877039314  1.429786806798420E-17
5010.81711692669  1.704687934017588E-17
5014.20611365009  1.563960385469344E-17
5017.59575925576  1.650300090328412E-17
5020.98605243845  1.710246721773866E-17
5024.37699189521  1.227930226958547E-17
5027.76857632539  1.512589888693180E-17
5031.16080443067  1.552307972567007E-17
5034.553674915  1.630924199253436E-17
5037.94718648466  1.465730028670005E-17
5041.34133784821  1.740756919037950E-17
5044.7361277165  1.652290985749067E-17
5048.13155480269  1.739753833216107E-17
5051.52761782222  1.819723807664118E-17
5054.92431549281  1.719477882114308E-17
5058.32164653446  1.593514113506354E-17
5061.71960966948  1.629719679512493E-17
5065.11820362243  1.812200959755836E-17
5068.51742712014  1.559377692132613E-17
5071.91727889175  1.247014354574971E-17
5075.31775766863  1.334876663105010E-17
5078.71886218444  1.350719703653573E-17
5082.12059117509  1.480835255370441E-17
5085.52294337878  1.533716447406337E-17
5088.92591753593  1.434813983774200E-17
5092.32951238925  1.588324201431565E-17
5095.73372668369  1.518551396708937E-17
5099.13855916644  1.632661245049796E-17
5102.54400858697  1.763414144589328E-17
5105.95007369696  1.657473647262226E-17
5109.35675325036  1.815347694507051E-17
5112.76404600334  1.881392231973179E-17
5116.17195071433  1.630564446563855E-17
5119.58046614398  1.696508484658725E-17
5122.98959105517  1.707236016379398E-17
5126.39932421302  1.742601965951623E-17
5129.80966438487  1.584947399593025E-17
5133.22061034028  1.596044182955110E-17
5136.63216085106  1.556852778810865E-17
5140.04431469119  1.858868948813908E-17
5143.45707063691  1.501358941983322E-17
5146.87042746665  1.522062635960606E-17
5150.28438396107  1.630464946658071E-17
5153.698938903  1.634971661399015E-17
5157.11409107753  1.425235803913715E-17
5160.5298392719  1.356929133879196E-17
5163.94618227559  1.539726707483134E-17
5167.36311888026  1.587001977600702E-17
5170.78064787975  1.605079157419138E-17
5174.19876807012  1.368006056872737E-17
5177.61747824961  1.531705358182924E-17
5181.03677721864  1.316353049271177E-17
5184.45666377981  1.271276275166983E-17
5187.87713673792  1.470179189427864E-17
5191.29819489993  1.325005034410950E-17
5194.71983707498  1.350867018420991E-17
5198.1420620744  1.494546876257056E-17
5201.56486871166  1.287518801334215E-17
5204.98825580241  1.392486332384525E-17
5208.41222216449  1.498969346391499E-17
5211.83676661786  1.383670842973505E-17
5215.26188798467  1.205407029405815E-17
5218.68758508922  1.407777100801018E-17
5222.11385675796  1.322709200600505E-17
5225.54070181948  1.612593201355062E-17
5228.96811910455  1.199306579797768E-17
5232.39610744606  1.363755360140671E-17
5235.82466567905  1.255915222607674E-17
5239.2537926407  1.339654373780787E-17
5242.68348717033  1.198087757333275E-17
5246.1137481094  1.209602165958823E-17
5249.54457430149  1.107404599898674E-17
5252.97596459233  1.285336247197544E-17
5256.40791782976  1.218409055897089E-17
5259.84043286373  1.244261034612579E-17
5263.27350854636  1.311740726733931E-17
5266.70714373185  1.031408937959847E-17
5270.14133727651  1.192089798333844E-17
5273.5760880388  1.236529686581070E-17
5277.01139487927  1.077887032188915E-17
5280.44725666057  1.192277797936575E-17
5283.88367224747  1.389166681458162E-17
5287.32064050683  1.103713744458822E-17
5290.75816030764  1.075629129799474E-17
5294.19623052094  1.233862521807629E-17
5297.63485001991  8.780761933696881E-18
5301.07401767978  1.227264298915201E-17
5304.51373237792  1.056513788008820E-17
5307.95399299374  1.050401926352354E-17
5311.39479840876  1.189747862661496E-17
5314.83614750657  1.052774075897991E-17
5318.27803917285  1.132918405872175E-17
5321.72047229534  9.800942750301661E-18
5325.16344576387  1.168949819703795E-17
5328.60695847032  1.039007770424364E-17
5332.05100930866  9.348400803051609E-18
5335.49559717492  1.303076682338699E-17
5338.94072096718  1.346310736885804E-17
5342.38637958559  1.261043951737988E-17
5345.83257193236  1.130756708074133E-17
5349.27929691173  1.404102147241921E-17
5352.72655343004  1.180218609603542E-17
5356.17434039563  1.346147258318661E-17
5359.62265671891  1.106085629697378E-17
5363.07150131233  1.252640024078246E-17
5366.52087309037  1.203602578031741E-17
5369.97077096958  1.094635703303623E-17
5373.42119386852  1.425608251232101E-17
5376.87214070777  1.352073510236840E-17
5380.32361040997  1.214456344965087E-17
5383.77560189977  1.260806328974382E-17
5387.22811410386  1.149425767077773E-17
5390.68114595092  1.177736304508271E-17
5394.13469637169  1.285188566406523E-17
5397.5887642989  1.116475557508153E-17
5401.04334866729  1.272943412785366E-17
5404.49844841364  1.282828181078894E-17
5407.95406247671  1.415634385069579E-17
5411.41018979729  1.300069117623136E-17
5414.86682931814  1.264126726728302E-17
5418.32397998404  1.417528118114379E-17
5421.78164074179  1.376348374056699E-17
5425.23981054014  1.521678854912118E-17
5428.69848832987  1.445569978521389E-17
5432.15767306373  1.377670790217721E-17
5435.61736369645  1.290329580371460E-17
5439.07755918477  1.442765374780597E-17
5442.53825848739  1.369766185556120E-17
5445.999460565  1.303843281246107E-17
5449.46116438027  1.294234320676371E-17
5452.92336889782  1.479231788479698E-17
5456.38607308426  1.624430914570666E-17
5459.84927590817  1.467846749436165E-17
5463.31297634009  1.530005145861762E-17
5466.77717335252  1.242364762353997E-17
5470.24186591992  1.640045385943459E-17
5473.70705301871  1.579936344419167E-17
5477.17273362727  1.380369545002893E-17
5480.63890672592  1.564029792601474E-17
5484.10557129693  1.473189836725435E-17
5487.57272632454  1.465238320165475E-17
5491.0403707949  1.447071697213642E-17
5494.50850369612  1.500440394042730E-17
5497.97712401825  1.596665933083419E-17
5501.44623075326  1.673607451198864E-17
5504.91582289507  1.748110759478453E-17
5508.38589943953  1.809854585817945E-17
5511.8564593844  1.596739945684892E-17
5515.32750172939  1.731090969972109E-17
5518.7990254761  1.362815050054169E-17
5522.27102962808  1.637151354817155E-17
5525.74351319078  1.641391431579729E-17
5529.21647517158  1.483376505820569E-17
5532.68991457974  1.551564581343848E-17
5536.16383042647  1.679617415786179E-17
5539.63822172485  1.745945430346399E-17
5543.11308748989  1.757686697546139E-17
5546.58842673848  1.539349386021154E-17
5550.06423848942  1.551037084001842E-17
5553.5405217634  1.479958178445817E-17
5557.01727558301  1.964175041489648E-17
5560.49449897271  1.590406723836444E-17
5563.97219095888  1.568328516053980E-17
5567.45035056976  1.671513202699078E-17
5570.92897683547  1.640681528201288E-17
5574.40806878803  1.709791226724552E-17
5577.8876254613  1.542903849568548E-17
5581.36764589106  1.612628785696606E-17
5584.84812911493  1.557709754034885E-17
5588.32907417241  1.684532913354798E-17
5591.81048010485  1.518960932562030E-17
5595.29234595548  1.450293588196092E-17
5598.77467076938  1.514624601406172E-17
5602.25745359351  1.352048701543412E-17
5605.74069347664  1.562457784488421E-17
5609.22438946944  1.588680937129888E-17
5612.70854062439  1.590500977955093E-17
5616.19314599585  1.601835184374496E-17
5619.67820464001  1.613272970910567E-17
5623.16371561488  1.719637162094540E-17
5626.64967798035  1.716393255523658E-17
5630.13609079811  1.552955553469661E-17
5633.6229531317  1.831723907412083E-17
5637.1102640465  1.698949055559926E-17
5640.59802260968  1.667482795263856E-17
5644.08622789029  1.580069162633146E-17
5647.57487895916  1.363097368008510E-17
5651.06397488895  1.676371312635509E-17
5654.55351475414  1.466817421761439E-17
5658.04349763103  1.831756246000161E-17
5661.53392259773  1.552433355366372E-17
5665.02478873414  1.515149961184766E-17
5668.51609512198  1.488448685411111E-17
5672.00784084479  1.583347520859361E-17
5675.50002498789  1.407096901481581E-17
5678.9926466384  1.432883903497221E-17
5682.48570488524  1.597631078745179E-17
5685.97919881912  1.488042614964618E-17
5689.47312753254  1.639507135995610E-17
5692.96749011979  1.588606527017543E-17
5696.46228567695  1.631584955381458E-17
5699.95751330187  1.583280983432000E-17
5703.45317209418  1.551526291931908E-17
5706.94926115529  1.322666083563719E-17
5710.4457795884  1.257196865066509E-17
5713.94272649845  1.333041475815230E-17
5717.44010099217  1.259811236025398E-17
5720.93790217805  1.467717214047521E-17
5724.43612916635  1.251970711552503E-17
5727.93478106907  1.316851781605142E-17
5731.43385699999  1.307776833042566E-17
5734.93335607464  1.470071130757499E-17
5738.43327741029  1.429602755629526E-17
5741.93362012596  1.276793522161516E-17
5745.43438334245  1.288419081724077E-17
5748.93556618226  1.402292645601541E-17
5752.43716776965  1.302633931172458E-17
5755.93918723063  1.384856914846799E-17
5759.44162369293  1.324409367682500E-17
5762.94447628601  1.277823547535435E-17
5766.44774414109  1.231040079015472E-17
5769.95142639107  1.302888300803876E-17
5773.45552217063  1.320954662215853E-17
5776.96003061613  1.253513154862285E-17
5780.46495086566  1.223272430144520E-17
5783.97028205904  1.293649740717372E-17
5787.4760233378  1.359834127710088E-17
5790.98217384518  1.399671887721750E-17
5794.48873272611  1.226603050393152E-17
5797.99569912727  1.038673322353530E-17
5801.503072197  1.214597187389768E-17
5805.01085108535  1.422244542610728E-17
5808.5190349441  1.268077076861749E-17
5812.02762292669  1.233055643108424E-17
5815.53661418827  1.174731126194721E-17
5819.04600788567  1.242826415771990E-17
5822.55580317742  1.235306760647914E-17
5826.06599922373  1.263120905036895E-17
5829.57659518648  1.051760341378482E-17
5833.08759022924  1.218277249414346E-17
5836.59898351727  1.181428495683186E-17
5840.11077421747  1.203163927597675E-17
5843.62296149845  1.137159511576304E-17
5847.13554453046  1.178809354524092E-17
5850.64852248543  1.211672393101419E-17
5854.16189453695  1.205308518846775E-17
5857.67565986027  1.254720358162401E-17
5861.1898176323  1.065734472157795E-17
5864.70436703159  1.325371853257907E-17
5868.21930723837  1.112544128040508E-17
5871.73463743451  1.254916297792355E-17
5875.2503568035  1.352483076112054E-17
5878.76646453051  1.100579608651071E-17
5882.28295980234  1.348340725949235E-17
5885.79984180743  1.295250409813994E-17
5889.31710973585  1.162520867058287E-17
5892.8347627793  1.192830814336816E-17
5896.35280013112  1.094177675512323E-17
5899.87122098629  1.375740038820197E-17
5903.39002454138  9.547899179407291E-18
5906.90920999463  1.092771970263832E-17
5910.42877654585  1.272226753070129E-17
5913.9487233965  8.805265565056879E-18
5917.46904974965  1.184086468239313E-17
5920.98975480999  1.268446606343849E-17
5924.51083778378  1.054637827792174E-17
5928.03229787894  9.231873398768799E-18
5931.55413430495  1.012437924151519E-17
5935.07634627292  1.078534640067096E-17
5938.59893299554  1.026261531756724E-17
5942.12189368712  1.046034246924771E-17
5945.64522756353  1.114654737610445E-17
5949.16893384225  1.321540981402095E-17
5952.69301174236  1.017698855811881E-17
5956.21746048449  1.227876956624118E-17
5959.74227929088  1.167599296899552E-17
5963.26746738535  7.797713545857448E-18
5966.79302399327  1.007409044320470E-17
5970.31894834162  1.076319726105056E-17
5973.84523965893  1.250600295852919E-17
5977.37189717531  9.942752016398587E-18
5980.89892012242  1.070641974536414E-17
5984.42630773349  1.128514725148826E-17
5987.95405924332  1.229196273042889E-17
5991.48217388827  1.151793534577989E-17
5995.01065090623  1.104843136002580E-17
5998.53948953668  1.276571895324312E-17
6002.06868902061  1.097410648864574E-17
6005.59824860058  1.242085535136104E-17
6009.12816752071  1.377379872242812E-17
6012.65844502662  1.147357647447528E-17
6016.18908036551  1.140632435243126E-17
6019.72007278609  9.856335132820925E-18
6023.25142153861  1.035646235647503E-17
6026.78312587487  1.132039872682053E-17
6030.31518504816  1.044462609033571E-17
6033.84759831334  1.089123736271002E-17
6037.38036492675  1.270835060919222E-17
6040.91348414629  1.107065147166240E-17
6044.44695523135  1.191014129320500E-17
6047.98077744284  1.181173618573692E-17
6051.51495004319  1.103626628889743E-17
6055.04947229634  1.039364808828096E-17
6058.58434346772  1.243268445580623E-17
6062.11956282428  1.076356989381112E-17
6065.65512963448  1.146063511797248E-17
6069.19104316826  1.014896139286722E-17
6072.72730269705  1.098318073597913E-17
6076.2639074938  1.190650484923486E-17
6079.80085683294  1.237163008312723E-17
6083.33814999036  1.125189537169839E-17
6086.87578624349  1.022210087497659E-17
6090.41376487119  1.126364464237507E-17
6093.95208515383  1.091107755261268E-17
6097.49074637325  1.201447887305976E-17
6101.02974781275  1.049624214812853E-17
6104.56908875714  1.236930906240461E-17
6108.10876849265  1.199816682077543E-17
6111.64878630702  9.904937301130424E-18
6115.18914148942  1.189316758465155E-17
6118.72983333049  1.090865908070980E-17
6122.27086112235  1.141253737096715E-17
6125.81222415855  1.157235230641301E-17
6129.3539217341  1.227198131208979E-17
6132.89595314547  1.124497704941303E-17
6136.43831769056  1.121811220246484E-17
6139.98101466873  9.423517769011963E-18
6143.52404338076  1.170884395647451E-17
6147.06740312891  1.275328359091273E-17
6150.61109321684  1.243005642982260E-17
6154.15511294965  1.032007997416352E-17
6157.69946163389  1.048710002172424E-17
6161.24413857751  1.085446191242494E-17
6164.78914308992  1.161741753486444E-17
6168.33447448192  1.097568054511416E-17
6171.88013206575  9.847013037383254E-18
6175.42611515506  9.903241203818954E-18
6178.97242306493  1.073129449113281E-17
6182.51905511182  9.880661340247121E-18
6186.06601061364  1.054415837359697E-17
6189.61328888968  1.034909369140984E-17
6193.16088926064  1.111795671263528E-17
6196.70881104863  1.114347249954963E-17
6200.25705357713  1.207701806909476E-17
6203.80561617107  1.127591711689384E-17
6207.35449815672  1.141640994806377E-17
6210.90369886176  1.171080374892446E-17
6214.45321761528  1.310652044183236E-17
6218.00305374771  1.235501472444910E-17
6221.55320659092  1.217477899571443E-17
6225.1036754781  1.169129668758720E-17
6228.65445974386  1.082716738630612E-17
6232.20555872417  1.363561931990824E-17
6235.75697175637  1.216676322375619E-17
6239.30869817917  1.212593427646260E-17
6242.86073733265  1.236614542101618E-17
6246.41308855826  1.142477955250775E-17
6249.96575119879  1.241473650214992E-17
6253.51872459841  1.212601599770688E-17
6257.07200810264  1.174559077727233E-17
6260.62560105834  1.274841211103855E-17
6264.17950281374  1.510283730283120E-17
6267.7337127184  1.406989328458312E-17
6271.28823012324  1.233608759965155E-17
6274.84305438052  1.371331741889742E-17
6278.39818484382  1.330779425075699E-17
6281.95362086809  1.315817618978534E-17
6285.50936180958  1.246416316723771E-17
6289.0654070259  1.388806322537219E-17
6292.62175587597  1.090845201765235E-17
6296.17840772004  9.536611148697554E-18
6299.73536191969  1.056972594678844E-17
6303.29261783782  1.201116024911246E-17
6306.85017483864  1.429228857761169E-17
6310.40803228768  1.231419178150446E-17
6313.96618955179  1.420585437497304E-17
6317.52464599911  1.264092668005066E-17
6321.0834009991  1.226502136357328E-17
6324.64245392253  1.185911766245029E-17
6328.20180414147  1.253527289961094E-17
6331.76145102928  1.232114466394976E-17
6335.32139396062  1.287342292294890E-17
6338.88163231144  1.136649471316120E-17
6342.44216545899  1.335626035810362E-17
6346.00299278181  1.174941584355371E-17
6349.56411365972  1.304153812042405E-17
6353.12552747381  1.391868305668988E-17
6356.68723360647  1.231581533474567E-17
6360.24923144137  1.480758384031550E-17
6363.81152036343  1.182402378447074E-17
6367.37409975887  1.421223038492405E-17
6370.93696901516  1.225479150727718E-17
6374.50012752103  1.167001842444131E-17
6378.06357466652  1.283169467333909E-17
6381.62730984287  1.316844994294557E-17
6385.19133244262  1.193357333260421E-17
6388.75564185956  1.212880462540437E-17
6392.32023748871  1.235883090438872E-17
6395.88511872637  1.357130779798954E-17
6399.45028497006  1.455952212542448E-17
6403.01573561858  1.262532325094978E-17
6406.58147007195  1.253093751152519E-17
6410.14748773141  1.134412342387493E-17
6413.71378799949  1.242335922766202E-17
6417.2803702799  1.364048950658190E-17
6420.84723397762  1.100004692278881E-17
6424.41437849884  1.312125077689772E-17
6427.98180325097  1.140312937234675E-17
6431.54950764267  1.124366402299124E-17
6435.1174910838  1.137682992154634E-17
6438.68575298545  9.476772881087379E-18
6442.2542927599  1.158685257621973E-17
6445.82310982068  9.832982630361570E-18
6449.3922035825  1.049885084561763E-17
6452.96157346129  1.021077200599992E-17
6456.5312188742  1.034279346621893E-17
6460.10113923954  1.004982393533522E-17
6463.67133397686  9.125394867654389E-18
6467.24180250689  1.130998293109900E-17
6470.81254425156  1.150511559473756E-17
6474.38355863398  8.961426194378024E-18
6477.95484507845  1.030352576932474E-17
6481.52640301048  9.734139725502265E-18
6485.09823185672  9.435977856630481E-18
6488.67033104504  1.052487083711355E-17
6492.24270000447  1.269165191056746E-17
6495.81533816522  1.165252333475174E-17
6499.38824495866  1.166968028973020E-17
6502.96141981734  1.033604093514329E-17
6506.53486217498  9.274108295231954E-18
6510.10857146647  1.054409048351303E-17
6513.68254712783  9.642692267330327E-18
6517.25678859629  1.105883309793962E-17
6520.83129531017  1.006311637560904E-17
6524.40606670901  9.955383983652261E-18
6527.98110223346  1.118657100591865E-17
6531.55640132533  1.242552422606900E-17
6535.13196342758  1.175712848689813E-17
6538.70778798429  1.099418158185903E-17
6542.28387444072  9.133117667176266E-18
6545.86022224322  1.001920013288728E-17
6549.43683083931  1.086670668910366E-17
6553.01369967764  1.091485854183962E-17
6556.59082820797  1.104883004881231E-17
6560.1682158812  1.090040290577851E-17
6563.74586214934  1.102389579664134E-17
6567.32376646554  1.235097012891716E-17
6570.90192828406  1.141135496715534E-17
6574.48034706027  1.261283084012756E-17
6578.05902225066  1.131154935116023E-17
6581.63795331283  1.115932635251110E-17
6585.21713970549  1.222052707765870E-17
6588.79658088844  9.031779116076764E-18
6592.3762763226  1.169561275909077E-17
6595.95622546998  1.150736919782664E-17
6599.53642779369  1.109647737329879E-17
6603.11688275793  1.108238692571833E-17
6606.697589828  1.051510854522497E-17
6610.27854847029  1.124201849566943E-17
6613.85975815225  1.161024515775592E-17
6617.44121834245  1.019489384347173E-17
6621.02292851051  1.150609743223735E-17
6624.60488812715  9.989475061265078E-18
6628.18709666416  9.915774237297135E-18
6631.76955359439  9.503501437379702E-18
6635.35225839178  1.155626712719307E-17
6638.93521053131  1.131784682820491E-17
6642.51840948905  1.058974059252522E-17
6646.10185474212  9.361610681775569E-18
6649.6855457687  1.077512834260321E-17
6653.26948204803  1.049527648815849E-17
6656.8536630604  1.168657385587501E-17
6660.43808828715  1.111918517639900E-17
6664.02275721067  1.185872428423646E-17
6667.6076693144  9.294594003084306E-18
6671.19282408282  1.105162904336537E-17
6674.77822100144  1.101755141498217E-17
6678.36385955682  9.865538533658499E-18
6681.94973923655  8.742257900202245E-18
6685.53585952926  9.231611506901536E-18
6689.12221992459  8.179660248815244E-18
6692.70881991323  9.105596850050943E-18
6696.29565898688  7.243775673236143E-18
6699.88273663826  1.096166322469912E-17
6703.47005236112  1.001473672962295E-17
6707.05760565022  8.227497173779603E-18
6710.64539600131  9.505676482013171E-18
6714.2334229112  1.051713810696816E-17
6717.82168587767  1.058282371611242E-17
6721.4101843995  7.881535276275064E-18
6724.99891797651  1.096715470320723E-17
6728.58788610949  1.121847773985558E-17
6732.17708830022  1.010135985373656E-17
6735.76652405152  1.083638479009647E-17
6739.35619286713  1.052980051110003E-17
6742.94609425185  1.267927457244178E-17
6746.53622771143  1.008595275022630E-17
6750.12659275259  1.189598729619576E-17
6753.71718888307  1.139679940519746E-17
6757.30801561156  1.192012794917362E-17
6760.89907244773  9.823062212059912E-18
6764.49035890223  9.572451886433077E-18
6768.08187448668  1.118534812562949E-17
6771.67361871365  1.051649109352027E-17
6775.2655910967  1.247760066494178E-17
6778.85779115033  1.038722831713960E-17
6782.45021839002  1.156919416145675E-17
6786.04287233218  1.352904355937626E-17
6789.6357524942  1.143924561375825E-17
6793.2288583944  1.153340889399083E-17
6796.82218955208  1.048359253106715E-17
6800.41574548744  1.274481061876815E-17
6804.00952572166  1.444706641890564E-17
6807.60352977685  1.272131987098256E-17
6811.19775717605  1.153103293344779E-17
6814.79220744324  1.235041386846272E-17
6818.38688010334  1.187152346418205E-17
6821.98177468217  1.176761662180875E-17
6825.57689070653  1.191506234440571E-17
6829.17222770409  1.297081451594880E-17
6832.76778520348  1.020905984837854E-17
6836.36356273422  1.076966672225927E-17
6839.95955982677  1.207046639529057E-17
6843.55577601249  1.317798735196727E-17
6847.15221082364  1.322770274740474E-17
6850.74886379342  1.235692243167462E-17
6854.34573445592  1.241631260995570E-17
6857.94282234611  1.211388865855229E-17
6861.54012699988  1.390440695054278E-17
6865.13764795404  1.101537938621173E-17
6868.73538474625  1.300911228482233E-17
6872.33333691509  8.825873865609878E-18
6875.93150400001  1.141484714929121E-17
6879.52988554138  1.041287335784396E-17
6883.12848108042  1.014813359394346E-17
6886.72729015923  1.106351121767762E-17
6890.32631232083  9.355113227420551E-18
6893.92554710906  1.193471421879156E-17
6897.52499406867  1.119511969443095E-17
6901.12465274528  1.112548122158127E-17
6904.72452268535  1.186921646628404E-17
6908.32460343623  1.138958223197692E-17
6911.92489454612  1.230275022332111E-17
6915.52539556409  1.182184849464555E-17
6919.12610604006  1.125305932970833E-17
6922.7270255248  1.096413609990403E-17
6926.32815356994  1.284979124308341E-17
6929.92948972795  1.080568539689679E-17
6933.53103355215  1.171614536594368E-17
6937.13278459671  1.141721878596699E-17
6940.73474241663  1.064433701742643E-17
6944.33690656776  1.366273862616297E-17
6947.93927660676  1.193875190675207E-17
6951.54185209115  1.177644137938939E-17
6955.14463257927  1.056549399906862E-17
6958.74761763028  1.101302878625592E-17
6962.35080680418  1.171247218350848E-17
6965.95419966178  1.088421062807177E-17
6969.5577957647  1.235763468299785E-17
6973.1615946754  1.358898862657349E-17
6976.76559595714  1.280056283228628E-17
6980.36979917399  1.222771629191004E-17
6983.97420389083  1.102795314756020E-17
6987.57880967334  9.627652129816803E-18
6991.18361608801  9.868333322700889E-18
6994.78862270214  1.133484658110022E-17
6998.39382908381  1.169414664227480E-17
7001.99923480189  1.286182477560189E-17
7005.60483942607  1.120287647575344E-17
7009.2106425268  1.209377783326584E-17
7012.81664367532  1.202674874493556E-17
7016.42284244369  9.225471554165817E-18
7020.0292384047  1.126305924327331E-17
7023.63583113194  1.031959152709610E-17
7027.2426201998  1.063558317739149E-17
7030.8496051834  8.874932415859426E-18
7034.45678565866  1.134630995108619E-17
7038.06416120226  1.123109545982281E-17
7041.67173139164  1.123377210463300E-17
7045.27949580501  1.269844502791019E-17
7048.88745402133  8.240441233127393E-18
7052.49560562033  1.058011643283911E-17
7056.10395018248  1.147797178345095E-17
7059.71248728902  1.209818388066257E-17
7063.32121652192  9.082226014851485E-18
7066.93013746389  1.087577220265658E-17
7070.53924969843  1.106067730552818E-17
7074.14855280971  1.154656517081658E-17
7077.75804638271  9.573567002241853E-18
7081.36773000308  1.085559821530401E-17
7084.97760325726  1.216909902747414E-17
7088.58766573238  1.109310262327502E-17
7092.19791701631  1.124304532393145E-17
7095.80835669765  1.183978530488474E-17
7099.41898436572  1.124987730170364E-17
7103.02979961055  1.034161887536703E-17
7106.6408020229  1.050244684728343E-17
7110.25199119422  1.162157365264555E-17
7113.86336671671  1.135994456755573E-17
7117.47492818325  1.065490626031299E-17
7121.08667518742  1.178691705268534E-17
7124.69860732353  1.017735572989966E-17
7128.31072418656  9.571278279007142E-18
7131.92302537222  1.081762020614106E-17
7135.53551047688  1.062831846658034E-17
7139.14817909763  1.202823371918498E-17
7142.76103083224  1.200905233600807E-17
7146.37406527916  1.305579111743147E-17
7149.98728203754  1.157495335974251E-17
7153.60068070719  1.067601125779956E-17
7157.21426088861  1.038476332309196E-17
7160.82802218299  1.032552996770424E-17
7164.44196419216  1.158597035496240E-17
7168.05608651865  1.125508211486538E-17
7171.67038876565  1.042285754467845E-17
7175.28487053702  1.020990232326719E-17
7178.89953143726  1.034585944655779E-17
7182.51437107155  1.231844913555255E-17
7186.12938904573  1.024268481332793E-17
7189.74458496628  1.194280582349330E-17
7193.35995844034  1.176619638421309E-17
7196.9755090757  1.149747453032727E-17
7200.5912364808  1.174512537463474E-17
7204.2071402647  1.137881958495174E-17
7207.82322003713  1.041207425513961E-17
7211.43947540845  9.550380000337742E-18
7215.05590598964  1.157943318819764E-17
7218.67251139234  9.512842846505124E-18
7222.2892912288  9.840680816953097E-18
7225.9062451119  1.056601885298379E-17
7229.52337265515  1.188670703023911E-17
7233.14067347268  1.055177613606042E-17
7236.75814717923  1.226367463794013E-17
7240.37579339018  8.523790847360324E-18
7243.99361172151  1.105061446459183E-17
7247.61160178979  1.240095421009883E-17
7251.22976321224  1.065915540249114E-17
7254.84809560666  1.169977409173772E-17
7258.46659859146  1.075931600506760E-17
7262.08527178564  1.079546208783788E-17
7265.70411480881  1.044591468427416E-17
7269.32312728118  1.068238537326551E-17
7272.94230882354  1.066734368656860E-17
7276.56165905727  1.270084184252433E-17
7280.18117760434  1.171784527221006E-17
7283.80086408732  1.223811227231992E-17
7287.42071812932  1.210833255102606E-17
7291.04073935408  1.135143972730502E-17
7294.66092738588  1.049494719090190E-17
7298.28128184959  9.909692526119744E-18
7301.90180237064  9.411600682384747E-18
7305.52248857504  1.037559927451317E-17
7309.14334008936  9.748092698847408E-18
7312.76435654073  1.015917468914576E-17
7316.38553755684  1.120771719699858E-17
7320.00688276594  1.054083552603781E-17
7323.62839179683  1.152073494578827E-17
7327.25006427888  1.097418718086447E-17
7330.87189984199  9.471583081450683E-18
7334.49389811661  1.168486534192365E-17
7338.11605873373  1.161087625121667E-17
7341.73838132489  1.005169149796652E-17
7345.36086552217  1.101189342006558E-17
7348.98351095818  1.012092216943729E-17
7352.60631726606  1.223903167992783E-17
7356.22928407949  1.007671563972468E-17
7359.85241103266  9.851686585880424E-18
7363.47569776031  1.109039608507273E-17
7367.09914389769  9.963725296005371E-18
7370.72274908056  1.193809392570829E-17
7374.34651294521  1.205480145236266E-17
7377.97043512843  1.134740831900247E-17
7381.59451526755  9.807969591961070E-18
7385.21875300038  1.046533930222497E-17
7388.84314796524  8.810684294539344E-18
7392.46769980097  9.617540194604966E-18
7396.0924081469  8.791139713341225E-18
7399.71727264284  8.967030154685890E-18
7403.34229292914  1.111620045898758E-17
7406.9674686466  9.943198011037049E-18
7410.59279943652  9.903988912562642E-18
7414.21828494071  1.067225191468761E-17
7417.84392480144  9.798422642379588E-18
7421.46971866147  8.288432774124419E-18
7425.09566616403  8.889239715810287E-18
7428.72176695284  9.006133306028464E-18
7432.3480206721  8.400445216902394E-18
7435.97442696645  1.078257227384890E-17
7439.60098548103  8.853432026543297E-18
7443.22769586143  8.820915883503463E-18
7446.8545577537  8.917041507352077E-18
7450.48157080437  9.337726470895182E-18
7454.10873466041  9.322463087176169E-18
7457.73604896923  8.008819843943919E-18
7461.36351337874  7.178853879508068E-18
7464.99112753725  8.103103541202539E-18
7468.61889109355  7.693260711192635E-18
7472.24680369685  8.454898380155693E-18
7475.87486499681  7.259102883016006E-18
7479.50307464355  5.546652077018170E-18
7483.13143228758  6.540942016160324E-18
7486.7599375799  6.722517612218235E-18
7490.38859017188  7.787124964166876E-18
7494.01738971538  7.055432602109591E-18
7497.64633586262  7.472179514028152E-18
7501.27542826631  7.880720215667629E-18
7504.90466657952  6.393605198755646E-18
7508.53405045577  7.102148477877110E-18
7512.16357954899  6.596607554527169E-18
7515.79325351352  7.456707109522787E-18
7519.42307200411  7.892586147457221E-18
7523.05303467591  8.697300872074862E-18
7526.68314118447  9.432200438232202E-18
7530.31339118576  6.309581835988334E-18
7533.94378433613  7.676927243470606E-18
7537.57432029234  7.199561461327180E-18
7541.20499871153  6.109863660633513E-18
7544.83581925123  6.144025321269994E-18
7548.46678156937  5.426853487557488E-18
7552.09788532426  6.033966649107833E-18
7555.72913017457  4.999916930249693E-18
7559.36051577939  8.946041694269212E-18
7562.99204179816  7.254220909387570E-18
7566.62370789069  8.106697016632328E-18
7570.25551371718  9.288333411695193E-18
7573.88745893818  8.339086216912495E-18
7577.51954321462  6.095570221709314E-18
7581.15176620778  5.412554579787131E-18
7584.78412757932  8.258223696797474E-18
7588.41662699124  8.723380640182439E-18
7592.04926410589  6.194277846876243E-18
7595.682038586  4.515359219078760E-18
7599.31495009463  5.308682487718239E-18
7602.94799829517  6.825120385415416E-18
7606.5811828514  3.444161857403081E-18
7610.21450342739  4.151346813720375E-18
7613.84795968759  7.913790524629085E-18
7617.48155129677  7.310313567830371E-18
7621.11527792003  7.676620111226885E-18
7624.74913922281  5.222396575299579E-18
7628.38313487086  6.270294501131451E-18
7632.01726453027  7.802673461654459E-18
7635.65152786746  6.415830316113078E-18
7639.28592454915  5.639710120962389E-18
7642.9204542424  7.447985016335572E-18
7646.55511661456  8.578663046134400E-18
7650.1899113333  7.528446973188885E-18
7653.82483806662  8.748915282259780E-18
7657.45989648279  9.120163242756939E-18
7661.09508625042  9.653095497559370E-18
7664.7304070384  9.512221399344694E-18
7668.36585851591  1.076023757142285E-17
7672.00144035246  1.134718164152409E-17
7675.63715221781  8.815300127937902E-18
7679.27299378205  1.153793815778593E-17
7682.90896471552  9.496092556769511E-18
7686.54506468888  9.107126198410959E-18
7690.18129337305  1.003284179510668E-17
7693.81765043923  7.463620970980016E-18
7697.45413555891  9.790552898815068E-18
7701.09074840385  8.050666013025995E-18
7704.72748864607  1.114737220693384E-17
7708.36435595786  8.526991767663375E-18
7712.0013500118  8.964273717896029E-18
7715.63847048071  1.178718537345306E-17
7719.27571703767  1.127315491267054E-17
7722.91308935603  1.022308451034583E-17
7726.55058710939  8.212911053204015E-18
7730.18820997159  1.005698078581682E-17
7733.82595761675  1.094162377115932E-17
7737.46382971921  1.201827171950285E-17
7741.10182595356  1.067915297253867E-17
7744.73994599464  9.841152825749334E-18
7748.37818951753  1.054735302721516E-17
7752.01655619753  1.006157078709309E-17
7755.65504571018  1.116358356032440E-17
7759.29365773128  9.673326188769092E-18
7762.9323919368  1.274576639034139E-17
7766.57124800299  9.900434310473924E-18
7770.2102256063  1.013710517316923E-17
7773.8493244234  7.117146990965892E-18
7777.48854413117  7.509831219458851E-18
7781.12788440673  9.352941277600324E-18
7784.76734492739  7.295755666751196E-18
7788.40692537067  7.579187165539156E-18
7792.0466254143  9.957662020844153E-18
7795.68644473622  8.628009640598509E-18
7799.32638301457  9.606512016158619E-18
7802.96643992769  8.661428769840085E-18
7806.6066151541  7.988002415633182E-18
7810.24690837254  1.042528643207924E-17
7813.88731926191  9.698999852915846E-18
7817.52784750131  7.980754026145674E-18
7821.16849277005  1.241987424206578E-17
7824.80925474758  7.186641955875558E-18
7828.45013311356  1.034249839185714E-17
7832.09112754782  1.096125410873818E-17
7835.73223773035  1.033601904264320E-17
7839.37346334133  1.061357995683032E-17
7843.01480406111  8.597439602740806E-18
7846.65625957018  1.077155177781594E-17
7850.29782954922  1.036791915643094E-17
7853.93951367907  8.502258589435307E-18
7857.58131164071  7.351627694641901E-18
7861.2232231153  1.024753473916335E-17
7864.86524778412  7.610992815318017E-18
7868.50738532863  1.017301760852306E-17
7872.14963543042  8.616623703282137E-18
7875.79199777123  1.040717623117951E-17
7879.43447203295  9.174392682853399E-18
7883.0770578976  1.173506893689721E-17
7886.71975504734  8.972685584416989E-18
7890.36256316445  8.945223215820536E-18
7894.00548193137  1.017062640897679E-17
7897.64851103064  6.357990634909869E-18
7901.29165014493  1.138746520760190E-17
7904.93489895706  9.474965885674974E-18
7908.57825714994  9.563759662356739E-18
7912.22172440661  8.718653794315176E-18
7915.86530041023  1.213358837609117E-17
7919.50898484405  7.379250362393912E-18
7923.15277739145  9.337420905109812E-18
7926.79667773592  1.103638186633689E-17
7930.44068556105  1.118639400878180E-17
7934.08480055051  1.048483624087512E-17
7937.72902238809  1.001146150330598E-17
7941.37335075769  8.031836779755439E-18
7945.01778534327  8.804251854038604E-18
7948.66232582889  1.037393349141975E-17
7952.30697189872  8.946610768522933E-18
7955.951723237  9.345380142080049E-18
7959.59657952804  6.809316803121825E-18
7963.24154045625  5.353710240470634E-18
7966.88660570611  1.219568417923412E-17
7970.53177496216  9.029865276522066E-18
7974.17704790905  9.566841618105172E-18
7977.82242423145  9.039229849300792E-18
7981.46790361414  9.968232397529614E-18
7985.11348574193  9.750121192633393E-18
7988.75917029971  9.016888353816858E-18
7992.40495697243  8.723939589257854E-18
7996.05084544509  9.463985941431898E-18
7999.69683540274  9.145117325424784E-18
8003.34292653047  8.383912975634281E-18
8006.98911851345  9.023684820931270E-18
8010.63541103686  8.871705772678396E-18
8014.28180378595  1.184745559963583E-17
8017.92829644598  9.492939538396781E-18
8021.57488870228  1.027296663728820E-17
8025.22158024019  1.234165128683011E-17
8028.86837074508  2.270690385274509E-17
8032.51525990238  2.584897442612282E-17
8036.1622473975  2.699847344801915E-17
8039.8093329159  1.503766423544493E-17
8043.45651614308  1.042949936220119E-17
8047.1037967645  9.378455917825462E-18
8050.75117446569  1.122164984842173E-17
8054.39864893217  1.115952352792309E-17
8058.04621984948  1.329320067152368E-17
8061.69388690314  1.648333619617921E-17
8065.34164977871  1.320491588286642E-17
8068.98950816172  7.458745366529955E-18
8072.63746173773  8.560676930528975E-18
8076.28551019227  8.107185946936038E-18
8079.93365321088  7.584048927531890E-18
8083.58189047908  9.007965477384521E-18
8087.23022168239  9.018536903555101E-18
8090.87864650629  8.357126481605444E-18
8094.52716463629  9.199206858060014E-18
8098.17577575782  1.002920099301181E-17
8101.82447955634  7.953109637214430E-18
8105.47327571726  8.617129794447045E-18
8109.12216392596  8.196672494376105E-18
8112.7711438678  7.726875042032339E-18
8116.42021522809  8.506515755692632E-18
8120.06937769213  8.127807788208327E-18
8123.71863094516  7.092297392440239E-18
8127.36797467238  8.152616314470442E-18
8131.01740855895  7.458804126428496E-18
8134.66693229  8.083311631404216E-18
8138.31654555057  7.668314877975561E-18
8141.96624802569  7.574796290195584E-18
8145.61603940031  8.218215905116153E-18
8149.26591935933  9.709244764728277E-18
8152.91588758758  6.325499812739004E-18
8156.56594376985  6.465228887879725E-18
8160.21608759084  6.129359296743359E-18
8163.8663187352  7.943601181085410E-18
8167.51663688749  8.278175383826431E-18
8171.16704173221  7.751797582573126E-18
8174.81753295378  9.179521941180700E-18
8178.46811023654  8.141395274355167E-18
8182.11877326475  7.409481251268652E-18
8185.76952172258  7.474364636458580E-18
8189.42035529413  7.388838835570510E-18
8193.07127366337  9.612637276781349E-18
8196.72227651423  6.504679377379694E-18
8200.3733635305  9.759413862763411E-18
8204.0245343959  8.502330422015473E-18
8207.67578879404  7.143421967402297E-18
8211.32712640842  8.078803382248299E-18
8214.97854692244  7.031740757621156E-18
8218.63005001939  1.252339610188446E-17
8222.28163538245  1.020484992596137E-17
8225.93330269469  1.023828760049860E-17
8229.58505163904  1.038585806573954E-17
8233.23688189835  1.042806988955749E-17
8236.88879315531  1.169926526318303E-17
8240.5407850925  1.067716040808672E-17
8244.19285739239  1.012376342467141E-17
8247.84500973728  6.816981447313464E-18
8251.49724180937  8.797845291340051E-18
8255.14955329071  6.872866011379386E-18
8258.80194386321  7.291514176470720E-18
8262.45441320865  7.663635090407892E-18
8266.10696100865  9.080618750561344E-18
8269.7595869447  6.544111110609330E-18
8273.41229069813  8.778461394544141E-18
8277.06507195012  8.491753203428318E-18
8280.7179303817  6.407205658285373E-18
8284.37086567373  5.148166337376562E-18
8288.02387750692  1.100714806237228E-17
8291.67696556182  8.080789229733886E-18
8295.33012951881  9.013202618875498E-18
8298.98336905809  7.627224832006051E-18
8302.63668385971  6.468451492242226E-18
8306.29007360354  6.679704317520336E-18
8309.94353796926  6.180630457367396E-18
8313.59707663639  6.595604646793442E-18
8317.25068928425  8.116650454847258E-18
8320.904375592  7.489779697549023E-18
8324.55813523858  7.761599365532721E-18
8328.21196790277  1.007425175326121E-17
8331.86587326314  8.784668782128740E-18
8335.51985099807  7.621996007045817E-18
8339.17390078574  9.428635235299530E-18
8342.82802230414  8.957619677668169E-18
8346.48221523104  6.475496373482054E-18
8350.13647924401  7.045014629254550E-18
8353.79081402043  9.252614666203907E-18
8357.44521923743  5.741912145818045E-18
8361.09969457196  8.931648355795701E-18
8364.75423970074  6.712174563312192E-18
8368.40885430027  9.221835714604697E-18
8372.06353804683  8.406920454245396E-18
8375.71829061647  7.706114387030124E-18
8379.37311168502  9.647472362268787E-18
8383.02800092808  7.844286056945668E-18
8386.68295802101  6.720918705778867E-18
8390.33798263893  6.427011549143267E-18
8393.99307445675  6.620446674052820E-18
8397.64823314909  8.988701419882081E-18
8401.30345839037  9.056244906670027E-18
8404.95874985475  7.952661163166352E-18
8408.61410721612  8.135098104759487E-18
8412.26953014817  7.170906005648301E-18
8415.92501832427  9.106487118128303E-18
8419.58057141758  6.973137173893442E-18
8423.23618910099  9.542066886529076E-18
8426.8918710471  8.253233547624873E-18
8430.54761692829  6.377535428825353E-18
8434.20342641664  7.640955723642540E-18
8437.85929918396  8.748035689635035E-18
8441.51523490181  7.888845887449362E-18
8445.17123324144  7.969442516893209E-18
8448.82729387385  1.051792790161597E-17
8452.48341646975  7.924237534807165E-18
8456.13960069955  7.121097687935737E-18
8459.7958462334  1.149533316293540E-17
8463.45215274114  7.112093302973797E-18
8467.10851989233  7.803815778127937E-18
8470.76494735623  6.884768522475303E-18
8474.42143480179  7.259067413403595E-18
8478.07798189768  8.138793756846094E-18
8481.73458831226  8.625010753862683E-18
8485.39125371357  9.147269716682103E-18
8489.04797776937  8.685552906208661E-18
8492.70476014708  7.990709709555265E-18
8496.36160051382  7.700213311292971E-18
8500.0184985364  7.257226786507881E-18
8503.67545388129  6.090187975883971E-18
8507.33246621465  6.689813781636687E-18
8510.98953520234  6.723696788975823E-18
8514.64666050984  6.715778563223651E-18
8518.30384180234  7.073023283279715E-18
8521.96107874468  6.925346669585980E-18
8525.61837100138  6.923921661699682E-18
8529.2757182366  8.383733477693590E-18
8532.93312011418  8.227424663499876E-18
8536.59057629759  7.488171733336744E-18
8540.24808645  7.793698607879996E-18
8543.90565023417  6.066298144388630E-18
8547.56326731256  8.744040364758658E-18
8551.22093734725  6.040600724822702E-18
8554.87865999996  8.000146268796520E-18
8558.53643493208  7.744640343254074E-18
8562.1942618046  6.255148103362268E-18
8565.85214027816  7.595162595921532E-18
8569.51007001303  8.048924742118293E-18
8573.16805066913  7.423889389030189E-18
8576.82608190597  6.833680484215215E-18
8580.48416338272  8.272495021312790E-18
8584.14229475815  8.060331757693759E-18
8587.80047569064  8.747431653703120E-18
8591.45870583821  7.436861113705078E-18
8595.11698485848  8.145076465153637E-18
8598.77531240869  7.216354594296767E-18
8602.43368814567  7.146982266711326E-18
8606.09211172587  8.226437668719349E-18
8609.75058280534  6.831995597909279E-18
8613.40910103972  8.582272568086551E-18
8617.06766608426  7.769933958829060E-18
8620.72627759381  7.964342435069347E-18
8624.38493522278  6.916946758278646E-18
8628.04363862521  7.689429271375635E-18
8631.70238745469  1.005953952866005E-17
8635.36118136442  4.949173288710970E-18
8639.02002000717  7.271503182272174E-18
8642.67890303529  6.250676043537064E-18
8646.3378301007  8.007815745924890E-18
8649.99680085489  7.549040199004717E-18
8653.65581494894  6.711996665875354E-18
8657.31487203348  7.266507942700840E-18
8660.97397175871  9.662590372378778E-18
8664.63311377439  6.480490086382683E-18
8668.29229772984  4.617082227704070E-18
8671.95152327393  7.035567928947161E-18
8675.61079005511  7.425748407890418E-18
8679.27009772134  7.971597753925902E-18
8682.92944592016  5.279157548313660E-18
8686.58883429866  7.304596768890210E-18
8690.24826250343  7.887895969770919E-18
8693.90773018066  7.323699890902770E-18
8697.56723697603  7.345590485472321E-18
8701.22678253477  6.927155425415749E-18
8704.88636650166  6.503089976117593E-18
8708.54598852098  9.329192672148421E-18
8712.20564823656  6.074307321514176E-18
8715.86534529174  5.379129771811552E-18
8719.52507932939  9.450525227419239E-18
8723.1848499919  5.972916282503721E-18
8726.84465692116  5.365440392377909E-18
8730.5044997586  6.512350996057558E-18
8734.16437814514  7.175306055847094E-18
8737.82429172121  6.989405272176732E-18
8741.48424012675  5.823565067046933E-18
8745.14422300121  7.988608367614546E-18
8748.80423998353  8.505425134340638E-18
8752.46429071215  8.346904024983402E-18
8756.12437482499  6.396194611354605E-18
8759.7844919595  6.779333297080408E-18
8763.44464175257  6.470100030782389E-18
8767.10482384062  5.711431987921366E-18
8770.76503785952  6.721465897864835E-18
8774.42528344465  9.417863683461881E-18
8778.08556023085  6.585153066905402E-18
8781.74586785244  7.364026397381823E-18
8785.40620594321  6.554706930406171E-18
8789.06657413642  7.393659766343636E-18
8792.72697206482  6.311296919970578E-18
8796.38739936058  6.307987215849268E-18
8800.04785565538  6.847307856733168E-18
8803.70834058033  6.603275899763064E-18
8807.36885376599  7.568042651778698E-18
8811.02939484241  8.807512356581103E-18
8814.68996343906  8.353407891128984E-18
8818.35055918487  6.921558325068490E-18
8822.01118170821  6.883556183551954E-18
8825.67183063691  8.300580096430174E-18
8829.33250559821  7.409144018197272E-18
8832.99320621882  1.096949335147805E-17
8836.65393212487  6.660492788445139E-18
8840.31468294192  7.346056520100602E-18
8843.97545829496  8.723173228237136E-18
8847.63625780843  7.026131512635176E-18
8851.29708110615  5.134027135769243E-18
8854.9579278114  9.244579908520989E-18
8858.61879754687  8.980822346062204E-18
8862.27968993465  6.178256614634426E-18
8865.94060459627  6.071573185837958E-18
8869.60154115264  7.564612973924027E-18
8873.26249922411  6.323953789053184E-18
8876.92347843042  6.932565471586016E-18
8880.5844783907  6.605505442631467E-18
8884.24549872351  8.088330465532951E-18
8887.90653904678  6.681950966974147E-18
8891.56759897785  7.137285385916154E-18
8895.22867813345  6.361206306745415E-18
8898.8897761297  6.462397954679221E-18
8902.55089258208  7.868969909718379E-18
8906.21202710551  7.248843654904302E-18
8909.87317931425  6.524923011628489E-18
8913.53434882193  6.319908456121634E-18
8917.19553524159  5.930013277543476E-18
8920.85673818563  4.810988675631866E-18
8924.5179572658  7.065302798140424E-18
8928.17919209326  7.091341839413857E-18
8931.84044227848  7.117292027970030E-18
8935.50170743134  8.256075772261970E-18
8939.16298716107  7.259034392217545E-18
8942.82428107622  5.024944454765165E-18
8946.48558878475  8.865272683234881E-18
8950.14690989394  7.729846087530038E-18
8953.80824401041  9.424494798261029E-18
8957.46959074016  6.975682033864129E-18
8961.1309496885  8.144603629627043E-18
8964.7923204601  6.942723281646067E-18
8968.45370265895  5.575351985649734E-18
8972.11509588841  5.532738684118427E-18
8975.77649975112  4.481617468150994E-18
8979.43791384911  8.131718081482816E-18
8983.0993377837  4.659055459320643E-18
8986.76077115553  8.069383223205495E-18
8990.42221356458  7.871888050625170E-18
8994.08366461015  4.857422379416116E-18
8997.74512389084  6.561700187481374E-18
9001.40659100458  7.907481743097028E-18
9005.06806554861  9.773017443509704E-18
9008.72954711946  6.609153141549622E-18
9012.39103531299  8.337062635569118E-18
9016.05252972435  7.748166861186664E-18
9019.71402994799  4.552401096318822E-18
9023.37553557765  6.124707958280133E-18
9027.0370462064  6.485296195816808E-18
9030.69856142656  6.879051436080616E-18
9034.36008082975  9.678863726932817E-18
9038.0216040069  8.272954438024713E-18
9041.6831305482  8.046082146720044E-18
9045.34466004314  4.987244088791024E-18
9049.00619208045  4.210677463358936E-18
9052.66772624819  7.694818785049090E-18
9056.32926213366  6.276471850173441E-18
9059.99079932344  7.379243037212558E-18
9063.65233740337  6.000301340273774E-18
9067.31387595857  6.021484157233335E-18
9070.9754145734  5.665875364217888E-18
9074.6369528315  7.849117667003656E-18
9078.29849031577  6.380168668761387E-18
9081.96002660834  5.193478407996575E-18
9085.62156129062  7.392064593492375E-18
9089.28309394326  8.349562457994876E-18
9092.94462414613  4.912492335838157E-18
9096.60615147839  5.710431533078789E-18
9100.2676755184  6.888161328875596E-18
9103.92919584379  6.592035025469483E-18
9107.5907120314  7.926515548910826E-18
9111.25222365731  6.288473506832406E-18
9114.91373029686  8.060444089219240E-18
9118.57523152457  4.843582902872174E-18
9122.2367269142  6.923209823775094E-18
9125.89821603875  7.523422495143877E-18
9129.55969847044  6.413964899471789E-18
9133.22117378067  7.871456200741095E-18
9136.8826415401  6.831994909578686E-18
9140.54410131857  5.681791027463654E-18
9144.20555268513  7.343699228391916E-18
9147.86699520807  5.567779933152662E-18
9151.52842845483  6.552977911342279E-18
9155.1898519921  5.520734661712982E-18
9158.85126538573  6.650194045193882E-18
9162.51266820079  7.435654549646470E-18
9166.17406000153  5.171742995457490E-18
9169.8354403514  5.192658944197904E-18
9173.49680881303  5.435117344125371E-18
9177.15816494823  8.702968877191338E-18
9180.81950831799  7.088744933924344E-18
9184.4808384825  6.449810398360545E-18
9188.1421550011  5.344543789581895E-18
9191.80345743233  5.062426365875881E-18
9195.46474533387  7.609692959749509E-18
9199.12601826259  9.295458304017602E-18
9202.78727577452  5.866301999532098E-18
9206.44851742486  7.325994466931565E-18
9210.10974276796  6.006206217721348E-18
9213.77095135732  6.424313189789394E-18
9217.43214274561  4.679041399015520E-18
9221.09331648465  6.172299201999175E-18
9224.7544721254  7.294723832958910E-18
9228.41560921798  6.312039356415843E-18
9232.07672731164  7.183297831209162E-18
9235.73782595479  4.694725402652356E-18
9239.39890469494  5.475480988507279E-18
9243.05996307879  5.080188798029379E-18
9246.72100065214  6.794069945783453E-18
9250.38201695991  7.998560327361334E-18
9254.04301154617  7.005840856699525E-18
9257.70398395411  7.663680716469850E-18
9261.36493372604  7.027972918780145E-18
9265.02586040339  6.477445584917314E-18
9268.68676352671  5.687755725998223E-18
9272.34764263566  5.897313034675098E-18
9276.00849726901  6.097633075103505E-18
9279.66932696465  5.184097264291763E-18
9283.33013125955  5.914002435677946E-18
9286.99090968981  8.488045519272640E-18
9290.65166179063  3.404323461088043E-18
9294.31238709629  5.659174556117578E-18
9297.97308514018  6.012478518408006E-18
9301.63375545477  7.655126470317508E-18
9305.29439757164  1.062620220739494E-17
9308.95501102143  3.107860194889276E-18
9312.6155953339  3.315146636189443E-18
9316.27615003785  3.396241670448867E-18
9319.93667466119  9.118143320571640E-18
9323.5971687309  5.313954677694248E-18
9327.25763177302  9.774853788541371E-18
9330.91806331268  4.551349133550369E-18
9334.57846287407  4.795455205795760E-18
9338.23882998045  3.334136748545390E-18
9341.89916415413  6.932839552722990E-18
9345.55946491649  6.226361698972691E-18
9349.21973178797  7.063136915730403E-18
9352.87996428806  6.019725543339994E-18
9356.5401619353  4.690347651747611E-18
9360.20032424729  7.300858579450302E-18
9363.86045074067  3.876661286635112E-18
9367.52054093111  1.073843902839159E-18
9371.18059433336  2.149735356351094E-18
9374.84061046115  5.851579428511048E-18
9378.50058882731  6.577018624981439E-18
9382.16052894367  7.044738989727075E-18
9385.82043032108  7.072986555661758E-18
9389.48029246943  8.321092548016556E-18
9393.14011489766  3.774387636039481E-18
9396.79989711368  5.013691018820153E-18
9400.45963862448  6.156346017181362E-18
9404.11933893601  8.398815946365358E-18
9407.77899755327  5.547279793447109E-18
9411.43861398026  4.258797456546822E-18
9415.09818772001  3.866972729515843E-18
9418.75771827451  5.461070895628639E-18
9422.4172051448  5.692297024376689E-18
9426.07664783089  7.396391619313509E-18
9429.73604583181  5.870377890945511E-18
9433.39539864558  8.133600280371759E-18
9437.05470576919  1.224206155710686E-18
9440.71396669866  6.474871289544223E-18
9444.37318092897  5.629216356020640E-18
9448.03234795408  3.563361328127130E-18
9451.69146726696  1.360998065275525E-18
9455.35053835953  7.462609775668914E-18
9459.0095607227  2.215951551437249E-18
9462.66853384637  6.522444858538012E-18
9466.32745721937  2.351360305687266E-18
9469.98633032954  4.944147548929868E-18
9473.64515266366  2.553579534121010E-18
9477.3039237075  1.947090541956182E-18
9480.96264294574  7.298617782236762E-18
9484.62130986207  2.115161035027399E-18
9488.27992393913  8.300646149936950E-18
9491.93848465847  9.469047477282298E-18
9495.59699150063  2.755036273783710E-18
9499.25544394508  2.980110588107256E-18
9502.91384147025  5.266998773920605E-18
9506.57218355349  4.032607297748989E-18
9510.23046967109  5.639864998238897E-18
9513.88869929831  8.159913011496978E-18
9517.5468719093  6.756599650827075E-18
9521.20498697717  7.413443272559554E-18
9524.86304397394  7.965826587585983E-18
9528.52104237056  3.003886334063271E-18
9532.17898163692  5.633892951657482E-18
9535.8368612418  5.591206706132036E-18
9539.49468065293  6.865269778906302E-18
9543.15243933691  6.476103484393918E-18
9546.81013675931  1.109335570192561E-17
9550.46777238457  5.194666092829294E-18
9554.12534567603  8.300627382267155E-18
9557.78285609597  4.557892401563567E-18
9561.44030310553  8.399548889687189E-18
9565.09768616479  4.631769267958602E-18
9568.7550047327  6.358198302785639E-18
9572.41225826709  4.089995265456114E-18
9576.06944622471  8.339905816527082E-18
9579.72656806119  6.234296842482335E-18
9583.38362323103  4.970366667648292E-18
9587.04061118763  5.482089461100279E-18
9590.69753138325  6.573120990141751E-18
9594.35438326906  6.775128633570604E-18
9598.01116629507  5.005183435224540E-18
9601.66787991017  3.370836262405958E-18
9605.32452356214  8.763716478537869E-18
9608.98109669759  7.203382849250871E-18
9612.63759876202  6.235585811097701E-18
9616.29402919979  4.928821062854822E-18
9619.9503874541  6.425351665664974E-18
9623.60667296703  6.959998939484979E-18
9627.26288517949  3.669853944050672E-18
9630.91902353125  4.038877819821561E-18
9634.57508746092  3.635083963363647E-18
9638.23107640597  2.739427993113283E-18
9641.88698980271  4.788685818381511E-18
9645.54282708626  3.197329007524997E-18
9649.19858769062  6.239446605967057E-18
9652.85427104858  4.847514630732050E-18
9656.5098765918  5.111085857526122E-18
9660.16540375075  3.404175685928944E-18
9663.82085195471  5.895957083330994E-18
9667.47622063181  7.235736838101162E-18
9671.131509209  5.512482716703653E-18
9674.78671711202  6.980631713336460E-18
9678.44184376545  4.820325870596314E-18
9682.09688859268  7.321898647312259E-18
9685.75185101588  5.054637859585414E-18
9689.40673045608  8.515944406197546E-18
9693.06152633307  6.408636548839480E-18
9696.71623806545  5.243177683311022E-18
9700.37086507063  1.576028126587903E-18
9704.02540676481  5.095509461286136E-18
9707.67986256298  5.732675680482036E-18
9711.33423187893  4.706311552885528E-18
9714.98851412523  4.850661054990032E-18
9718.64270871323  6.203691312735548E-18
9722.29681505308  8.060080669982250E-18
