3617.01367129439  -5.157320696804607E-14
3619.96221167274  -1.392778900972383E-14
3622.91220423202  -6.452578407570643E-14
3625.86364650369  -9.365263827030428E-15
3628.81653602245  -1.188916112370049E-14
3631.77087032624  3.508269860058068E-14
3634.72664695624  -4.099247119049645E-14
3637.68386345684  1.196122922795173E-14
3640.64251737569  4.066346665312393E-14
3643.60260626364  -6.109933675132018E-15
3646.56412767478  2.027751982980591E-14
3649.52707916641  -1.801194894732357E-14
3652.49145829905  -1.227228429013898E-14
3655.45726263645  2.013206097935629E-15
3658.42448974557  9.993026202261956E-15
3661.39313719658  7.976686294179722E-15
3664.36320256284  -2.388792365209448E-15
3667.33468342096  -5.515845200597704E-16
3670.30757735071  3.465678078854806E-15
3673.2818819351  9.619062003082129E-15
3676.25759476031  1.108937122732106E-15
3679.23471341574  -3.363584774205772E-16
3682.21323549397  1.426699732949544E-15
3685.19315859078  1.142737548975816E-15
3688.17448030514  1.857437797726748E-15
3691.15719823921  -1.953337809223695E-15
3694.14130999832  3.321686554167633E-16
3697.12681319101  1.017550804227289E-16
3700.11370542897  -1.019805566228210E-16
3703.1019843271  4.467519637988749E-16
3706.09164750346  -1.052263524659860E-15
3709.08269257926  -5.475029859243073E-16
3712.07511717893  4.027135826706010E-16
3715.06891893003  1.091990005160797E-15
3718.0640954633  -1.252997442376463E-16
3721.06064441264  -1.995736943371015E-16
3724.05856341512  -2.405894383930986E-16
3727.05785011095  -2.809413733162442E-16
3730.05850214352  4.926053777144373E-17
3733.06051715936  3.063392856627500E-16
3736.06389280815  3.645123901319871E-17
3739.06862674273  -6.635993598480110E-17
3742.07471661907  1.113997350498563E-16
3745.0821600963  -1.293640862512583E-16
3748.09095483668  -1.755554133732158E-16
3751.10109850562  -1.987996650419887E-16
3754.11258877166  -8.570275389852071E-17
3757.12542330648  -1.276939887421790E-16
3760.13959978489  -1.997688560221049E-16
3763.15511588481  7.858304493015428E-17
3766.17196928733  1.282686608922217E-16
3769.19015767663  7.336388598952439E-17
3772.20967874002  -8.078760037661631E-17
3775.23053016794  1.196935905017947E-16
3778.25270965393  4.709099853467229E-17
3781.27621489467  9.282575835444752E-17
3784.30104358992  -7.928902042191115E-17
3787.32719344258  1.175947487376170E-16
3790.35466215864  -4.144499454563034E-17
3793.38344744721  -4.809042792926091E-17
3796.41354702049  7.779646234206536E-17
3799.44495859379  -2.418631112479730E-17
3802.47767988551  3.529189906259134E-17
3805.51170861714  6.128573879215991E-17
3808.54704251329  -3.616220887228288E-17
3811.58367930163  -5.445919255904963E-17
3814.62161671294  3.015109728702738E-17
3817.66085248107  2.111686059293350E-17
3820.70138434297  4.469908667946700E-17
3823.74321003865  1.405402360040255E-17
3826.78632731123  3.025707566710767E-17
3829.83073390688  2.507714659420873E-17
3832.87642757485  -1.090258685533041E-19
3835.92340606746  2.051650283050987E-17
3838.9716671401  -1.166062033855284E-17
3842.02120855124  -3.505903779399031E-17
3845.0720280624  -1.854500221291221E-17
3848.12412343816  -2.205272115744742E-17
3851.17749244618  -6.106645155741087E-18
3854.23213285713  -9.231142903009065E-18
3857.2880424448  3.470620721242827E-18
3860.34521898598  1.630894772872416E-17
3863.40366026052  -1.523813430163344E-17
3866.46336405135  -2.998048921773678E-18
3869.52432814439  6.269912410685579E-18
3872.58655032866  -9.877043575598642E-18
3875.65002839618  1.493278223287072E-17
3878.71476014201  2.308999571942157E-17
3881.78074336427  -5.222152093676406E-18
3884.84797586409  -3.097379458066038E-18
3887.91645544564  -2.548365416649027E-18
3890.98617991611  1.834724855745946E-18
3894.05714708574  3.307436184359591E-18
3897.12935476775  1.357785790796702E-17
3900.20280077841  1.528276896748680E-17
3903.27748293702  -2.680430798502558E-18
3906.35339906586  -3.992085719153913E-18
3909.43054699024  7.554885379908117E-18
3912.5089245385  2.241955177087693E-18
3915.58852954196  3.747093019689182E-19
3918.66935983496  3.436670540566661E-18
3921.75141325484  -1.191007815896413E-17
3924.83468764194  4.549249764351255E-18
3927.9191808396  -1.727482828033006E-19
3931.00489069417  -3.247144850666979E-18
3934.09181505496  1.135540516818148E-18
3937.17995177431  -9.088751411978726E-19
3940.26929870753  -7.380045868194008E-18
3943.3598537129  5.918804019158871E-19
3946.45161465173  5.379959956578046E-18
3949.54457938826  9.567831054917135E-18
3952.63874578974  -3.615211478726790E-18
3955.7341117264  3.218586853608891E-18
3958.83067507143  1.393464324003768E-17
3961.928433701  -4.135779399263562E-18
3965.02738549423  1.596557843900850E-17
3968.12752833325  7.176363395700789E-18
3971.22886010311  8.144881877978916E-18
3974.33137869185  4.434205071167075E-19
3977.43508199045  1.316678698704119E-18
3980.53996789287  -7.679100610953368E-18
3983.64603429602  -4.343859163893114E-18
3986.75327909974  3.822369350563651E-18
3989.86170020684  1.718743794108354E-18
3992.97129552309  2.251690265716829E-18
3996.08206295717  2.760384215355556E-18
3999.19400042074  3.246348275737091E-18
4002.30710582837  3.711019673175744E-18
4005.42137709759  4.155714452026090E-18
4008.53681214885  4.581689306433747E-18
4011.65340890555  1.168760710603738E-18
4014.77116529401  6.150427411973212E-18
4017.89007924347  3.557126856113316E-18
4021.01014868612  -7.951568321259200E-19
4024.13137155706  -1.147714961073704E-18
4027.2537457943  2.200612883942748E-20
4030.37726933878  -1.442573106392852E-18
4033.50194013436  -4.565732992417599E-18
4036.62775612782  -5.146262821968034E-18
4039.75471526882  -2.442198025798764E-18
4042.88281550997  -2.690036846956136E-18
4046.01205480676  2.296533070891824E-19
4049.14243111759  9.578829849340053E-21
4052.27394240376  2.778030045772843E-18
4055.40658662948  2.677390547859908E-19
4058.54036176184  3.091981690978822E-18
4061.67526577085  9.295991174696231E-19
4064.81129662938  -8.430309957519805E-19
4067.94845231321  4.677320484231616E-18
4071.086730801  -2.371434378756077E-18
4074.22613007431  2.220828777447935E-18
4077.36664811756  4.257390252150189E-18
4080.50828291806  3.024358641926847E-18
4083.651032466  -1.189220609464931E-18
4086.79489475444  -7.222165110000887E-19
4089.93986777931  3.649744614939653E-18
4093.08594953944  6.997548350565175E-19
4096.23313803647  -1.472790220964567E-18
4099.38143127496  -2.080841693663136E-18
4102.53082726231  1.426378150769982E-18
4105.68132400878  1.311116943060465E-18
4108.83291952749  -2.290586159275451E-18
4111.98561183441  3.876692369341540E-18
4115.13939894838  7.392343562360835E-18
4118.29427889108  -1.372882829592530E-18
4121.45024968703  -4.961051706143430E-18
4124.6073093636  5.551487850709798E-18
4127.76545595103  9.669308124899067E-19
4130.92468748237  1.472652702187730E-18
4134.08500199351  -8.647950999452280E-19
4137.24639752319  8.337683823489763E-19
4140.40887211298  4.495414782134774E-18
4143.57242380728  3.949899507913709E-18
4146.73705065332  1.849051417160211E-18
4149.90275070115  3.855447993066916E-19
4153.06952200365  1.935740565741228E-18
4156.23736261654  -5.410135505323980E-19
4159.40627059831  1.296191813075441E-18
4162.57624401033  4.705405023786593E-19
4165.74728091672  1.644420271901970E-18
4168.91937938448  2.468447568562369E-18
4172.09253748335  3.426166794353309E-18
4175.26675328593  1.423747406229334E-18
4178.44202486761  3.290314786450661E-18
4181.61835030657  2.917859965241257E-18
4184.7957276838  6.192281510197478E-18
4187.97415508308  2.754809018026949E-18
4191.153630591  2.837566163566194E-18
4194.33415229693  2.783739039565531E-18
4197.51571829304  1.327838088950495E-18
4200.69832667427  5.117201899097514E-19
4203.88197553837  5.295527563503227E-18
4207.06666298585  2.732234845520070E-18
4210.25238712002  3.728143552626511E-18
4213.43914604695  -1.122355464649207E-18
4216.62693787549  2.147183439946267E-18
4219.81576071729  1.176931497296960E-18
4223.00561268673  3.040391780342385E-19
4226.19649190099  1.746685955200396E-18
4229.38839647999  -2.376264079557622E-18
4232.58132454643  1.115157752549076E-18
4235.77527422578  2.447754611563588E-18
4238.97024364624  4.273208840594346E-18
4242.16623093879  3.792003550276830E-18
4245.36323423715  8.468576366632271E-19
4248.56125167782  2.970502773399897E-18
4251.7602814  -4.023107938955583E-19
4254.96032154569  9.148151251766158E-19
4258.16137025959  -9.906203863540246E-20
4261.36342568916  1.979645451499165E-18
4264.56648598461  1.702990242739859E-18
4267.77054929887  1.914475199758562E-18
4270.9756137876  2.161070354864961E-18
4274.18167760923  1.643480284533380E-18
4277.38873892487  2.028200126275415E-18
4280.59679589838  1.536130542395049E-18
4283.80584669635  3.644554470186190E-18
4287.01588948809  1.860930351141932E-18
4290.22692244563  3.313264292160486E-18
4293.4389437437  5.714149195855595E-18
4296.65195155977  4.020317393460348E-18
4299.86594407401  6.034998079804195E-18
4303.0809194693  3.228786197356825E-18
4306.29687593123  3.334687236049844E-18
4309.5138116481  1.084558894124668E-18
4312.7317248109  2.435471393057482E-18
4315.95061361334  1.456658648056134E-18
4319.17047625181  3.445530265312562E-18
4322.3913109254  2.107022787231052E-18
4325.6131158359  6.743053310416165E-19
4328.83588918778  4.101413353534432E-18
4332.05962918822  2.575118505610523E-18
4335.28433404707  4.457696173382968E-18
4338.51000197685  2.873525359155100E-18
4341.73663119278  4.388548423666904E-18
4344.96421991276  1.902664714972530E-18
4348.19276635736  3.403993804443518E-18
4351.42226874983  3.350835455968105E-18
4354.65272531608  2.134236202203434E-18
4357.88413428469  3.849012010913372E-18
4361.11649388693  3.862445424061233E-18
4364.34980235669  4.225924715238978E-18
4367.58405793057  2.431451708870781E-18
4370.8192588478  2.143663786439854E-18
4374.05540335027  1.032131049527715E-18
4377.29248968254  3.699406057375500E-19
4380.5305160918  3.590588793432924E-18
4383.7694808279  4.040889788884847E-18
4387.00938214334  3.991706870433364E-18
4390.25021829327  1.630823283787976E-18
4393.49198753546  2.360496776311442E-18
4396.73468813035  2.026520742836779E-18
4399.97831834099  2.491668596308264E-18
4403.22287643308  2.380634281528892E-18
4406.46836067495  1.989472770766601E-18
4409.71476933757  2.792935220025589E-18
4412.96210069451  2.571499590430603E-18
4416.210353022  4.517935601492141E-18
4419.45952459886  4.432580488444020E-18
4422.70961370656  1.832654215877573E-18
4425.96061862917  2.802547885924068E-18
4429.21253765339  3.841307237097747E-18
4432.4653690685  5.664917887338277E-18
4435.71911116644  3.590196296232268E-18
4438.97376224172  2.222603907042474E-18
4442.22932059147  3.813845254351292E-18
4445.48578451543  4.327477265451807E-18
4448.74315231592  1.608269377206105E-18
4452.00142229788  5.759914204016011E-18
4455.26059276884  5.347914152467129E-18
4458.52066203893  3.202770126321113E-18
4461.78162842085  2.140285994408494E-18
4465.04349022991  3.756503439927891E-18
4468.306245784  1.093487145614442E-19
4471.56989340358  2.768909138748527E-18
4474.83443141173  3.127925583726396E-18
4478.09985813407  4.076874213482435E-18
4481.36617189882  2.770692333354038E-18
4484.63337103676  2.162873815395480E-18
4487.90145388124  3.221310552570876E-18
4491.17041876821  2.209494955489887E-18
4494.44026403614  1.981832310243601E-18
4497.71098802611  4.462298192720906E-18
4500.98258908173  1.426987989676587E-18
4504.25506554919  3.238138094567195E-18
4507.52841577723  8.291141989336587E-19
4510.80263811713  -3.948847282475753E-19
4514.07773092276  4.103166743788499E-20
4517.3536925505  2.285106863199112E-19
4520.6305213593  1.275980792181050E-18
4523.90821571066  -3.493339598658115E-19
4527.1867739686  1.838646519030060E-18
4530.4661944997  1.005298758022567E-18
4533.74647567308  -1.135627060589737E-18
4537.02761586038  6.404522406898477E-19
4540.30961343577  3.382311953022432E-18
4543.59246677599  3.076149247259404E-18
4546.87617426025  1.810857593146494E-18
4550.16073427034  1.993577396062454E-19
4553.44614519054  1.460113367884462E-19
4556.73240540767  1.385172458748383E-18
4560.01951331104  -2.402023155916770E-19
4563.30746729252  1.011689452037575E-18
4566.59626574645  6.595365381923650E-19
4569.88590706971  8.214408579813104E-19
4573.17638966169  9.824124282320260E-19
4576.46771192426  1.142450266667534E-18
4579.75987226182  1.301568176864307E-18
4583.05286908126  5.405917401187842E-19
4586.34670079198  2.584195778857527E-18
4589.64136580586  6.686185677278909E-19
4592.93686253729  2.484719865572512E-18
4596.23318940314  2.559375397397260E-19
4599.53034482278  2.064452970981776E-18
4602.82832721806  4.458299291447095E-19
4606.12713501332  3.347397900137488E-18
4609.42676663538  4.237250265390901E-19
4612.72722051353  1.607179256556337E-18
4616.02849507956  -4.757350932279157E-19
4619.33058876771  1.658568162303924E-18
4622.63350001471  2.147417945649926E-18
4625.93722725976  8.541761171327904E-19
4629.24176894452  1.792750195947402E-18
4632.54712351311  2.676058942170063E-18
4635.85328941213  1.890527080254233E-18
4639.16026509063  2.673869808678940E-18
4642.46804900011  2.523043763737553E-18
4645.77663959455  1.112499814445790E-18
4649.08603533037  1.559096074729242E-18
4652.39623466642  -2.833599212143543E-19
4655.70723606403  1.558021877306265E-18
4659.01903798697  6.668886745731011E-19
4662.33163890143  2.254400729789012E-18
4665.64503727608  1.529981281721330E-18
4668.95923158199  2.643194642843024E-18
4672.27422029269  2.720672721712957E-18
4675.59000188413  1.196455234499896E-18
4678.90657483471  1.061913790880263E-18
4682.22393762524  2.959484314050385E-18
4685.54208873897  2.271571758534694E-18
4688.86102666157  1.631117863483622E-18
4692.18074988111  3.749818993397851E-18
4695.50125688812  5.191825584468679E-18
4698.82254617553  5.478553164751889E-19
4702.14461623866  1.966040191579046E-18
4705.46746557528  4.892377517328053E-18
4708.79109268554  5.038038232934352E-18
4712.11549607202  3.871005916220544E-18
4715.44067423969  2.174163176395603E-18
4718.76662569592  2.817246265023676E-18
4722.0933489505  3.289764504548160E-18
4725.4208425156  4.668533758174771E-18
4728.74910490578  4.627624713800349E-18
4732.07813463801  4.490026941214909E-18
4735.40793023164  3.773552873123529E-18
4738.7384902084  3.467804378052237E-18
4742.06981309244  3.218645997022689E-18
4745.40189741024  5.335711997661054E-19
4748.7347416907  3.019453874484714E-18
4752.0683444651  4.498236295204191E-18
4755.40270426706  4.278869237526047E-18
4758.7378196326  3.933691730991344E-18
4762.07368910012  4.643021440132105E-18
4765.41031121036  2.925658830851560E-18
4768.74768450645  4.678744475656126E-18
4772.08580753386  4.463671726128050E-18
4775.42467884046  5.456259923460549E-18
4778.76429697643  4.695664868676203E-18
4782.10466049434  7.674901014983436E-18
4785.44576794911  5.974603141739860E-18
4788.78761789799  2.964482139311431E-18
4792.13020890061  4.069779898958875E-18
4795.47353951893  2.980681851222822E-18
4798.81760831723  6.657865908237237E-18
4802.16241386219  5.000803111250583E-18
4805.50795472279  4.550422292869550E-18
4808.85422947033  7.216527150343301E-18
4812.20123667849  4.481960689471598E-18
4815.54897492325  4.984141625762235E-18
4818.89744278294  5.021555004868009E-18
4822.24663883819  4.390829787796325E-18
4825.59656167198  5.210535582744015E-18
4828.9472098696  4.818703848890405E-18
4832.29858201867  5.808645481853041E-18
4835.65067670911  5.867471671885668E-18
4839.00349253317  5.050945145622323E-18
4842.35702808542  5.565073878680677E-18
4845.71128196271  5.336707923118567E-18
4849.06625276423  5.597775637017347E-18
4852.42193909145  3.886264503390004E-18
4855.77833954817  5.588569116799632E-18
4859.13545274046  3.561867841794164E-18
4862.49327727671  4.008748031822874E-18
4865.8518117676  4.827240766402257E-18
4869.2110548261  6.018980968013023E-18
4872.57100506747  4.715482048201443E-18
4875.93166110927  5.900145306081513E-18
4879.29302157133  3.458227901305558E-18
4882.65508507577  3.996465226907075E-18
4886.01785024699  4.278257537463065E-18
4889.38131571168  4.285319591942736E-18
4892.74548009879  3.095343973373698E-18
4896.11034203955  4.357872430650374E-18
4899.47590016746  2.888154255083252E-18
4902.8421531183  3.435187612523505E-18
4906.2090995301  3.950560425223137E-18
4909.57673804316  3.271081182847579E-18
4912.94506730005  4.048072198143646E-18
4916.31408594559  3.181864170314600E-18
4919.68379262686  4.197092921398136E-18
4923.05418599319  3.126851696496149E-18
4926.42526469618  2.652991563222950E-18
4929.79702738964  2.336251905762360E-18
4933.16947272968  2.688665381500523E-18
4936.5425993746  4.206085201837200E-18
4939.91640598499  2.945318432470108E-18
4943.29089122366  3.498302734032221E-18
4946.66605375565  4.354418951592966E-18
4950.04189224823  2.257729304573925E-18
4953.41840537094  3.243568948878912E-18
4956.79559179551  2.743824059492244E-18
4960.17345019592  2.170235929642355E-18
4963.55197924836  3.142205823026358E-18
4966.93117763125  2.362084963087544E-18
4970.31104402524  1.788980113510538E-18
4973.69157711318  3.422169857633452E-18
4977.07277558016  2.836578509914806E-18
4980.45463811345  3.413131461875238E-18
4983.83716340256  3.137661499536144E-18
4987.2203501392  2.257576482955756E-18
4990.60419701727  3.981270746235088E-18
4993.9887027329  3.625104972443231E-18
4997.3738659844  3.189934764756126E-18
5000.7596854723  4.267765992163747E-18
5004.1461598993  3.897422342672731E-18
5007.53328797031  2.776517959613096E-18
5010.92106839242  3.966249973491737E-18
5014.30949987494  4.079331767082331E-18
5017.69858112932  2.958310544761172E-18
5021.08831086923  3.593288297361991E-18
5024.4786878105  3.301401694995864E-18
5027.86971067116  3.251144682518980E-18
5031.26137817141  2.865002917303965E-18
5034.6536890336  4.320554177315044E-18
5038.04664198229  2.929676653881884E-18
5041.44023574418  3.577368379292795E-18
5044.83446904816  3.037788125966798E-18
5048.22934062527  4.401523165165104E-18
5051.6248492087  2.955230744545485E-18
5055.02099353384  3.453013147928869E-18
5058.4177723382  2.653548048980045E-18
5061.81518436146  1.594000408241989E-18
5065.21322834545  3.217774562247365E-18
5068.61190303415  2.382456560418347E-18
5072.0112071737  3.675347509259395E-18
5075.41113951235  2.741453566651820E-18
5078.81169880055  4.328104681946429E-18
5082.21288379083  2.874552097090430E-18
5085.61469323789  3.389773949328272E-18
5089.01712589857  2.851685309441862E-18
5092.42018053183  3.557894893312072E-18
5095.82385589877  2.826139490584387E-18
5099.22815076261  2.701614066809429E-18
5102.63306388869  3.453412676164733E-18
5106.0385940445  4.425782718170060E-18
5109.44473999963  2.550781611218293E-18
5112.85150052578  2.733762648111455E-18
5116.25887439678  1.850841436005776E-18
5119.66686038859  2.890964601214402E-18
5123.07545727925  3.015985919766585E-18
5126.48466384893  2.452320441749728E-18
5129.8944788799  2.597802693138871E-18
5133.30490115653  3.954014317870853E-18
5136.71592946529  2.849020960688828E-18
5140.12756259476  3.185635700317535E-18
5143.53979933562  2.952379659769167E-18
5146.95263848063  3.472780076231897E-18
5150.36607882464  3.630731454969816E-18
5153.7801191646  2.759977242494179E-18
5157.19475829956  3.332656300850873E-18
5160.60999503061  2.825599755234696E-18
5164.02582816099  3.965218479267884E-18
5167.44225649595  2.490249154377123E-18
5170.85927884286  4.373852319313980E-18
5174.27689401115  3.000682251253741E-18
5177.69510081234  2.537877593662467E-18
5181.11389805999  2.611137878588991E-18
5184.53328456976  2.755414514235337E-18
5187.95325915934  2.972513442673860E-18
5191.37382064852  2.150164598873908E-18
5194.79496785913  3.364371025921615E-18
5198.21669961506  2.767081896775398E-18
5201.63901474225  2.953688673088533E-18
5205.06191206871  3.922274570586581E-18
5208.48539042449  3.136098955359032E-18
5211.90944864168  2.613182669063222E-18
5215.33408555443  2.512147313528392E-18
5218.75929999894  2.268965932809999E-18
5222.18509081342  3.796924034150602E-18
5225.61145683815  3.080886303832342E-18
5229.03839691543  2.461759606514724E-18
5232.46590988961  1.911060598189943E-18
5235.89399460704  3.295870545034874E-18
5239.32264991613  2.727051318211506E-18
5242.75187466731  2.913540634877658E-18
5246.18166771302  1.818694509064975E-18
5249.61202790774  2.312031850631654E-18
5253.04295410795  2.411190746946908E-18
5256.47444517217  1.965343085117817E-18
5259.9064999609  1.029624692271679E-18
5263.3391173367  1.779372203900582E-18
5266.7722961641  1.963020361957767E-18
5270.20603530965  1.199669865155430E-18
5273.6403336419  1.905019698176468E-18
5277.07519003141  2.699833560540909E-18
5280.51060335075  2.737768063432590E-18
5283.94657247446  3.686040886628175E-18
5287.38309627909  1.952911387691757E-18
5290.82017364319  2.487838129686684E-18
5294.25780344729  1.552057181306722E-18
5297.69598457391  1.852174230767752E-18
5301.13471590755  2.617921173202232E-18
5304.5739963347  2.289763321361113E-18
5308.01382474383  3.358982978206598E-18
5311.45420002539  3.673333738058135E-18
5314.8951210718  3.888069825076901E-18
5318.33658677745  1.918074055808627E-18
5321.77859603872  2.493132292402176E-18
5325.22114775393  1.818134507790276E-18
5328.66424082339  2.085603358859298E-18
5332.10787414936  1.958100291674302E-18
5335.55204663606  2.326259563962719E-18
5338.99675718968  3.142891555754164E-18
5342.44200471836  2.682686726828143E-18
5345.8877881322  2.412665196388783E-18
5349.33410634323  2.581310779676094E-18
5352.78095826546  2.618048765811718E-18
5356.22834281481  3.743513809178665E-18
5359.67625890919  2.925516142195895E-18
5363.12470546841  3.323405112880080E-18
5366.57368141424  3.105428132221331E-18
5370.02318567038  2.547910053721816E-18
5373.47321716246  1.537138772164175E-18
5376.92377481807  3.089497254009019E-18
5380.37485756669  2.516410188815183E-18
5383.82646433975  1.857630107292998E-18
5387.27859407061  2.150161083356305E-18
5390.73124569452  2.968882119784753E-18
5394.1844181487  3.013106297259135E-18
5397.63811037224  2.832784025649872E-18
5401.09232130617  1.568257720398726E-18
5404.54704989342  3.798524215045586E-18
5408.00229507886  3.995401472639332E-18
5411.45805580922  3.488843096547063E-18
5414.91433103317  3.289401165464096E-18
5418.37111970128  3.214842413771017E-18
5421.82842076601  1.651391853502143E-18
5425.28623318171  2.169841778080473E-18
5428.74455590466  3.182386948461734E-18
5432.20338789299  2.260405440650688E-18
5435.66272810675  2.882330283185421E-18
5439.12257550787  2.520352945204918E-18
5442.58292906016  3.556940740475492E-18
5446.04378772933  3.325996462944056E-18
5449.50515048295  2.931912936667920E-18
5452.96701629049  2.548198739755597E-18
5456.42938412327  3.332056388111619E-18
5459.89225295451  2.618185870998249E-18
5463.35562175929  3.104656165914667E-18
5466.81948951455  3.990500841100261E-18
5470.28385519912  2.686224578308032E-18
5473.74871779366  2.681620284223409E-18
5477.21407628073  3.049635627085242E-18
5480.67992964472  2.780630081233250E-18
5484.14627687189  4.747637453743524E-18
5487.61311695035  4.102677699100721E-18
5491.08044887007  2.705404828761606E-18
5494.54827162286  3.650202459408702E-18
5498.01658420238  4.034047764448115E-18
5501.48538560414  2.090037874123195E-18
5504.95467482547  3.275653630478619E-18
5508.42445086558  5.177370603264314E-18
5511.89471272548  3.693859811368332E-18
5515.36545940803  4.655240965731043E-18
5518.83668991793  4.774107233345221E-18
5522.3084032617  4.056469735722283E-18
5525.78059844768  3.453986325919539E-18
5529.25327448606  4.269280559865332E-18
5532.72643038883  2.888025008112542E-18
5536.20006516982  4.292468913977033E-18
5539.67417784465  4.795395967180191E-18
5543.14876743078  3.234151704400150E-18
5546.62383294747  4.027505592983433E-18
5550.09937341581  3.866137958315669E-18
5553.57538785867  2.066007656943070E-18
5557.05187530075  3.253617538960206E-18
5560.52883476854  4.219870580335703E-18
5564.00626529033  2.937620069304230E-18
5567.48416589622  4.368630741697238E-18
5570.9625356181  1.635352821424740E-18
5574.44137348965  9.344778287224608E-19
5577.92067854635  4.639212273411298E-18
5581.40044982546  4.304679754179538E-18
5584.88068636603  3.971064578247102E-18
5588.3613872089  3.638427543389009E-18
5591.84255139668  3.089819854447916E-18
5595.32417797376  3.933235127293215E-18
5598.80626598633  3.108561699176836E-18
5602.28881448232  2.988640983076807E-18
5605.77182251145  4.006630449454739E-18
5609.25528912522  3.567995595771956E-18
5612.73921337687  2.205721357535420E-18
5616.22359432143  3.097540137900026E-18
5619.70843101568  3.463427351840913E-18
5623.19372251816  4.174702382987245E-18
5626.67946788916  2.621989247454768E-18
5630.16566619076  5.284001628847914E-18
5633.65231648674  4.239734909155857E-18
5637.13941784267  4.098253523594481E-18
5640.62696932586  2.448544982638884E-18
5644.11497000534  3.687421037480218E-18
5647.60341895192  4.355172926721308E-18
5651.09231523813  4.484512128071018E-18
5654.58165793824  2.468413654157254E-18
5658.07144612826  3.523704623463111E-18
5661.56167888592  3.145941163877494E-18
5665.0523552907  3.305166193963593E-18
5668.54347442379  2.832080922129202E-18
5672.03503536813  3.320939287474059E-18
5675.52703720836  3.856496754686057E-18
5679.01947903085  2.653297206459288E-18
5682.51235992368  3.478368922040611E-18
5686.00567897666  2.831834835896968E-18
5689.49943528132  2.832565443173004E-18
5692.99362793087  4.786682033017252E-18
5696.48825602026  4.058095972806563E-18
5699.98331864613  2.954166783482587E-18
5703.47881490683  2.133819096379554E-18
5706.97474390242  3.665566098515955E-18
5710.47110473463  3.074290158832692E-18
5713.96789650692  1.960291699912108E-18
5717.46511832443  2.001962577630692E-18
5720.96276929399  3.138406996063208E-18
5724.46084852413  1.700632777994083E-18
5727.95935512504  2.795944709889210E-18
5731.45828820864  2.859407867640657E-18
5734.95764688848  3.844889342740407E-18
5738.45743027984  1.990351856962592E-18
5741.95763749964  2.319706639150074E-18
5745.45826766649  3.337932472388043E-18
5748.95931990067  2.367656851693701E-18
5752.46079332414  1.922545587404935E-18
5755.96268706051  3.686901154465230E-18
5759.46500023507  3.592246049790174E-18
5762.96773197476  2.270840944463504E-18
5766.4708814082  3.041346243371695E-18
5769.97444766564  3.211731801077512E-18
5773.47842987901  3.616417508059893E-18
5776.98282718188  1.994825870100737E-18
5780.48763870948  1.749788916473236E-18
5783.99286359868  3.030881788237440E-18
5787.498500988  1.899764619744919E-18
5791.0045500176  2.279951511730163E-18
5794.51100982928  3.164666051403857E-18
5798.0178795665  2.539674643543238E-18
5801.52515837432  4.123385752145679E-18
5805.03284539947  3.430819478503766E-18
5808.54093979027  1.478184782726908E-18
5812.04944069671  2.352953716305571E-18
5815.55834727038  2.527945222457236E-18
5819.06765866451  2.647059023869719E-18
5822.57737403394  1.900878418439722E-18
5826.08749253514  1.117579323792325E-18
5829.59801332618  2.458605773634213E-18
5833.10893556676  3.037486825428676E-18
5836.62025841819  1.769445209369333E-18
5840.13198104339  1.963827069850160E-18
5843.64410260687  2.393493631331641E-18
5847.15662227476  1.679268253735486E-18
5850.66953921481  2.169168866652161E-18
5854.18285259633  2.473767787467156E-18
5857.69656159025  2.322935331876021E-18
5861.2106653691  2.228941971691009E-18
5864.72516310699  1.422036486529844E-18
5868.24005397963  2.677407453363677E-18
5871.75533716431  1.808576642607379E-18
5875.27101183991  2.313248012927260E-18
5878.78707718688  3.515860469714271E-18
5882.30353238728  2.338637908239269E-18
5885.82037662471  3.650633006917535E-18
5889.33760908438  2.221522988777020E-18
5892.85522895306  8.316229343339553E-19
5896.37323541908  2.864405692901703E-18
5899.89162767234  2.478105522599385E-18
5903.41040490433  3.191027263550156E-18
5906.92956630807  3.086226581866985E-18
5910.44911107818  2.703886745542418E-18
5913.96903841079  2.118361779067929E-18
5917.48934750363  1.921561449271150E-18
5921.01003755596  1.971869126560553E-18
5924.5311077686  4.228474499477172E-18
5928.05255734391  3.759091274474263E-18
5931.57438548581  1.406631901982270E-18
5935.09659139976  2.755516050655528E-18
5938.61917429274  2.148905836776756E-18
5942.14213337331  2.363519707860017E-18
5945.66546785153  2.275309167337363E-18
5949.18917693901  7.130749244604589E-19
5952.7132598489  2.900294164548234E-18
5956.23771579587  1.598483106776567E-18
5959.7625439961  2.657678782163981E-18
5963.28774366732  1.238047736855441E-18
5966.81331402879  1.555972330543512E-18
5970.33925430126  2.138882475704145E-18
5973.865563707  2.344220136603083E-18
5977.39224146983  2.011097339930268E-18
5980.91928681505  4.060994000082642E-18
5984.44669896947  2.474757715865230E-18
5987.97447716142  1.291230590556502E-18
5991.50262062074  2.042727278988224E-18
5995.03112857877  2.379752713791064E-18
5998.56000026832  6.540221386387800E-19
6002.08923492374  1.804258139424393E-18
6005.61883178086  1.614289287511536E-18
6009.148790077  5.020100717953564E-19
6012.67910905097  1.038807224251630E-18
6016.20978794308  2.570326648322003E-18
6019.7408259951  2.023092079197747E-18
6023.27222245031  2.643117508250903E-18
6026.80397655346  2.876088585078248E-18
6030.33608755078  1.933806410673926E-18
6033.86855468998  2.608336011059121E-18
6037.40137722023  2.140803809471952E-18
6040.93455439218  2.968028262597445E-18
6044.46808545797  1.755110376148942E-18
6048.00196967116  1.914553368326448E-18
6051.53620628682  3.154669780496306E-18
6055.07079456145  2.239246367376735E-18
6058.60573375303  1.942486430431751E-18
6062.14102312098  1.854507707275764E-18
6065.67666192619  2.444232269720185E-18
6069.21264943099  1.836680517509174E-18
6072.74898489916  2.101341297193731E-18
6076.28566759593  1.409092454111885E-18
6079.82269678799  2.346295946350285E-18
6083.36007174345  9.883224269135642E-19
6086.89779173185  1.985612318847816E-18
6090.43585602421  3.226203325894127E-18
6093.97426389295  2.585954158044661E-18
6097.51301461192  1.706789069703008E-18
6101.05210745644  2.747668588184237E-18
6104.5915417032  2.401515215321875E-18
6108.13131663037  2.652386687400019E-18
6111.6714315175  1.609613649099081E-18
6115.21188564559  1.960412468281541E-18
6118.75267829704  1.420321947915176E-18
6122.29380875568  2.678132683965733E-18
6125.83527630673  1.510354250339402E-18
6129.37708023685  1.006507682487813E-18
6132.91921983409  2.365613508785542E-18
6136.46169438791  1.522202682036035E-18
6140.00450318917  2.013340860546665E-18
6143.54764553014  1.613748001198197E-18
6147.09112070448  1.703733981508121E-18
6150.63492800725  2.486536974583138E-18
6154.1790667349  1.703805325835953E-18
6157.72353618528  3.029066333588039E-18
6161.26833565762  3.047905992424393E-18
6164.81346445253  2.481077375745134E-18
6168.35892187203  3.129525144235920E-18
6171.9047072195  2.831286001560539E-18
6175.4508197997  1.791565673310226E-18
6178.99725891877  3.045262116391522E-18
6182.54402388423  2.402706148608798E-18
6186.09111400497  1.236420259000243E-18
6189.63852859124  2.147772599337558E-18
6193.18626695467  2.351818617709995E-18
6196.73432840825  2.889361111596968E-18
6200.28271226632  1.778649041250058E-18
6203.83141784459  1.826296919279797E-18
6207.38044446015  2.155790047424729E-18
6210.9297914314  1.721998853216327E-18
6214.47945807812  1.550392790516689E-18
6218.02944372144  2.275636110474474E-18
6221.57974768383  2.895786237004974E-18
6225.13036928911  2.342005360512972E-18
6228.68130786245  1.712415759024747E-18
6232.23256273034  2.908068628330467E-18
6235.78413322062  2.930105753824646E-18
6239.33601866246  2.523392006775438E-18
6242.88821838638  3.345668058681485E-18
6246.44073172422  3.075049924225321E-18
6249.99355800914  3.295016894642719E-18
6253.54669657563  3.687990137741655E-18
6257.10014675951  2.742515252968031E-18
6260.65390789792  2.999458644332622E-18
6264.20797932932  2.574389552695710E-18
6267.76236039347  3.655129147137068E-18
6271.31705043147  2.426549629765639E-18
6274.87204878571  2.245595598963538E-18
6278.42735479989  2.692490471448122E-18
6281.98296781903  2.512111124376593E-18
6285.53888718944  2.382009262502108E-18
6289.09511225875  1.931792846267819E-18
6292.65164237587  3.362530342263532E-18
6296.20847689101  2.998168862962499E-18
6299.76561515568  3.546839624425300E-18
6303.32305652269  2.575168136447276E-18
6306.88080034612  3.430850704571891E-18
6310.43884598135  4.050305999387846E-18
6313.99719278503  2.418066892583908E-18
6317.55584011513  3.898048104806128E-18
6321.11478733085  3.074811903004059E-18
6324.6740337927  2.548074249073408E-18
6328.23357886245  2.121587369866579E-18
6331.79342190316  1.516048251483487E-18
6335.35356227914  2.483108310944106E-18
6338.91399935597  3.315344651401058E-18
6342.47473250051  2.031867224726015E-18
6346.03576108088  3.388173561638135E-18
6349.59708446643  3.507690820394391E-18
6353.15870202782  3.376194125211990E-18
6356.72061313693  2.894277252772523E-18
6360.28281716689  8.181598977804071E-19
6363.8453134921  2.127889038568162E-18
6367.4081014882  4.233859858855199E-18
6370.97118053207  3.254141351083106E-18
6374.53455000184  1.853176773670166E-18
6378.0982092769  2.292192750820182E-18
6381.66215773783  2.651335340841465E-18
6385.22639476649  3.374043248824198E-18
6388.79091974595  1.796028105919797E-18
6392.35573206054  3.452732113315755E-18
6395.92083109577  2.680501522444931E-18
6399.48621623843  2.743926836683354E-18
6403.05188687649  2.639724826968517E-18
6406.61784239917  3.033843922010992E-18
6410.18408219691  3.218084341386766E-18
6413.75060566134  3.537134314298216E-18
6417.31741218532  1.882466205184903E-18
6420.88450116294  3.464274384788168E-18
6424.45187198947  2.483321723542144E-18
6428.0195240614  3.431887782264879E-18
6431.58745677642  2.546781158980834E-18
6435.15566953344  2.504002066036583E-18
6438.72416173254  2.277859158370710E-18
6442.29293277503  2.751149777792167E-18
6445.86198206338  3.241369889220441E-18
6449.43130900128  2.824556680482266E-18
6453.00091299361  1.735540730422010E-18
6456.57079344641  2.218770131698444E-18
6460.14094976694  2.714630787723716E-18
6463.71138136362  2.786600050509198E-18
6467.28208764605  3.855363103656554E-18
6470.85306802502  1.340823790591812E-18
6474.42432191249  2.113450600976048E-18
6477.9958487216  1.930998546084614E-18
6481.56764786665  1.042631487018616E-18
6485.13971876311  1.424272459123152E-18
6488.71206082761  1.708135202752362E-18
6492.28467347797  1.939574961470718E-18
6495.85755613315  1.226955968624140E-18
6499.43070821325  2.693085007513395E-18
6503.00412913956  2.094099951316289E-18
6506.57781833453  2.695650921773534E-18
6510.15177522171  2.012818289194685E-18
6513.72599922585  2.727108186878619E-18
6517.30048977282  1.994573373218756E-18
6520.87524628965  1.206775967002720E-18
6524.4502682045  2.197275843481254E-18
6528.02555494666  2.141351609832615E-18
6531.60110594659  2.003731710165790E-18
6535.17692063585  2.129079351469625E-18
6538.75299844714  1.935520328903136E-18
6542.32933881431  2.203454469066718E-18
6545.90594117231  2.197929109370017E-18
6549.48280495723  1.516204175028954E-18
6553.05992960628  1.974378172153580E-18
6556.63731455779  2.930985460406096E-18
6560.2149592512  2.225880369448796E-18
6563.79286312707  2.405790291522702E-18
6567.37102562707  2.255290155742661E-18
6570.949446194  1.793034952873273E-18
6574.52812427174  2.074979464661972E-18
6578.10705930527  2.606770985340171E-18
6581.68625074072  2.275835254206946E-18
6585.26569802527  1.765346115843827E-18
6588.84540060721  1.942360078593183E-18
6592.42535793595  9.747985408862048E-19
6596.00556946197  2.495034807811048E-18
6599.58603463684  1.364264124597609E-18
6603.16675291323  2.154068270979699E-18
6606.74772374489  2.123067816367896E-18
6610.32894658665  2.428316280758899E-18
6613.91042089443  1.746045097020821E-18
6617.49214612522  2.208375780121103E-18
6621.07412173709  2.714856194440637E-18
6624.65634718918  1.755670584218794E-18
6628.23882194171  1.662873947584992E-18
6631.82154545596  2.371010448692144E-18
6635.40451719427  2.310289187876158E-18
6638.98773662008  1.613413199845266E-18
6642.57120319784  2.180143899019514E-18
6646.15491639309  1.878841086150390E-18
6649.73887567242  2.119379831606828E-18
6653.32308050349  1.256118841505157E-18
6656.90753035498  1.303038903993426E-18
6660.49222469665  2.670061882729053E-18
6664.07716299928  2.482311736014217E-18
6667.66234473471  1.746548022833253E-18
6671.24776937583  1.463715119066671E-18
6674.83343639656  2.346358191691379E-18
6678.41934527185  1.312716193377260E-18
6682.00549547769  1.919200262212618E-18
6685.59188649112  2.070279838011753E-18
6689.17851779017  2.117081303479697E-18
6692.76538885395  1.925331945298320E-18
6696.35249916255  2.609971553925292E-18
6699.93984819711  2.023780500262544E-18
6703.52743543977  1.123444861515939E-18
6707.11526037371  2.455715397778799E-18
6710.70332248311  2.080494277805864E-18
6714.29162125317  1.657700449841355E-18
6717.88015617009  1.534945916360297E-18
6721.4689267211  1.762710718412233E-18
6725.0579323944  2.555105904665567E-18
6728.64717267924  9.119337449103641E-19
6732.23664706584  1.598174878600814E-18
6735.82635504541  2.269284810936138E-18
6739.41629611018  1.805449279506469E-18
6743.00646975338  1.190424260653772E-18
6746.59687546919  2.036426230672101E-18
6750.18751275283  2.058454257179541E-18
6753.77838110046  1.125971381299406E-18
6757.36948000926  1.884222930010813E-18
6760.96080897736  2.356307726894320E-18
6764.55236750391  2.230061147059792E-18
6768.144155089  1.694473074165129E-18
6771.7361712337  2.131328041964851E-18
6775.32841544007  1.413796837050627E-18
6778.92088721112  2.376012409856253E-18
6782.51358605084  2.024675302890173E-18
6786.10651146418  1.754570227208945E-18
6789.69966295706  2.064147741335744E-18
6793.29304003633  2.157303167560241E-18
6796.88664220984  2.490728919132403E-18
6800.48046898637  2.804585231772786E-18
6804.07451987565  3.059369268148306E-18
6807.66879438837  1.672024012725900E-18
6811.26329203616  1.813480376073746E-18
6814.8580123316  1.505993250752446E-18
6818.45295478823  3.174542381122587E-18
6822.04811892048  1.736396035175389E-18
6825.64350424378  3.354877887621650E-18
6829.23911027445  2.895507270343389E-18
6832.83493652977  1.341100068916404E-18
6836.43098252793  2.410942592763142E-18
6840.02724778805  3.322010693162468E-18
6843.6237318302  2.934166383451668E-18
6847.22043417536  1.197411662083160E-18
6850.81735434541  4.128027062562715E-18
6854.41449186318  1.961686119629719E-18
6858.0118462524  2.160242347071795E-18
6861.60941703771  1.805224906765314E-18
6865.20720374467  3.019375912711980E-18
6868.80520589976  2.635455334236825E-18
6872.40342303033  2.592818723153085E-18
6876.00185466468  1.120210585320857E-18
6879.60050033197  1.859873834704549E-18
6883.19935956228  2.337662041911610E-18
6886.79843188659  2.204098222378437E-18
6890.39771683677  2.377804910243655E-18
6893.99721394558  1.342223380188252E-18
6897.59692274666  2.266099751987503E-18
6901.19684277456  2.728405412874256E-18
6904.79697356468  2.387689304973357E-18
6908.39731465335  2.318997952160269E-18
6911.99786557774  3.033743626361721E-18
6915.59862587592  3.097177212406268E-18
6919.1995950868  3.538944185478482E-18
6922.80077275022  2.041919330324913E-18
6926.40215840684  2.833716464995372E-18
6930.0037515982  3.177716479928107E-18
6933.60555186673  1.848727369155244E-18
6937.20755875568  3.207047684063777E-18
6940.80977180921  3.858457172737809E-18
6944.41219057229  2.738469099001729E-18
6948.01481459078  3.167979736937744E-18
6951.61764341137  2.232907682342741E-18
6955.22067658162  2.174713044707798E-18
6958.82391364992  2.623243253263399E-18
6962.42735416553  3.244257783534016E-18
6966.03099767852  2.434886783159561E-18
6969.63484373983  3.111214467401293E-18
6973.23889190123  2.305104006206369E-18
6976.84314171532  3.251007370537295E-18
6980.44759273554  2.496804353936452E-18
6984.05224451614  2.675448689673152E-18
6987.65709661225  2.572605737704740E-18
6991.26214857977  2.139210452817022E-18
6994.86739997546  2.120030822748908E-18
6998.47285035687  2.160627606442091E-18
7002.07849928242  2.613587367177913E-18
7005.68434631129  2.784384033648169E-18
7009.29039100351  3.158154692416994E-18
7012.89663291991  3.427032232069193E-18
7016.50307162213  2.409466902550347E-18
7020.10970667262  2.184208250959294E-18
7023.71653763463  2.453150517494425E-18
7027.32356407222  1.876736738672055E-18
7030.93078555023  2.362734093073245E-18
7034.53820163432  2.324675099499374E-18
7038.14581189094  2.186721846045689E-18
7041.75361588733  1.795208576727910E-18
7045.36161319151  1.659327410708671E-18
7048.96980337231  2.202276150284136E-18
7052.57818599932  2.746519634313401E-18
7056.18676064292  2.349825526024049E-18
7059.79552687429  2.310276573371816E-18
7063.40448426536  2.577397801788412E-18
7067.01363238886  2.750631549138402E-18
7070.62297081827  2.460929323974874E-18
7074.23249912786  1.952479599412004E-18
7077.84221689266  1.960400060572352E-18
7081.45212368845  2.595058107866420E-18
7085.06221909181  1.569568181284163E-18
7088.67250268006  2.631413316173585E-18
7092.28297403126  2.655019396494623E-18
7095.89363272426  2.981151689810752E-18
7099.50447833864  2.583742897472153E-18
7103.11551045474  2.907448242871051E-18
7106.72672865366  2.899805921191675E-18
7110.33813251722  2.319303388601455E-18
7113.94972162801  1.819612265954602E-18
7117.56149556934  2.568389184532251E-18
7121.17345392528  2.335566379829706E-18
7124.78559628062  2.838860701224839E-18
7128.39792222089  3.270570192024174E-18
7132.01043133235  3.086873643901155E-18
7135.623123202  2.836750770277370E-18
7139.23599741756  3.704686364815732E-18
7142.84905356746  3.047421884970897E-18
7146.46229124087  2.644891190279370E-18
7150.07571002768  3.005862469839855E-18
7153.68930951849  2.694646931305047E-18
7157.30308930462  1.083405907748346E-18
7160.9170489781  1.683604127711336E-18
7164.53118813166  2.726171198039750E-18
7168.14550635875  2.490423275896065E-18
7171.76000325353  2.599954810297580E-18
7175.37467841086  1.682720388624400E-18
7178.98953142627  2.412095682537041E-18
7182.60456189605  1.856366175317018E-18
7186.21976941711  3.569278139311720E-18
7189.83515358712  2.488172931039614E-18
7193.4507140044  2.628776677971072E-18
7197.06645026798  3.584880833616002E-18
7200.68236197756  3.137013817116515E-18
7204.29844873352  1.570777932930022E-18
7207.91471013695  3.224573573292244E-18
7211.53114578959  1.926121282397849E-18
7215.14775529387  2.658309093790746E-18
7218.76453825288  2.356605098324533E-18
7222.38149427039  2.578375322477297E-18
7225.99862295085  3.319824868393798E-18
7229.61592389936  2.028125473225132E-18
7233.23339672169  2.936997202302978E-18
7236.85104102426  2.304099395352423E-18
7240.46885641418  3.557159943337818E-18
7244.08684249918  4.002501163836874E-18
7247.70499888767  3.359591369547132E-18
7251.3233251887  1.452131798756362E-18
7254.94182101197  2.209916197216830E-18
7258.56048596784  2.613976348860967E-18
7262.17931966729  2.333403302527881E-18
7265.79832172196  2.248668781734326E-18
7269.41749174412  2.863527020296018E-18
7273.0368293467  2.797081876436318E-18
7276.65633414322  8.301312174967925E-19
7280.27600574789  6.162452136537897E-19
7283.89584377551  3.136748705730192E-18
7287.5158478415  1.770743882931041E-18
7291.13601756195  1.878231660834091E-18
7294.75635255353  1.532742617401185E-18
7298.37685243355  1.375410486749338E-18
7301.99751681993  1.735333108088259E-18
7305.61834533121  3.568177989097025E-18
7309.23933758655  2.349934507069752E-18
7312.8604932057  2.621165375564666E-18
7316.48181180905  1.975806713071459E-18
7320.10329301755  3.228364748834728E-18
7323.7249364528  3.701780479323833E-18
7327.34674173698  2.300985887526774E-18
7330.96870849287  2.370027551329278E-18
7334.59083634383  3.705525125956861E-18
7338.21312491385  1.597896325529537E-18
7341.83557382748  3.481757053829628E-18
7345.45818270987  3.113302891652836E-18
7349.08095118675  2.757250648400051E-18
7352.70387888445  3.811826933656663E-18
7356.32696542987  5.383658281096771E-18
7359.95021045049  2.256426081518849E-18
7363.57361357435  2.963285002169913E-18
7367.19717443011  2.015808133518758E-18
7370.82089264695  1.103306218925146E-18
7374.44476785466  4.217883692504351E-18
7378.06879968356  2.662301274222081E-18
7381.69298776456  1.328214662924360E-18
7385.31733172914  1.844156989475735E-18
7388.94183120931  1.751559289779252E-18
7392.56648583767  2.122040871637412E-18
7396.19129524733  3.097390418209153E-18
7399.81625907201  1.834356346783054E-18
7403.44137694593  3.259864406946206E-18
7407.06664850388  3.203315238344784E-18
7410.6920733812  1.780403698124436E-18
7414.31765121377  2.594060734842834E-18
7417.943381638  2.152402536021170E-18
7421.56926429084  2.296115241284908E-18
7425.19529880977  1.906918284477430E-18
7428.82148483284  2.247959060768756E-18
7432.44782199858  9.607278884739484E-19
7436.07430994609  2.333892786655358E-18
7439.70094831496  1.007198895287177E-18
7443.32773674532  1.502492002014662E-18
7446.95467487783  2.605075885469896E-18
7450.58176235366  2.927188081009017E-18
7454.20899881449  2.230231753061132E-18
7457.83638390252  2.954429413327074E-18
7461.46391726047  1.097442025370028E-18
7465.09159853155  1.889758215874865E-18
7468.71942735948  1.154795523719581E-18
7472.3474033885  2.764897519572798E-18
7475.97552626334  2.880513536066313E-19
7479.60379562923  1.550145773706265E-19
7483.23221113189  2.292104862880099E-18
7486.86077241755  1.866473495221803E-18
7490.48947913291  1.796161075203265E-18
7494.11833092519  3.540093139349318E-19
7497.74732744207  1.889830387383310E-18
7501.37646833172  1.499983059819212E-18
7505.0057532428  1.268225250155330E-18
7508.63518182446  1.225673942072260E-18
7512.26475372628  1.813854675300927E-18
7515.89446859837  1.838782590240825E-18
7519.52432609129  3.250889342203641E-19
7523.15432585607  1.854591407613997E-19
7526.7844675442  3.580536481038874E-18
7530.41475080764  9.722030549191668E-19
7534.04517529883  1.382988908726396E-18
7537.67574067065  2.123435058710476E-19
7541.30644657644  1.970303480456144E-18
7544.93729267  1.023080866445772E-18
7548.56827860558  2.104418615867582E-18
7552.19940403789  1.585074198854353E-18
7555.83066862207  1.062091221121656E-18
7559.46207201373  1.495733522819797E-18
7563.09361386891  1.101329464056298E-18
7566.72529384407  -6.943567577765730E-19
7570.35711159615  -5.563451363909153E-19
7573.9890667825  -4.182133153224961E-19
7577.62115906091  -2.799611136255564E-19
7581.25338808959  -1.415860626829553E-19
7584.88575352721  2.042355668098034E-18
7588.51825503282  7.771871604988178E-19
7592.15089226594  1.231018252612388E-18
7595.78366488648  -3.673255259297519E-19
7599.41657255478  8.600575780831952E-19
7603.0496149316  1.403264966696449E-18
7606.68279167811  8.500067649540049E-19
7610.31610245589  7.559040101329818E-19
7613.94954692694  -3.555672375328415E-20
7617.58312475365  1.491270263029614E-18
7621.21683559882  2.359959936093895E-18
7624.85067912567  2.308748770780431E-18
7628.48465499779  1.177928146537510E-18
7632.11876287919  -5.944398538274910E-19
7635.75300243427  1.685498578109236E-18
7639.38737332782  9.163677431863778E-19
7643.02187522501  1.796808137237435E-18
7646.65650779141  1.470543805216026E-18
7650.29127069298  2.318310978661544E-18
7653.92616359605  6.079812140452904E-19
7657.56118616734  1.124569310161128E-18
7661.19633807394  2.658804574977665E-18
7664.83161898331  1.929834289372447E-18
7668.4670285633  2.200549203960279E-18
7672.10256648212  1.733247372173706E-18
7675.73823240836  2.806152739033574E-18
7679.37402601095  2.719315938713217E-18
7683.00994695921  2.350644434830476E-18
7686.64599492281  1.272739278155608E-18
7690.28216957177  1.662922544445979E-18
7693.91847057648  1.608749555551692E-18
7697.55489760769  1.690806906292718E-18
7701.19145033647  3.096198450946465E-18
7704.82812843427  1.363240695384729E-18
7708.46493157287  1.422802662572222E-18
7712.10185942441  5.230790340813297E-19
7715.73891166135  1.810335435384820E-18
7719.37608795649  2.151006668737487E-18
7723.01338798299  1.851501732929746E-18
7726.65081141433  1.825067315299236E-18
7730.28835792432  2.287737762836124E-18
7733.92602718709  1.940253456368164E-18
7737.56381887713  2.095068993403895E-18
7741.20173266921  5.657699909313139E-18
7744.83976823846  1.538700695955828E-18
7748.4779252603  3.412016835999823E-18
7752.1162034105  3.106679191199030E-19
7755.75460236512  2.107000039764207E-18
7759.39312180053  6.494294250827326E-19
7763.03176139342  5.592789909272760E-19
7766.6705208208  1.865964572349930E-18
7770.30939975997  4.253202650299138E-18
7773.94839788852  2.629948586103906E-18
7777.58751488436  2.125059253692618E-18
7781.22675042569  1.360383820344124E-18
7784.86610419102  3.864015412863859E-18
7788.50557585913  4.110214555251998E-18
7792.14516510911  2.867158963570585E-19
7795.78487162032  2.522016405416762E-18
7799.42469507242  2.849536707800755E-18
7803.06463514535  1.775675326947930E-18
7806.70469151933  4.208528745065470E-19
7810.34486387485  1.101675225552345E-18
7813.98515189269  1.707436545327484E-18
7817.62555525389  3.932878612449204E-18
7821.26607363979  7.233510409089934E-19
7824.90670673195  4.699608452246551E-18
7828.54745421224  2.477391045345292E-18
7832.18831576278  2.079935724097238E-18
7835.82929106594  1.251582272833186E-18
7839.47037980436  1.647629629281099E-18
7843.11158166094  3.360393321151001E-18
7846.75289631883  1.859595488428425E-18
7850.39432346142  1.277152079928425E-18
7854.03586277237  2.642452248243258E-18
7857.67751393557  1.286799901002937E-18
7861.31927663517  3.433969382276369E-18
7864.96115055555  1.771163263501606E-18
7868.60313538133  2.391123345286371E-18
7872.24523079738  2.194670844937171E-18
7875.88743648878  2.791390667026799E-18
7879.52975214088  -3.651869021547843E-19
7883.17217743922  7.140650079548965E-19
7886.81471206959  2.523124620642430E-18
7890.45735571799  3.573170437684088E-18
7894.10010807068  2.893515419428362E-18
7897.74296881409  2.302721312451910E-18
7901.3859376349  2.532415926872932E-18
7905.02901422  1.346287628730455E-18
7908.67219825648  -2.064262099055430E-18
7912.31548943165  4.094644948172218E-18
7915.95888743305  3.649730139278934E-18
7919.60239194837  1.046661510962974E-18
7923.24600266557  1.245157664413063E-18
7926.88971927276  2.560848192477911E-18
7930.53354145827  2.412454472127735E-18
7934.17746891062  1.631382871472368E-18
7937.82150131853  2.959117045858411E-18
7941.46563837092  1.255244408200112E-18
7945.10987975686  3.284087357209056E-18
7948.75422516565  2.039399117793617E-18
7952.39867428675  2.515314174503551E-18
7956.04322680982  4.510662926149000E-19
7959.68788242467  1.755304350002586E-18
7963.33264082131  -2.563020782356782E-18
7966.97750168992  4.006336386746975E-18
7970.62246472085  1.735257214267057E-18
7974.26752960462  1.744239361743617E-18
7977.91269603191  2.189188085042017E-18
7981.55796369358  9.636474224459540E-19
7985.20333228064  1.940778509261982E-18
7988.84880148425  1.421872808166136E-19
7992.49437099575  2.782573955672750E-18
7996.14004050662  1.235034214486333E-18
7999.7858097085  3.463742094063988E-18
8003.43167829318  1.061694277825207E-18
8007.07764595259  3.159475544758874E-19
8010.7237123788  3.291392189198512E-18
8014.36987726405  1.263294426523901E-18
8018.01614030068  1.338903284004617E-18
8021.66250118121  1.814904781088563E-18
8025.30895959827  9.456510742440972E-19
8028.95551524462  9.748445528077782E-19
8032.60216781317  6.512940969785803E-19
8036.24891699694  2.062902420923546E-18
8039.89576248909  1.662309810407230E-18
8043.54270398288  1.697407057948462E-19
8047.18974117173  1.072718424041431E-18
8050.83687374913  2.335176777761194E-18
8054.48410140873  2.344708173164489E-18
8058.13142384427  2.108714371583723E-18
8061.7788407496  1.648746012915316E-18
8065.4263518187  3.040503966712963E-18
8069.07395674562  3.264930888198093E-18
8072.72165522455  2.631851721898237E-18
8076.36944694976  2.179687708911692E-18
8080.01733161563  1.868849364736209E-18
8083.66530891663  2.161306928520151E-18
8087.31337854733  1.504318003216873E-18
8090.96154020238  1.128723514594946E-18
8094.60979357653  1.079225336932503E-18
8098.25813836462  2.151678546190034E-18
8101.90657426156  2.309486615886828E-18
8105.55510096235  9.451754453918795E-19
8109.20371816209  1.671591087072805E-18
8112.85242555592  2.341502434700540E-18
8116.50122283907  2.554897661946358E-18
8120.15010970686  1.333269253454941E-18
8123.79908585465  -2.229807028128329E-20
8127.44815097789  1.351739472750215E-18
8131.09730477209  1.237549567331530E-18
8134.74654693281  2.211701252978719E-18
8138.39587715569  1.694748318513957E-18
8142.04529513642  6.079567088196434E-19
8145.69480057073  1.055736716258447E-18
8149.34439315443  1.685374811210083E-18
8152.99407258336  1.318210430403414E-18
8156.64383855342  8.682931692075325E-20
8160.29369076055  3.865500822448852E-19
8163.94362890073  4.829137801739572E-19
8167.59365266999  1.291553604585703E-18
8171.24376176439  1.057216542374304E-18
8174.89395588003  6.404588581347480E-19
8178.54423471304  1.723651456682632E-18
8182.1945979596  1.740030666786947E-18
8185.84504531588  1.689624761799804E-18
8189.49557647812  9.616321002810455E-19
8193.14619114255  1.408644432412611E-18
8196.79688900544  7.456819189182047E-19
8200.44766976307  2.365851530006804E-18
8204.09853311174  1.261962562340114E-18
8207.74947874777  1.143410209768402E-18
8211.40050636748  1.479219378878059E-18
8215.05161566721  3.494970695428492E-19
8218.70280634331  1.129949913250632E-18
8222.35407809211  1.798165747417787E-18
8226.00543060996  2.089051254447572E-18
8229.65686359323  1.523320099646017E-18
8233.30837673824  1.780953566436630E-18
8236.95996974135  2.138034408781124E-18
8240.61164229888  9.289446108099404E-19
8244.26339410716  1.217881487111704E-18
8247.9152248625  8.485490659195335E-19
8251.5671342612  4.539918236463468E-19
8255.21912199952  1.478016451472254E-18
8258.87118777374  2.002986213638727E-18
8262.52333128008  7.998671604253147E-19
8266.17555221476  2.648355836275049E-18
8269.82785027396  1.587180304091489E-18
8273.48022515385  9.384752824301999E-19
8277.13267655053  1.201752188949956E-18
8280.78520416011  1.789496481007924E-18
8284.43780767863  1.499798908735342E-18
8288.0904868021  1.790955627608468E-18
8291.7432412265  -1.867719280923097E-19
8295.39607064775  5.544822739526576E-19
8299.04897476175  1.227728348521112E-18
8302.70195326431  9.401949909236975E-19
8306.35500585122  1.858130137973287E-18
8310.0081322182  8.076044527787711E-19
8313.66133206094  1.234503681520957E-18
8317.31460507503  7.564268916776918E-19
8320.96795095603  1.088308917431677E-18
8324.62136939943  8.208180426788461E-19
8328.27486010065  1.549354161860052E-18
8331.92842275506  2.631873021799011E-18
8335.58205705792  1.795421989325948E-18
8339.23576270444  9.357365908196133E-19
8342.88953938978  1.839367923921783E-19
8346.54338680897  -1.411165368726943E-18
8350.19730465701  4.347464430592926E-18
8353.85129262877  -3.182869763445523E-19
8357.50535041907  2.236638473700508E-18
8361.15947772263  1.766143104364021E-18
8364.81367423408  -8.724531122068500E-20
8368.46793964797  1.017192271062584E-18
8372.12227365872  2.117635721285260E-18
8375.7766759607  1.479272835425145E-18
8379.43114624813  1.160801165159446E-18
8383.08568421518  1.234388186427929E-18
8386.74028955588  6.102087597361074E-19
8390.39496196415  2.500506814358240E-18
8394.04970113383  -9.078158330259217E-19
8397.70450675862  -2.224791179377217E-19
8401.35937853212  3.937867338723512E-18
8405.01431614782  3.188219192165692E-18
8408.66931929906  8.820238245386358E-19
8412.3243876791  6.477246575390489E-19
8415.97952098104  -3.777625548568221E-19
8419.63471889787  1.663083120882391E-18
8423.28998112246  2.666716143946429E-18
8426.94530734753  -3.156752621278716E-18
8430.60069726568  -7.033966011008585E-19
8434.25615056936  2.076987652394099E-18
8437.9116669509  6.002084046242827E-19
8441.56724610248  1.081913854869059E-19
8445.22288771612  2.021831042353910E-18
8448.87859148373  3.836764567968759E-19
8452.53435709704  8.756533964486351E-19
8456.19018424764  2.464832582490359E-18
8459.84607262698  7.315945677973321E-19
8463.50202192632  2.157831322381356E-18
8467.15803183681  -6.090114028747399E-21
8470.8141020494  2.093654307761277E-18
8474.47023225489  8.469305319547085E-19
8478.12642214391  1.387283733864348E-18
8481.78267140695  1.438869818790452E-18
8485.43897973429  2.125874646981442E-18
8489.09534681606  1.398304881550851E-18
8492.75177234221  -1.039584877425007E-18
8496.40825600252  1.941575084191871E-18
8500.06479748658  4.440780640048988E-19
8503.7213964838  1.029603082178176E-19
8507.3780526834  8.225935341649030E-19
8511.03476577443  -2.340422498712064E-19
8514.69153544574  9.088761751736385E-19
8518.34836138598  3.025963372315199E-18
8522.00524328362  1.570245125217962E-18
8525.66218082692  2.180043396575090E-18
8529.31917370397  7.773343986478524E-19
8532.97622160261  2.507307893354651E-18
8536.63332421052  -3.090279818567283E-19
8540.29048121514  -5.691403796961918E-19
8543.94769230373  7.862052386332361E-19
8547.60495716332  6.767060676731867E-19
8551.26227548074  4.432306174673383E-19
8554.91964694259  -3.086440408055330E-19
8558.57707123526  1.068650349788895E-18
8562.23454804491  -2.846085503490031E-19
8565.89207705749  2.622202660052806E-18
8569.54965795871  8.908216916843553E-20
8573.20729043406  2.957880824432951E-18
8576.86497416881  2.943671515870515E-18
8580.52270884797  1.211061589756357E-18
8584.18049415634  1.511252671882211E-18
8587.83832977847  1.864473992886109E-18
8591.49621539866  1.489093330452528E-18
8595.15415070099  1.647907975557223E-18
8598.81213536928  2.215113424704289E-19
8602.47016908711  -3.109982226782531E-19
8606.1282515378  5.326047426179138E-19
8609.78638240442  2.138694498909942E-18
8613.44456136979  2.029105268660701E-18
8617.10278811648  -5.917955771290093E-20
8620.76106232678  8.898065601269935E-19
8624.41938368273  3.243772435309600E-18
8628.07775186611  3.461847643666089E-18
8631.73616655841  2.140320942789374E-18
8635.39462744089  3.053735134201055E-18
8639.0531341945  1.006073606536679E-19
8642.71168649994  6.209453055931042E-19
8646.37028403761  1.672954694312598E-19
8650.02892648767  3.770227193470759E-18
8653.68761352995  2.065637700414105E-18
8657.34634484403  -2.757278152155419E-18
8661.00512010919  1.738120293162257E-18
8664.66393900443  -4.427045822965428E-19
8668.32280120845  -9.683644198890380E-19
8671.98170639965  3.774678252346907E-18
8675.64065425615  -1.322377869727032E-18
8679.29964445578  1.965348048201492E-18
8682.95867667602  3.783763590604883E-18
8686.61775059411  1.629185569572698E-18
8690.27686588694  1.039100356381204E-18
8693.93602223111  8.599018613328823E-19
8697.5952193029  7.144018255605704E-19
8701.25445677828  -1.189301673164961E-18
8704.91373433292  1.060122944854086E-18
8708.57305164215  -2.337677758343248E-18
8712.23240838099  2.828545345395996E-18
8715.89180422413  2.646985198000049E-18
8719.55123884594  2.159515668903667E-18
8723.21071192047  2.053004377713736E-18
8726.87022312143  2.577971451543218E-18
8730.5297721222  1.402899663058430E-18
8734.18935859582  2.571507862236728E-18
8737.848982215  3.131496936021093E-18
8741.50864265211  2.217360202344347E-18
8745.16833957916  2.938928255442983E-18
8748.82807266786  2.758108021104963E-18
8752.48784158952  4.699017018108576E-18
8756.14764601513  -6.963756342331763E-20
8759.80748561533  -2.428945144819593E-18
8763.46736006039  1.605021721364615E-17
8767.12726902023  7.003972338599838E-18
8770.78721216441  -7.624804578942963E-19
8774.44718916214  5.425279114388295E-18
8778.10719968225  1.721748114093147E-18
8781.76724339322  1.890255558218163E-18
8785.42731996313  4.778142220373254E-18
8789.08742905972  -1.565782175620508E-18
8792.74757035035  4.454399031461331E-18
8796.40774350201  1.388315538280932E-18
8800.06794818127  5.743812306212053E-18
8803.72818405438  -1.083355036140674E-18
8807.38845078716  2.165325578731087E-18
8811.04874804507  2.175861119699234E-19
8814.70907549317  -1.068565770571261E-18
8818.36943279611  3.374133204715814E-18
8822.02981961821  6.248145566456551E-18
8825.69023562332  -7.829700421997221E-18
8829.35068047494  -1.259028035719506E-18
8833.01115383615  -1.467364639929255E-18
8836.67165536964  1.423948204323031E-18
8840.33218473767  6.616298428095222E-18
8843.99274160213  4.435256004135323E-18
8847.65332562446  2.748263899731334E-19
8851.31393646572  1.502651647872885E-18
8854.97457378652  2.732256352215995E-18
8858.63523724711  5.639463885528796E-18
8862.29592650725  -2.695276415751201E-18
8865.95664122632  9.685586005378345E-18
8869.61738106328  -7.635593082082186E-19
8873.27814567665  2.362150723946242E-18
8876.9389347245  1.987136605921598E-18
8880.59974786451  3.520448013391489E-18
8884.26058475389  -2.865407615418657E-18
8887.92144504944  3.348420295374603E-18
8891.5823284075  3.039153387567817E-18
8895.24323448397  2.713068450341757E-18
8898.90416293433  1.965386951539676E-19
8902.56511341359  7.733763187372709E-18
8906.22608557631  3.366379213653742E-18
8909.88707907662  4.543935956096215E-18
8913.54809356816  2.647166764144504E-18
8917.20912870416  -3.554940617754339E-18
8920.87018413735  -3.001706507647235E-18
8924.53125952003  4.046687084207925E-18
8928.19235450402  3.414186323951397E-18
8931.85346874066  1.090455554518829E-18
8935.51460188086  -2.491529785061720E-19
8939.17575357503  -9.218041189286834E-18
8942.83692347312  -5.147623534075683E-18
8946.49811122459  -2.192718698691546E-18
8950.15931647844  3.821050656646180E-20
8953.82053888318  6.544961131297730E-18
8957.48177808683  3.837817362093385E-18
8961.14303373694  8.667325016964344E-18
8964.80430548056  3.673326293432622E-18
8968.46559296426  1.955962236586006E-18
8972.12689583411  1.806717760975820E-18
8975.7882137357  -1.415431759531339E-18
8979.44954631409  3.336856517206265E-18
8983.11089321387  6.209531534691659E-18
8986.77225407912  1.099381453713735E-18
8990.43362855341  6.142531973026395E-18
8994.0950162798  -7.347843830344896E-19
8997.75641690087  1.084162467816102E-17
9001.41783005864  1.507635266306909E-17
9005.07925539465  1.404450606027452E-17
9008.74069254992  4.309203191359285E-18
9012.40214116493  1.155848111049055E-18
9016.06360087966  2.943307556400991E-18
9019.72507133357  1.027382826016507E-18
9023.38655216556  -6.622944617521932E-19
9027.04804301405  1.233419040942747E-18
9030.70954351688  4.486946624011338E-19
9034.37105331139  3.243731696664432E-18
9038.03257203436  3.637352208592690E-18
9041.69409932205  5.642493020931964E-18
9045.35563481019  1.389567993125913E-18
9049.01717813393  3.052107035960398E-18
9052.67872892789  7.666164126558499E-19
9056.34028682615  4.576841200863574E-18
9060.00185146225  3.851002621057480E-18
9063.66342246914  1.192643379442099E-18
9067.32499947924  -1.987649457901381E-18
9070.98658212441  -3.445746366247592E-18
9074.64817003595  6.028580399021703E-18
9078.30976284459  2.233527240621544E-18
9081.9713601805  -3.071494495157415E-18
9085.63296167328  4.264600371959509E-18
9089.29456695197  1.497451990542376E-18
9092.95617564501  4.453927124921869E-18
9096.6177873803  3.755401221761665E-18
9100.27940178514  4.258357639876569E-18
9103.94101848626  2.392143672571955E-18
9107.6026371098  3.167039232581271E-18
9111.26425728132  2.528713052860838E-18
9114.92587862579  1.991302907871875E-18
9118.5875007676  6.612051682830375E-19
9122.24912333053  -2.753848868130927E-18
9125.91074593779  4.877616789489774E-19
9129.57236821197  2.445829141892718E-18
9133.23398977507  9.455671154119231E-19
9136.8956102485  -1.828144892467029E-19
9140.55722925304  3.533069548768131E-18
9144.21884640888  -6.211783249565998E-20
9147.88046133561  -2.302217973049172E-18
9151.5420736522  -2.894969396150077E-18
9155.20368297699  -1.539816355807010E-18
9158.86528892772  6.267221592152943E-18
9162.52689112152  -2.768297231890391E-18
9166.18848917488  -2.033025691173896E-18
9169.85008270367  6.981496186995547E-18
9173.51167132315  2.446737386205302E-18
9177.17325464794  6.550523403929268E-19
9180.83483229203  5.378533070021394E-18
9184.49640386876  6.510193696176360E-19
9188.15796899088  2.675213563584033E-18
9191.81952727045  1.369832807878893E-18
9195.48107831892  2.395850682487112E-18
9199.14262174709  3.772088763439310E-18
9202.80415716512  3.329653221636999E-19
9206.46568418251  2.240610388206835E-18
9210.12720240811  1.406979317839542E-18
9213.78871145015  2.022843046134580E-19
9217.45021091615  1.539239707522483E-18
9221.11170041301  5.422531633983700E-18
9224.77317954698  7.120415380609540E-18
9228.4346479236  2.459363471075311E-18
9232.0961051478  1.786929946362326E-18
9235.75755082381  1.847037645958951E-18
9239.41898455519  2.367605566495723E-18
9243.08040594485  -1.819277464601671E-18
9246.74181459501  1.614648930132238E-19
9250.4032101072  3.122905424588811E-18
9254.0645920823  3.188959518813927E-18
9257.72596012049  -7.960284736963979E-19
9261.38731382127  4.829996518612978E-18
9265.04865278346  2.175114847690346E-18
9268.70997660518  2.463725401240457E-18
9272.37128488386  1.833346979640586E-18
9276.03257721625  1.198143199937387E-18
9279.69385319838  5.580143868670473E-19
9283.35511242561  2.950277173447210E-19
9287.01635449256  9.988822146134159E-19
9290.6775789932  4.842038717368102E-19
9294.33878552075  5.947318485837223E-19
9297.99997366773  8.472562343209013E-19
9301.66114302596  3.338968102514959E-18
9305.32229318655  -5.469583321586942E-18
9308.98342373989  7.925007344994970E-18
9312.64453427563  2.647136572052146E-18
9316.30562438273  1.184624173596127E-18
9319.96669364941  2.900981138046960E-18
9323.62774166317  -8.352169203581640E-18
9327.28876801079  -7.378484668185389E-19
9330.94977227831  3.910426035492371E-19
9334.61075405103  1.827431190694760E-18
9338.27171291354  5.696356023891697E-20
9341.93264844966  -1.151683877050310E-18
9345.59356024251  1.860236966993459E-18
9349.25444787442  -9.775941011639044E-19
9352.91531092701  -3.047882004186630E-18
9356.57614898115  -8.263667702278517E-19
9360.23696161695  -5.511225764971969E-19
9363.89774841377  2.516236067296242E-18
9367.55850895021  5.139086616563829E-18
9371.21924280414  2.894804580413026E-18
9374.87994955264  6.401179821741940E-20
9378.54062877203  1.098337861973423E-18
9382.20128003789  7.153639917093346E-18
9385.86190292501  5.990531331615183E-18
9389.52249700743  -1.560708870128567E-19
9393.1830618584  3.516033350462295E-18
9396.8435970504  -3.026634991273804E-19
9400.50410215516  2.968854616029386E-18
9404.16457674359  -3.079173833169205E-18
9407.82502038585  -1.582835020936171E-18
9411.48543265129  4.645218845429351E-18
9415.14581310851  -1.708910891371784E-18
9418.80616132529  3.544831643488328E-18
9422.46647686864  -7.045767293410304E-19
9426.12675930475  2.035027158063545E-19
9429.78700819905  -1.069353246514412E-18
9433.44722311614  -1.269808887438062E-18
9437.10740361984  1.923511320770091E-18
9440.76754927317  -7.485801736689527E-18
9444.42765963831  2.651490850796625E-18
9448.08773427668  8.416375789908620E-18
9451.74777274886  1.693803988447151E-18
9455.40777461462  3.277338183796083E-18
9459.06773943292  -6.029325688753612E-19
9462.72766676191  4.518931113359349E-18
9466.38755615892  3.044826605799012E-18
9470.04740718042  7.687327749325818E-18
9473.70721938212  7.113572115401888E-18
9477.36699231884  5.246441838773718E-18
9481.02672554461  -1.976195694754512E-18
9484.68641861263  -3.948867186509242E-18
9488.34607107523  2.163038837927684E-18
9492.00568248394  1.999577195539242E-18
9495.66525238943  -2.475019311733949E-18
9499.32478034154  1.923305146002412E-18
9502.98426588925  2.453261359696508E-18
9506.64370858072  7.895955934701493E-19
9510.30310796323  1.378462266221776E-18
9513.96246358323  8.485613185323570E-19
9517.62177498631  -3.555148653678396E-18
9521.28104171721  1.866681117555554E-18
9524.94026331979  4.694258248044557E-19
9528.59943933708  2.077309425652382E-18
9532.25856931122  1.361144826507672E-18
9535.91765278349  -1.143387565699133E-18
9539.57668929432  -2.252506899776572E-19
9543.23567838325  2.566930658317167E-18
9546.89461958895  -1.410458025905634E-18
9550.55351244922  1.820475377225013E-19
9554.21235650097  -3.008097305059820E-18
9557.87115128026  -2.116374270851117E-18
9561.52989632221  -7.614003151106668E-19
9565.18859116112  1.255514275874957E-18
9568.84723533037  -1.372832888563047E-18
9572.50582836244  -2.322989305410991E-18
9576.16436978893  5.944808121925095E-20
9579.82285914054  3.484406565030424E-19
9583.4812959471  -2.168618894942390E-19
9587.1396797375  -2.410217930847757E-19
9590.79801003974  -4.628007284833655E-19
9594.45628638094  -3.057570512207523E-19
9598.11450828727  -5.269570118893431E-19
9601.77267528403  -1.344560242966897E-19
9605.43078689557  5.765444216603656E-19
9609.08884264538  9.631292971897664E-19
9612.74684205598  -3.222287892314002E-20
9616.40478464899  -7.807460533855391E-19
9620.06266994511  -6.795455719209282E-19
9623.72049746412  1.756926451183802E-19
9627.37826672487  1.360531575481041E-18
9631.03597724528  2.867599178752828E-19
9634.69362854233  2.091730130560113E-19
9638.35122013208  -8.153928235350525E-19
9642.00875152964  4.812084439436025E-19
9645.66622224922  -4.694735427860424E-19
9649.32363180401  5.439553925315489E-20
9652.98097970635  1.073325910653168E-19
9656.63826546756  -1.976756807553159E-19
9660.29548859806  2.179149938115955E-19
9663.95264860728  -5.463686661192781E-19
9667.60974500373  5.463306158111008E-19
9671.26677729496  -2.214105815320623E-19
9674.92374498753  -3.227359414197746E-19
9678.58064758708  -4.249471600447431E-19
9682.23748459827  -5.280327602759683E-19
9685.89425552478  -6.320097768641902E-19
9689.55095986935  -7.368691883708531E-19
9693.20759713374  -8.426015339177006E-19
9696.86416681872  -9.492149819132821E-19
9700.5206684241  3.656339286523838E-20
9704.17710144872  2.255741434465596E-19
9707.83346539043  -7.100669855604861E-19
9711.4897597461  4.890018294823475E-19
9715.14598401162  6.450790237473747E-19
9718.80213768187  -8.339490825387279E-20
9722.45822025077  -1.217133715837956E-19
