3616.43455424248  -6.818265824306375E-16
3619.37583153041  4.848389823842482E-14
3622.31860431437  -2.081944981539331E-14
3625.26286994684  -8.081641299641056E-15
3628.20862578397  -7.367954208174156E-15
3631.15586918559  9.254360109180527E-16
3634.10459751516  5.016052457158240E-15
3637.05480813985  2.868924732789312E-15
3640.00649843045  4.739665606469162E-15
3642.95966576142  5.613805302101494E-15
3645.91430751087  7.061335057531678E-15
3648.87042106057  -3.578269509852111E-15
3651.82800379592  -7.066291364943420E-16
3654.78705310599  1.562048398140730E-15
3657.74756638347  4.789754264530335E-16
3660.70954102468  -6.187603208263449E-16
3663.67297442961  -1.113011033571044E-15
3666.63786400185  4.440728515262688E-16
3669.60420714864  -8.291242884691802E-16
3672.57200128083  -4.851344809452053E-17
3675.54124381292  -5.711158028042541E-17
3678.511932163  -2.700711612761133E-16
3681.48406375281  -5.754603142000603E-16
3684.45763600767  5.296103678256258E-16
3687.43264635654  1.679198084004124E-16
3690.40909223199  -5.330556213990234E-16
3693.38697107018  -1.499721860997186E-16
3696.36628031088  2.061076833311641E-17
3699.34701739746  -1.877850471192408E-16
3702.3291797769  -3.425281132071448E-17
3705.31276489976  9.001411851282059E-17
3708.29777022021  9.348533232256261E-17
3711.28419319598  3.605995942240398E-17
3714.27203128842  7.760591963360255E-19
3717.26128196244  -4.537772633352082E-18
3720.25194268654  -9.435886813664309E-17
3723.2440109328  4.391530988801586E-17
3726.23748417687  -2.099899562745082E-17
3729.23235989797  -6.723683842397471E-19
3732.2286355789  -7.330022120649863E-18
3735.22630870601  4.827264589203899E-17
3738.22537676923  -3.197384601506963E-17
3741.22583726205  2.757379440421426E-17
3744.22768768149  -3.433531762373296E-17
3747.23092552816  6.085219688950862E-17
3750.2355483062  -3.216871653249732E-17
3753.24155352332  9.685290701899663E-18
3756.24893869074  3.750431603359507E-17
3759.25770132327  6.340389853236322E-18
3762.26783893922  -2.255865873448997E-18
3765.27934906045  2.335583667904509E-17
3768.29222921236  -4.917162743612285E-18
3771.30647692389  -4.538562590837070E-18
3774.32208972749  -6.924600222922311E-18
3777.33906515914  -8.107685220193630E-18
3780.35740075834  -7.235209024477812E-18
3783.37709406814  1.623610454962152E-17
3786.39814263506  5.621470225663928E-18
3789.42054400916  -1.031824434354157E-17
3792.44429574402  -6.716348818315656E-19
3795.46939539671  2.589955023872427E-18
3798.49584052781  -4.152070721427794E-18
3801.52362870141  1.183968322767949E-18
3804.5527574851  -2.564295260885572E-18
3807.58322444995  6.247852330929402E-18
3810.61502717054  -4.447052737043672E-19
3813.64816322494  -4.728983290159535E-18
3816.6826301947  9.303736687157025E-19
3819.71842566487  7.461124457475232E-18
3822.75554722396  -3.861148042969231E-19
3825.79399246398  3.701471940955351E-19
3828.8337589804  2.705809113285992E-18
3831.87484437219  -3.043869764625441E-18
3834.91724624175  4.132837583113805E-19
3837.96096219499  3.932936101501777E-18
3841.00598984126  1.773607995802006E-18
3844.05232679337  1.764895509205139E-18
3847.09997066761  -2.026012440350365E-18
3850.14891908371  -2.892754826855120E-18
3853.19916966485  6.129240834943892E-19
3856.25072003768  2.111904393616034E-18
3859.30356783227  2.084593784921676E-18
3862.35771068217  3.438738905688349E-18
3865.41314622433  1.066106769405295E-18
3868.46987209918  -9.857238390192289E-19
3871.52788595055  9.565941567602910E-19
3874.58718542573  -4.076879848650358E-19
3877.64776817544  -1.423467328043802E-19
3880.7096318538  2.266808025387002E-18
3883.77277411838  5.058331971889997E-19
3886.83719263016  -8.916383386687957E-20
3889.90288505355  1.249489712678580E-18
3892.96984905637  -1.011811047587620E-18
3896.03808230984  -6.731347670772771E-19
3899.10758248861  -1.526656170755232E-19
3902.17834727073  -1.218511230051798E-19
3905.25037433765  6.909361074497246E-19
3908.32366137423  3.303680267390717E-19
3911.39820606871  7.115606152528155E-19
3914.47400611275  7.105014880266240E-20
3917.55105920138  5.456303040249979E-19
3920.62936303304  6.160057965652438E-20
3923.70891530955  3.022904406711190E-19
3926.78971373611  1.133786687124383E-18
3929.8717560213  1.076286364216102E-18
3932.95503987708  6.621489813619605E-19
3936.03956301879  -2.288274447957307E-19
3939.12532316513  -9.425022723019207E-21
3942.21231803819  3.120905922253118E-19
3945.30054536342  4.742070321425887E-19
3948.39000286961  -5.601364670297638E-20
3951.48068828894  1.980558245305117E-18
3954.57259935694  -8.557220918482578E-20
3957.66573381248  9.836034649165256E-19
3960.76008939782  2.132178797224861E-18
3963.85566385852  1.877247109110000E-18
3966.95245494352  1.926521224224018E-18
3970.0504604051  7.089067096550158E-19
3973.14967799886  1.093742356682808E-18
3976.25010548376  7.738813848795381E-19
3979.35174062209  1.475890183707686E-18
3982.45458117948  1.087816227979325E-18
3985.55862492485  3.051562337527031E-19
3988.6638696305  8.771242269753308E-19
3991.77031307201  1.217203715997293E-18
3994.87795302831  1.251857413784437E-18
3997.98678728163  1.097155820878085E-18
4001.09681361752  9.162302244095410E-19
4004.20802982485  1.283918417339109E-18
4007.32043369578  1.404075603696751E-18
4010.43402302579  -3.423214069759223E-19
4013.54879561365  1.302417381160668E-18
4016.66474926146  1.074719167148044E-18
4019.78188177458  7.006587883696729E-19
4022.90019096169  1.107357025782395E-18
4026.01967463475  1.060088616858665E-18
4029.140330609  6.190923693221973E-19
4032.262156703  8.048922826465744E-19
4035.38515073854  8.955751109237858E-19
4038.50931054075  6.929081060300511E-19
4041.63463393799  1.226491920300498E-18
4044.7611187619  8.997683996415467E-19
4047.88876284742  1.551919559132308E-18
4051.01756403274  5.015295832570396E-19
4054.1475201593  3.976695093279175E-19
4057.27862907182  1.470083892795447E-18
4060.41088861829  1.047596328452736E-18
4063.54429664994  5.003590709914886E-19
4066.67885102125  1.689933610361016E-18
4069.81454958996  1.531272407259949E-18
4072.95139021707  1.168339468876795E-18
4076.08937076679  8.270770081813054E-19
4079.22848910661  1.120043184644391E-18
4082.36874310724  1.396429456307041E-18
4085.51013064263  5.699807951985457E-19
4088.65264958996  7.567254004812468E-19
4091.79629782964  7.620243194852616E-19
4094.94107324533  5.713676668930673E-19
4098.08697372388  7.271974824561532E-19
4101.23399715538  1.018403160081785E-18
4104.38214143314  1.073800686475380E-18
4107.53140445369  8.694455093490011E-19
4110.68178411677  9.957059444587887E-19
4113.83327832531  8.859484863524700E-19
4116.98588498548  1.291099689224565E-18
4120.13960200664  1.688596369503247E-18
4123.29442730134  1.481270063014154E-18
4126.45035878536  9.607228219926964E-19
4129.60739437763  1.100136979805726E-18
4132.76553200033  1.827039313879563E-18
4135.92476957877  1.114648726279626E-18
4139.0851050415  1.158556300374554E-18
4142.24653632022  1.602575479459597E-18
4145.40906134983  1.487008731911318E-18
4148.57267806839  9.170563710463284E-19
4151.73738441716  1.168353324152055E-18
4154.90317834055  1.342005624891997E-18
4158.07005778615  1.059288629808750E-18
4161.23802070473  1.254033829373641E-18
4164.4070650502  2.085036946934852E-18
4167.57718877964  6.449668373767973E-19
4170.7483898533  1.300959682126197E-18
4173.92066623456  1.052442676264108E-18
4177.09401588999  1.535814559401054E-18
4180.26843678928  1.422903061619070E-18
4183.44392690526  1.669843151040904E-18
4186.62048421395  1.062224810790583E-18
4189.79810669445  9.231360451510164E-19
4192.97679232904  1.138939195159976E-18
4196.15653910312  1.370524020678258E-18
4199.33734500524  1.157619828523567E-18
4202.51920802705  1.629822498644364E-18
4205.70212616334  1.546763845771842E-18
4208.88609741203  1.403321731965986E-18
4212.07111977416  1.306121495943681E-18
4215.25719125388  1.823014873404339E-18
4218.44430985845  9.820413343297193E-19
4221.63247359827  1.691018044144073E-18
4224.82168048681  1.261863197269031E-18
4228.01192854068  1.152748355101089E-18
4231.20321577958  7.455473986710882E-19
4234.39554022629  1.282933555422288E-18
4237.58889990673  1.906297899018016E-18
4240.78329284988  1.517523838298705E-18
4243.97871708784  1.426415890885430E-18
4247.17517065576  1.377181377043238E-18
4250.37265159191  2.053142930466338E-18
4253.57115793763  1.709407199739315E-18
4256.77068773735  1.555842049597035E-18
4259.97123903857  2.025657579867580E-18
4263.17280989185  2.013997848748186E-18
4266.37539835084  1.471028739850135E-18
4269.57900247226  1.555452240733369E-18
4272.78362031589  1.265549217476144E-18
4275.98924994457  1.982483714975988E-18
4279.19588942421  1.847128015440873E-18
4282.40353682376  1.860600099282371E-18
4285.61219021523  1.839158957419537E-18
4288.82184767371  1.845777229500574E-18
4292.03250727729  1.946474268164869E-18
4295.24416710713  1.970229861381627E-18
4298.45682524745  2.122125450855045E-18
4301.67047978547  1.970274115544398E-18
4304.88512881148  2.300896138430312E-18
4308.1007704188  1.986620445219365E-18
4311.31740270376  1.913006747376127E-18
4314.53502376574  2.203028264256101E-18
4317.75363170713  1.724576761595348E-18
4320.97322463336  1.635727741037380E-18
4324.19380065286  1.995762031758994E-18
4327.41535787708  1.832069399184497E-18
4330.6378944205  2.242769949991058E-18
4333.8614084006  2.178762714191704E-18
4337.08589793787  2.091615927936792E-18
4340.31136115579  1.970004247869553E-18
4343.53779618086  1.945113762852373E-18
4346.76520114258  2.052358970040791E-18
4349.99357417344  2.115113234007281E-18
4353.22291340891  1.742673302048901E-18
4356.45321698749  1.856882336019251E-18
4359.68448305062  1.969469475603537E-18
4362.91670974275  2.143097167720255E-18
4366.14989521131  2.364532383724935E-18
4369.38403760672  2.042617470761907E-18
4372.61913508235  1.954300430735386E-18
4375.85518579456  1.984355211111888E-18
4379.09218790268  2.023417161178480E-18
4382.33013956901  2.244007412187436E-18
4385.56903895879  2.000489368959735E-18
4388.80888424026  1.673197471822383E-18
4392.04967358459  1.941311006781313E-18
4395.29140516592  1.827059786599724E-18
4398.53407716133  2.129151522978070E-18
4401.77768775087  2.208008098338823E-18
4405.02223511752  2.055433186787345E-18
4408.26771744721  2.120525476755215E-18
4411.51413292881  2.278124062961881E-18
4414.76147975413  2.659575920898872E-18
4418.00975611791  2.281731397613224E-18
4421.25896021784  2.155986296025056E-18
4424.50909025452  1.980399013037201E-18
4427.76014443148  2.177992402246264E-18
4431.01212095518  2.189731129114157E-18
4434.26501803501  2.106963437022101E-18
4437.51883388326  2.273201097546271E-18
4440.77356671514  2.350636576614657E-18
4444.02921474878  1.975224998305681E-18
4447.28577620522  2.369024388041405E-18
4450.54324930839  2.172728638418283E-18
4453.80163228514  2.048271663839014E-18
4457.06092336522  2.126912138264736E-18
4460.32112078127  1.961290313706613E-18
4463.58222276883  1.763506466161508E-18
4466.84422756634  2.083336677185749E-18
4470.10713341511  1.694047386342395E-18
4473.37093855935  1.912306745782754E-18
4476.63564124615  1.988878027906175E-18
4479.90123972549  2.011773353285877E-18
4483.1677322502  1.557832866536297E-18
4486.43511707603  1.559954688205072E-18
4489.70339246155  1.948481215126076E-18
4492.97255666824  1.793846830644494E-18
4496.24260796043  1.820773420739474E-18
4499.51354460531  1.719341845691231E-18
4502.78536487293  1.720639485277173E-18
4506.05806703621  1.942677715948404E-18
4509.33164937092  2.003473423019521E-18
4512.60611015567  2.544240887319684E-18
4515.88144767193  2.885195016441844E-18
4519.15766020401  2.299704998348236E-18
4522.43474603907  1.661421418429349E-18
4525.7127034671  2.262899803787841E-18
4528.99153078094  1.708147196871244E-18
4532.27122627626  1.617635853474773E-18
4535.55178825155  2.034901530008013E-18
4538.83321500814  2.225434312303477E-18
4542.11550485019  2.186903205394992E-18
4545.39865608467  2.024704254211612E-18
4548.68266702137  2.158971177265454E-18
4551.96753597291  2.369003294935784E-18
4555.25326125472  1.626321870292039E-18
4558.53984118503  1.947060739219169E-18
4561.82727408489  2.020199842185955E-18
4565.11555827815  1.899797293379115E-18
4568.40469209147  2.251728316025007E-18
4571.6946738543  1.822867014869845E-18
4574.98550189888  2.345503093733152E-18
4578.27717456027  2.497099450619981E-18
4581.5696901763  2.439357073984950E-18
4584.86304708759  2.175062528516601E-18
4588.15724363754  2.309332967088046E-18
4591.45227817236  2.336736220011010E-18
4594.74814904101  1.927867667466101E-18
4598.04485459523  1.915231036043282E-18
4601.34239318956  1.615090928922677E-18
4604.64076318126  1.912513334140739E-18
4607.93996293041  2.476603155811835E-18
4611.23999079983  1.853080820719110E-18
4614.54084515511  1.977260896588327E-18
4617.84252436458  2.082851535756486E-18
4621.14502679935  2.226062349183558E-18
4624.44835083327  2.143133563667208E-18
4627.75249484294  2.182509842366569E-18
4631.05745720773  2.420742201480058E-18
4634.36323630971  2.435287138576037E-18
4637.66983053375  2.257875301952042E-18
4640.97723826739  1.777562332720316E-18
4644.28545790097  1.802184190833570E-18
4647.59448782753  2.005764920111445E-18
4650.90432644284  2.168037903959648E-18
4654.2149721454  2.367499687377316E-18
4657.52642333646  2.387374976340587E-18
4660.83867841994  2.445128519913886E-18
4664.15173580253  2.555072197055607E-18
4667.4655938936  2.649031229245198E-18
4670.78025110525  3.197344441888223E-18
4674.09570585229  3.204060114486389E-18
4677.41195655223  3.310540593198502E-18
4680.72900162529  2.745620075397250E-18
4684.04683949439  3.094867724136020E-18
4687.36546858514  3.270449010064436E-18
4690.68488732585  3.126003629573128E-18
4694.00509414754  3.424776303743607E-18
4697.32608748389  3.301712508111030E-18
4700.64786577129  3.382195940941521E-18
4703.9704274488  3.330517211786810E-18
4707.29377095817  3.192451461769819E-18
4710.61789474382  3.200756561915005E-18
4713.94279725285  3.169847097170583E-18
4717.26847693504  3.345475945984219E-18
4720.59493224282  3.540004631023775E-18
4723.9221616313  3.424210305409467E-18
4727.25016355825  3.766434983952509E-18
4730.57893648412  3.408997213173698E-18
4733.90847887198  3.437795092609426E-18
4737.23878918758  3.804120919070119E-18
4740.56986589931  3.834517325039605E-18
4743.90170747823  3.880043278002993E-18
4747.23431239803  3.649948928550954E-18
4750.56767913503  3.919846795488738E-18
4753.90180616823  3.830547271689658E-18
4757.23669197923  3.500312782920724E-18
4760.57233505227  3.447713194949090E-18
4763.90873387425  3.114757488760011E-18
4767.24588693466  3.683817425141632E-18
4770.58379272565  3.759929622025086E-18
4773.92244974197  4.145727073310125E-18
4777.26185648101  3.797716473177427E-18
4780.60201144274  3.777323575945851E-18
4783.9429131298  4.132162965625480E-18
4787.28456004739  3.362080562805456E-18
4790.62695070336  3.518741953378099E-18
4793.97008360813  3.649132914876671E-18
4797.31395727474  3.773311749974969E-18
4800.65857021884  3.191931578754830E-18
4804.00392095866  3.003742199134728E-18
4807.35000801502  2.848936588266348E-18
4810.69682991136  3.295609155961308E-18
4814.04438517368  3.176692430329766E-18
4817.39267233058  3.134459276589799E-18
4820.74168991323  2.980505661752348E-18
4824.0914364554  3.444193541442676E-18
4827.44191049341  3.394897919632733E-18
4830.79311056618  3.108880370507822E-18
4834.14503521519  3.869655543870551E-18
4837.49768298448  3.184337440346134E-18
4840.85105242066  3.166958996061854E-18
4844.20514207292  3.944198992722299E-18
4847.55995049299  3.451379052628772E-18
4850.91547623516  3.706426752824544E-18
4854.27171785627  3.413477223371286E-18
4857.62867391571  3.507737969689306E-18
4860.98634297545  3.672020588835706E-18
4864.34472359995  3.455078617918416E-18
4867.70381435626  3.694969474160072E-18
4871.06361381394  3.535933661639096E-18
4874.4241205451  3.387005789408364E-18
4877.78533312439  3.867188891283918E-18
4881.14725012896  3.436150450756517E-18
4884.50987013852  3.229922743518471E-18
4887.87319173529  3.413167651027038E-18
4891.23721350402  3.191794266773146E-18
4894.60193403197  3.427899944531760E-18
4897.96735190892  3.919800473374435E-18
4901.33346572716  3.711775302665311E-18
4904.7002740815  3.457275402830203E-18
4908.06777556925  4.018263917589685E-18
4911.43596879021  3.563322852491645E-18
4914.80485234672  3.457292566827913E-18
4918.17442484358  3.708883479243826E-18
4921.5446848881  3.818775250802108E-18
4924.9156310901  3.951776380723590E-18
4928.28726206185  3.634474447241618E-18
4931.65957641816  3.618992107716463E-18
4935.03257277627  3.829725467751086E-18
4938.40624975594  3.649724349014646E-18
4941.78060597939  4.028020926505054E-18
4945.15564007133  3.557592558798184E-18
4948.53135065893  3.963935522137814E-18
4951.90773637182  3.855970667816474E-18
4955.28479584214  4.047951843364519E-18
4958.66252770443  3.567216805225238E-18
4962.04093059575  3.497147989897095E-18
4965.42000315558  3.185253542874536E-18
4968.79974402587  3.881719559514331E-18
4972.18015185104  4.007685931916356E-18
4975.56122527792  3.595182127374431E-18
4978.94296295581  4.054176377473980E-18
4982.32536353646  4.279765074129443E-18
4985.70842567404  3.808198092309393E-18
4989.09214802519  3.712293117728770E-18
4992.47652924894  3.513484806995018E-18
4995.8615680068  3.760644306074332E-18
4999.24726296268  4.289918302558224E-18
5002.63361278292  3.603224390879978E-18
5006.02061613628  3.841405258000335E-18
5009.40827169396  4.103238941146337E-18
5012.79657812955  4.126498846381024E-18
5016.18553411909  3.904329714377855E-18
5019.57513834099  4.169230169644900E-18
5022.96538947611  4.323044404549135E-18
5026.35628620768  3.562960133793040E-18
5029.74782722136  4.188077066311614E-18
5033.1400112052  3.916244837511376E-18
5036.53283684964  3.924014131414780E-18
5039.92630284753  3.719179396328273E-18
5043.32040789411  3.760616595523811E-18
5046.71515068699  3.977285803634114E-18
5050.11052992618  4.014210318997868E-18
5053.50654431408  3.568817813300834E-18
5056.90319255546  3.809690739724745E-18
5060.30047335746  3.692066070210011E-18
5063.69838542961  4.039907925497747E-18
5067.09692748381  3.734698958980994E-18
5070.49609823431  3.938612214865116E-18
5073.89589639775  4.335466175807844E-18
5077.29632069312  3.988276552433105E-18
5080.69736984177  4.157208753802667E-18
5084.0990425674  4.036146735252469E-18
5087.50133759609  3.740498735845910E-18
5090.90425365624  3.674991408005690E-18
5094.30778947861  3.963332507471263E-18
5097.71194379632  4.023626943091171E-18
5101.11671534482  3.977461993104587E-18
5104.52210286188  3.940039101421770E-18
5107.92810508764  4.036417636903079E-18
5111.33472076456  3.652236910125276E-18
5114.74194863743  3.945312791417102E-18
5118.14978745337  3.854238551613788E-18
5121.55823596182  3.552335412415103E-18
5124.96729291455  3.718326159526425E-18
5128.37695706564  3.873760014070039E-18
5131.7872271715  3.846606569692068E-18
5135.19810199084  3.883824734173279E-18
5138.60958028468  3.929886286583294E-18
5142.02166081637  3.913681818383381E-18
5145.43434235154  3.813920114196728E-18
5148.84762365812  3.768507484977261E-18
5152.26150350637  3.860376645349237E-18
5155.67598066882  3.740903227165448E-18
5159.09105392029  3.728914898547717E-18
5162.50672203791  3.532818913042526E-18
5165.92298380108  3.622003872326769E-18
5169.3398379915  3.646575686012964E-18
5172.75728339314  3.536622703089352E-18
5176.17531879225  3.320287055561061E-18
5179.59394297736  3.496519746221862E-18
5183.01315473927  3.313478118348831E-18
5186.43295287105  3.359976215327121E-18
5189.85333616805  3.506735840377199E-18
5193.27430342786  3.517175273297924E-18
5196.69585345035  3.144365591605733E-18
5200.11798503765  3.199226484576935E-18
5203.54069699413  3.776282155554647E-18
5206.96398812642  3.355290650747315E-18
5210.38785724341  3.267381824353088E-18
5213.81230315623  3.069164120576701E-18
5217.23732467824  2.768231057441386E-18
5220.66292062507  3.154496072567671E-18
5224.08908981456  3.151010333466373E-18
5227.51583106681  2.956609034241150E-18
5230.94314320413  3.704290972482932E-18
5234.37102505107  3.569152407858611E-18
5237.79947543442  3.547457941933184E-18
5241.22849318316  3.410870363670825E-18
5244.65807712853  3.394945896108260E-18
5248.08822610396  3.420821139644685E-18
5251.51893894511  3.228282237568626E-18
5254.95021448984  2.992785157945698E-18
5258.38205157824  3.204436688460254E-18
5261.81444905258  3.191794059977993E-18
5265.24740575735  3.321492050918398E-18
5268.68092053925  3.286659268528637E-18
5272.11499224715  3.535293010254673E-18
5275.54961973213  3.499119574887116E-18
5278.98480184747  3.429741455370456E-18
5282.42053744863  3.675681276636560E-18
5285.85682539326  3.474765723292331E-18
5289.29366454118  3.581074562027339E-18
5292.73105375442  3.568257812026137E-18
5296.16899189715  3.189982120846196E-18
5299.60747783575  3.455258322906493E-18
5303.04651043875  3.244000116773205E-18
5306.48608857685  3.163873819172185E-18
5309.92621112292  3.221550021358210E-18
5313.36687695201  3.326188368846168E-18
5316.80808494129  3.441472944407990E-18
5320.24983397013  3.401263074446327E-18
5323.69212292002  3.408256472935156E-18
5327.13495067464  3.066984086072316E-18
5330.57831611977  3.546458294162913E-18
5334.02221814337  3.550179779738789E-18
5337.46665563555  3.480967509934947E-18
5340.91162748852  3.183523494623381E-18
5344.35713259667  3.570833652453626E-18
5347.8031698565  3.468116431938323E-18
5351.24973816665  3.266285189655996E-18
5354.69683642788  3.747218751142290E-18
5358.14446354308  3.608968333053547E-18
5361.59261841727  3.858065502717765E-18
5365.04129995758  3.563220282095688E-18
5368.49050707326  3.599112062464671E-18
5371.94023867567  4.148154434817661E-18
5375.39049367829  3.785348468658535E-18
5378.8412709967  3.923066596023101E-18
5382.2925695486  4.080711917934375E-18
5385.74438825376  4.144873422917971E-18
5389.19672603409  4.046564247886960E-18
5392.64958181357  3.848023116491065E-18
5396.10295451827  3.910901250754283E-18
5399.55684307638  3.476684368723148E-18
5403.01124641814  3.799616093454156E-18
5406.46616347591  3.960077965351173E-18
5409.92159318411  4.044200165696285E-18
5413.37753447924  4.011276722955449E-18
5416.83398629989  3.957079849220974E-18
5420.29094758672  4.369730478321629E-18
5423.74841728244  4.407358097206052E-18
5427.20639433185  4.055298447974909E-18
5430.66487768182  4.610457407367423E-18
5434.12386628125  4.653918717521878E-18
5437.58335908114  4.179217134770559E-18
5441.04335503451  4.316526221322217E-18
5444.50385309645  4.405731860121774E-18
5447.9648522241  4.254056714281600E-18
5451.42635137665  4.295452554446510E-18
5454.88834951533  4.763978820334815E-18
5458.3508456034  4.678948375677120E-18
5461.81383860619  4.829480357910745E-18
5465.27732749103  4.933357699235155E-18
5468.74131122731  4.654991570776360E-18
5472.20578878644  4.830021334031354E-18
5475.67075914185  4.668457657558417E-18
5479.136221269  4.687183372265391E-18
5482.60217414538  4.723694297322870E-18
5486.06861675048  4.853462391820190E-18
5489.53554806583  4.533078796966149E-18
5493.00296707494  4.528314650228152E-18
5496.47087276337  4.727194098494582E-18
5499.93926411865  5.149358545410514E-18
5503.40814013034  4.934435101983004E-18
5506.87749978999  4.961777557130945E-18
5510.34734209114  5.089078585451324E-18
5513.81766602933  5.028308520979196E-18
5517.28847060212  4.587848493274816E-18
5520.75975480902  4.704197236694688E-18
5524.23151765154  5.231246530921120E-18
5527.70375813318  4.805558708186017E-18
5531.17647525942  5.261709524929915E-18
5534.64966803772  4.814811964108343E-18
5538.1233354775  4.930152374361511E-18
5541.59747659017  4.971041566401233E-18
5545.07209038909  4.937841431745499E-18
5548.54717588962  4.859576910908181E-18
5552.02273210904  4.747245370133173E-18
5555.49875806662  4.862326872854612E-18
5558.97525278359  4.946031760580693E-18
5562.45221528311  5.076522810933382E-18
5565.92964459031  5.032363360341931E-18
5569.40753973228  4.577876003809878E-18
5572.88589973802  4.778727864246942E-18
5576.36472363851  5.047610780573121E-18
5579.84401046665  6.406505572417073E-18
5583.32375925728  5.143598059624694E-18
5586.80396904719  5.075973149416340E-18
5590.28463887508  5.173431982777644E-18
5593.76576778158  4.784915175228839E-18
5597.24735480927  5.054010676972444E-18
5600.72939900263  4.809936561577955E-18
5604.21189940806  5.334443929782008E-18
5607.6948550739  4.964505185200838E-18
5611.17826505037  5.140277343055600E-18
5614.66212838963  5.061373411604779E-18
5618.14644414574  4.867268449834004E-18
5621.63121137466  5.237990120864957E-18
5625.11642913426  4.518941866707313E-18
5628.60209648429  4.641910536569446E-18
5632.08821248644  4.636735694657313E-18
5635.57477620426  4.885024295272762E-18
5639.06178670318  4.712053384562412E-18
5642.54924305056  4.432949410997218E-18
5646.03714431561  4.851432490596984E-18
5649.52548956944  4.718090975853435E-18
5653.01427788503  4.468071499806221E-18
5656.50350833725  4.651910736584905E-18
5659.99318000282  4.348099291713062E-18
5663.48329196035  4.297394774524787E-18
5666.97384329033  4.696680232878113E-18
5670.46483307508  4.750008980559712E-18
5673.95626039881  4.557886357126922E-18
5677.44812434758  4.597873508708654E-18
5680.9404240093  4.515750190313777E-18
5684.43315847376  4.825584750815926E-18
5687.92632683256  4.489887974872001E-18
5691.41992817917  4.189582948616767E-18
5694.91396160891  4.280742388023173E-18
5698.40842621894  3.973573830635283E-18
5701.90332110826  4.104899092635732E-18
5705.39864537768  3.915304746745209E-18
5708.89439812988  4.369340049072503E-18
5712.39057846935  4.166545141376553E-18
5715.88718550241  4.497683738555005E-18
5719.38421833722  4.118760158160283E-18
5722.88167608373  4.346712937006422E-18
5726.37955785374  3.684145402254508E-18
5729.87786276085  3.920764965968672E-18
5733.37658992048  4.005807404745248E-18
5736.87573844985  3.756515020456467E-18
5740.375307468  3.801294029326719E-18
5743.87529609576  3.668814850371757E-18
5747.37570345578  4.032926521127800E-18
5750.87652867249  4.079360718403769E-18
5754.37777087212  3.732332395248479E-18
5757.87942918271  3.907444876564730E-18
5761.38150273408  3.952328523782470E-18
5764.88399065781  3.802501713021046E-18
5768.38689208731  3.794078119253113E-18
5771.89020615774  4.159960783700630E-18
5775.39393200605  3.777944374995572E-18
5778.89806877096  3.936047541375895E-18
5782.40261559296  4.087674297150234E-18
5785.90757161433  4.029041253790638E-18
5789.41293597909  4.008278606825251E-18
5792.91870783304  3.847437059027071E-18
5796.42488632374  4.309653177612514E-18
5799.9314706005  3.906837725995116E-18
5803.43845981439  4.163980881477638E-18
5806.94585311823  4.330728498849446E-18
5810.45364966659  4.171886246591808E-18
5813.9618486158  3.899326512442829E-18
5817.47044912391  4.044579014416834E-18
5820.97945035073  4.109225660829690E-18
5824.48885145779  3.925353336826503E-18
5827.99865160838  3.843629960257797E-18
5831.50884996749  3.990859837486109E-18
5835.01944570187  3.953142055914917E-18
5838.53043797998  4.151268769823923E-18
5842.041825972  3.908339885987513E-18
5845.55360884984  4.004887993494396E-18
5849.06578578713  3.762139021441215E-18
5852.5783559592  3.949066950627173E-18
5856.0913185431  4.119635315248365E-18
5859.6046727176  3.646304784362352E-18
5863.11841766315  3.960022544250132E-18
5866.63255256193  3.525847434839930E-18
5870.14707659781  3.819224409874725E-18
5873.66198895634  3.613854488931896E-18
5877.1772888248  3.675162220802183E-18
5880.69297539214  3.588505952650516E-18
5884.20904784899  3.823790033265711E-18
5887.72550538767  4.698025228554125E-18
5891.24234720221  4.021032491099899E-18
5894.75957248829  3.669859165895106E-18
5898.27718044328  3.503566497860201E-18
5901.7951702662  3.461467760969775E-18
5905.31354115779  3.429968516448603E-18
5908.83229232042  3.804511348319245E-18
5912.35142295813  3.899893544752734E-18
5915.87093227663  3.882345735238034E-18
5919.39081948329  4.108535378608515E-18
5922.91108378714  3.826895269285235E-18
5926.43172439885  3.983526467765520E-18
5929.95274053076  4.132735788199673E-18
5933.47413139683  4.073395919006650E-18
5936.9958962127  4.129577199030638E-18
5940.51803419563  4.387235688034782E-18
5944.04054456452  4.205359350849685E-18
5947.56342653992  4.083259634221040E-18
5951.08667934399  4.071958692692339E-18
5954.61030220056  4.432184682520913E-18
5958.13429433505  4.176125960821448E-18
5961.65865497452  4.095578007903178E-18
5965.18338334765  4.406869647054340E-18
5968.70847868474  3.854328714300557E-18
5972.23394021771  4.312037525728199E-18
5975.75976718008  4.182700392330019E-18
5979.28595880701  4.121471656208232E-18
5982.81251433523  3.841125670953291E-18
5986.33943300309  4.160561316825345E-18
5989.86671405057  4.037072763948222E-18
5993.3943567192  4.482276258875287E-18
5996.92236025213  3.933147859738591E-18
6000.45072389412  3.607689511826539E-18
6003.97944689149  4.037364345114147E-18
6007.50852849216  3.817287152880125E-18
6011.03796794564  3.715978620947999E-18
6014.56776450301  3.847558654577116E-18
6018.09791741695  3.807142196257468E-18
6021.62842594168  3.830486473914635E-18
6025.15928933303  3.905915419612119E-18
6028.69050684839  3.746624835462478E-18
6032.22207774669  3.700784140276013E-18
6035.75400128845  3.621306559070387E-18
6039.28627673577  4.075137547786381E-18
6042.81890335226  3.749870278595829E-18
6046.35188040312  3.975479241176298E-18
6049.88520715509  3.771654080027412E-18
6053.41888287647  3.657607380252276E-18
6056.95290683709  3.771057682805762E-18
6060.48727830834  3.883412384637921E-18
6064.02199656315  4.167138229875753E-18
6067.55706087598  3.753652148356421E-18
6071.09247052282  3.780997085046200E-18
6074.62822478122  3.791162721184169E-18
6078.16432293022  3.283153470297484E-18
6081.70076425042  3.489355121346234E-18
6085.23754802393  3.718130944901862E-18
6088.77467353437  3.708889683098420E-18
6092.31214006691  3.975463111154354E-18
6095.8499469082  3.961485826753738E-18
6099.38809334642  4.010974802031868E-18
6102.92657867126  3.618415562829514E-18
6106.46540217391  3.843450462064872E-18
6110.00456314707  3.706993785134449E-18
6113.54406088493  3.887906043315616E-18
6117.08389468319  3.950662582028788E-18
6120.62406383903  4.076757581016066E-18
6124.16456765115  4.370411247965760E-18
6127.7054054197  4.210657029082781E-18
6131.24657644634  4.090337405132348E-18
6134.78808003422  4.140875245427195E-18
6138.32991548796  4.119719687670845E-18
6141.87208211365  3.900113574795672E-18
6145.41457921886  3.818324437368267E-18
6148.95740611264  3.937672537689256E-18
6152.50056210549  3.909998383115682E-18
6156.04404650941  3.934590876317189E-18
6159.58785863783  3.920960594183540E-18
6163.13199780564  3.915925959385237E-18
6166.67646332922  4.091318854929142E-18
6170.22125452636  4.177506525263799E-18
6173.76637071634  4.069661198540972E-18
6177.31181121988  4.299302666607639E-18
6180.85757535911  4.074451401468268E-18
6184.40366245766  4.236920013531340E-18
6187.95007184055  4.117762578341545E-18
6191.49680283427  4.204741033341801E-18
6195.04385476673  4.472296324784835E-18
6198.59122696727  4.336708187497592E-18
6202.13891876667  4.257109837922533E-18
6205.68692949711  4.020644543392612E-18
6209.23525849222  4.101604432255935E-18
6212.78390508705  4.389569578133100E-18
6216.33286861803  4.447782000151213E-18
6219.88214842305  4.406884122715061E-18
6223.43174384137  4.170791886641399E-18
6226.9816542137  4.346519376743084E-18
6230.53187888213  3.990723766275344E-18
6234.08241719014  4.104247274313040E-18
6237.63326848264  4.250097414279616E-18
6241.18443210591  4.295914534818622E-18
6244.73590740764  4.148287610896282E-18
6248.28769373691  4.467010640670621E-18
6251.83979044418  4.308285020879352E-18
6255.3921968813  4.085805282556171E-18
6258.94491240149  3.921446149203109E-18
6262.49793635937  4.021590424423066E-18
6266.05126811092  3.919735953286656E-18
6269.6049070135  4.126845435057682E-18
6273.15885242584  4.305183093582278E-18
6276.71310370804  4.242229272293011E-18
6280.26766022156  4.024232852889867E-18
6283.82252132921  4.315221343905915E-18
6287.37768639519  4.302226750073013E-18
6290.93315478502  4.291161968609197E-18
6294.48892586561  3.932310339368381E-18
6298.04499900519  4.851324957117351E-18
6301.60137357335  4.856068837930343E-18
6305.15804894101  4.870640451601078E-18
6308.71502448047  4.401321746685948E-18
6312.27229956532  4.561004000855634E-18
6315.82987357052  4.714103551710625E-18
6319.38774587235  4.367227016197738E-18
6322.94591584842  4.463052581439555E-18
6326.50438287766  5.029488080532697E-18
6330.06314634034  4.800882242592948E-18
6333.62220561804  4.466335661290777E-18
6337.18156009367  4.551156002072883E-18
6340.74120915143  4.727957999790273E-18
6344.30115217687  4.435000405326044E-18
6347.86138855681  4.640644536641933E-18
6351.42191767941  4.617259727134753E-18
6354.98273893411  4.796383207241274E-18
6358.54385171167  4.432911360689041E-18
6362.10525540413  4.606096097587737E-18
6365.66694940485  4.624045503289832E-18
6369.22893310844  4.800074087134485E-18
6372.79120591085  4.494870497291713E-18
6376.35376720928  4.363754511986240E-18
6379.91661640222  4.175506816132952E-18
6383.47975288946  4.376260242077123E-18
6387.04317607206  4.544884318668507E-18
6390.60688535233  4.549612896640166E-18
6394.17088013388  4.544968277500681E-18
6397.73515982158  4.894189456459850E-18
6401.29972382156  4.732452072058276E-18
6404.86457154124  4.610456166596505E-18
6408.42970238926  5.084345871576603E-18
6411.99511577554  4.877872491696628E-18
6415.56081111127  4.717773752088522E-18
6419.12678780886  4.498780166456945E-18
6422.69304528198  4.731090119179707E-18
6426.25958294557  4.841346677388125E-18
6429.82640021576  5.313156023127652E-18
6433.39349650998  4.819826332981638E-18
6436.96087124687  4.941958309654174E-18
6440.52852384629  4.941036003271178E-18
6444.09645372935  4.804755515811229E-18
6447.66466031838  4.528736925930859E-18
6451.23314303696  4.485439397537690E-18
6454.80190130985  4.294330070355275E-18
6458.37093456307  4.245604582782533E-18
6461.94024222383  4.495819273454311E-18
6465.50982372057  4.840256453340780E-18
6469.07967848294  5.070148557133048E-18
6472.64980594178  4.662424615760761E-18
6476.22020552916  4.501626908535046E-18
6479.79087667834  4.646072082231199E-18
6483.36181882379  5.006328677742438E-18
6486.93303140115  4.594886973107032E-18
6490.50451384729  4.827796631773893E-18
6494.07626560025  4.673047682777474E-18
6497.64828609925  4.881203134433073E-18
6501.22057478473  4.568311314386928E-18
6504.79313109827  4.579919967103497E-18
6508.36595448265  4.250730207448219E-18
6511.93904438183  4.786763923897893E-18
6515.51240024095  4.382826815369874E-18
6519.08602150629  4.674744643804126E-18
6522.65990762533  4.673946414513012E-18
6526.2340580467  4.716881637797883E-18
6529.8084722202  4.552332252903934E-18
6533.38314959677  4.293234056043643E-18
6536.95808962853  4.230386113872783E-18
6540.53329176875  4.610921455691065E-18
6544.10875547184  4.343242087156149E-18
6547.68448019335  4.295763574356831E-18
6551.26046539  4.278728203231607E-18
6554.83671051964  4.707370715114748E-18
6558.41321504125  4.460403535527853E-18
6561.98997841496  4.567361711043717E-18
6565.56700010201  4.557520743296173E-18
6569.14427956481  4.238863060790226E-18
6572.72181626687  4.530702307066285E-18
6576.29960967281  4.625106362425430E-18
6579.87765924841  4.510830120030312E-18
6583.45596446055  4.449829685757588E-18
6587.03452477721  4.408871010546413E-18
6590.6133396675  4.431941077830516E-18
6594.19240860166  4.814570427369477E-18
6597.77173105099  4.582239381541096E-18
6601.35130648793  4.604267614843688E-18
6604.931134386  4.274187808849303E-18
6608.51121421985  4.477222598922894E-18
6612.09154546519  4.369702354180802E-18
6615.67212759884  4.665476912221081E-18
6619.25296009871  4.239265484158234E-18
6622.83404244378  4.492889399724648E-18
6626.41537411415  4.308011637686903E-18
6629.99695459097  4.432416706682735E-18
6633.57878335647  4.714234659837713E-18
6637.16085989396  4.093799155995884E-18
6640.74318368785  4.300559981138719E-18
6644.32575422357  4.695421263985807E-18
6647.90857098764  4.595416368699066E-18
6651.49163346767  4.518150668451405E-18
6655.07494115228  4.662348101554099E-18
6658.65849353118  4.501254263669091E-18
6662.24229009513  4.770393605985163E-18
6665.82633033595  4.521083023722906E-18
6669.41061374649  4.530415688984035E-18
6672.99513982066  4.474146727815116E-18
6676.57990805341  4.640371153449484E-18
6680.16491794072  4.528143010251046E-18
6683.75016897964  4.288503823710759E-18
6687.33566066821  4.867189867675813E-18
6690.92139250554  4.760490186101373E-18
6694.50736399175  4.556964877924537E-18
6698.09357462799  4.793128251530877E-18
6701.68002391644  4.522993397347597E-18
6705.26671136028  4.791399857640948E-18
6708.85363646372  4.746336712230284E-18
6712.440798732  4.665542673079780E-18
6716.02819767135  4.543134004492345E-18
6719.61583278902  4.953794023448890E-18
6723.20370359326  4.664322995266570E-18
6726.79180959332  4.688645413998078E-18
6730.38015029946  4.577382590574490E-18
6733.96872522293  4.661420832087427E-18
6737.55753387598  4.586202817446143E-18
6741.14657577184  4.461405251249655E-18
6744.73585042474  4.444872805936864E-18
6748.3253573499  4.273105029427472E-18
6751.91509606351  4.567518875360102E-18
6755.50506608274  4.520805504627395E-18
6759.09526692574  4.767228399371229E-18
6762.68569811165  4.431933219614697E-18
6766.27635916055  4.431547339858942E-18
6769.86724959351  4.295841329334410E-18
6773.45836893257  4.284285202586738E-18
6777.04971670071  4.351618118038861E-18
6780.64129242188  4.328006247453534E-18
6784.23309562101  4.097801055799416E-18
6787.82512582394  4.369223830196439E-18
6791.4173825575  4.953364716710974E-18
6795.00986534944  4.509539718274729E-18
6798.60257372847  4.667356680163108E-18
6802.19550722424  4.356376060922267E-18
6805.78866536735  4.408141437246141E-18
6809.3820476893  4.405018830433753E-18
6812.97565372257  4.094515080816048E-18
6816.56948300054  4.188818633730767E-18
6820.16353505753  4.523512866772280E-18
6823.75780942879  4.472263651150639E-18
6827.35230565046  4.254414883486836E-18
6830.94702325964  4.484340074503607E-18
6834.54196179433  4.689708754675517E-18
6838.13712079343  4.616863921211647E-18
6841.73249979678  4.436954205932894E-18
6845.3280983451  4.472027904676061E-18
6848.92391598002  4.210074693931543E-18
6852.51995224408  4.471118006002251E-18
6856.11620668072  4.434832487661696E-18
6859.71267883427  4.610978117563025E-18
6863.30936824995  4.507260008506531E-18
6866.90627447388  4.088790990977181E-18
6870.50339705306  4.415358174500359E-18
6874.10073553537  4.716367131456875E-18
6877.69828946958  4.623230730386468E-18
6881.29605840535  4.319841974807635E-18
6884.89404189318  4.225257180484648E-18
6888.49223948447  4.268373969913975E-18
6892.0906507315  4.587125123829140E-18
6895.68927518739  4.832110792258664E-18
6899.28811240613  4.559931561191460E-18
6902.88716194258  4.423577454656991E-18
6906.48642335246  4.298456460840997E-18
6910.08589619234  4.243585434907292E-18
6913.68558001964  4.323654450250894E-18
6917.28547439264  4.127804137387631E-18
6920.88557887044  4.229262389010629E-18
6924.48589301303  4.494862639075893E-18
6928.08641638119  4.697947887166849E-18
6931.68714853658  4.509282878694531E-18
6935.28808904167  4.620398050378779E-18
6938.88923745977  4.457745390629414E-18
6942.49059335502  4.437667235620915E-18
6946.09215629238  4.548059037859485E-18
6949.69392583764  4.569187298655620E-18
6953.29590155743  4.138018577181743E-18
6956.89808301915  4.512505160770730E-18
6960.50046979106  4.487389062241477E-18
6964.1030614422  4.612591119757503E-18
6967.70585754245  4.194598558260981E-18
6971.30885766248  4.416432682116067E-18
6974.91206137375  4.590626165771770E-18
6978.51546824854  4.693990655116397E-18
6982.11907785993  4.632049716487201E-18
6985.72288978177  4.315239955469698E-18
6989.32690358873  4.423272225010960E-18
6992.93111885625  4.375684524370785E-18
6996.53553516057  4.528882096128362E-18
7000.1401520787  4.624361072693521E-18
7003.74496918844  4.277564773700050E-18
7007.34998606836  4.619443897542198E-18
7010.95520229781  4.589856887802095E-18
7014.56061745691  4.775128387811417E-18
7018.16623112655  4.734219343436995E-18
7021.77204288838  4.661025026164321E-18
7025.37805232481  4.686992293543891E-18
7028.98425901903  4.686981126605623E-18
7032.59066255497  4.867800740558182E-18
7036.19726251731  4.556035540506334E-18
7039.8040584915  4.881549309519426E-18
7043.41105006372  4.651766807158320E-18
7047.0182368209  4.619800412386210E-18
7050.62561835073  5.006286905121504E-18
7054.23319424161  4.865133910263311E-18
7057.8409640827  4.924991180929486E-18
7061.44892746388  5.125448062624055E-18
7065.05708397578  4.874826399090903E-18
7068.66543320973  5.094928406743298E-18
7072.27397475781  4.710433764923032E-18
7075.8827082128  4.838130185576211E-18
7079.49163316824  4.892063188695283E-18
7083.10074921832  5.210603411554246E-18
7086.71005595802  4.858425889085813E-18
7090.31955298296  5.077322280995413E-18
7093.92923988953  4.803574301896503E-18
7097.53911627478  4.610040094748390E-18
7101.14918173648  4.987468132595617E-18
7104.7594358731  5.088121951072905E-18
7108.3698782838  4.948189047618230E-18
7111.98050856844  5.116318056613001E-18
7115.59132632756  5.004488200879507E-18
7119.20233116241  4.687422841052724E-18
7122.81352267491  4.737865969167434E-18
7126.42490046764  4.577118719959084E-18
7130.0364641439  4.030149675811459E-18
7133.64821330764  4.475026847986873E-18
7137.2601475635  4.245719147297372E-18
7140.87226651677  4.355019898307985E-18
7144.48456977341  4.365489523321069E-18
7148.09705694007  4.563753549211760E-18
7151.70972762403  4.412328211916578E-18
7155.32258143325  4.708594528831021E-18
7158.93561797633  4.618878933183825E-18
7162.54883686255  4.978853046515877E-18
7166.1622377018  4.423238724196154E-18
7169.77582010465  4.226830064419418E-18
7173.38958368229  4.563940078439890E-18
7177.00352804658  4.736472997015895E-18
7180.61765280999  4.350210256636295E-18
7184.23195758565  4.059215975355960E-18
7187.8464419873  4.007272341610080E-18
7191.46110562932  4.365111088190827E-18
7195.07594812672  4.344711573514349E-18
7198.69096909514  4.335733768736005E-18
7202.30616815082  4.430414516010049E-18
7205.92154491063  4.156209933213009E-18
7209.53709899206  4.415972356105180E-18
7213.15283001321  4.525613078347552E-18
7216.76873759279  4.397098162478252E-18
7220.38482135011  4.570145587395264E-18
7224.00108090508  4.381580254186757E-18
7227.61751587823  4.571864882298456E-18
7231.23412589067  4.324730198637519E-18
7234.85091056412  4.269038195945854E-18
7238.46786952088  4.245527654985566E-18
7242.08500238384  4.682652490460132E-18
7245.70230877648  4.584821839413486E-18
7249.31978832287  4.107727636740357E-18
7252.93744064764  4.621369574008222E-18
7256.55526537603  4.634747566055042E-18
7260.17326213382  4.393049113379804E-18
7263.79143054738  4.523205982765023E-18
7267.40977024365  4.590294052755830E-18
7271.02828085014  4.513840643869698E-18
7274.64696199491  4.954301085164384E-18
7278.26581330658  4.007373671235118E-18
7281.88483441435  4.442972358479524E-18
7285.50402494795  4.025724259534300E-18
7289.12338453766  4.365551148276704E-18
7292.74291281434  4.549307666994135E-18
7296.36260940936  4.344466314462728E-18
7299.98247395465  4.405723174725341E-18
7303.60250608268  4.531977405980535E-18
7307.22270542646  4.517774301272694E-18
7310.84307161952  4.537943859738881E-18
7314.46360429594  4.514810099547610E-18
7318.08430309031  4.510414875362808E-18
7321.70516763776  4.902014171464294E-18
7325.32619757394  4.722203304268743E-18
7328.94739253502  4.650837056149812E-18
7332.56875215767  4.511465394740753E-18
7336.19027607911  4.232439589743447E-18
7339.81196393703  4.278781969971422E-18
7343.43381536966  4.333390779650948E-18
7347.05583001571  4.802945231040657E-18
7350.67800751442  4.465837698562021E-18
7354.30034750552  4.522474341513220E-18
7357.92284962921  4.473564392663879E-18
7361.54551352622  4.827704814725900E-18
7365.16833883777  4.254608443750173E-18
7368.79132520552  4.336321480561224E-18
7372.41447227168  4.437670957933671E-18
7376.0377796789  4.194100181941919E-18
7379.66124707032  4.384822802187965E-18
7383.28487408956  4.189604868903001E-18
7386.90866038071  4.138414796695156E-18
7390.53260558834  4.120537355706354E-18
7394.15670935748  4.339627307879293E-18
7397.78097133361  4.165770900323203E-18
7401.40539116269  3.777706560569463E-18
7405.02996849115  4.377732623567466E-18
7408.65470296584  4.079678355758989E-18
7412.27959423411  3.828491314277156E-18
7415.90464194372  4.100854593030654E-18
7419.52984574289  4.147339248323990E-18
7423.1552052803  3.985547683592294E-18
7426.78072020505  4.148073784707938E-18
7430.40639016669  4.146749468547239E-18
7434.03221481521  4.405973396860639E-18
7437.65819380102  3.937493039496331E-18
7441.28432677497  3.918058017414092E-18
7444.91061338833  3.976113688706126E-18
7448.53705329281  4.053224706179237E-18
7452.16364614051  4.056419277704919E-18
7455.79039158399  4.092186980982017E-18
7459.4172892762  3.998727979472713E-18
7463.0443388705  3.742933541978959E-18
7466.67154002067  4.065238677395958E-18
7470.2988923809  3.857414097985380E-18
7473.92639560577  3.900121019421185E-18
7477.55404935027  3.893095360888467E-18
7481.18185326979  4.230610279818786E-18
7484.80980702012  4.631794944858534E-18
7488.43791025743  4.360504105769213E-18
7492.06616263828  3.911306982844740E-18
7495.69456381963  3.887047429839785E-18
7499.32311345882  4.164966467177496E-18
7502.95181121355  4.172688611785984E-18
7506.58065674193  4.253517392522216E-18
7510.20964970243  4.319813437076504E-18
7513.83878975389  4.254809862229331E-18
7517.46807655551  4.402271350029158E-18
7521.09750976689  4.016920989865205E-18
7524.72708904795  4.122775706443920E-18
7528.35681405901  3.769373129488297E-18
7531.98668446072  4.190992464380558E-18
7535.6166999141  4.038378054954830E-18
7539.24686008052  4.651004973814160E-18
7542.87716462169  4.471378154304900E-18
7546.50761319969  4.052243256382444E-18
7550.13820547689  4.123016002411869E-18
7553.76894111607  4.482454102706985E-18
7557.39981978031  4.106048046506569E-18
7561.03084113301  4.477966647883886E-18
7564.66200483794  4.132535196901128E-18
7568.29331055917  4.198112835093414E-18
7571.92475796111  3.978957122061777E-18
7575.55634670849  4.332203775471935E-18
7579.18807646635  4.404369080062593E-18
7582.81994690006  4.536106278008094E-18
7586.4519576753  4.476201444456698E-18
7590.08410845807  3.967647081546339E-18
7593.71639891466  3.897673805578947E-18
7597.34882871169  3.686342807551756E-18
7600.98139751605  4.381728319516403E-18
7604.61410499496  3.882041746362920E-18
7608.24695081593  4.531367773869085E-18
7611.87993464676  4.030816383385177E-18
7615.51305615553  4.436524899194980E-18
7619.14631501064  4.034090777839967E-18
7622.77971088073  3.626347397723285E-18
7626.41324343477  4.279970214921355E-18
7630.04691234198  3.680252690291834E-18
7633.68071727187  4.721024158305548E-18
7637.3146578942  4.486929563411204E-18
7640.94873387904  4.397942713883668E-18
7644.5829448967  4.191685228143571E-18
7648.21729061777  4.391685092549705E-18
7651.85177071308  4.427570255473786E-18
7655.48638485375  4.369822295369622E-18
7659.12113271113  4.285173594564620E-18
7662.75601395684  4.372338165202702E-18
7666.39102826275  4.466880359724145E-18
7670.02617530096  4.285553270465782E-18
7673.66145474385  4.189168531129878E-18
7677.296866264  4.381693991520982E-18
7680.93240953427  4.702008516793873E-18
7684.56808422772  4.239591393319580E-18
7688.20389001766  4.504385555877910E-18
7691.83982657764  4.253764719525369E-18
7695.47589358142  4.497639070801929E-18
7699.11209070299  4.204385759268709E-18
7702.74841761657  4.357668117039074E-18
7706.3848739966  3.923378856704339E-18
7710.02145951772  4.251175644208078E-18
7713.65817385479  4.428478913376675E-18
7717.29501668289  4.220700656080399E-18
7720.9319876773  4.296957609571051E-18
7724.5690865135  4.707743359980703E-18
7728.20631286718  4.342939339051954E-18
7731.84366641422  4.643103331012748E-18
7735.4811468307  4.637837912823540E-18
7739.1187537929  4.324438203881287E-18
7742.75648697729  4.357268175212904E-18
7746.3943460605  4.310084965892267E-18
7750.03233071938  4.420353104629261E-18
7753.67044063094  4.278686017020367E-18
7757.30867547238  4.727467895277337E-18
7760.94703492107  4.231008980874035E-18
7764.58551865455  4.507669049319440E-18
7768.22412635053  4.249458830846724E-18
7771.8628576869  4.534954842595420E-18
7775.50171234169  3.857022841555641E-18
7779.14068999311  4.112110039625664E-18
7782.77979031953  4.313434633782801E-18
7786.41901299946  4.384089092984629E-18
7790.05835771157  3.986883166691261E-18
7793.69782413468  4.329736709294995E-18
7797.33741194776  4.282186231782386E-18
7800.97712082992  4.437782627316366E-18
7804.61695046042  4.309310311248611E-18
7808.25690051863  4.435488855477756E-18
7811.89697068408  4.491627122109893E-18
7815.53716063644  3.968944100746823E-18
7819.17747005548  3.928386608132734E-18
7822.81789862112  4.354419365183272E-18
7826.4584460134  5.112539495574859E-18
7830.09911191246  4.558421956573550E-18
7833.73989599858  4.155869961981250E-18
7837.38079795216  4.440485026377577E-18
7841.02181745369  3.914917212628228E-18
7844.66295418378  4.383794203096255E-18
7848.30420782314  3.871341751549240E-18
7851.9455780526  4.134314048808424E-18
7855.58706455308  4.582074359008891E-18
7859.22866700558  4.591278811275075E-18
7862.87038509123  3.897252770647158E-18
7866.51221849122  4.118714249636286E-18
7870.15416688685  4.157722019372756E-18
7873.79622995949  3.826456449970276E-18
7877.4384073906  4.066759035361831E-18
7881.08069886173  3.777105613854443E-18
7884.72310405449  4.194993950593783E-18
7888.36562265057  4.158339923290333E-18
7892.00825433173  4.048858019725571E-18
7895.65099877982  4.154002601748411E-18
7899.29385567672  4.259626948526532E-18
7902.9368247044  4.131004085587293E-18
7906.57990554486  4.182994455037782E-18
7910.22309788021  4.482054988061429E-18
7913.86640139255  4.033829802356708E-18
7917.50981576408  4.176157393684724E-18
7921.15334067702  4.112691961186594E-18
7924.79697581365  4.676793570181419E-18
7928.4407208563  5.086346407888062E-18
7932.0845754873  5.292414055677578E-18
7935.72853938907  5.093515168666752E-18
7939.37261224402  4.744131862307524E-18
7943.01679373463  5.416386509213044E-18
7946.66108354336  8.911758542334990E-18
7950.30548135274  9.211982091299885E-18
7953.9499868453  7.594123519445183E-18
7957.5945997036  4.426070163432921E-18
7961.2393196102  3.970198933736066E-18
7964.88414624769  4.458747933531829E-18
7968.52907929866  4.943466673501165E-18
7972.17411844571  5.904230751126913E-18
7975.81926337145  6.550145485786906E-18
7979.46451375849  5.444464741515851E-18
7983.10986928944  4.763439084985124E-18
7986.7553296469  4.258335306000032E-18
7990.40089451347  4.166782955802662E-18
7994.04656357173  4.749836513401995E-18
7997.69233650427  4.590496298415600E-18
8001.33821299363  4.135291362702156E-18
8004.98419272237  4.223580898973310E-18
8008.630275373  4.078022340172659E-18
8012.27646062802  4.136743891857798E-18
8015.92274816989  4.098349890135843E-18
8019.56913768107  4.175810391417758E-18
8023.21562884395  4.529598434538833E-18
8026.8622213409  4.235967515055984E-18
8030.50891485426  4.400165761779904E-18
8034.15570906632  4.054405092913351E-18
8037.80260365932  4.039589460961915E-18
8041.44959831547  4.082851006998438E-18
8045.09669271691  3.718946958576147E-18
8048.74388654575  4.335224225478673E-18
8052.39117948401  4.347526882729174E-18
8056.03857121368  4.395107965924450E-18
8059.68606141669  4.241550570600411E-18
8063.33364977488  4.229919584007303E-18
8066.98133597005  3.983428446862933E-18
8070.62911968391  3.983516955188475E-18
8074.27700059812  4.332434145272532E-18
8077.92497839422  3.998633680882883E-18
8081.57305275372  4.109394819264958E-18
8085.22122335802  4.012783432441215E-18
8088.86948988845  4.265969355873282E-18
8092.51785202623  4.333420558153001E-18
8096.16630945251  3.671256273949708E-18
8099.81486184835  4.469213422641850E-18
8103.4635088947  4.225006544759046E-18
8107.1122502724  3.854849010905852E-18
8110.76108566222  3.744803383753636E-18
8114.4100147448  4.347154651453525E-18
8118.05903720068  4.217925051534978E-18
8121.7081527103  4.233238232624866E-18
8125.35736095395  4.260894189224963E-18
8129.00666161185  4.138797781318768E-18
8132.65605436407  4.569943341735494E-18
8136.30553889057  4.184027603622861E-18
8139.95511487118  3.927879546417240E-18
8143.60478198559  3.864917039731541E-18
8147.25453991339  3.819590023705472E-18
8150.90438833401  4.228969153483481E-18
8154.55432692675  4.447700936451183E-18
8158.20435537077  4.031065778339862E-18
8161.85447334509  3.660164195525678E-18
8165.50468052859  3.727299001221095E-18
8169.15497659998  3.828733678196634E-18
8172.80536123783  3.723918314057590E-18
8176.45583412058  3.324822073269384E-18
8180.10639492647  4.019805782251484E-18
8183.75704333361  3.683790128181418E-18
8187.40777901994  3.883751942279374E-18
8191.05860166323  3.692945363201154E-18
8194.70951094109  3.841561181545800E-18
8198.36050653094  3.801544251462016E-18
8202.01158811004  3.953155290804717E-18
8205.66275535548  3.791427418980186E-18
8209.31400794414  4.067072950404295E-18
8212.96534555276  3.771912573968835E-18
8216.61676785786  3.834054103896575E-18
8220.26827453578  3.725080089227921E-18
8223.91986526268  3.211836646220152E-18
8227.5715397145  3.590747612110534E-18
8231.223297567  3.480656490024627E-18
8234.87513849574  3.651877500149121E-18
8238.52706217608  3.977665893125582E-18
8242.17906828316  3.823574139125835E-18
8245.83115649191  3.829466560219357E-18
8249.48332647707  4.264724449051390E-18
8253.13557791314  3.864430243941054E-18
8256.78791047443  4.169060184029020E-18
8260.44032383498  3.775034353600610E-18
8264.09281766866  3.993547760886601E-18
8267.7453916491  3.733536770220356E-18
8271.39804544967  3.967915501655113E-18
8275.05077874354  4.112196479999675E-18
8278.70359120363  3.530205849487471E-18
8282.35648250264  3.985041035467105E-18
8286.009452313  3.911543970090237E-18
8289.66250030691  4.150652106677265E-18
8293.31562615634  3.889464451589664E-18
8296.96882953298  4.017851981644633E-18
8300.62211010828  3.635050578538261E-18
8304.27546755346  4.132675404014956E-18
8307.92890153943  4.089893209143408E-18
8311.58241173688  3.950201842427596E-18
8315.23599781622  3.601440162298700E-18
8318.8896594476  3.864302030946107E-18
8322.54339630089  3.782171681516024E-18
8326.19720804569  3.980165632936717E-18
8329.85109435133  3.968358870463442E-18
8333.50505488686  3.670953525845513E-18
8337.15908932104  3.815653057580027E-18
8340.81319732237  3.463139079397437E-18
8344.46737855902  3.821842022923149E-18
8348.12163269891  3.924051768132652E-18
8351.77595940965  3.835702674857394E-18
8355.43035835854  3.666533899832642E-18
8359.08482921263  4.382485603367196E-18
8362.73937163859  3.919829424695875E-18
8366.39398530287  3.932263190073465E-18
8370.04866987155  4.159512865398934E-18
8373.70342501043  4.020837690065643E-18
8377.35825038498  4.483681225145708E-18
8381.01314566037  3.998538968702745E-18
8384.66811050145  3.945431078244698E-18
8388.32314457272  4.075184697081296E-18
8391.97824753839  4.097251807872680E-18
8395.63341906232  3.952862468867873E-18
8399.28865880806  3.839566435498629E-18
8402.9439664388  4.491257372376082E-18
8406.59934161742  3.712331995217560E-18
8410.25478400644  3.891235858871447E-18
8413.91029326804  4.530688244995872E-18
8417.56586906407  4.258904819851773E-18
8421.22151105602  4.019252812011992E-18
8424.87721890503  4.237099925314569E-18
8428.53299227188  4.288823529017511E-18
8432.18883081702  4.071899962868847E-18
8435.84473420049  3.954440315886318E-18
8439.50070208202  4.031720078204391E-18
8443.15673412096  3.765876223448730E-18
8446.81282997626  3.667318067053344E-18
8450.46898930654  4.177744339689909E-18
8454.12521177003  3.960019649117988E-18
8457.78149702457  3.652675315849929E-18
8461.43784472764  4.224670295840041E-18
8465.09425453633  4.098860260573788E-18
8468.75072610733  4.208598176538137E-18
8472.40725909697  3.830131199841542E-18
8476.06385316118  4.074449333516737E-18
8479.72050795546  4.085691545221945E-18
8483.37722313497  4.010382954303587E-18
8487.03399835443  4.007845164184273E-18
8490.69083326816  4.001702934545759E-18
8494.34772753011  4.154826473638514E-18
8498.00468079376  3.805707451484996E-18
8501.66169271223  4.707493137845405E-18
8505.3187629382  4.046502622931326E-18
8508.97589112395  4.046501795750713E-18
8512.63307692132  4.398844754341658E-18
8516.29031998174  4.333666230794928E-18
8519.9476199562  4.046838044669716E-18
8523.60497649529  3.609791377763036E-18
8527.26238924913  3.869563726822558E-18
8530.91985786743  3.739140505280098E-18
8534.57738199946  4.065052148167827E-18
8538.23496129404  3.980410064807726E-18
8541.89259539955  4.235146951888332E-18
8545.55028396393  3.659478049207565E-18
8549.20802663466  4.026988191510281E-18
8552.86582305878  4.033364926852453E-18
8556.52367288286  3.945864520885675E-18
8560.18157575303  3.847060278258052E-18
8563.83953131495  3.795880959398172E-18
8567.4975392138  4.052206860435492E-18
8571.15559909433  3.662560124169938E-18
8574.81371060078  3.702167599850509E-18
8578.47187337695  3.601337591902745E-18
8582.13008706614  3.807184796059015E-18
8585.78835131119  3.417385238175292E-18
8589.44666575446  3.684366259478061E-18
8593.1050300378  3.762567087408211E-18
8596.7634438026  3.897619625248825E-18
8600.42190668975  3.552150951138504E-18
8604.08041833965  3.465410310564355E-18
8607.73897839219  3.897017024172581E-18
8611.3975864868  3.603244243214679E-18
8615.05624226236  3.977166276035600E-18
8618.71494535727  3.509537087521609E-18
8622.37369540943  3.431127396486788E-18
8626.03249205622  3.622726828182141E-18
8629.69133493449  3.838185871056277E-18
8633.35022368062  3.992133282039134E-18
8637.00915793042  3.827592996131924E-18
8640.66813731922  3.361874801628084E-18
8644.32716148179  4.016961521715219E-18
8647.9862300524  3.349998969573659E-18
8651.64534266477  3.353620986680877E-18
8655.3044989521  3.607172937534000E-18
8658.96369854706  3.071386341292324E-18
8662.62294108175  3.663090760532890E-18
8666.28222618777  3.601069585384277E-18
8669.94155349613  3.617418396601081E-18
8673.60092263734  3.418014102235986E-18
8677.26033324132  3.363443342864637E-18
8680.91978493745  3.551554967507159E-18
8684.57927735457  3.764188774999122E-18
8688.23881012093  3.464311814710885E-18
8691.89838286425  3.572420184868503E-18
8695.55799521165  3.965709824551741E-18
8699.21764678972  3.943168739269364E-18
8702.87733722444  3.698097871236747E-18
8706.53706614126  3.519677081060590E-18
8710.19683316501  3.443654426478445E-18
8713.85663791996  3.697321562231866E-18
8717.51648002981  3.745974671501011E-18
8721.17635911766  3.660548007329903E-18
8724.83627480601  3.766330759195327E-18
8728.4962267168  3.590685987154898E-18
8732.15621447135  3.649285943289993E-18
8735.81623769039  3.498512010727196E-18
8739.47629599406  3.726100830103811E-18
8743.13638900189  3.662576254191883E-18
8746.79651633279  3.593664250950396E-18
8750.45667760508  3.688107597388637E-18
8754.11687243647  3.691013482880537E-18
8757.77710044406  3.787350659331218E-18
8761.4373612443  4.176335651106731E-18
8765.09765445305  3.740669135052096E-18
8768.75797968555  3.840787767673063E-18
8772.41833655639  3.555725612155651E-18
8776.07872467955  3.321512110048252E-18
8779.73914366837  3.765773653052773E-18
8783.39959313557  3.487672222389996E-18
8787.06007269321  3.542737222177344E-18
8790.72058195273  3.547732565896552E-18
8794.38112052491  4.074867886906688E-18
8798.04168801988  4.008800557791770E-18
8801.70228404717  3.749694089125355E-18
8805.36290821558  3.663771530177022E-18
8809.02356013333  3.959017519805880E-18
8812.68423940792  3.705718272629892E-18
8816.34494564623  3.834795671315730E-18
8820.00567845447  3.816847092794247E-18
8823.66643743817  4.350949342513612E-18
8827.3272222022  3.955601677466342E-18
8830.98803235076  3.536743057868479E-18
8834.64886748737  3.319300849475745E-18
8838.30972721487  3.407771331505895E-18
8841.97061113543  3.581929453190413E-18
8845.63151885053  3.987450612591471E-18
8849.29244996095  3.931507974174204E-18
8852.9534040668  3.841991729054634E-18
8856.6143807675  3.405815876537820E-18
8860.27537966175  3.937117913088539E-18
8863.93640034758  3.821431327749016E-18
8867.5974424223  3.781475609030561E-18
8871.25850548252  3.697640440358005E-18
8874.91958912415  4.404904265918913E-18
8878.58069294239  3.970611283271423E-18
8882.24181653171  3.252409855265879E-18
8885.90295948589  3.916335827378757E-18
8889.56412139797  4.124012755049995E-18
8893.22530186028  3.956843275565784E-18
8896.88650046443  3.749813203133562E-18
8900.54771680129  4.010356070933679E-18
8904.20895046101  3.565204274794897E-18
8907.870201033  3.823036058137369E-18
8911.53146810594  4.102414655665929E-18
8915.19275126777  3.671676481700884E-18
8918.85405010568  3.336427003673196E-18
8922.51536420613  3.833384914781021E-18
8926.17669315483  3.720419753656798E-18
8929.83803653673  3.633258491741165E-18
8933.49939393603  3.719753873263691E-18
8937.16076493618  3.809085657106663E-18
8940.82214911986  3.981169416610050E-18
8944.48354606902  3.745463473882452E-18
8948.14495536479  3.703676790878111E-18
8951.80637658758  4.021273614248459E-18
8955.467809317  3.512849532284578E-18
8959.12925313192  3.463010452812187E-18
8962.79070761039  3.434581495929657E-18
8966.45217232972  3.413766529790525E-18
8970.11364686642  3.461021703824455E-18
8973.77513079621  3.637034157647163E-18
8977.43662369404  3.377792651745748E-18
8981.09812513404  3.623065972233287E-18
8984.75963468958  2.977319568827947E-18
8988.42115193322  3.270250073127117E-18
8992.0826764367  3.666663767188813E-18
8995.744207771  3.363392884847272E-18
8999.40574550626  3.175761231755184E-18
9003.06728921181  3.609371170011860E-18
9006.72883845621  3.593703955619798E-18
9010.39039280715  3.307549714898664E-18
9014.05195183155  3.700507861951422E-18
9017.71351509548  3.764410872993593E-18
9021.37508216421  3.784124654942262E-18
9025.03665260217  3.564282795592514E-18
9028.69822597296  3.652878802280617E-18
9032.35980183936  3.659972289623565E-18
9036.02137976331  3.487962562785002E-18
9039.6829593059  3.545213387341022E-18
9043.34454002741  3.938917444511147E-18
9047.00612148726  3.956748149795341E-18
9050.66770324401  3.734696477439156E-18
9054.32928485539  3.219889249483356E-18
9057.99086587828  3.584548720600062E-18
9061.65244586869  3.769721786116489E-18
9065.3140243818  3.557960240580464E-18
9068.97560097189  3.062646350940088E-18
9072.63717519242  3.391115429486680E-18
9076.29874659595  3.320071781806644E-18
9079.96031473419  3.261686685835660E-18
9083.62187915797  3.344318513512106E-18
9087.28343941725  3.909746093028853E-18
9090.94499506111  3.217429834727083E-18
9094.60654563775  3.382966252886961E-18
9098.26809069448  3.403310966847856E-18
9101.92962977775  3.217336363317864E-18
9105.59116243308  3.763417842668222E-18
9109.25268820512  3.446393428281761E-18
9112.91420663764  3.599497528630120E-18
9116.57571727349  3.280542681489114E-18
9120.23721965462  3.482154100523654E-18
9123.89871332208  3.490400677640501E-18
9127.56019781603  3.511114520949748E-18
9131.2216726757  3.361538139118775E-18
9134.88313743941  3.101067442827104E-18
9138.54459164457  3.265909236067590E-18
9142.20603482768  3.681579487994370E-18
9145.86746652429  3.675541069522731E-18
9149.52888626907  3.781809376407727E-18
9153.19029359572  3.816598938610482E-18
9156.85168803705  3.473421141206626E-18
9160.5130691249  3.311871526804100E-18
9164.1744363902  3.478095952438469E-18
9167.83578936294  3.492104669702361E-18
9171.49712757214  3.429581395921927E-18
9175.15845054592  3.410465458760981E-18
9178.81975781143  3.680106692913720E-18
9182.48104889486  3.634741626579474E-18
9186.14232332146  3.717501874046015E-18
9189.80358061553  3.673789928165958E-18
9193.46482030041  3.770824004282716E-18
9197.12604189846  3.617176032681604E-18
9200.78724493109  3.518963224191957E-18
9204.44842891875  3.980919608065059E-18
9208.10959338091  3.751437372266311E-18
9211.77073783607  3.772953580769733E-18
9215.43186180174  3.634163427331298E-18
9219.09296479447  3.427430312738983E-18
9222.75404632983  3.550508584032280E-18
9226.41510592239  3.427836665214900E-18
9230.07614308574  3.810850446943543E-18
9233.73715733249  3.711850576101054E-18
9237.39814817423  3.688295780977994E-18
9241.05911512157  3.732165718355051E-18
9244.72005768414  3.662503048707672E-18
9248.38097537054  3.591983419945688E-18
9252.04186768837  3.875831274323871E-18
9255.70273414422  3.789570812095312E-18
9259.36357424369  3.759381614869270E-18
9263.02438749135  3.705997446086628E-18
9266.68517339075  3.867740620752491E-18
9270.34593144443  3.461086637502541E-18
9274.00666115391  3.558114096174398E-18
9277.66736201966  3.309635864403522E-18
9281.32803354117  3.565974793535490E-18
9284.98867521685  2.897702814484259E-18
9288.6492865441  3.233991644951620E-18
9292.30986701929  3.136170506482018E-18
9295.97041613772  3.206406825884202E-18
9299.6309333937  3.734854882526459E-18
9303.29141828043  3.687784996949742E-18
9306.95187029011  3.191456570288071E-18
9310.61228891388  3.254698664020812E-18
9314.2726736418  3.255435061561138E-18
9317.93302396291  3.479310667168002E-18
9321.59333936517  3.505652233774754E-18
9325.25361933547  2.969967380748422E-18
9328.91386335965  2.251259304617689E-18
9332.57407092249  3.043880724768557E-18
9336.23424150766  2.610597729648994E-18
9339.89437459779  2.550122968655548E-18
9343.55446967443  3.046289474712311E-18
9347.21452621804  3.079560126515267E-18
9350.87454370799  2.938034073200812E-18
9354.53452162258  2.656359222291805E-18
9358.19445943902  3.069897829780035E-18
9361.85435663342  2.515408059503076E-18
9365.51421268081  2.923535458219136E-18
9369.17402705509  3.715910792137771E-18
9372.8337992291  1.770766837193040E-18
9376.49352867455  3.256024220952430E-18
9380.15321486205  2.827826939033995E-18
9383.81285726111  2.061957160278550E-18
9387.47245534012  3.272720654821659E-18
9391.13200856635  3.112348945611409E-18
9394.79151640597  3.090587684851517E-18
9398.45097832401  2.922917967891866E-18
9402.11039378439  3.128001684342751E-18
9405.76976224989  3.403745650259753E-18
9409.42908318218  3.129048481407936E-18
9413.08835604177  3.306289298440285E-18
9416.74758028808  3.139702154107313E-18
9420.40675537934  3.767102932297146E-18
9424.06588077268  3.026662960318267E-18
9427.72495592406  3.523434962583419E-18
9431.38398028829  3.349115954269760E-18
9435.04295331907  3.222384233005970E-18
9438.70187446891  4.395059989448921E-18
9442.36074318917  3.777176751387123E-18
9446.01955893007  3.449116506858286E-18
9449.67832114065  3.238695614300057E-18
9453.33702926878  3.368168198523541E-18
9456.9956827612  1.867710130237570E-18
9460.65428106344  2.849553458208159E-18
9464.31282361987  3.143930494603531E-18
9467.97130987371  3.414758112549824E-18
9471.62973926696  3.319532666842413E-18
9475.28811124046  2.793704291200111E-18
9478.94642523386  2.703762668450535E-18
9482.60468068564  3.032590122997515E-18
9486.26287703308  3.105876670908489E-18
9489.92101371224  3.085577865471590E-18
9493.57909015803  2.994484807309341E-18
9497.23710580414  3.282878846334116E-18
9500.89506008304  3.991521168385845E-18
9504.55295242602  4.215738813176001E-18
9508.21078226317  2.941925130802262E-18
9511.86854902334  3.104663610540179E-18
9515.52625213419  3.798530832490487E-18
9519.18389102215  3.553652283950288E-18
9522.84146511245  3.306628028901126E-18
9526.49897382907  3.111070331179556E-18
9530.1564165948  3.370341615583023E-18
9533.81379283116  3.285064877897942E-18
9537.47110195848  3.573670468364377E-18
9541.12834339585  3.159090647280097E-18
9544.78551656108  3.027547009597933E-18
9548.44262087081  2.897432946809414E-18
9552.09965574037  3.188983300256537E-18
9555.7566205839  3.510754697383287E-18
9559.41351481426  3.359526435869045E-18
9563.07033784308  3.681900020481733E-18
9566.72708908071  2.513164125296373E-18
9570.38376793626  3.196228575241890E-18
9574.04037381758  3.484782880510348E-18
9577.69690613127  3.233577020669578E-18
9581.35336428263  2.912229553606762E-18
9585.00974767573  3.133283025758748E-18
9588.66605571334  2.889955647662240E-18
9592.32228779698  2.952051682656290E-18
9595.97844332687  3.595010900987633E-18
9599.63452170198  3.151150954170506E-18
9603.29052231996  3.422915354160516E-18
9606.9464445772  3.291805159119329E-18
9610.6022878688  2.796335759523795E-18
9614.25805158855  3.048120232203045E-18
9617.91373512898  3.783792955516628E-18
9621.56933788129  3.117477672204391E-18
9625.2248592354  3.209248604878629E-18
9628.88029857992  2.905998815642707E-18
9632.53565530214  2.976844146770882E-18
9636.19092878808  3.494643287002286E-18
9639.8461184224  2.738014770050285E-18
9643.50122358849  3.154222896170375E-18
9647.15624366839  2.866371901217741E-18
9650.81117804284  3.818413772874423E-18
9654.46602609124  2.937874013752284E-18
9658.12078719168  2.889011420993011E-18
9661.77546072091  3.267763981796088E-18
9665.43004605437  3.041441989527598E-18
9669.08454256613  3.554910012071674E-18
9672.73894962894  3.409630006342301E-18
9676.39326661422  2.972806678201011E-18
9680.04749289203  4.027852595250400E-18
9683.7016278311  3.147637297723535E-18
9687.35567079879  3.764752084996270E-18
9691.00962116112  3.380673308228964E-18
9694.66347828277  3.478280413715068E-18
9698.31724152702  3.104744881035363E-18
9701.97091025584  3.586992625719849E-18
9705.6244838298  3.359822566528340E-18
9709.27796160812  3.532546357030690E-18
9712.93134294865  2.794118915482153E-18
9716.58462720786  2.428599176528392E-18
9720.23781374085  3.226353459175306E-18
