3616.23478694686  -2.519348517985068E-15
3619.17645870013  -2.625832460267843E-14
3622.11962467508  -4.325751098332087E-15
3625.0642822311  -1.332914423908711E-14
3628.0104287312  1.360840422553328E-14
3630.95806154205  -6.004720748138247E-15
3633.90717803396  1.282447184471763E-14
3636.85777558089  5.718176701862169E-15
3639.80985156042  1.776691046837502E-16
3642.76340335377  3.085617995311828E-15
3645.71842834583  5.608043360477797E-15
3648.67492392505  1.132794546845352E-15
3651.63288748357  -7.315427842230346E-17
3654.59231641712  -9.830399688037394E-16
3657.55320812505  3.611316923805710E-15
3660.51556001036  -1.022487669585911E-15
3663.47936947961  1.731164243532445E-15
3666.44463394303  1.624035116253747E-15
3669.41135081443  9.708611173298800E-16
3672.37951751121  -1.169785852080487E-15
3675.34913145442  -7.502879145133479E-16
3678.32019006867  9.331478223863296E-16
3681.29269078219  -5.759882804239958E-16
3684.26663102679  -5.851870582311775E-16
3687.24200823788  -9.531884101601296E-16
3690.21881985447  -5.550825543736939E-16
3693.19706331913  -8.161841396641966E-17
3696.17673607804  1.195894451539519E-16
3699.15783558095  -2.666316781146688E-16
3702.14035928118  2.832036130299032E-16
3705.12430463564  1.831115825374347E-17
3708.1096691048  -2.262410443737455E-16
3711.0964501527  5.033867174695553E-17
3714.08464524697  4.418751848399481E-17
3717.07425185876  1.344634231170762E-16
3720.06526746282  1.739270190018991E-16
3723.05768953744  -6.379415407355962E-17
3726.05151556446  2.926661952780403E-17
3729.04674302928  -4.168185026940939E-18
3732.04336942086  -5.794129806271230E-19
3735.04139223169  -2.807327252785338E-17
3738.04080895781  7.408704698568766E-17
3741.04161709879  -5.674789212614301E-17
3744.04381415775  -6.882411364704148E-17
3747.04739764135  8.115176498693156E-17
3750.05236505977  5.176264662785332E-19
3753.05871392671  3.861469764528726E-18
3756.06644175943  -2.124099062437566E-17
3759.07554607868  1.801407799110627E-17
3762.08602440875  3.503859650669290E-17
3765.09787427743  -1.881222621851991E-17
3768.11109321604  -1.735323595511215E-18
3771.12567875941  1.811011366022368E-17
3774.14162844588  -6.461085844365467E-18
3777.15893981729  -2.836200901965175E-18
3780.17761041898  1.674852427583555E-19
3783.1976377998  -1.378822317262905E-17
3786.2190195121  1.112706899112143E-17
3789.24175311171  -1.004705814279973E-17
3792.26583615796  4.870753361754690E-18
3795.29126621369  2.042097008720489E-17
3798.31804084518  -1.050363619833001E-17
3801.34615762223  -2.437286020526272E-18
3804.37561411811  -7.688225033495288E-19
3807.40640790956  -3.250555316332535E-18
3810.43853657681  1.140367736077855E-18
3813.47199770356  -3.278672219328979E-18
3816.50678887696  7.303543397157795E-20
3819.54290768764  1.568074375815954E-17
3822.5803517297  -1.319273667683274E-18
3825.61911860069  1.813148676648113E-18
3828.65920590161  4.087595301401736E-18
3831.70061123693  1.241049885491125E-18
3834.74333221457  3.613807339636982E-18
3837.78736644589  2.239635349059788E-18
3840.83271154571  4.307011162736020E-18
3843.87936513227  8.575931485444582E-18
3846.92732482727  9.714210590475744E-18
3849.97658825585  -2.545289959131554E-18
3853.02715304657  2.473656324879615E-18
3856.07901683142  5.607759293420556E-18
3859.13217724584  4.325468043743915E-18
3862.18663192868  7.011258145435206E-18
3865.24237852221  1.541904573263399E-18
3868.29941467213  4.053105592171030E-18
3871.35773802755  4.871125179440033E-18
3874.417346241  1.688717525613592E-19
3877.47823696843  2.979203059082730E-18
3880.54040786917  1.263123613727409E-18
3883.60385660599  6.703174726289828E-18
3886.66858084504  2.693729381210574E-18
3889.73457825587  5.717907077378424E-18
3892.80184651145  6.517684333610914E-19
3895.87038328812  8.136418165951273E-18
3898.94018626562  2.637789224335143E-18
3902.01125312708  4.953363062349748E-18
3905.08358155902  5.962209908212285E-18
3908.15716925134  1.886839922673777E-18
3911.23201389731  3.999637878146522E-18
3914.30811319359  3.356390800962010E-18
3917.3854648402  2.613497411286298E-18
3920.46406654056  5.649165059752818E-18
3923.54391600143  3.120750412297958E-18
3926.62501093294  3.527047260318438E-18
3929.7073490486  4.039838442326292E-18
3932.79092806526  3.647442157704612E-18
3935.87574570314  2.753728306556648E-18
3938.96179968582  3.858625917582769E-18
3942.0490877402  1.535970379548944E-18
3945.13760759656  3.565737806289992E-18
3948.22735698852  4.409347880169550E-18
3951.31833365303  4.136657865074092E-18
3954.41053533041  1.306600226723196E-18
3957.50395976426  3.496248017390638E-18
3960.59860470159  3.353939244421557E-18
3963.69446789267  4.041526717956513E-18
3966.79154709114  2.228105692091717E-18
3969.88984005396  3.898456318438423E-18
3972.9893445414  3.483338209570524E-18
3976.09005831707  2.999540121622958E-18
3979.19197914788  3.814459849546420E-18
3982.29510480405  4.843525471121589E-18
3985.39943305914  3.725221123522361E-18
3988.50496168998  2.926806957541783E-18
3991.61168847673  3.490130189580196E-18
3994.71961120285  3.994484129340010E-18
3997.82872765511  3.433983444346782E-18
4000.93903562354  3.441721718977215E-18
4004.0505329015  4.227443005253320E-18
4007.16321728563  2.948994216317140E-18
4010.27708657586  2.411243893301264E-18
4013.3921385754  4.484917032980862E-18
4016.50837109075  3.321181031008078E-18
4019.62578193168  2.915998188477553E-18
4022.74436891125  4.136315412300495E-18
4025.86412984577  3.741268840996196E-18
4028.98506255486  2.910341307063457E-18
4032.10716486138  3.317458097866130E-18
4035.23043459145  3.461928707366120E-18
4038.35486957448  4.070340727414186E-18
4041.48046764312  3.627327193158855E-18
4044.60722663327  4.907507477912259E-18
4047.73514438411  4.062236425362697E-18
4050.86421873804  3.663200361964054E-18
4053.99444754075  3.067836082103247E-18
4057.12582864112  2.977554281326759E-18
4060.25835989132  3.489857219978054E-18
4063.39203914674  3.620124104384743E-18
4066.526864266  3.938811978983048E-18
4069.66283311097  3.642844687860042E-18
4072.79994354675  4.045632015336614E-18
4075.93819344164  3.630589179904457E-18
4079.07758066721  2.962271085534076E-18
4082.21810309822  3.389660211994047E-18
4085.35975861266  3.468332739668506E-18
4088.50254509174  2.734370005476223E-18
4091.64646041987  3.675116725868494E-18
4094.79150248469  3.245507446644430E-18
4097.93766917703  3.610360478024472E-18
4101.08495839095  4.224410974718006E-18
4104.23336802368  4.103183106454991E-18
4107.38289597567  3.078400626091621E-18
4110.53354015057  3.763951787753625E-18
4113.68529845521  3.537064417536455E-18
4116.83816879962  3.396267110341661E-18
4119.99214909701  3.609395158249624E-18
4123.14723726378  3.562595760733211E-18
4126.30343121953  3.268474323147118E-18
4129.460728887  4.143129312596402E-18
4132.61912819215  3.795428078012800E-18
4135.77862706408  3.436015206726365E-18
4138.93922343507  3.632847796567034E-18
4142.10091524058  3.675742901592195E-18
4145.26370041923  3.886740959422835E-18
4148.42757691279  3.366931149917467E-18
4151.5925426662  3.585851116474526E-18
4154.75859562756  3.906729778925178E-18
4157.92573374811  3.939754964881359E-18
4161.09395498227  3.769281726030611E-18
4164.26325728756  3.324611969393794E-18
4167.43363862469  3.519648129739151E-18
4170.60509695749  5.322070548589135E-18
4173.77763025293  6.592461150792976E-18
4176.95123648113  8.458751425509099E-18
4180.12591361533  7.645834715438936E-18
4183.3016596319  5.477709130334357E-18
4186.47847251034  3.574765655495397E-18
4189.65635023329  3.549387754302269E-18
4192.8352907865  3.410567615566630E-18
4196.01529215882  3.176048883813200E-18
4199.19635234226  3.051198584852661E-18
4202.3784693319  3.482777794705519E-18
4205.56164112596  3.904281324312020E-18
4208.74586572576  3.829416102201991E-18
4211.93114113571  4.104111203102275E-18
4215.11746536334  3.375596694014573E-18
4218.30483641929  4.167870284717863E-18
4221.49325231725  3.668715175107945E-18
4224.68271107406  3.456957351884677E-18
4227.87321070961  4.205996693511655E-18
4231.0647492469  3.963602168350955E-18
4234.25732471199  4.323955957584169E-18
4237.45093513406  4.102236398243925E-18
4240.64557854534  4.133581580376008E-18
4243.84125298115  4.472713637403868E-18
4247.03795647986  4.091007421428517E-18
4250.23568708295  3.169841927291755E-18
4253.43444283493  3.720292781432770E-18
4256.6342217834  3.100589332433049E-18
4259.835021979  3.707063681896209E-18
4263.03684147546  3.655755322860771E-18
4266.23967832954  4.428010729149970E-18
4269.44353060106  3.788961593574167E-18
4272.64839635289  4.093919510775010E-18
4275.85427365095  4.109973018513132E-18
4279.06116056421  3.811747110727552E-18
4282.26905516467  3.388258347650921E-18
4285.47795552738  3.430078945060378E-18
4288.68785973041  3.747653848144493E-18
4291.89876585489  3.504342806865082E-18
4295.11067198496  3.704681401732057E-18
4298.32357620779  4.090886239468777E-18
4301.53747661357  3.534902994595854E-18
4304.75237129554  3.692373781397881E-18
4307.96825834991  4.082480016493708E-18
4311.18513587596  3.822554639020863E-18
4314.40300197595  3.669629209684816E-18
4317.62185475515  3.845301692275766E-18
4320.84169232185  3.473323120304038E-18
4324.06251278733  3.951996410766529E-18
4327.2843142659  3.816311079757313E-18
4330.50709487484  4.455949167929255E-18
4333.73085273444  4.627648288447806E-18
4336.95558596797  4.156253773785473E-18
4340.18129270172  4.439452704973111E-18
4343.40797106492  4.013656935168071E-18
4346.63561918984  4.026162251668647E-18
4349.86423521169  4.523591448930473E-18
4353.09381726866  3.803445939690275E-18
4356.32436350195  3.846800129955405E-18
4359.55587205571  3.923079830912901E-18
4362.78834107705  4.480879150820683E-18
4366.02176871606  4.606811608817596E-18
4369.2561531258  4.719701496506075E-18
4372.49149246228  4.389002132232889E-18
4375.72778488448  4.332505696395517E-18
4378.96502855433  4.671818905977525E-18
4382.20322163671  4.143395664753644E-18
4385.44236229945  5.234652860683612E-18
4388.68244871334  4.717488788367496E-18
4391.92347905209  4.881128688177943E-18
4395.16545149238  4.879227413539990E-18
4398.40836421381  4.278044124865027E-18
4401.65221539892  4.697368447147757E-18
4404.89700323318  4.321334208632682E-18
4408.14272590501  4.250356735401651E-18
4411.38938160572  4.525043564495810E-18
4414.63696852959  4.204721594597406E-18
4417.88548487377  4.412161535023148E-18
4421.13492883838  4.913578156427787E-18
4424.38529862642  4.624858208241664E-18
4427.63659244381  3.980793463021645E-18
4430.8888084994  4.618296598032588E-18
4434.14194500491  4.247960393167084E-18
4437.39600017501  4.586054752116496E-18
4440.65097222723  4.354184859479613E-18
4443.90685938202  4.256513027110575E-18
4447.16365986273  4.068425804296125E-18
4450.42137189559  3.692952807826666E-18
4453.67999370972  4.629374200795898E-18
4456.93952353713  3.872405505816984E-18
4460.19995961272  4.157659567236509E-18
4463.46130017427  4.258180623225483E-18
4466.72354346244  4.456739125414244E-18
4469.98668772076  4.579170127878217E-18
4473.25073119562  4.977690444164934E-18
4476.51567213631  4.559679684694936E-18
4479.78150879496  4.469897087418125E-18
4483.04823942659  5.043491421122608E-18
4486.31586228905  4.865473467904765E-18
4489.58437564308  5.236877149350767E-18
4492.85377775225  4.740829757302212E-18
4496.124066883  4.466083371203949E-18
4499.39524130461  4.867947565116910E-18
4502.66729928922  5.207100301660084E-18
4505.94023911178  4.789527534324435E-18
4509.21405905014  5.037939798441458E-18
4512.48875738492  4.849568025496290E-18
4515.76433239964  4.698611286018118E-18
4519.0407823806  4.572136611129679E-18
4522.31810561696  4.767437676066205E-18
4525.59630040071  4.686208953503804E-18
4528.87536502663  4.994869331126435E-18
4532.15529779236  4.948035192024296E-18
4535.43609699835  5.033164484765189E-18
4538.71776094784  5.504435335925945E-18
4542.00028794691  4.831279475743047E-18
4545.28367630444  4.822894345873598E-18
4548.56792433211  4.921717200065002E-18
4551.85303034442  5.209694340061050E-18
4555.13899265867  4.999968486012519E-18
4558.42580959493  5.071184187259964E-18
4561.7134794761  4.499111865882578E-18
4565.00200062786  4.795312008348016E-18
4568.29137137867  4.563826754695971E-18
4571.58159005979  4.744974759351715E-18
4574.87265500526  4.839777929356418E-18
4578.16456455189  4.508543379226908E-18
4581.4573170393  5.059790187912352E-18
4584.75091080984  4.468174897382788E-18
4588.04534420867  5.094929647514217E-18
4591.3406155837  4.396679609088300E-18
4594.63672328561  4.701131291754260E-18
4597.93366566786  4.864082977295064E-18
4601.23144108664  4.579548149418155E-18
4604.53004790093  4.204529275104987E-18
4607.82948447244  4.670973940981802E-18
4611.12974916565  5.244961185477247E-18
4614.43084034777  4.393354756616142E-18
4617.73275638879  4.690556614803383E-18
4621.03549566141  4.700704052967877E-18
4624.33905654109  4.828484018862925E-18
4627.64343740601  4.920437965247688E-18
4630.94863663711  4.420662883768661E-18
4634.25465261804  4.753423582128331E-18
4637.5614837352  4.278194671736510E-18
4640.86912837771  4.556537225547847E-18
4644.17758493739  4.604361499843213E-18
4647.48685180881  5.036584463007789E-18
4650.79692738925  4.485933637953690E-18
4654.1078100787  5.001576111533013E-18
4657.41949827987  4.983390132175731E-18
4660.73199039817  4.179987653511152E-18
4664.04528484173  4.856394333501382E-18
4667.35938002137  4.164215800771604E-18
4670.67427435062  4.239663358032871E-18
4673.9899662457  4.875670123315706E-18
4677.30645412553  4.337654068528047E-18
4680.62373641172  4.095104860592797E-18
4683.94181152857  4.414190609065741E-18
4687.26067790307  4.732760610426756E-18
4690.5803339649  3.969489626360802E-18
4693.90077814639  4.135386488472600E-18
4697.22200888259  4.585044350998263E-18
4700.5440246112  4.136712458994521E-18
4703.86682377259  4.558649844832308E-18
4707.19040480981  4.366480072104600E-18
4710.51476616858  4.304520108321317E-18
4713.83990629726  3.913149941249508E-18
4717.1658236469  4.089676901413225E-18
4720.49251667119  4.349532795714615E-18
4723.81998382647  4.286216669317050E-18
4727.14822357176  4.261844206158481E-18
4730.4772343687  4.293061588885926E-18
4733.80701468159  4.223963883596921E-18
4737.13756297737  4.587820782724297E-18
4740.46887772561  4.349120032588950E-18
4743.80095739855  4.403553066388309E-18
4747.13380047104  3.977237827158586E-18
4750.46740542055  4.398000616526545E-18
4753.80177072721  4.519561424986114E-18
4757.13689487375  4.404888135896970E-18
4760.47277634554  4.242504309846684E-18
4763.80941363057  3.842540976981370E-18
4767.14680521944  4.218175273670275E-18
4770.48494960537  4.203486200352559E-18
4773.82384528419  4.217072228323436E-18
4777.16349075433  4.416863229624900E-18
4780.50388451684  4.148921231245497E-18
4783.84502507538  4.592506760894410E-18
4787.18691093618  4.064560802883971E-18
4790.5295406081  4.777558230860791E-18
4793.87291260258  4.590503743041113E-18
4797.21702543364  4.992310447901502E-18
4800.56187761792  4.698576958022698E-18
4803.90746767463  4.619057190605831E-18
4807.25379412554  4.655760435155727E-18
4810.60085549504  4.288124561399903E-18
4813.94865031008  4.366316703933621E-18
4817.29717710018  4.517355334292435E-18
4820.64643439744  4.844588398208721E-18
4823.99642073651  4.600548197219344E-18
4827.34713465464  4.003886691362900E-18
4830.69857469163  3.797252424853785E-18
4834.05073938981  4.917044456784689E-18
4837.4036272941  3.951739157596026E-18
4840.75723695199  4.164572315615614E-18
4844.11156691347  4.463551371348923E-18
4847.46661573113  4.431441874330841E-18
4850.82238196007  3.869928927063000E-18
4854.17886415795  4.684129007853539E-18
4857.53606088497  4.382121230307366E-18
4860.89397070386  4.439924197922266E-18
4864.2525921799  4.901542678515141E-18
4867.61192388088  4.623997526814304E-18
4870.97196437713  4.446578865950255E-18
4874.33271224152  4.278382028145253E-18
4877.69416604941  4.082350976318149E-18
4881.05632437871  3.834946218187214E-18
4884.41918580984  4.296952646487376E-18
4887.78274892573  4.413080532683695E-18
4891.14701231182  4.681155293551412E-18
4894.51197455605  4.694786816455978E-18
4897.8776342489  4.532256165846966E-18
4901.24398998331  4.107809941211307E-18
4904.61104035476  4.326264618673803E-18
4907.97878396119  4.817274894382219E-18
4911.34721940307  4.731826309924879E-18
4914.71634528333  4.250783560597727E-18
4918.08616020741  3.899068432091712E-18
4921.45666278322  4.378204530106927E-18
4924.82785162118  4.550409471570055E-18
4928.19972533415  3.984933501987473E-18
4931.5722825375  4.530933504047493E-18
4934.94552184907  4.256204075151788E-18
4938.31944188915  4.796987049088437E-18
4941.69404128053  4.346315476722089E-18
4945.06931864843  4.547143762511696E-18
4948.44527262057  4.497857446483642E-18
4951.82190182711  4.329869058193003E-18
4955.19920490066  4.568923014449910E-18
4958.5771804763  4.451934033235922E-18
4961.95582719156  4.337500212934112E-18
4965.3351436864  4.210905183266548E-18
4968.71512860325  4.485905927403170E-18
4972.09578058697  4.354033071837210E-18
4975.47709828487  4.264357180859417E-18
4978.85908034668  4.515001178269110E-18
4982.24172542458  4.070416000849928E-18
4985.62503217317  4.525285928415287E-18
4989.00899924948  4.710883751176260E-18
4992.39362531298  4.525393461894920E-18
4995.77890902555  4.587319924863397E-18
4999.16484905149  4.695597039865974E-18
5002.55144405752  4.795764476143084E-18
5005.93869271277  4.386511077818185E-18
5009.32659368879  4.399872939843060E-18
5012.71514565953  4.715765357561242E-18
5016.10434730136  4.986486269208516E-18
5019.49419729302  4.649820451176983E-18
5022.88469431569  4.386062332335876E-18
5026.27583705291  4.717282406804664E-18
5029.66762419066  4.014702077872031E-18
5033.06005441726  4.647519234712861E-18
5036.45312642345  4.689078443048750E-18
5039.84683890235  4.562450739746989E-18
5043.24119054946  4.682938694952076E-18
5046.63618006266  4.653113457195557E-18
5050.0318061422  4.705859042545307E-18
5053.42806749073  4.844970142061414E-18
5056.82496281323  4.287679124640043E-18
5060.22249081708  4.498200312847544E-18
5063.62065021203  4.285115278331435E-18
5067.01943971015  4.600314932286605E-18
5070.41885802593  4.430608903454000E-18
5073.81890387616  4.655221526986649E-18
5077.21957598003  4.343651127969056E-18
5080.62087305904  4.290617683766138E-18
5084.02279383708  4.819746096462221E-18
5087.42533704035  4.548821284793953E-18
5090.82850139741  4.824693463705899E-18
5094.23228563916  4.464014178901647E-18
5097.63668849883  4.105601782566096E-18
5101.04170871199  4.753848752963183E-18
5104.44734501653  4.830589193521872E-18
5107.85359615269  4.553964280252501E-18
5111.26046086302  4.905078462043498E-18
5114.66793789239  4.437519170291269E-18
5118.07602598798  4.731151744135341E-18
5121.48472389933  4.639438920899137E-18
5124.89403037824  4.429219653615217E-18
5128.30394417886  4.825119048131059E-18
5131.71446405763  4.582571908147342E-18
5135.1255887733  4.053137438624613E-18
5138.53731708692  4.394422233196642E-18
5141.94964776184  4.172004947009709E-18
5145.36257956371  4.395524037772562E-18
5148.77611126047  4.504328480415646E-18
5152.19024162235  4.701575901333507E-18
5155.60496942188  4.838077659607315E-18
5159.02029343386  4.594130102846545E-18
5162.43621243537  4.325567719007728E-18
5165.85272520579  4.676434573795571E-18
5169.26983052677  4.559996908459850E-18
5172.68752718221  4.683144249334295E-18
5176.1058139583  4.185549615949958E-18
5179.52468964352  4.699682484911375E-18
5182.94415302857  4.839155062355166E-18
5186.36420290643  4.928164659349547E-18
5189.78483807237  4.173755261185871E-18
5193.20605732387  4.607247533000411E-18
5196.62785946069  4.705395821402277E-18
5200.05024328483  4.433815882688867E-18
5203.47320760055  4.535272479950641E-18
5206.89675121435  4.058515766967433E-18
5210.32087293496  4.322414920102983E-18
5213.74557157337  4.082174373257370E-18
5217.17084594279  4.170693038558200E-18
5220.59669485867  4.299017702886614E-18
5224.02311713869  4.816483282536005E-18
5227.45011160276  4.277755025240937E-18
5230.87767707301  4.246677849627321E-18
5234.30581237381  4.060625904710057E-18
5237.73451633171  4.468389964342053E-18
5241.16378777553  4.170969730473099E-18
5244.59362553625  4.128080002121919E-18
5248.0240284471  3.804309516249782E-18
5251.4549953435  3.818951026682277E-18
5254.88652506307  4.022573942171392E-18
5258.31861644565  3.961634719263998E-18
5261.75126833327  4.414552500583733E-18
5265.18447957016  3.905102301069980E-18
5268.61824900272  3.848980578050095E-18
5272.05257547958  4.084035116045308E-18
5275.48745785154  3.990730797310550E-18
5278.92289497156  4.198385804695556E-18
5282.35888569483  3.888258008666257E-18
5285.79542887868  3.653450797674197E-18
5289.23252338263  3.717018800568285E-18
5292.67016806838  3.992701555119959E-18
5296.10836179979  3.841112849653796E-18
5299.5471034429  4.360343632730377E-18
5302.9863918659  3.755035607930917E-18
5306.42622593915  4.116071821169486E-18
5309.86660453516  3.725404344028043E-18
5313.30752652862  4.239928055828888E-18
5316.74899079635  4.504164698654359E-18
5320.19099621733  4.560865034512724E-18
5323.63354167268  3.766891174060332E-18
5327.07662604567  4.546041130755162E-18
5330.52024822173  4.347389984337796E-18
5333.96440708839  4.725838763060913E-18
5337.40910153534  5.045207820893655E-18
5340.85433045442  4.568726559054429E-18
5344.30009273957  4.751551672402126E-18
5347.74638728686  4.508516495857000E-18
5351.1932129945  4.512771099337667E-18
5354.64056876283  4.905701329044750E-18
5358.08845349427  4.670029714312573E-18
5361.5368660934  5.031942325410144E-18
5364.98580546688  4.624631974344131E-18
5368.43527052351  4.365606982968052E-18
5371.88526017417  4.549989263818877E-18
5375.33577333185  4.826495890260654E-18
5378.78680891167  4.710913529678312E-18
5382.23836583081  4.913895793783007E-18
5385.69044300857  4.439471316536894E-18
5389.14303936634  4.519476225383023E-18
5392.59615382758  4.655606993152098E-18
5396.04978531788  4.499889002068072E-18
5399.50393276486  4.901079870962416E-18
5402.95859509828  5.325991384692636E-18
5406.41377124993  4.379812569217731E-18
5409.86946015369  4.460736062134100E-18
5413.32566074554  4.482725831538210E-18
5416.7823719635  4.389576195578001E-18
5420.23959274765  5.063878528089897E-18
5423.69732204018  4.363342989631494E-18
5427.15555878529  4.426477963474909E-18
5430.61430192926  4.389755693770925E-18
5434.07355042045  4.234242429888505E-18
5437.53330320923  4.312720776914168E-18
5440.99355924804  4.779340805080843E-18
5444.45431749138  5.749288241867155E-18
5447.91557689577  5.495378535399102E-18
5451.37733641979  5.006037510166819E-18
5454.83959502405  4.008929597967330E-18
5458.30235167121  4.117547924972587E-18
5461.76560532593  4.047744634621074E-18
5465.22935495494  3.833484590044832E-18
5468.69359952697  4.147151478324940E-18
5472.15833801278  4.001106123733802E-18
5475.62356938516  4.396289179839174E-18
5479.08929261892  3.975584293114092E-18
5482.55550669086  4.119580721327936E-18
5486.02221057983  4.524889295311569E-18
5489.48940326666  4.392898152918013E-18
5492.95708373422  4.357302089618019E-18
5496.42525096733  4.315586544146357E-18
5499.89390395287  4.177288976762697E-18
5503.36304167969  4.171594251835577E-18
5506.83266313864  4.095822026183881E-18
5510.30276732256  4.181451349605064E-18
5513.77335322627  4.059082799277338E-18
5517.24441984661  4.124075207186242E-18
5520.71596618237  4.220601807997199E-18
5524.18799123434  4.022877103865893E-18
5527.66049400529  3.815483899144759E-18
5531.13347349995  4.072065812581665E-18
5534.60692872503  4.413489987086908E-18
5538.08085868923  3.908489605678384E-18
5541.55526240317  4.281005845048271E-18
5545.03013887949  3.867031726967534E-18
5548.50548713275  4.389312738552902E-18
5551.98130617949  4.638420661565084E-18
5555.4575950382  4.782582939491745E-18
5558.93435272931  4.901688262302950E-18
5562.41157827522  3.892708240361792E-18
5565.88927070028  4.037834597292383E-18
5569.36742903075  4.134912927571913E-18
5572.84605229487  3.620158432380163E-18
5576.32513952279  3.696231338184522E-18
5579.80468974661  4.805199298209863E-18
5583.28470200038  3.652638919902977E-18
5586.76517532004  3.952329350963083E-18
5590.24610874348  3.968232311829720E-18
5593.72750131051  3.833993719711860E-18
5597.20935206288  4.314766808159316E-18
5600.69166004422  3.497169496593022E-18
5604.1744243001  4.716850204934606E-18
5607.65764387801  6.157585005813635E-18
5611.14131782733  6.196290854626522E-18
5614.62544519935  5.296596280854646E-18
5618.11002504729  4.055066837403393E-18
5621.59505642623  3.759109886038046E-18
5625.08053839318  3.552324245476834E-18
5628.56647000703  3.989426747074861E-18
5632.05285032857  3.751205348104489E-18
5635.53967842048  3.610953152933367E-18
5639.02695334731  3.374646883876209E-18
5642.51467417552  3.818738441264850E-18
5646.00283997344  3.617645457679227E-18
5649.49144981127  3.702313597228624E-18
5652.98050276109  3.406911684054299E-18
5656.46999789687  3.810184152960133E-18
5659.95993429442  3.756051799313437E-18
5663.45031103143  3.796347075673346E-18
5666.94112718747  3.897992270114781E-18
5670.43238184394  3.553074498292419E-18
5673.92407408412  3.992563829547969E-18
5677.41620299314  3.661762722059437E-18
5680.90876765798  4.045486845139112E-18
5684.40176716748  3.819481663045229E-18
5687.8952006123  3.551019781650838E-18
5691.38906708498  3.846482906190491E-18
5694.88336567988  3.723208179501713E-18
5698.37809549319  4.021264515261720E-18
5701.87325562296  3.554240409365812E-18
5705.36884516905  3.650659476697137E-18
5708.86486323316  3.688492649963782E-18
5712.36130891882  3.744410472962672E-18
5715.85818133137  3.519066621768526E-18
5719.35547957799  3.778476665719749E-18
5722.85320276765  3.693582292272821E-18
5726.35135001117  3.648479442192753E-18
5729.84992042116  3.615213133088015E-18
5733.34891311205  3.958467031108226E-18
5736.84832720005  3.468088514592649E-18
5740.34816180322  3.499411983233655E-18
5743.84841604138  3.677750055348556E-18
5747.34908903617  3.815396631590136E-18
5750.85017991101  3.679139718777646E-18
5754.35168779113  3.340120778698552E-18
5757.85361180354  3.988121456068252E-18
5761.35595107704  3.336924759606800E-18
5764.85870474219  3.326702048006564E-18
5768.36187193138  3.666980577363421E-18
5771.86545177873  3.596743430780624E-18
5775.36944342016  3.535750027543108E-18
5778.87384599336  3.466462484303523E-18
5782.37865863777  3.721984779375748E-18
5785.88388049463  3.644810896176081E-18
5789.38951070692  3.768423112554781E-18
5792.89554841938  3.109114669416327E-18
5796.40199277852  3.269697723273084E-18
5799.9088429326  3.539736624505307E-18
5803.41609803163  3.911397972712122E-18
5806.92375722737  3.736379789985701E-18
5810.43181967332  3.574260248141128E-18
5813.94028452475  3.590965574201942E-18
5817.44915093863  3.634367327352292E-18
5820.9584180737  3.424509744791211E-18
5824.46808509042  3.870934365097557E-18
5827.97815115099  3.492629929391331E-18
5831.48861541932  3.412165108124623E-18
5834.99947706108  3.333745284127298E-18
5838.51073524364  3.810563828861294E-18
5842.02238913609  3.434236768409377E-18
5845.53443790925  3.921027182222852E-18
5849.04688073565  3.701151408467987E-18
5852.55971678951  3.636255780690751E-18
5856.0729452468  3.373499997956904E-18
5859.58656528516  3.586149315085352E-18
5863.10057608397  3.607525316474947E-18
5866.61497682427  3.861208375455160E-18
5870.12976668882  3.873139215020318E-18
5873.64494486207  3.440759914719970E-18
5877.16051053018  3.946838939647263E-18
5880.67646288097  3.842706826694186E-18
5884.19280110395  3.310662809134008E-18
5887.70952439034  3.515005164960891E-18
5891.226631933  3.235085591311721E-18
5894.74412292652  3.541328947184472E-18
5898.26199656711  3.539002501711668E-18
5901.78025205269  3.290485185656847E-18
5905.29888858283  3.659143868240094E-18
5908.81790535877  3.462487881460206E-18
5912.33730158343  3.765022573056575E-18
5915.85707646135  3.556553619948818E-18
5919.37722919878  3.589125097339011E-18
5922.89775900357  3.490617398960991E-18
5926.41866508528  3.790489809755858E-18
5929.93994665506  3.589960549757690E-18
5933.46160292576  3.300488901189911E-18
5936.98363311183  3.441048807548903E-18
5940.50603642938  3.421013665932257E-18
5944.02881209616  3.620709334668124E-18
5947.55195933155  3.528729745684370E-18
5951.07547735655  3.551609975017893E-18
5954.59936539382  3.582941095079565E-18
5958.12362266762  3.705114017192423E-18
5961.64824840384  3.575452628994122E-18
5965.17324182998  3.180566323933505E-18
5968.69860217518  3.336773592349857E-18
5972.22432867018  3.304581170475365E-18
5975.75042054733  3.773972253694092E-18
5979.27687704059  3.354916351520135E-18
5982.80369738554  3.818213595166184E-18
5986.33088081934  3.560968696468319E-18
5989.85842658076  3.424424958778426E-18
5993.38633391018  3.221801277469273E-18
5996.91460204956  3.191086200168800E-18
6000.44323024245  3.636663167142434E-18
6003.972217734  3.634385938916075E-18
6007.50156377093  3.043317414771409E-18
6011.03126760157  3.370525870064470E-18
6014.56132847579  3.355593812441815E-18
6018.09174564509  3.361465967610330E-18
6021.62251836249  3.554607677557786E-18
6025.15364588261  3.813171515742368E-18
6028.68512746164  3.544638083224991E-18
6032.21696235733  3.304057978737924E-18
6035.749149829  3.230922184493589E-18
6039.28168913751  3.642392220064976E-18
6042.8145795453  3.836703976988889E-18
6046.34782031635  3.868857728169744E-18
6049.8814107162  3.381241581309788E-18
6053.41535001194  3.557422159591998E-18
6056.94963747219  3.271589071743687E-18
6060.48427236713  3.510814254387391E-18
6064.01925396848  3.707044656742121E-18
6067.55458154948  3.538653017902863E-18
6071.09025438492  3.487528292963411E-18
6074.62627175112  3.507880244754666E-18
6078.16263292592  3.477120292905962E-18
6081.6993371887  3.485322202269732E-18
6085.23638382034  3.689321898527865E-18
6088.77377210327  3.318956949136076E-18
6092.31150132141  3.446274934659014E-18
6095.8495707602  3.592189801508521E-18
6099.38797970661  3.456086951085118E-18
6102.9267274491  3.322305376255691E-18
6106.46581327764  3.529940324510843E-18
6110.00523648371  3.577896120523604E-18
6113.54499636027  3.429904823541435E-18
6117.08509220179  3.732157446548925E-18
6120.62552330425  3.736900500181303E-18
6124.1662889651  3.506861571830306E-18
6127.70738848328  3.492356132608577E-18
6131.24882115921  3.341421106621485E-18
6134.79058629483  3.480156872934645E-18
6138.3326831935  3.891107645876502E-18
6141.87511116011  3.526976122785758E-18
6145.417869501  3.588669734411801E-18
6148.96095752399  3.329595939379579E-18
6152.50437453835  3.380481815917158E-18
6156.04811985483  3.173919720916487E-18
6159.59219278565  3.468264497267969E-18
6163.13659264448  3.651382846142815E-18
6166.68131874643  3.205417724666741E-18
6170.22637040811  3.299095929038371E-18
6173.77174694753  3.654066633640243E-18
6177.31744768418  3.050418139944717E-18
6180.86347193899  3.582306233959430E-18
6184.40981903432  3.114496720071903E-18
6187.95648829399  3.262057262750084E-18
6191.50347904324  3.424394973481221E-18
6195.05079060875  3.096123797896182E-18
6198.59842231862  3.431305860703948E-18
6202.14637350241  3.731420842213446E-18
6205.69464349107  3.196451500416974E-18
6209.24323161699  3.129804731282963E-18
6212.79213721398  3.367945893733917E-18
6216.34135961726  3.541491901765145E-18
6219.89089816347  3.935754719439051E-18
6223.44075219066  3.530943694593869E-18
6226.99092103827  3.141211551930070E-18
6230.54140404718  3.319424512977322E-18
6234.09220055965  3.511734079228550E-18
6237.64330991934  3.188482649190790E-18
6241.19473147132  3.907151641037581E-18
6244.74646456203  3.409331807731476E-18
6248.29850853932  3.576240104937273E-18
6251.85086275243  3.286546358375024E-18
6255.40352655197  3.484549615577607E-18
6258.95649928995  3.651193835372846E-18
6262.50978031975  3.502273614562781E-18
6266.06336899612  2.946320975372522E-18
6269.61726467519  3.739320830653634E-18
6273.17146671447  3.493297464145662E-18
6276.72597447282  3.331756741934722E-18
6280.28078731048  3.052269370155611E-18
6283.83590458906  3.611195516852845E-18
6287.39132567149  3.485557121563697E-18
6290.94704992211  3.394752129049769E-18
6294.50307670657  3.079851707681191E-18
6298.0594053919  2.252436589424505E-18
6301.61603534645  3.106888106002487E-18
6305.17296593995  4.930228061387560E-18
6308.73019654344  3.507611824645892E-18
6312.28772652932  3.448145396819148E-18
6315.84555527131  3.469870054836936E-18
6319.40368214448  3.331459990889968E-18
6322.96210652523  2.950699862740224E-18
6326.52082779127  3.380686336323612E-18
6330.07984532165  3.017372688063530E-18
6333.63915849674  3.227659163772220E-18
6337.19876669823  3.113990278741868E-18
6340.75866930912  3.177422624015497E-18
6344.31886571373  2.691134308833841E-18
6347.87935529769  3.058969326322138E-18
6351.44013744794  3.431277943358273E-18
6355.00121155271  3.347117485909831E-18
6358.56257700157  3.042198239402625E-18
6362.12423318533  3.576334817117410E-18
6365.68617949615  3.635922013313586E-18
6369.24841532746  2.510833130330198E-18
6372.81094007398  3.251052658675833E-18
6376.37375313172  3.016337471526920E-18
6379.93685389798  3.327003555339839E-18
6383.50024177135  2.844283076935277E-18
6387.06391615166  3.320416095736620E-18
6390.62787644007  3.378586745133799E-18
6394.19212203898  2.947139470588643E-18
6397.75665235206  3.074147470177026E-18
6401.32146678427  3.144361455702671E-18
6404.88656474181  3.050508095836333E-18
6408.45194563215  3.211018771389491E-18
6412.01760886403  3.074324073237806E-18
6415.58355384743  3.558530581612819E-18
6419.1497799936  3.305732605888039E-18
6422.71628671503  3.199903325113156E-18
6426.28307342546  3.227812812571002E-18
6429.85013953988  3.265096531115758E-18
6433.4174844745  3.367448137800313E-18
6436.98510764679  3.394352187223601E-18
6440.55300847547  3.335687090615268E-18
6444.12118638045  3.248381899273052E-18
6447.68964078292  2.756921637311408E-18
6451.25837110525  3.027674395412266E-18
6454.82737677107  3.133616586340760E-18
6458.39665720522  3.204756807357311E-18
6461.96621183376  3.260599977305920E-18
6465.53604008396  3.437521295826670E-18
6469.10614138431  2.872378886826100E-18
6472.67651516451  3.636573418045971E-18
6476.24716085546  3.022375062817944E-18
6479.81807788928  3.106976407532877E-18
6483.38926569927  3.476529685948599E-18
6486.96072371996  3.176721174856051E-18
6490.53245138704  3.274078678592318E-18
6494.10444813743  3.216239108235313E-18
6497.67671340919  2.988662903363040E-18
6501.24924664164  3.404308339871441E-18
6504.8220472752  3.135827019732655E-18
6508.39511475155  3.102703192488428E-18
6511.9684485135  3.306309977955599E-18
6515.54204800505  2.979431360931794E-18
6519.11591267137  3.112855386941445E-18
6522.6900419588  2.893319791213493E-18
6526.26443531486  3.431621016517330E-18
6529.83909218823  3.345819432733583E-18
6533.41401202874  3.369465010928871E-18
6536.98919428738  3.197187070776686E-18
6540.56463841631  3.132681251863116E-18
6544.14034386883  3.175860700223843E-18
6547.71631009939  3.264607253783433E-18
6551.29253656361  2.696272548003868E-18
6554.86902271822  3.348303662908232E-18
6558.44576802112  3.136758011512084E-18
6562.02277193133  3.145872507886652E-18
6565.60003390902  3.195772591929220E-18
6569.17755341547  3.145678740828161E-18
6572.75532991313  3.142205409436051E-18
6576.33336286553  3.170986538464375E-18
6579.91165173737  3.325901543968765E-18
6583.49019599443  3.505577787519625E-18
6587.06899510364  3.567162211304809E-18
6590.64804853304  3.102673413986376E-18
6594.22735575176  3.209893598961266E-18
6597.80691623006  3.137267347974263E-18
6601.38672943932  2.775690572205390E-18
6604.966794852  3.215380701554637E-18
6608.54711194166  2.946488686241717E-18
6612.12768018299  2.994912459686031E-18
6615.70849905173  3.423105192111097E-18
6619.28956802475  3.269130897758332E-18
6622.87088658001  3.269596393648046E-18
6626.45245419652  2.964338830270305E-18
6630.03427035442  3.170421780901155E-18
6633.6163345349  3.595267740567830E-18
6637.19864622024  3.388605556713041E-18
6640.78120489379  3.205391668477446E-18
6644.36401003999  3.187925543048236E-18
6647.94706114433  3.090017137024009E-18
6651.53035769337  3.342000133050272E-18
6655.11389917474  3.242374913664693E-18
6658.69768507714  3.324104907678300E-18
6662.28171489032  3.232062039377687E-18
6665.86598810507  3.055472213487416E-18
6669.45050421325  3.217320646886227E-18
6673.03526270778  3.126875684733913E-18
6676.6202630826  3.062337605776454E-18
6680.20550483272  3.396150891465596E-18
6683.79098745417  3.300242814957677E-18
6687.37671044402  2.991993132509179E-18
6690.96267330041  3.076574211299103E-18
6694.54887552246  3.085579106242509E-18
6698.13531661036  2.930160761335380E-18
6701.72199606532  2.952825510119333E-18
6705.30891338954  3.036895804881007E-18
6708.8960680863  2.912710765928114E-18
6712.48345965984  2.868652851756856E-18
6716.07108761546  3.187921407145172E-18
6719.65895145945  3.089141979935928E-18
6723.24705069912  3.004958361430335E-18
6726.83538484276  2.575475640839993E-18
6730.42395339972  3.022426761606229E-18
6734.01275588028  3.098673168544070E-18
6737.60179179579  2.816524136348918E-18
6741.19106065853  3.057866487770451E-18
6744.78056198182  2.913596469569005E-18
6748.37029527996  3.109591539039464E-18
6751.96026006821  3.357352812014409E-18
6755.55045586284  3.220657286682111E-18
6759.14088218111  3.104057907536637E-18
6762.73153854122  3.353802966415639E-18
6766.32242446238  3.550739367423183E-18
6769.91353946477  2.886394841920353E-18
6773.50488306951  3.160983856907078E-18
6777.09645479873  3.268412904986636E-18
6780.68825417548  2.944882094696986E-18
6784.28028072381  2.856961067388725E-18
6787.8725339687  3.045583062469192E-18
6791.46501343609  2.958076659442973E-18
6795.0577186529  3.322346114900859E-18
6798.65064914696  2.800423892906185E-18
6802.24380444706  2.984393824221654E-18
6805.83718408296  2.965295051058417E-18
6809.43078758533  3.158978771102249E-18
6813.02461448578  3.067944856353797E-18
6816.61866431686  3.142109249689842E-18
6820.21293661207  3.185720899920629E-18
6823.80743090582  3.238988022646593E-18
6827.40214673344  3.652951180584216E-18
6830.99708363122  3.586665475787585E-18
6834.59224113632  3.375534241878325E-18
6838.18761878685  2.970967855699305E-18
6841.78321612184  3.226331952479379E-18
6845.37903268122  3.055708787142607E-18
6848.97506800582  3.178723985914196E-18
6852.5713216374  2.959180738765578E-18
6856.1677931186  2.959325495372775E-18
6859.76448199299  2.927017475007679E-18
6863.361387805  3.014397939785636E-18
6866.95851009998  2.839512726342685E-18
6870.55584842418  3.278419929242149E-18
6874.15340232472  2.940562764333387E-18
6877.75117134961  2.902566636486071E-18
6881.34915504775  3.164702240555656E-18
6884.94735296892  3.243534207293185E-18
6888.54576466377  2.926319334570684E-18
6892.14438968384  3.224732185174701E-18
6895.74322758153  3.450485490772061E-18
6899.34227791011  3.128851405626996E-18
6902.94154022372  3.116764022130911E-18
6906.54101407736  1.791043101958246E-18
6910.1406990269  2.836320636358842E-18
6913.74059462906  2.864580228010951E-18
6917.34070044141  3.111823065536979E-18
6920.94101602239  2.732663738667679E-18
6924.54154093127  3.321364665104065E-18
6928.14227472817  2.848303174712286E-18
6931.74321697406  2.773127966667700E-18
6935.34436723076  2.641427991849764E-18
6938.9457250609  2.745085096336081E-18
6942.54729002797  3.036741328901613E-18
6946.14906169629  2.824099249603524E-18
6949.75103963098  2.742688133716056E-18
6953.35322339803  2.758374580057358E-18
6956.95561256423  2.815865493786171E-18
6960.55820669718  2.942523182385138E-18
6964.16100536532  2.865842505625706E-18
6967.76400813789  2.892290778531477E-18
6971.36721458496  2.834363527029542E-18
6974.97062427738  3.091451881796482E-18
6978.57423678683  2.778424404129877E-18
6982.17805168579  2.764170014224058E-18
6985.78206854753  2.738670310685732E-18
6989.38628694613  2.961992739257952E-18
6992.99070645646  2.736824870739126E-18
6996.59532665418  2.794621634499431E-18
7000.20014711573  2.692086600514043E-18
7003.80516741836  2.652888372441532E-18
7007.41038714009  3.095374785851515E-18
7011.01580585971  3.170098560076799E-18
7014.62142315681  2.382417476134404E-18
7018.22723861173  2.907417223598081E-18
7021.83325180561  3.006224981743306E-18
7025.43946232033  2.799088203012065E-18
7029.04586973855  3.206089808914441E-18
7032.65247364371  3.118311470261845E-18
7036.25927361997  2.818802605346194E-18
7039.86626925228  2.855985407856218E-18
7043.47346012635  2.859766657231352E-18
7047.08084582861  3.142454184005277E-18
7050.68842594626  3.040792239156437E-18
7054.29620006725  3.186012687881706E-18
7057.90416778026  3.638092121650620E-18
7061.51232867472  3.025980122722604E-18
7065.12068234078  3.295699939033536E-18
7068.72922836936  3.164017955393922E-18
7072.33796635207  3.028196759969092E-18
7075.94689588129  2.994434142496822E-18
7079.55601655008  3.161800904557127E-18
7083.16532795227  3.101368536570074E-18
7086.77482968237  3.122865099533949E-18
7090.38452133565  2.738320206491469E-18
7093.99440250805  3.131032680902298E-18
7097.60447279624  3.000488690990404E-18
7101.21473179762  3.114230367914662E-18
7104.82517911026  2.975923494749111E-18
7108.43581433296  3.223676289122778E-18
7112.04663706521  3.288510705534684E-18
7115.65764690718  2.831133800327829E-18
7119.26884345978  3.214507819213241E-18
7122.88022632456  2.929184688212567E-18
7126.4917951038  3.254554941389382E-18
7130.10354940044  3.027884706083007E-18
7133.71548881811  3.020675206659148E-18
7137.32761296112  3.186169645402939E-18
7140.93992143446  3.076625082906776E-18
7144.55241384381  3.320579670702751E-18
7148.16508979548  3.198830678653828E-18
7151.77794889649  2.632869567641984E-18
7155.3909907545  3.159164059559461E-18
7159.00421497784  3.320201442367662E-18
7162.61762117552  3.046521085283827E-18
7166.23120895718  3.019032632757771E-18
7169.84497793311  3.125227320568248E-18
7173.45892771429  3.249976910289207E-18
7177.07305791231  3.277354107022875E-18
7180.68736813942  3.377100715163347E-18
7184.30185800852  3.118997823375111E-18
7187.91652713314  3.272045261851510E-18
7191.53137512744  2.908223931490474E-18
7195.14640160624  2.907654624433884E-18
7198.76160618496  3.246479177069026E-18
7202.37698847969  3.135073044604314E-18
7205.99254810709  3.341050736502215E-18
7209.6082846845  3.405512508048165E-18
7213.22419782983  3.232043014223598E-18
7216.84028716164  3.838392666209417E-18
7220.4565522991  3.272249161872504E-18
7224.07299286198  3.325463345039265E-18
7227.68960847066  3.638864708342744E-18
7231.30639874614  3.561921194943673E-18
7234.92336331  3.554216007537743E-18
7238.54050178445  3.691943647479352E-18
7242.15781379226  3.441688838547865E-18
7245.77529895683  3.968681470902338E-18
7249.39295690213  3.451235950382800E-18
7253.01078725271  3.177368650480528E-18
7256.62878963374  3.056197237294319E-18
7260.24696367095  3.415626238602698E-18
7263.86530899063  3.460661673462841E-18
7267.4838252197  3.629849680436835E-18
7271.1025119856  3.433330178458018E-18
7274.72136891637  3.238452216404812E-18
7278.34039564061  3.228318013130119E-18
7281.95959178749  3.807677795704096E-18
7285.57895698675  3.402128718957364E-18
7289.19849086867  3.623586268838583E-18
7292.8181930641  3.777084520748823E-18
7296.43806320444  3.384426847053576E-18
7300.05810092164  3.764938614224401E-18
7303.67830584821  3.734494645369693E-18
7307.29867761719  3.654543916853686E-18
7310.91921586217  3.336756428352146E-18
7314.53992021728  3.910155547432067E-18
7318.16079031719  3.799495738675029E-18
7321.78182579709  3.601342968576726E-18
7325.40302629271  3.341714755738942E-18
7329.02439144032  3.826034174267568E-18
7332.6459208767  3.995300143014294E-18
7336.26761423915  3.846579272731853E-18
7339.8894711655  3.833027159166091E-18
7343.5114912941  4.099325136078045E-18
7347.1336742638  3.930554648518236E-18
7350.75601971398  3.758733932449640E-18
7354.37852728449  3.587202729595438E-18
7358.00119661575  3.415017433671860E-18
7361.62402734861  3.242281442255474E-18
7365.24701912447  3.380548817546775E-18
7368.87017158521  3.472810681914561E-18
7372.4934843732  4.201404186750762E-18
7376.1169571313  4.453486651245686E-18
7379.74058950289  3.958750340468026E-18
7383.36438113178  3.470221606597269E-18
7386.9883316623  2.996078577554578E-18
7390.61244073926  3.498085599121425E-18
7394.23670800793  3.224904859127573E-18
7397.86113311406  3.444581695945117E-18
7401.48571570387  4.026368219641172E-18
7405.11045542406  3.417738237501700E-18
7408.73535192178  3.101646055665586E-18
7412.36040484465  3.193291050091561E-18
7415.98561384074  3.487132487040304E-18
7419.61097855859  3.164049801847506E-18
7423.23649864719  3.235245650760250E-18
7426.86217375598  3.453671790491615E-18
7430.48800353484  3.161780225041813E-18
7434.11398763409  2.705293572969218E-18
7437.74012570453  3.420739869149502E-18
7441.36641739736  3.341245951126777E-18
7444.99286236424  3.345897601301468E-18
7448.61946025723  3.459647343236698E-18
7452.24621072887  3.086208383893509E-18
7455.87311343209  2.889648556859830E-18
7459.50016802026  3.063299203238547E-18
7463.12737414717  3.195343491986458E-18
7466.75473146702  3.287730053831587E-18
7470.38223963445  2.719544654152588E-18
7474.00989830449  2.921192262338927E-18
7477.6377071326  3.316877830666424E-18
7481.26566577462  3.374230191642635E-18
7484.89377388683  3.239712012477730E-18
7488.52203112589  3.543224431558138E-18
7492.15043714886  3.098535442972080E-18
7495.7789916132  3.192087295505143E-18
7499.40769417677  3.198816616583415E-18
7503.03654449781  3.320406996749881E-18
7506.66554223495  2.986792854793210E-18
7510.29468704722  3.034914914109095E-18
7513.92397859401  3.388957315268530E-18
7517.5534165351  3.036687975752103E-18
7521.18300053065  3.971773472032061E-18
7524.81273024118  4.507770378944478E-18
7528.4426053276  3.826848119990320E-18
7532.07262545116  3.325235663575660E-18
7535.70279027351  3.322241890143678E-18
7539.33309945664  3.745683917515698E-18
7542.9635526629  3.609129633272994E-18
7546.594149555  3.583130105849533E-18
7550.224889796  2.965240250342835E-18
7553.85577304932  2.757578005127470E-18
7557.48679897872  2.806223462975948E-18
7561.1179672483  2.901734285994689E-18
7564.74927752251  2.762231309663387E-18
7568.38072946615  2.771634285276582E-18
7572.01232274432  2.617648203600090E-18
7575.64405702249  2.646204959887257E-18
7579.27593196645  2.903742266931661E-18
7582.90794724231  2.793916049436924E-18
7586.54010251651  2.748924661944399E-18
7590.17239745582  2.844047744051007E-18
7593.8048317273  2.844614983156064E-18
7597.43740499836  2.675127536800328E-18
7601.07011693671  3.426408951477633E-18
7604.70296721037  2.841891904579540E-18
7608.33595548767  3.076588893754977E-18
7611.96908143724  3.242508916923925E-18
7615.60234472801  3.002294219472454E-18
7619.23574502922  3.032309088384401E-18
7622.86928201039  2.841592258402643E-18
7626.50295534136  2.317807432463652E-18
7630.13676469223  2.772250121242629E-18
7633.7707097334  2.841699998677428E-18
7637.40479013556  2.913301786475784E-18
7641.03900556967  2.819890761442009E-18
7644.67335570699  2.873844650871544E-18
7648.30784021903  2.973151405721292E-18
7651.94245877759  3.082530118504638E-18
7655.57721105474  2.964286924686868E-18
7659.2120967228  2.438756127269931E-18
7662.84711545437  3.100794886815269E-18
7666.48226692232  2.659654709852217E-18
7670.11755079977  2.552756504930764E-18
7673.75296676007  2.604821113841230E-18
7677.38851447687  2.755515843860374E-18
7681.02419362404  2.627060278200024E-18
7684.66000387571  2.995707380254694E-18
7688.29594490624  2.932081061127422E-18
7691.93201639024  2.814271516745781E-18
7695.56821800257  2.673144371281732E-18
7699.20454941831  2.479825231092882E-18
7702.84101031277  3.227158305911320E-18
7706.47760036152  2.802398786618655E-18
7710.11431924032  2.752322719900766E-18
7713.75116662517  3.028813216320598E-18
7717.3881421923  3.100633379800668E-18
7721.02524561814  3.057613370503010E-18
7724.66247657936  2.632083332469752E-18
7728.29983475283  2.867980147123697E-18
7731.93731981561  2.520359562649819E-18
7735.57493144501  2.594607914818038E-18
7739.21266931851  2.964355167087403E-18
7742.8505331138  2.284547534008661E-18
7746.48852250878  2.837531215185314E-18
7750.12663718153  2.842616928386443E-18
7753.76487681033  3.296554209811149E-18
7757.40324107366  2.635721686394067E-18
7761.04172965018  2.528981059379306E-18
7764.68034221871  2.793423256586995E-18
7768.31907845829  2.763388328545195E-18
7771.95793804812  2.733061198952010E-18
7775.59692066757  3.254521854164880E-18
7779.23602599621  2.713454536892666E-18
7782.87525371374  3.297420888297952E-18
7786.51460350005  2.907211669215862E-18
7790.1540750352  2.647583663173231E-18
7793.7936679994  2.228786048145543E-18
7797.43338207303  2.884530583614811E-18
7801.0732169366  2.738392584795068E-18
7804.71317227079  2.690395222956525E-18
7808.35324775645  2.728330759823972E-18
7811.99344307455  2.241325072256081E-18
7815.6337579062  2.419109760541183E-18
7819.27419193268  2.897890791278461E-18
7822.91474483537  3.138125547859787E-18
7826.55541629582  2.559362162507460E-18
7830.19620599571  2.594331016107986E-18
7833.83711361681  2.804387949196692E-18
7837.47813884108  2.962693774827091E-18
7841.11928135054  2.553849003724794E-18
7844.76054082738  2.763383779051826E-18
7848.40191695389  1.769240688962880E-18
7852.04340941247  2.419992155459625E-18
7855.68501788564  2.789119849450188E-18
7859.32674205603  2.939117886598410E-18
7862.96858160637  2.196840539683897E-18
7866.6105362195  2.565243209867558E-18
7870.25260557837  2.428681894589647E-18
7873.894789366  2.634311343449664E-18
7877.53708726555  3.081444443950663E-18
7881.17949896022  2.480852382618520E-18
7884.82202413335  2.847423881721142E-18
7888.46466246832  2.384803271816160E-18
7892.10741364864  3.359658577971901E-18
7895.75027735786  2.371699490142401E-18
7899.39325327964  2.732265657997887E-18
7903.03634109769  3.377781278012326E-18
7906.67954049582  3.059722060679560E-18
7910.32285115788  3.031269942739880E-18
7913.96627276781  2.901562232427279E-18
7917.6098050096  2.868125317321201E-18
7921.25344756732  2.686616041532924E-18
7924.89720012506  2.652550469161305E-18
7928.54106236701  2.592270095611810E-18
7932.18503397738  2.743106687106007E-18
7935.82911464045  2.374936868264780E-18
7939.47330404053  2.435591954631763E-18
7943.11760186199  2.826158929328781E-18
7946.76200778924  2.335252878377549E-18
7950.4065215067  2.997799940409301E-18
7954.05114269887  2.446651152626444E-18
7957.69587105025  2.677902314165136E-18
7961.34070624538  3.283092672522462E-18
7964.98564796881  2.541708887464659E-18
7968.63069590516  3.035436451485310E-18
7972.27584973902  2.702686920063910E-18
7975.92110915501  2.602216735682607E-18
7979.5664738378  2.219761300867436E-18
7983.21194347202  2.647582215607159E-18
7986.85751774235  2.449197214551882E-18
7990.50319633347  2.494980420685772E-18
7994.14897893003  3.044918422847005E-18
7997.79486521673  2.515689921296804E-18
8001.44085487824  2.468208926955647E-18
8005.08694759922  2.753883196126349E-18
8008.73314306434  2.672364133168941E-18
8012.37944095825  2.543295213084382E-18
8016.02584096558  2.182589251705374E-18
8019.67234277097  1.822417442206923E-18
8023.31894605901  3.263295758922230E-18
8026.96565051429  2.682557479857432E-18
8030.61245582135  2.797998599350180E-18
8034.25936166473  2.904834558930538E-18
8037.90636772893  2.612859241443714E-18
8041.5534736984  2.881302097684017E-18
8045.20067925758  2.586954632995543E-18
8048.84798409085  2.586315842767500E-18
8052.49538788256  2.543806203907787E-18
8056.14289031702  2.551250622625611E-18
8059.79049107846  2.487872664477257E-18
8063.43818985111  2.162156443009243E-18
8067.0859863191  2.367197766453734E-18
8070.73388016653  2.736532255597436E-18
8074.38187107742  2.419459451145141E-18
8078.02995873577  2.072588085511082E-18
8081.67814282546  2.717476702621205E-18
8085.32642303033  2.504314533512974E-18
8088.97479903416  2.572192147398463E-18
8092.62327052064  2.480367241189258E-18
8096.27183717338  2.710538311643110E-18
8099.92049867593  2.914588672713763E-18
8103.56925471174  2.382028701246504E-18
8107.21810496417  2.327012298320143E-18
8110.86704911652  2.592736832272443E-18
8114.51608685196  2.646467176141438E-18
8118.16521785361  2.884475782899230E-18
8121.81444180447  2.471299273724145E-18
8125.46375838742  2.666921905123802E-18
8129.11316728529  2.758486869825512E-18
8132.76266818075  2.636537700068351E-18
8136.41226075639  2.793675753468977E-18
8140.0619446947  2.659838343948204E-18
8143.71171967803  2.421052601004918E-18
8147.36158538863  2.238782319053092E-18
8151.01154150863  2.267327081221379E-18
8154.66158772002  2.444762285697677E-18
8158.31172370469  2.518006647397411E-18
8161.96194914438  2.199675908028576E-18
8165.61226372072  2.601275404145521E-18
8169.26266711518  2.373045726589331E-18
8172.91315900913  2.831834008716355E-18
8176.56373908377  2.401720562908941E-18
8180.21440702016  2.264001608363762E-18
8183.86516249923  2.261598235093989E-18
8187.51600520174  2.418286922626847E-18
8191.16693480833  2.348760117395080E-18
8194.81795099946  2.462464984782078E-18
8198.46905345544  2.294710068219334E-18
8202.12024185642  2.497808137609785E-18
8205.77151588239  2.343015968426358E-18
8209.42287521318  2.953438037362928E-18
8213.07431952845  2.687025495936137E-18
8216.72584850767  2.383080874985671E-18
8220.37746183016  2.535050703919066E-18
8224.02915917505  2.255868768581141E-18
8227.6809402213  2.398663096569792E-18
8231.33280464768  2.354036082137097E-18
8234.98475213276  2.700345792135232E-18
8238.63678235497  2.321398843888205E-18
8242.28889499249  2.383080047805059E-18
8245.94108972335  2.640655818747946E-18
8249.59336622536  2.495356581069331E-18
8253.24572417613  2.367295166970862E-18
8256.89816325308  2.618933435476844E-18
8260.55068313341  2.295484722862990E-18
8264.20328349414  2.422942295114296E-18
8267.85596401203  2.292287876590626E-18
8271.50872436368  2.490167677086786E-18
8275.16156422544  2.099086196048759E-18
8278.81448327344  3.462093936693478E-18
8282.4674811836  2.238372657854725E-18
8286.12055763161  3.084778808999864E-18
8289.77371229294  2.363469663432958E-18
8293.4269448428  2.496207129534189E-18
8297.08025495621  2.655734494134174E-18
8300.7336423079  2.742461486228216E-18
8304.38710657242  2.303473840014180E-18
8308.04064742402  3.390357111660122E-18
8311.69426453675  2.349881153920243E-18
8315.34795758438  2.440897284285525E-18
8319.00172624044  2.489205252444080E-18
8322.65557017822  2.257109539499971E-18
8326.30948907072  2.154826588806257E-18
8329.96348259072  2.855024017189279E-18
8333.6175504107  2.154528596990585E-18
8337.2716922029  2.423255176180993E-18
8340.92590763929  1.367696717344552E-18
8344.58019639154  2.319489090648972E-18
8348.23455813108  2.488931662456479E-18
8351.88899252905  1.501224554521077E-18
8355.54349925631  2.723148266491175E-18
8359.19807798343  1.941676620612062E-18
8362.85272838071  2.717500484063816E-18
8366.50745011815  2.222782371259632E-18
8370.16224286545  2.379747543912236E-18
8373.81710629205  2.349449365640490E-18
8377.47204006705  2.197910704601388E-18
8381.12704385927  2.377361748230479E-18
8384.78211733724  2.085044184765212E-18
8388.43726016916  2.432716674822528E-18
8392.09247202294  2.171111086730435E-18
8395.74775256616  2.303919897159500E-18
8399.4031014661  1.817263693400411E-18
8403.05851838973  2.524626987429980E-18
8406.71400300367  2.796222642575028E-18
8410.36955497426  1.892367350322010E-18
8414.02517396746  2.078628778729404E-18
8417.68085964895  2.575521342568836E-18
8421.33661168406  2.192662243614739E-18
8424.99242973778  2.591989267793848E-18
8428.64831347477  2.303777208503834E-18
8432.30426255935  2.783981196689856E-18
8435.96027665549  2.321754324756449E-18
8439.61635542682  2.441077196068754E-18
8443.27249853662  2.221840832927393E-18
8446.92870564782  1.892283598284989E-18
8450.58497642299  2.388205879265897E-18
8454.24131052435  2.534663996982698E-18
8457.89770761376  2.348628388882532E-18
8461.55416735271  2.680271979824948E-18
8465.21068940232  2.250922642108380E-18
8468.86727342335  2.169545854216332E-18
8472.52391907619  2.315241518203512E-18
8476.18062602086  2.318972516356433E-18
8479.83739391698  2.171957499292231E-18
8483.49422242381  2.426338905504592E-18
8487.15111120023  2.369913400404746E-18
8490.8080599047  2.433308315755656E-18
8494.46506819535  2.113026257321809E-18
8498.12213572985  2.137130093576451E-18
8501.77926216554  2.135838244254796E-18
8505.43644715931  1.531910266909804E-18
8509.09369036769  2.194297372890603E-18
8512.75099144676  2.248970909453062E-18
8516.40835005226  2.499596915684431E-18
8520.06576583945  2.359840201700228E-18
8523.72323846323  2.352202429514220E-18
8527.38076757806  2.198002108059075E-18
8531.038352838  2.413218166628275E-18
8534.69599389666  2.410264925046307E-18
8538.35369040726  2.490096125963800E-18
8542.01144202257  2.362094682459741E-18
8545.66924839495  2.878848059601724E-18
8549.32710917631  2.557272497484998E-18
8552.98502401814  2.052909872328752E-18
8556.64299257149  2.482457733392332E-18
8560.30101448695  2.233921598978578E-18
8563.95908941469  2.478009569648329E-18
8567.61721700443  2.341456732971696E-18
8571.27539690543  2.126076272255752E-18
8574.93362876651  2.417962047441267E-18
8578.59191223603  2.074667410775888E-18
8582.25024696188  2.176536771163324E-18
8585.90863259152  2.315881755997629E-18
8589.56706877192  2.358757422278396E-18
8593.22555514959  2.266406015609301E-18
8596.88409137057  2.539957539312731E-18
8600.54267708045  2.194045082803775E-18
8604.2013119243  2.551869560518954E-18
8607.85999554675  1.979787312974217E-18
8611.51872759194  2.239077829326928E-18
8615.17750770351  2.457129876626265E-18
8618.83633552465  3.221098380743756E-18
8622.49521069803  1.988683226871918E-18
8626.15413286582  2.528785844754743E-18
8629.81310166973  2.718129554919662E-18
8633.47211675095  2.251224563031962E-18
8637.13117775017  2.328966305722146E-18
8640.79028430758  2.583041861903015E-18
8644.44943606286  2.051545851498652E-18
8648.10863265519  1.962007272502543E-18
8651.76787372322  2.337142365691773E-18
8655.42715890511  2.525769323855915E-18
8659.08648783848  1.806147419943464E-18
8662.74586016044  2.827619316700244E-18
8666.40527550758  2.847777708228162E-18
8670.06473351594  2.557604817296091E-18
8673.72423382107  2.423639194780371E-18
8677.38377605794  2.298985971600774E-18
8681.04335986104  1.993593164192880E-18
8684.70298486428  2.614584946996653E-18
8688.36265070104  2.638111411183732E-18
8692.02235700415  2.178076981463898E-18
8695.68210340593  2.259409101602869E-18
8699.34188953809  2.485282555184201E-18
8703.00171503184  2.048736125752963E-18
8706.66157951781  2.225594371752007E-18
8710.32148262607  2.627254458848821E-18
8713.98142398615  2.509903586116842E-18
8717.64140322699  2.223688961210990E-18
8721.30141997699  2.214690890507639E-18
8724.96147386395  2.428030489857262E-18
8728.62156451512  2.587853778321389E-18
8732.28169155717  2.090469455607794E-18
8735.9418546162  2.369155289373341E-18
8739.6020533177  2.154325730945356E-18
8743.26228728661  1.862631861661954E-18
8746.92255614726  2.624543581186332E-18
8750.58285952342  2.383539546635331E-18
8754.24319703822  2.558934303335616E-18
8757.90356831423  2.667082584957790E-18
8761.56397297343  2.071176915386066E-18
8765.22441063717  2.769576053117398E-18
8768.8848809262  2.201037654111992E-18
8772.54538346069  2.265766604995798E-18
8776.20591786017  3.172121223469644E-18
8779.86648374358  2.292292219288841E-18
8783.52708072923  2.804373887126278E-18
8787.18770843481  2.200913577020108E-18
8790.84836647741  2.033167759444101E-18
8794.50905447347  2.259710402140991E-18
8798.16977203882  2.311722691877712E-18
8801.83051878865  2.565038689461105E-18
8805.49129433752  2.304948909841515E-18
8809.15209829937  2.396829237151762E-18
8812.81293028749  2.435295617177315E-18
8816.47378991451  2.058461701805055E-18
8820.13467679245  2.734181201501407E-18
8823.79559053265  2.973003340391645E-18
8827.45653074584  1.154928596400626E-18
8831.11749704205  2.017645922044697E-18
8834.7784890307  1.913090499413148E-18
8838.43950632052  2.414203752328132E-18
8842.10054851959  2.299212412293460E-18
8845.76161523532  2.493131878811869E-18
8849.42270607448  2.712605849584186E-18
8853.08382064313  2.416958056972781E-18
8856.74495854667  2.302360248114531E-18
8860.40611938985  2.614070647450797E-18
8864.06730277672  1.869687712287031E-18
8867.72850831063  2.091937080809616E-18
8871.38973559429  2.412589509362735E-18
8875.05098422969  2.376557935470231E-18
8878.71225381814  2.219691817695982E-18
8882.37354396025  1.819508041197421E-18
8886.03485425596  1.257265210436579E-18
8889.69618430448  1.570123633065493E-18
8893.35753370434  2.623824968029176E-18
8897.01890205334  2.373805078391654E-18
8900.68028894861  2.185698210037655E-18
8904.34169398654  2.908883814824138E-18
8908.00311676283  1.840545932511635E-18
8911.66455687243  2.891204070001736E-18
8915.32601390962  2.016846658777818E-18
8918.98748746791  1.302235815016213E-18
8922.64897714013  1.862690798280599E-18
8926.31048251834  2.850540905064394E-18
8929.9720031939  1.896094212571868E-18
8933.63353875742  2.475518515233626E-18
8937.2950887988  1.837857595520837E-18
8940.95665290717  2.397342295926697E-18
8944.61823067094  1.650632088109514E-18
8948.27982167776  2.271684461893155E-18
8951.94142551455  2.055616200497873E-18
8955.60304176747  2.715477613875818E-18
8959.26467002191  1.891494261185460E-18
8962.92630986254  1.705341503631041E-18
8966.58796087326  2.294123390369881E-18
8970.24962263718  1.928965749729266E-18
8973.91129473668  1.884596402057380E-18
8977.57297675336  2.236520393668066E-18
8981.23466826805  2.079320301721498E-18
8984.89636886081  1.725499998556535E-18
8988.55807811092  1.987693918859305E-18
8992.21979559687  1.777735213468340E-18
8995.8815208964  2.133968816070427E-18
8999.54325358643  2.188897537851857E-18
9003.20499324312  1.995116417290897E-18
9006.86673944183  1.603798776187986E-18
9010.52849175712  1.870151553815520E-18
9014.19024976277  2.018877387181636E-18
9017.85201303174  2.334736304085009E-18
9021.5137811362  2.010980914259052E-18
9025.17555364753  1.740096841235952E-18
9028.83733013627  1.923870317155939E-18
9032.49911017218  2.252650002022544E-18
9036.16089332418  2.197958060691456E-18
9039.8226791604  1.984796098378379E-18
9043.48446724814  2.232553028655109E-18
9047.14625715388  2.089088891165443E-18
9050.80804844327  2.140344310641679E-18
9054.46984068113  2.452575833763854E-18
9058.13163343147  1.633169891788212E-18
9061.79342625744  2.139930099949943E-18
9065.45521872136  1.403311599003482E-18
9069.11701038474  1.664912224011899E-18
9072.77880080821  1.895282128005494E-18
9076.44058955158  1.826527909465852E-18
9080.10237617379  1.881668596279249E-18
9083.76416023296  1.870944820022959E-18
9087.42594128633  2.379424736678187E-18
9091.0877188903  2.216555769198639E-18
9094.7494926004  2.005474579716439E-18
9098.4112619713  1.889046840548069E-18
9102.07302655682  2.107985418668910E-18
9105.73478590989  1.581921710142337E-18
9109.39653958259  1.614782700746925E-18
9113.0582871261  2.297298729946319E-18
9116.72002809076  2.123939871528681E-18
9120.38176202601  2.113773821800404E-18
9124.04348848041  2.410563330452285E-18
9127.70520700162  2.020030890545841E-18
9131.36691713644  1.730708031090745E-18
9135.02861843077  1.876716886337354E-18
9138.69031042961  2.135075583730023E-18
9142.35199267707  1.805552263492733E-18
9146.01366471635  2.109345923981407E-18
9149.67532608977  2.030254015736383E-18
9153.33697633872  1.638754808489018E-18
9156.9986150037  1.862150028955141E-18
9160.66024162429  2.004459835899990E-18
9164.32185573917  1.598987066564765E-18
9167.98345688609  1.722271409228163E-18
9171.64504460187  1.700335923551753E-18
9175.30661842244  1.755094246126998E-18
9178.96817788278  1.950882727239471E-18
9182.62972251696  1.769863142373826E-18
9186.2912518581  1.764320411884261E-18
9189.95276543839  1.845314421947850E-18
9193.61426278911  2.264663146058651E-18
9197.27574344056  1.800921499628507E-18
9200.93720692212  2.161563354510042E-18
9204.59865276224  2.050006675173844E-18
9208.26008048839  1.555468267357738E-18
9211.92148962711  2.397450863382095E-18
9215.58287970399  2.134546808523448E-18
9219.24425024364  1.948252292891552E-18
9222.90560076973  1.969332990802466E-18
9226.56693080497  2.121707517850553E-18
9230.22823987109  1.886504294140234E-18
9233.88952748887  2.188410535266216E-18
9237.5507931781  1.522551131869073E-18
9241.21203645761  1.900026835999098E-18
9244.87325684526  2.055011117879790E-18
9248.5344538579  1.451969671356301E-18
9252.19562701144  8.479715904543949E-19
9255.85677582077  3.784839597485449E-19
9259.5178997998  2.356387136233125E-18
9263.17899846147  1.919872346460317E-18
9266.8400713177  2.558613357257946E-18
9270.50111787943  2.237379213939050E-18
9274.16213765659  2.218954386179889E-18
9277.82313015812  1.620071279993282E-18
9281.48409489193  1.732874003524715E-18
9285.14503136496  1.775325429548820E-18
9288.80593908311  1.972493441127878E-18
9292.46681755127  1.430973139072715E-18
9296.12766627333  1.700828096016222E-18
9299.78848475214  1.289987544890988E-18
9303.44927248953  2.389766975876937E-18
9307.11002898633  1.601889746731790E-18
9310.77075374231  2.338030137284196E-18
9314.43144625622  1.620713172148623E-18
9318.09210602578  6.142790570365395E-19
9321.75273254768  1.488075277913628E-18
9325.41332531755  3.266792251371492E-18
9329.07388383001  2.772146671967272E-19
9332.73440757859  1.446557221813213E-18
9336.39489605581  1.637557257757194E-18
9340.05534875312  1.090914019373336E-18
9343.71576516093  1.128022065435501E-18
9347.37614476858  2.004625478817653E-18
9351.03648706435  1.779541569131002E-18
9354.69679153547  1.112475412617720E-18
9358.35705766809  1.838684155747931E-18
9362.0172849473  1.662035186443863E-18
9365.67747285713  1.218615196315038E-18
9369.33762088051  3.053258884963377E-18
9372.99772849932  3.718639299087065E-19
9376.65779519434  -1.507266074920011E-18
9380.31782044527  2.117192352476932E-18
9383.97780373074  9.059744255848023E-19
9387.63774452828  1.521917201327127E-18
9391.29764231432  2.108254252367991E-18
9394.95749656423  1.301280524806291E-18
9398.61730675223  2.064750549207142E-18
9402.27707235149  1.438291102554395E-18
9405.93679283405  1.317809144408749E-18
9409.59646767086  1.434411418686368E-18
9413.25609633174  1.158994809496784E-18
9416.91567828542  1.682202159970636E-18
9420.57521299951  2.261323197540316E-18
9424.2346999405  1.060041364166173E-18
9427.89413857376  1.804546411867868E-18
9431.55352836354  1.764268092710516E-18
9435.21286877296  1.518607548298726E-18
9438.87215926402  6.645349321400816E-19
9442.53139929758  1.891359017155308E-18
9446.19058833337  1.139166876623581E-18
9449.84972582999  1.460688051615033E-18
9453.50881124489  1.343119113394070E-18
9457.16784403437  1.321492786471601E-18
9460.82682365361  7.510788588248068E-19
9464.48574955661  1.006416175632549E-18
9468.14462119625  1.961181539456062E-18
9471.80343802423  1.755759506134643E-18
9475.4621994911  2.309613174520549E-18
9479.12090504627  1.755065294805558E-18
9482.77955413796  2.169298734008332E-18
9486.43814621323  1.747929828046522E-18
9490.09668071799  1.012484682798968E-18
9493.75515709696  1.793944644751928E-18
9497.41357479369  2.198140660811677E-18
9501.07193325055  2.642509530500678E-18
9504.73023190875  1.214357284111922E-18
9508.38847020827  1.557096055405665E-18
9512.04664758797  1.707893976206226E-18
9515.70476348547  2.123004950641342E-18
9519.36281733721  6.549160106882203E-19
9523.02080857845  2.941341554880106E-18
9526.67873664325  1.468657316431523E-18
9530.33660096445  2.067639684291637E-18
9533.99440097371  1.524738094011086E-18
9537.65213610147  2.133932626918627E-18
9541.30980577697  2.767122635420566E-18
9544.96740942824  2.908923726288693E-18
9548.62494648208  1.473320443737214E-18
9552.28241636409  2.402195157785393E-18
9555.93981849864  1.536697884897684E-18
9559.59715230888  9.567299177783263E-19
9563.25441721675  3.181850935424799E-18
9566.91161264292  2.718319186075090E-18
9570.56873800688  1.551013692963986E-18
9574.22579272684  1.352477628049342E-18
9577.8827762198  1.863875527712927E-18
9581.53968790151  1.877440255783031E-18
9585.19652718649  1.426914680794799E-18
9588.853293488  2.432313217478756E-18
9592.50998621804  1.262814971961350E-18
9596.16660478739  1.736438841772089E-18
9599.82314860555  1.907674741147610E-18
9603.47961708078  1.952511032275281E-18
9607.13600962005  9.888248357381137E-19
9610.79232562912  2.186892658842181E-18
9614.44856451242  1.349706986587595E-18
9618.10472567317  1.383611879125225E-18
9621.76080851328  1.284206379589854E-18
9625.41681243339  2.218211164399511E-18
9629.07273683287  1.809964238084937E-18
9632.72858110983  1.492169304957883E-18
9636.38434466106  1.915955232669572E-18
9640.04002688208  2.051513384659609E-18
9643.69562716711  1.604577980325011E-18
9647.35114490912  1.717472314109284E-18
9651.00657949973  1.838250299516647E-18
9654.66193032929  1.552522263606130E-18
9658.31719678686  1.382074667354372E-18
9661.97237826017  1.799545277884372E-18
9665.62747413566  6.913271053855209E-19
9669.28248379847  2.881268596869208E-18
9672.9374066324  1.794558205971290E-18
9676.59224201997  1.869303280097347E-18
9680.24698934235  3.295491489519172E-18
9683.90164797941  2.943156802734354E-18
9687.55621730969  1.479758907432596E-18
9691.2106967104  1.577836575289667E-18
9694.86508555744  1.754244318047599E-18
9698.51938322535  1.928490327672200E-18
9702.17358908736  2.332800701451636E-18
9705.82770251534  1.239905067523352E-18
9709.48172287984  1.386105001491460E-18
9713.13564955005  1.451037025215647E-18
9716.78948189383  1.587752196087493E-18
9720.44321927768  3.020722355954064E-18
