3602.42187457041  1.144410E-16
3604.84374914081  8.887635E-17
3607.26562371122  1.302666E-16
3609.68749828163  9.877904E-17
3612.10937285203  5.766914E-17
3614.53124742244  1.157375E-16
3616.95312199284  8.630965E-17
3619.37499656325  -1.043368E-17
3621.79687113366  -1.446477E-18
3624.21874570406  1.116223E-16
3626.64062027447  1.359019E-16
3629.06249484488  5.998910E-17
3631.48436941528  4.937723E-17
3633.90624398569  2.084776E-17
3636.32811855609  7.109689E-17
3638.7499931265  1.435912E-16
3641.17186769691  1.301637E-16
3643.59374226731  9.299876E-17
3646.01561683772  8.643814E-17
3648.43749140813  9.667700E-17
3650.85936597853  1.053268E-16
3653.28124054894  7.098665E-17
3655.70311511935  1.036322E-16
3658.12498968975  1.480667E-16
3660.54686426016  1.004107E-16
3662.96873883056  1.073773E-16
3665.39061340097  8.149702E-17
3667.81248797138  7.345828E-17
3670.23436254178  2.372957E-17
3672.65623711219  1.621383E-17
3675.0781116826  5.104190E-17
3677.499986253  5.670741E-17
3679.92186082341  7.024684E-17
3682.34373539381  6.175208E-17
3684.76560996422  5.584212E-17
3687.18748453463  6.664490E-17
3689.60935910503  6.321448E-17
3692.03123367544  7.569761E-17
3694.45310824585  4.393419E-17
3696.87498281625  4.122115E-17
3699.29685738666  7.882070E-17
3701.71873195707  5.370319E-17
3704.14060652747  5.246684E-17
3706.56248109788  5.201412E-17
3708.98435566828  6.184096E-17
3711.40623023869  6.838016E-17
3713.8281048091  4.484621E-17
3716.2499793795  5.231493E-17
3718.67185394991  5.324806E-17
3721.09372852031  4.927479E-17
3723.51560309072  5.202237E-17
3725.93747766113  7.329542E-17
3728.35935223153  4.065987E-17
3730.78122680194  3.976384E-17
3733.20310137235  6.209932E-17
3735.62497594275  5.660036E-17
3738.04685051316  3.527463E-17
3740.46872508357  2.947035E-17
3742.89059965397  3.072455E-17
3745.31247422438  4.048547E-17
3747.73434879478  5.648383E-17
3750.15622336519  6.699129E-17
3752.5780979356  5.982989E-17
3754.999972506  4.708689E-17
3757.42184707641  6.984186E-17
3759.84372164682  5.772428E-17
3762.26559621722  3.009171E-17
3764.68747078763  2.317927E-17
3767.10934535804  4.105398E-17
3769.53121992844  4.357646E-17
3771.95309449885  5.405598E-17
3774.37496906925  5.557209E-17
3776.79684363966  5.554788E-17
3779.21871821007  4.502518E-17
3781.64059278047  3.929219E-17
3784.06246735088  4.623571E-17
3786.48434192129  5.084470E-17
3788.90621649169  4.628917E-17
3791.3280910621  5.258014E-17
3793.7499656325  4.757946E-17
3796.17184020291  3.789836E-17
3798.59371477332  6.213151E-17
3801.01558934372  5.404086E-17
3803.43746391413  3.786966E-17
3805.85933848454  4.258998E-17
3808.28121305494  4.830375E-17
3810.70308762535  5.134295E-17
3813.12496219575  5.614836E-17
3815.54683676616  6.252863E-17
3817.96871133657  4.710674E-17
3820.39058590697  4.689226E-17
3822.81246047738  5.212376E-17
3825.23433504779  3.513077E-17
3827.65620961819  4.063307E-17
3830.0780841886  4.680066E-17
3832.499958759  4.256932E-17
3834.92183332941  4.323223E-17
3837.34370789982  5.241641E-17
3839.76558247022  4.594270E-17
3842.18745704063  3.962205E-17
3844.60933161104  3.033390E-17
3847.03120618144  3.079625E-17
3849.45308075185  3.981016E-17
3851.87495532226  4.826280E-17
3854.29682989266  4.535731E-17
3856.71870446307  4.348850E-17
3859.14057903347  4.337432E-17
3861.56245360388  4.366852E-17
3863.98432817429  4.397556E-17
3866.40620274469  3.663552E-17
3868.8280773151  4.601280E-17
3871.24995188551  4.761724E-17
3873.67182645591  3.998381E-17
3876.09370102632  4.890938E-17
3878.51557559672  4.259021E-17
3880.93745016713  4.534271E-17
3883.35932473754  4.724716E-17
3885.78119930794  3.976311E-17
3888.20307387835  4.786969E-17
3890.62494844876  5.476548E-17
3893.04682301916  5.130269E-17
3895.46869758957  4.387192E-17
3897.89057215998  5.273391E-17
3900.31244673038  5.115049E-17
3902.73432130079  4.351616E-17
3905.15619587119  4.532365E-17
3907.5780704416  4.442648E-17
3909.99994501201  4.872221E-17
3912.42181958241  4.966613E-17
3914.84369415282  5.038063E-17
3917.26556872323  5.005047E-17
3919.68744329363  4.809916E-17
3922.10931786404  4.206354E-17
3924.53119243445  4.616891E-17
3926.95306700485  4.304608E-17
3929.37494157526  4.250513E-17
3931.79681614566  5.270545E-17
3934.21869071607  4.921523E-17
3936.64056528648  5.115991E-17
3939.06243985688  5.141072E-17
3941.48431442729  4.699594E-17
3943.9061889977  5.385614E-17
3946.3280635681  5.158589E-17
3948.74993813851  5.533546E-17
3951.17181270891  4.635057E-17
3953.59368727932  4.169973E-17
3956.01556184973  4.717592E-17
3958.43743642013  4.546679E-17
3960.85931099054  5.377436E-17
3963.28118556095  4.392044E-17
3965.70306013135  4.059283E-17
3968.12493470176  4.387173E-17
3970.54680927216  4.583610E-17
3972.96868384257  4.541515E-17
3975.39055841298  4.856511E-17
3977.81243298338  4.656604E-17
3980.23430755379  4.434473E-17
3982.6561821242  4.872399E-17
3985.0780566946  4.588001E-17
3987.49993126501  3.700971E-17
3989.92180583542  4.253390E-17
3992.34368040582  4.829492E-17
3994.76555497623  4.448770E-17
3997.18742954663  4.882619E-17
3999.60930411704  4.458179E-17
4002.03117868745  4.225915E-17
4004.45305325785  4.815442E-17
4006.87492782826  4.791122E-17
4009.29680239866  4.614280E-17
4011.71867696907  5.722401E-17
4014.14055153948  5.817727E-17
4016.56242610988  5.423144E-17
4018.98430068029  5.518369E-17
4021.4061752507  5.271874E-17
4023.8280498211  5.089650E-17
4026.24992439151  4.141521E-17
4028.67179896191  4.337144E-17
4031.09367353232  4.456901E-17
4033.51554810273  5.098808E-17
4035.93742267313  4.736740E-17
4038.35929724354  4.482956E-17
4040.78117181395  5.038761E-17
4043.20304638435  4.467800E-17
4045.62492095476  4.400395E-17
4048.04679552517  4.553536E-17
4050.46867009557  4.721969E-17
4052.89054466598  5.052982E-17
4055.31241923639  4.676804E-17
4057.73429380679  4.375208E-17
4060.1561683772  4.649244E-17
4062.5780429476  5.550882E-17
4064.99991751801  5.540339E-17
4067.42179208842  4.854885E-17
4069.84366665882  4.874925E-17
4072.26554122923  5.185183E-17
4074.68741579964  5.051694E-17
4077.10929037004  5.745470E-17
4079.53116494045  5.812504E-17
4081.95303951085  4.893447E-17
4084.37491408126  5.019598E-17
4086.79678865167  5.053639E-17
4089.21866322207  5.777525E-17
4091.64053779248  5.877092E-17
4094.06241236289  5.148306E-17
4096.48428693329  5.607553E-17
4098.9061615037  7.037277E-17
4101.3280360741  6.406487E-17
4103.74991064451  6.150321E-17
4106.17178521492  5.872559E-17
4108.59365978532  6.013796E-17
4111.01553435573  5.432598E-17
4113.43740892614  4.857060E-17
4115.85928349654  4.530413E-17
4118.28115806695  4.135430E-17
4120.70303263736  4.548502E-17
4123.12490720776  5.042876E-17
4125.54678177817  4.283061E-17
4127.96865634857  4.237124E-17
4130.39053091898  4.839939E-17
4132.81240548939  4.766122E-17
4135.23428005979  5.326601E-17
4137.6561546302  5.245516E-17
4140.07802920061  4.379769E-17
4142.49990377101  4.708577E-17
4144.92177834142  5.516568E-17
4147.34365291182  4.975632E-17
4149.76552748223  4.790458E-17
4152.18740205264  4.871064E-17
4154.60927662304  5.439115E-17
4157.03115119345  5.669594E-17
4159.45302576386  4.497840E-17
4161.87490033426  5.585515E-17
4164.29677490467  5.964733E-17
4166.71864947508  5.131738E-17
4169.14052404548  4.996732E-17
4171.56239861589  4.320039E-17
4173.98427318629  4.696890E-17
4176.4061477567  4.601812E-17
4178.82802232711  4.740733E-17
4181.24989689751  6.098613E-17
4183.67177146792  5.700559E-17
4186.09364603833  5.235506E-17
4188.51552060873  5.166684E-17
4190.93739517914  5.567237E-17
4193.35926974954  4.985455E-17
4195.78114431995  4.047532E-17
4198.20301889036  4.523328E-17
4200.62489346076  4.818648E-17
4203.04676803117  4.849919E-17
4205.46864260158  4.475756E-17
4207.89051717198  5.204311E-17
4210.31239174239  5.474347E-17
4212.7342663128  4.926088E-17
4215.1561408832  4.620525E-17
4217.57801545361  4.323728E-17
4219.99989002401  4.385037E-17
4222.42176459442  3.991727E-17
4224.84363916483  4.501074E-17
4227.26551373523  5.053652E-17
4229.68738830564  5.381899E-17
4232.10926287605  5.462696E-17
4234.53113744645  4.657774E-17
4236.95301201686  4.282957E-17
4239.37488658726  5.168881E-17
4241.79676115767  4.875431E-17
4244.21863572808  4.943264E-17
4246.64051029848  5.430190E-17
4249.06238486889  5.119856E-17
4251.4842594393  4.341128E-17
4253.9061340097  4.460127E-17
4256.32800858011  4.931484E-17
4258.74988315051  4.983480E-17
4261.17175772092  4.696203E-17
4263.59363229133  4.974303E-17
4266.01550686173  4.761148E-17
4268.43738143214  4.484412E-17
4270.85925600255  4.364626E-17
4273.28113057295  4.264215E-17
4275.70300514336  4.316430E-17
4278.12487971377  4.447425E-17
4280.54675428417  4.106694E-17
4282.96862885458  4.208545E-17
4285.39050342498  4.595528E-17
4287.81237799539  4.289638E-17
4290.2342525658  4.446009E-17
4292.6561271362  4.225501E-17
4295.07800170661  4.938561E-17
4297.49987627702  5.264329E-17
4299.92175084742  4.618601E-17
4302.34362541783  4.622133E-17
4304.76549998823  4.902135E-17
4307.18737455864  4.770731E-17
4309.60924912905  5.035256E-17
4312.03112369945  4.684812E-17
4314.45299826986  4.868965E-17
4316.87487284027  4.959137E-17
4319.29674741067  4.620938E-17
4321.71862198108  4.279004E-17
4324.14049655148  4.113722E-17
4326.56237112189  4.434893E-17
4328.9842456923  4.372446E-17
4331.4061202627  4.579018E-17
4333.82799483311  5.498615E-17
4336.24986940352  5.016523E-17
4338.67174397392  4.567308E-17
4341.09361854433  4.290623E-17
4343.51549311473  4.189426E-17
4345.93736768514  3.995686E-17
4348.35924225555  4.735124E-17
4350.78111682596  5.006747E-17
4353.20299139636  4.314451E-17
4355.62486596677  4.265122E-17
4358.04674053717  4.807904E-17
4360.46861510758  4.864487E-17
4362.89048967798  4.353076E-17
4365.31236424839  3.533212E-17
4367.7342388188  4.823254E-17
4370.1561133892  4.843695E-17
4372.57798795961  4.456249E-17
4374.99986253002  4.502253E-17
4377.42173710042  4.082936E-17
4379.84361167083  4.893649E-17
4382.26548624124  5.676368E-17
4384.68736081164  5.169089E-17
4387.10923538205  4.664522E-17
4389.53110995246  5.252563E-17
4391.95298452286  5.397215E-17
4394.37485909327  4.966047E-17
4396.79673366367  4.985502E-17
4399.21860823408  5.102937E-17
4401.64048280449  4.900749E-17
4404.06235737489  5.015343E-17
4406.4842319453  4.500715E-17
4408.90610651571  4.325418E-17
4411.32798108611  4.884700E-17
4413.74985565652  5.088084E-17
4416.17173022692  4.570255E-17
4418.59360479733  4.584813E-17
4421.01547936774  4.060288E-17
4423.43735393814  4.232399E-17
4425.85922850855  4.320552E-17
4428.28110307896  4.600145E-17
4430.70297764936  4.379404E-17
4433.12485221977  4.566465E-17
4435.54672679017  4.876691E-17
4437.96860136058  5.417981E-17
4440.39047593099  5.248749E-17
4442.81235050139  5.176285E-17
4445.2342250718  5.063515E-17
4447.65609964221  5.512333E-17
4450.07797421261  5.942910E-17
4452.49984878302  5.159124E-17
4454.92172335343  5.337487E-17
4457.34359792383  5.170541E-17
4459.76547249424  5.439036E-17
4462.18734706464  5.256186E-17
4464.60922163505  5.197841E-17
4467.03109620546  5.705763E-17
4469.45297077586  5.058360E-17
4471.87484534627  5.187484E-17
4474.29671991668  5.362653E-17
4476.71859448708  4.836264E-17
4479.14046905749  5.096565E-17
4481.56234362789  4.819195E-17
4483.9842181983  4.846699E-17
4486.40609276871  4.558894E-17
4488.82796733911  4.953674E-17
4491.24984190952  4.679675E-17
4493.67171647993  4.782918E-17
4496.09359105033  4.806940E-17
4498.51546562074  4.748326E-17
4500.93734019115  4.802650E-17
4503.35921476155  5.119156E-17
4505.78108933196  5.307570E-17
4508.20296390236  4.545998E-17
4510.62483847277  4.468437E-17
4513.04671304318  4.803856E-17
4515.46858761358  4.576595E-17
4517.89046218399  4.005581E-17
4520.31233675439  3.934485E-17
4522.7342113248  4.637743E-17
4525.15608589521  5.199727E-17
4527.57796046561  5.038457E-17
4529.99983503602  4.456792E-17
4532.42170960643  4.807840E-17
4534.84358417683  5.123232E-17
4537.26545874724  5.041690E-17
4539.68733331765  5.029577E-17
4542.10920788805  4.569728E-17
4544.53108245846  4.147935E-17
4546.95295702887  4.305843E-17
4549.37483159927  4.982175E-17
4551.79670616968  4.774605E-17
4554.21858074008  4.467122E-17
4556.64045531049  4.606911E-17
4559.0623298809  4.563014E-17
4561.4842044513  4.862904E-17
4563.90607902171  4.797654E-17
4566.32795359212  4.541839E-17
4568.74982816252  4.548959E-17
4571.17170273293  4.366244E-17
4573.59357730334  4.166992E-17
4576.01545187374  4.419125E-17
4578.43732644415  4.659144E-17
4580.85920101455  4.435124E-17
4583.28107558496  4.652106E-17
4585.70295015537  4.804872E-17
4588.12482472577  4.249366E-17
4590.54669929618  4.194994E-17
4592.96857386658  4.643977E-17
4595.39044843699  5.068643E-17
4597.8123230074  4.548118E-17
4600.2341975778  4.812651E-17
4602.65607214821  5.419129E-17
4605.07794671862  5.069278E-17
4607.49982128902  4.771782E-17
4609.92169585943  4.462196E-17
4612.34357042983  4.686197E-17
4614.76544500024  5.341302E-17
4617.18731957065  5.703072E-17
4619.60919414105  4.820353E-17
4622.03106871146  4.793880E-17
4624.45294328187  4.446477E-17
4626.87481785227  4.320675E-17
4629.29669242268  4.778476E-17
4631.71856699309  4.197294E-17
4634.14044156349  4.144758E-17
4636.5623161339  4.404539E-17
4638.9841907043  4.261905E-17
4641.40606527471  4.596779E-17
4643.82793984512  4.723287E-17
4646.24981441552  4.430265E-17
4648.67168898593  4.944301E-17
4651.09356355634  4.831541E-17
4653.51543812674  4.486565E-17
4655.93731269715  4.356196E-17
4658.35918726755  4.810077E-17
4660.78106183796  4.398307E-17
4663.20293640837  4.688503E-17
4665.62481097877  4.653267E-17
4668.04668554918  4.028485E-17
4670.46856011959  4.348883E-17
4672.89043468999  4.736993E-17
4675.3123092604  4.666841E-17
4677.73418383081  4.348336E-17
4680.15605840121  4.431832E-17
4682.57793297162  4.392082E-17
4684.99980754202  4.759080E-17
4687.42168211243  4.627093E-17
4689.84355668284  4.757822E-17
4692.26543125324  4.405851E-17
4694.68730582365  4.086333E-17
4697.10918039406  4.932346E-17
4699.53105496446  5.057852E-17
4701.95292953487  4.425473E-17
4704.37480410527  4.258537E-17
4706.79667867568  4.908734E-17
4709.21855324609  5.189259E-17
4711.64042781649  4.975916E-17
4714.0623023869  4.994108E-17
4716.48417695731  5.118573E-17
4718.90605152771  5.126281E-17
4721.32792609812  4.768459E-17
4723.74980066852  4.845542E-17
4726.17167523893  4.441730E-17
4728.59354980934  4.482756E-17
4731.01542437974  4.112810E-17
4733.43729895015  4.169994E-17
4735.85917352056  4.434130E-17
4738.28104809096  4.317172E-17
4740.70292266137  4.839007E-17
4743.12479723178  4.691269E-17
4745.54667180218  4.297888E-17
4747.96854637259  4.679869E-17
4750.39042094299  5.003363E-17
4752.8122955134  4.570452E-17
4755.23417008381  4.671027E-17
4757.65604465421  4.049156E-17
4760.07791922462  4.032066E-17
4762.49979379503  4.465978E-17
4764.92166836543  4.162357E-17
4767.34354293584  4.122352E-17
4769.76541750624  4.467633E-17
4772.18729207665  4.414475E-17
4774.60916664706  3.794443E-17
4777.03104121746  4.496532E-17
4779.45291578787  4.643513E-17
4781.87479035828  4.428696E-17
4784.29666492868  4.853971E-17
4786.71853949909  4.774134E-17
4789.1404140695  4.535698E-17
4791.5622886399  4.596526E-17
4793.98416321031  4.246314E-17
4796.40603778071  3.913985E-17
4798.82791235112  3.946586E-17
4801.24978692153  4.524494E-17
4803.67166149193  4.496426E-17
4806.09353606234  4.200119E-17
4808.51541063275  4.320076E-17
4810.93728520315  3.727867E-17
4813.35915977356  4.182312E-17
4815.78103434396  4.348986E-17
4818.20290891437  4.258913E-17
4820.62478348478  4.609279E-17
4823.04665805518  4.552117E-17
4825.46853262559  4.688752E-17
4827.890407196  4.433712E-17
4830.3122817664  4.454270E-17
4832.73415633681  4.877484E-17
4835.15603090722  4.316097E-17
4837.57790547762  3.971147E-17
4839.99978004803  4.418684E-17
4842.42165461843  4.968445E-17
4844.84352918884  4.966294E-17
4847.26540375925  4.687188E-17
4849.68727832965  4.394077E-17
4852.10915290006  4.590070E-17
4854.53102747046  4.720035E-17
4856.95290204087  4.558371E-17
4859.37477661128  4.087123E-17
4861.79665118168  3.996971E-17
4864.21852575209  4.138727E-17
4866.6404003225  3.765868E-17
4869.0622748929  4.429069E-17
4871.48414946331  5.147159E-17
4873.90602403372  4.552607E-17
4876.32789860412  4.393671E-17
4878.74977317453  4.792008E-17
4881.17164774493  4.216202E-17
4883.59352231534  3.722427E-17
4886.01539688575  3.804679E-17
4888.43727145615  4.277875E-17
4890.85914602656  4.287322E-17
4893.28102059697  4.235664E-17
4895.70289516737  4.449041E-17
4898.12476973778  4.221689E-17
4900.54664430818  4.563428E-17
4902.96851887859  4.805356E-17
4905.390393449  5.140899E-17
4907.8122680194  4.689287E-17
4910.23414258981  4.456713E-17
4912.65601716022  4.650420E-17
4915.07789173062  4.498399E-17
4917.49976630103  4.553047E-17
4919.92164087143  4.246003E-17
4922.34351544184  4.553418E-17
4924.76539001225  4.853664E-17
4927.18726458265  4.174670E-17
4929.60913915306  4.495789E-17
4932.03101372347  5.097352E-17
4934.45288829387  4.798910E-17
4936.87476286428  4.326840E-17
4939.29663743469  4.160858E-17
4941.71851200509  4.158497E-17
4944.1403865755  4.160313E-17
4946.5622611459  4.491199E-17
4948.98413571631  4.571004E-17
4951.40601028672  4.542746E-17
4953.82788485712  4.193846E-17
4956.24975942753  4.375741E-17
4958.67163399794  4.837461E-17
4961.09350856834  4.335962E-17
4963.51538313875  3.776671E-17
4965.93725770916  4.646876E-17
4968.35913227956  4.765866E-17
4970.78100684997  4.853517E-17
4973.20288142037  4.948022E-17
4975.62475599078  4.432706E-17
4978.04663056119  4.533239E-17
4980.46850513159  4.945862E-17
4982.890379702  4.295601E-17
4985.31225427241  4.281941E-17
4987.73412884281  4.118584E-17
4990.15600341322  4.155491E-17
4992.57787798362  4.661677E-17
4994.99975255403  4.737379E-17
4997.42162712444  4.258607E-17
4999.84350169484  4.005019E-17
5002.26537626525  4.299370E-17
5004.68725083566  4.344578E-17
5007.10912540606  4.337909E-17
5009.53099997647  4.560334E-17
5011.95287454688  4.733117E-17
5014.37474911728  4.710552E-17
5016.79662368769  4.537487E-17
5019.21849825809  4.484110E-17
5021.6403728285  4.500610E-17
5024.06224739891  4.447552E-17
5026.48412196931  4.361163E-17
5028.90599653972  4.581133E-17
5031.32787111013  4.851444E-17
5033.74974568053  4.527888E-17
5036.17162025094  4.299257E-17
5038.59349482134  4.530585E-17
5041.01536939175  4.339589E-17
5043.43724396216  4.462184E-17
5045.85911853256  4.043986E-17
5048.28099310297  3.923147E-17
5050.70286767338  4.478824E-17
5053.12474224378  4.479770E-17
5055.54661681419  4.582606E-17
5057.9684913846  4.571803E-17
5060.390365955  4.476211E-17
5062.81224052541  4.523282E-17
5065.23411509581  4.056955E-17
5067.65598966622  3.913600E-17
5070.07786423663  4.360602E-17
5072.49973880703  4.530667E-17
5074.92161337744  5.018173E-17
5077.34348794785  4.612304E-17
5079.76536251825  4.016912E-17
5082.18723708866  4.137257E-17
5084.60911165906  4.329393E-17
5087.03098622947  4.204448E-17
5089.45286079988  3.766497E-17
5091.87473537028  4.372668E-17
5094.29660994069  4.457061E-17
5096.7184845111  3.901440E-17
5099.1403590815  4.093731E-17
5101.56223365191  3.940918E-17
5103.98410822232  3.877352E-17
5106.40598279272  4.328514E-17
5108.82785736313  4.018233E-17
5111.24973193353  4.050097E-17
5113.67160650394  4.623282E-17
5116.09348107435  4.432156E-17
5118.51535564475  4.353753E-17
5120.93723021516  4.429202E-17
5123.35910478557  4.091798E-17
5125.78097935597  4.109861E-17
5128.20285392638  3.832654E-17
5130.62472849679  3.670689E-17
5133.04660306719  4.121101E-17
5135.4684776376  4.351717E-17
5137.890352208  4.695004E-17
5140.31222677841  4.297613E-17
5142.73410134881  3.445431E-17
5145.15597591922  3.115062E-17
5147.57785048963  3.519480E-17
5149.99972506003  3.899830E-17
5152.42159963044  3.977437E-17
5154.84347420085  3.754597E-17
5157.26534877125  4.193030E-17
5159.68722334166  4.350810E-17
5162.10909791207  4.492379E-17
5164.53097248247  4.487208E-17
5166.95284705288  4.019296E-17
5169.37472162328  3.779376E-17
5171.79659619369  4.483301E-17
5174.2184707641  4.524592E-17
5176.6403453345  4.382322E-17
5179.06221990491  3.964058E-17
5181.48409447532  4.281725E-17
5183.90596904572  3.912346E-17
5186.32784361613  4.024938E-17
5188.74971818653  4.014056E-17
5191.17159275694  4.425807E-17
5193.59346732735  4.815097E-17
5196.01534189775  3.895644E-17
5198.43721646816  3.641301E-17
5200.85909103857  3.992734E-17
5203.28096560897  4.754806E-17
5205.70284017938  4.383763E-17
5208.12471474979  3.782540E-17
5210.54658932019  3.523045E-17
5212.9684638906  3.846513E-17
5215.390338461  4.137805E-17
5217.81221303141  3.750026E-17
5220.23408760182  4.084451E-17
5222.65596217222  3.522300E-17
5225.07783674263  3.208157E-17
5227.49971131304  3.439469E-17
5229.92158588344  3.455781E-17
5232.34346045385  3.618907E-17
5234.76533502426  3.880820E-17
5237.18720959466  3.947519E-17
5239.60908416507  4.349564E-17
5242.03095873548  3.861977E-17
5244.45283330588  3.912841E-17
5246.87470787629  3.958241E-17
5249.29658244669  4.044849E-17
5251.7184570171  4.420408E-17
5254.14033158751  3.945002E-17
5256.56220615791  4.422999E-17
5258.98408072832  4.125494E-17
5261.40595529872  3.463611E-17
5263.82782986913  3.669244E-17
5266.24970443954  3.679865E-17
5268.67157900994  3.231600E-17
5271.09345358035  3.507858E-17
5273.51532815076  3.742655E-17
5275.93720272116  4.003141E-17
5278.35907729157  4.320407E-17
5280.78095186197  4.186335E-17
5283.20282643238  4.219308E-17
5285.62470100279  4.569783E-17
5288.04657557319  4.079331E-17
5290.4684501436  4.230475E-17
5292.89032471401  3.964686E-17
5295.31219928441  3.834550E-17
5297.73407385482  4.184825E-17
5300.15594842522  3.720644E-17
5302.57782299563  3.427683E-17
5304.99969756604  3.916844E-17
5307.42157213644  4.412656E-17
5309.84344670685  4.515611E-17
5312.26532127726  4.126523E-17
5314.68719584766  3.728543E-17
5317.10907041807  3.862321E-17
5319.53094498848  3.733036E-17
5321.95281955888  4.372088E-17
5324.37469412929  4.260382E-17
5326.79656869969  3.927262E-17
5329.2184432701  3.912956E-17
5331.64031784051  3.389650E-17
5334.06219241091  3.492415E-17
5336.48406698132  3.510028E-17
5338.90594155173  3.206475E-17
5341.32781612213  3.584302E-17
5343.74969069254  4.066801E-17
5346.17156526295  4.333206E-17
5348.59343983335  4.192237E-17
5351.01531440376  4.403848E-17
5353.43718897416  4.197561E-17
5355.85906354457  4.968912E-17
5358.28093811498  5.083612E-17
5360.70281268538  4.251845E-17
5363.12468725579  3.942276E-17
5365.54656182619  5.018979E-17
5367.9684363966  4.305204E-17
5370.39031096701  3.836515E-17
5372.81218553741  4.218378E-17
5375.23406010782  4.085624E-17
5377.65593467823  3.848938E-17
5380.07780924863  3.835997E-17
5382.49968381904  4.301238E-17
5384.92155838945  3.887649E-17
5387.34343295985  4.066162E-17
5389.76530753026  3.532973E-17
5392.18718210066  3.139565E-17
5394.60905667107  3.997181E-17
5397.03093124148  4.124749E-17
5399.45280581188  3.180608E-17
5401.87468038229  3.206875E-17
5404.2965549527  3.708068E-17
5406.7184295231  3.939744E-17
5409.14030409351  4.069928E-17
5411.56217866392  4.052330E-17
5413.98405323432  3.269249E-17
5416.40592780473  3.082514E-17
5418.82780237513  3.489885E-17
5421.24967694554  3.996320E-17
5423.67155151595  4.188239E-17
5426.09342608635  3.732910E-17
5428.51530065676  3.594601E-17
5430.93717522717  3.388944E-17
5433.35904979757  3.432782E-17
5435.78092436798  3.527044E-17
5438.20279893838  3.676065E-17
5440.62467350879  3.539378E-17
5443.0465480792  3.532862E-17
5445.4684226496  3.339601E-17
5447.89029722001  3.224743E-17
5450.31217179042  4.179152E-17
5452.73404636082  4.347031E-17
5455.15592093123  3.221930E-17
5457.57779550164  3.003932E-17
5459.99967007204  3.770135E-17
5462.42154464245  3.467407E-17
5464.84341921285  3.531980E-17
5467.26529378326  4.000982E-17
5469.68716835367  3.674014E-17
5472.10904292407  3.558241E-17
5474.53091749448  3.141557E-17
5476.95279206489  3.205071E-17
5479.37466663529  4.245933E-17
5481.7965412057  3.748616E-17
5484.2184157761  3.910394E-17
5486.64029034651  3.851497E-17
5489.06216491692  3.331407E-17
5491.48403948732  3.499391E-17
5493.90591405773  3.848772E-17
5496.32778862814  4.001467E-17
5498.74966319854  3.672678E-17
5501.17153776895  3.706681E-17
5503.59341233935  3.767310E-17
5506.01528690976  3.940731E-17
5508.43716148017  3.621154E-17
5510.85903605057  3.585395E-17
5513.28091062098  3.368342E-17
5515.70278519139  3.421973E-17
5518.12465976179  3.462355E-17
5520.5465343322  3.513760E-17
5522.96840890261  3.885594E-17
5525.39028347301  3.668533E-17
5527.81215804342  3.748234E-17
5530.23403261382  3.987403E-17
5532.65590718423  3.740454E-17
5535.07778175464  3.758277E-17
5537.49965632504  3.569585E-17
5539.92153089545  4.212929E-17
5542.34340546586  4.563889E-17
5544.76528003626  4.003843E-17
5547.18715460667  4.024081E-17
5549.60902917708  4.208659E-17
5552.03090374748  3.327688E-17
5554.45277831789  3.720581E-17
5556.87465288829  3.633351E-17
5559.2965274587  3.670050E-17
5561.71840202911  3.511617E-17
5564.14027659951  3.526632E-17
5566.56215116992  3.202182E-17
5568.98402574033  3.414270E-17
5571.40590031073  3.813095E-17
5573.82777488114  2.759698E-17
5576.24964945154  7.832440E-18
5578.67152402195  1.308214E-17
5581.09339859236  4.655116E-17
5583.51527316276  5.732146E-17
5585.93714773317  4.631785E-17
5588.35902230358  4.000153E-17
5590.78089687398  3.497005E-17
5593.20277144439  2.729010E-17
5595.62464601479  3.125710E-17
5598.0465205852  4.240159E-17
5600.46839515561  3.982041E-17
5602.89026972601  3.430693E-17
5605.31214429642  3.571862E-17
5607.73401886683  3.570218E-17
5610.15589343723  3.360347E-17
5612.57776800764  3.775387E-17
5614.99964257805  3.272851E-17
5617.42151714845  3.682072E-17
5619.84339171886  3.949725E-17
5622.26526628926  3.479370E-17
5624.68714085967  3.346433E-17
5627.10901543008  3.261086E-17
5629.53089000048  3.271655E-17
5631.95276457089  3.465417E-17
5634.3746391413  3.553644E-17
5636.7965137117  3.577641E-17
5639.21838828211  3.345914E-17
5641.64026285251  3.637371E-17
5644.06213742292  3.921356E-17
5646.48401199333  3.616601E-17
5648.90588656373  3.477775E-17
5651.32776113414  3.128563E-17
5653.74963570455  3.270220E-17
5656.17151027495  3.394588E-17
5658.59338484536  3.292843E-17
5661.01525941577  2.979413E-17
5663.43713398617  3.304340E-17
5665.85900855658  3.856536E-17
5668.28088312698  3.192218E-17
5670.70275769739  3.433395E-17
5673.1246322678  3.350428E-17
5675.5465068382  2.585748E-17
5677.96838140861  2.849380E-17
5680.39025597902  3.296910E-17
5682.81213054942  2.975165E-17
5685.23400511983  2.295296E-17
5687.65587969024  2.863393E-17
5690.07775426064  3.195778E-17
5692.49962883105  2.669045E-17
5694.92150340145  2.721772E-17
5697.34337797186  2.889656E-17
5699.76525254227  3.047459E-17
5702.18712711267  3.137187E-17
5704.60900168308  3.091839E-17
5707.03087625349  3.241190E-17
5709.45275082389  2.764934E-17
5711.8746253943  2.923402E-17
5714.2964999647  2.882969E-17
5716.71837453511  3.001032E-17
5719.14024910552  2.797354E-17
5721.56212367592  2.614711E-17
5723.98399824633  2.903904E-17
5726.40587281673  3.100878E-17
5728.82774738714  3.283987E-17
5731.24962195755  3.417463E-17
5733.67149652795  3.688271E-17
5736.09337109836  3.567715E-17
5738.51524566877  3.293277E-17
5740.93712023917  3.068940E-17
5743.35899480958  2.674067E-17
5745.78086937999  3.057053E-17
5748.20274395039  3.355130E-17
5750.6246185208  3.102216E-17
5753.0464930912  2.580069E-17
5755.46836766161  3.162436E-17
5757.89024223202  3.514699E-17
5760.31211680242  2.907149E-17
5762.73399137283  2.881300E-17
5765.15586594324  3.716117E-17
5767.57774051364  2.855258E-17
5769.99961508405  2.305171E-17
5772.42148965446  2.871208E-17
5774.84336422486  3.185183E-17
5777.26523879527  3.018224E-17
5779.68711336567  2.739787E-17
5782.10898793608  2.652903E-17
5784.53086250649  3.172023E-17
5786.95273707689  3.115191E-17
5789.3746116473  2.669263E-17
5791.79648621771  3.222699E-17
5794.21836078811  3.092553E-17
5796.64023535852  2.693851E-17
5799.06210992892  2.785071E-17
5801.48398449933  2.622401E-17
5803.90585906974  3.068535E-17
5806.32773364014  2.828605E-17
5808.74960821055  3.292051E-17
5811.17148278096  3.319110E-17
5813.59335735136  3.086667E-17
5816.01523192177  3.015475E-17
5818.43710649217  3.109804E-17
5820.85898106258  3.303103E-17
5823.28085563299  3.048255E-17
5825.70273020339  2.877444E-17
5828.1246047738  3.071974E-17
5830.54647934421  3.064649E-17
5832.96835391461  3.164986E-17
5835.39022848502  3.257495E-17
5837.81210305543  2.665062E-17
5840.23397762583  2.546129E-17
5842.65585219624  3.071234E-17
5845.07772676664  3.563512E-17
5847.49960133705  3.182213E-17
5849.92147590746  2.942446E-17
5852.34335047786  3.221286E-17
5854.76522504827  2.769530E-17
5857.18709961868  2.938433E-17
5859.60897418908  2.949113E-17
5862.03084875949  2.962994E-17
5864.45272332989  2.871911E-17
5866.8745979003  2.689648E-17
5869.29647247071  2.769710E-17
5871.71834704111  2.811352E-17
5874.14022161152  3.040649E-17
5876.56209618193  3.202262E-17
5878.98397075233  3.212049E-17
5881.40584532274  3.051954E-17
5883.82771989315  2.899736E-17
5886.24959446355  3.025912E-17
5888.67146903396  2.841472E-17
5891.09334360436  2.761363E-17
5893.51521817477  2.629520E-17
5895.93709274518  2.282546E-17
5898.35896731558  2.488523E-17
5900.78084188599  2.268573E-17
5903.2027164564  2.762852E-17
5905.6245910268  3.286087E-17
5908.04646559721  2.934083E-17
5910.46834016761  2.553805E-17
5912.89021473802  2.912795E-17
5915.31208930843  2.867487E-17
5917.73396387883  2.766034E-17
5920.15583844924  2.422938E-17
5922.57771301964  2.490672E-17
5924.99958759005  2.830511E-17
5927.42146216046  2.860193E-17
5929.84333673086  2.967956E-17
5932.26521130127  3.306743E-17
5934.68708587168  2.635758E-17
5937.10896044208  2.910706E-17
5939.53083501249  2.718081E-17
5941.95270958289  2.540436E-17
5944.3745841533  2.907481E-17
5946.79645872371  2.720385E-17
5949.21833329411  2.679795E-17
5951.64020786452  3.039705E-17
5954.06208243493  2.949006E-17
5956.48395700533  2.297684E-17
5958.90583157574  1.883419E-17
5961.32770614615  2.413627E-17
5963.74958071655  2.435442E-17
5966.17145528696  2.873577E-17
5968.59332985737  3.055909E-17
5971.01520442777  2.800600E-17
5973.43707899818  2.920722E-17
5975.85895356858  2.985314E-17
5978.28082813899  2.982549E-17
5980.7027027094  3.008782E-17
5983.1245772798  2.861356E-17
5985.54645185021  2.899842E-17
5987.96832642062  2.250049E-17
5990.39020099102  2.297343E-17
5992.81207556143  2.912425E-17
5995.23395013184  2.907423E-17
5997.65582470224  2.410086E-17
6000.07769927265  2.619558E-17
6002.49957384305  2.766786E-17
6004.92144841346  2.756460E-17
6007.34332298387  3.000316E-17
6009.76519755427  3.043917E-17
6012.18707212468  2.874193E-17
6014.60894669508  2.958863E-17
6017.03082126549  3.061569E-17
6019.4526958359  3.143685E-17
6021.8745704063  3.142607E-17
6024.29644497671  2.517415E-17
6026.71831954712  2.690977E-17
6029.14019411752  3.118136E-17
6031.56206868793  2.928125E-17
6033.98394325833  3.170881E-17
6036.40581782874  3.041537E-17
6038.82769239915  2.770543E-17
6041.24956696955  2.966877E-17
6043.67144153996  2.749292E-17
6046.09331611037  2.527542E-17
6048.51519068077  2.532491E-17
6050.93706525118  2.590006E-17
6053.35893982159  2.939091E-17
6055.78081439199  2.905288E-17
6058.2026889624  2.642319E-17
6060.6245635328  2.787135E-17
6063.04643810321  2.929607E-17
6065.46831267362  3.153149E-17
6067.89018724402  3.179403E-17
6070.31206181443  3.119338E-17
6072.73393638484  3.168271E-17
6075.15581095524  2.595106E-17
6077.57768552565  2.605750E-17
6079.99956009606  2.854553E-17
6082.42143466646  3.250617E-17
6084.84330923687  3.141441E-17
6087.26518380727  2.979695E-17
6089.68705837768  2.688217E-17
6092.10893294809  2.419232E-17
6094.53080751849  2.875213E-17
6096.9526820889  3.112867E-17
6099.37455665931  3.262526E-17
6101.79643122971  2.985074E-17
6104.21830580012  3.043788E-17
6106.64018037052  3.385185E-17
6109.06205494093  2.779786E-17
6111.48392951134  2.690973E-17
6113.90580408174  2.798130E-17
6116.32767865215  2.725053E-17
6118.74955322256  2.682531E-17
6121.17142779296  2.929758E-17
6123.59330236337  2.942280E-17
6126.01517693378  2.711325E-17
6128.43705150418  2.714109E-17
6130.85892607459  2.777521E-17
6133.28080064499  2.719454E-17
6135.7026752154  2.824495E-17
6138.12454978581  2.585066E-17
6140.54642435621  2.773089E-17
6142.96829892662  3.133205E-17
6145.39017349703  3.015223E-17
6147.81204806743  3.173537E-17
6150.23392263784  2.626757E-17
6152.65579720824  2.426231E-17
6155.07767177865  2.401087E-17
6157.49954634906  2.508599E-17
6159.92142091946  2.546679E-17
6162.34329548987  2.643065E-17
6164.76517006028  2.813660E-17
6167.18704463068  2.595050E-17
6169.60891920109  2.633323E-17
6172.03079377149  3.004504E-17
6174.4526683419  3.112365E-17
6176.87454291231  3.044810E-17
6179.29641748271  2.859278E-17
6181.71829205312  2.942777E-17
6184.14016662353  2.703529E-17
6186.56204119393  2.274205E-17
6188.98391576434  2.626742E-17
6191.40579033475  3.047770E-17
6193.82766490515  2.847572E-17
6196.24953947556  3.088516E-17
6198.67141404596  2.988854E-17
6201.09328861637  2.551230E-17
6203.51516318678  2.842381E-17
6205.93703775718  2.689798E-17
6208.35891232759  2.752391E-17
6210.780786898  2.692696E-17
6213.2026614684  2.723130E-17
6215.62453603881  2.688566E-17
6218.04641060922  2.363283E-17
6220.46828517962  2.368168E-17
6222.89015975003  2.343324E-17
6225.31203432043  2.550996E-17
6227.73390889084  2.547707E-17
6230.15578346124  2.246369E-17
6232.57765803165  2.624905E-17
6234.99953260206  3.215857E-17
6237.42140717246  2.800712E-17
6239.84328174287  2.759069E-17
6242.26515631328  2.878434E-17
6244.68703088369  2.821631E-17
6247.10890545409  2.469712E-17
6249.5307800245  2.666316E-17
6251.9526545949  2.563683E-17
6254.37452916531  2.559889E-17
6256.79640373571  2.807611E-17
6259.21827830612  2.795127E-17
6261.64015287653  2.699879E-17
6264.06202744693  2.365165E-17
6266.48390201734  2.329645E-17
6268.90577658775  2.412025E-17
6271.32765115815  2.462593E-17
6273.74952572856  2.154095E-17
6276.17140029897  2.420617E-17
6278.59327486937  2.520878E-17
6281.01514943978  2.930649E-17
6283.43702401019  2.636101E-17
6285.85889858059  2.303851E-17
6288.280773151  2.574621E-17
6290.7026477214  2.629230E-17
6293.12452229181  2.520710E-17
6295.54639686222  2.487943E-17
6297.96827143262  1.949015E-17
6300.39014600303  1.382634E-17
6302.81202057343  8.614026E-18
6305.23389514384  1.761438E-17
6307.65576971425  2.642976E-17
6310.07764428465  2.471678E-17
6312.49951885506  2.563347E-17
6314.92139342547  2.820359E-17
6317.34326799587  2.930515E-17
6319.76514256628  2.362274E-17
6322.18701713668  2.622565E-17
6324.60889170709  2.693398E-17
6327.0307662775  2.687172E-17
6329.4526408479  2.736871E-17
6331.87451541831  2.604499E-17
6334.29638998872  2.550163E-17
6336.71826455912  2.609234E-17
6339.14013912953  2.599959E-17
6341.56201369994  2.714698E-17
6343.98388827034  2.539462E-17
6346.40576284075  2.588460E-17
6348.82763741115  2.437908E-17
6351.24951198156  2.405176E-17
6353.67138655197  2.179722E-17
6356.09326112237  2.246965E-17
6358.51513569278  2.637711E-17
6360.93701026319  2.490183E-17
6363.35888483359  2.644028E-17
6365.780759404  2.784605E-17
6368.2026339744  2.071717E-17
6370.62450854481  2.552803E-17
6373.04638311522  3.059502E-17
6375.46825768562  2.247197E-17
6377.89013225603  2.064325E-17
6380.31200682644  2.359429E-17
6382.73388139684  2.416785E-17
6385.15575596725  2.371072E-17
6387.57763053766  2.320633E-17
6389.99950510806  2.506018E-17
6392.42137967847  2.672412E-17
6394.84325424887  2.663474E-17
6397.26512881928  2.766485E-17
6399.68700338969  2.473898E-17
6402.10887796009  2.733230E-17
6404.5307525305  2.710609E-17
6406.95262710091  2.438209E-17
6409.37450167131  2.175905E-17
6411.79637624172  2.381527E-17
6414.21825081212  2.686239E-17
6416.64012538253  2.468893E-17
6419.06199995294  2.050975E-17
6421.48387452334  2.247095E-17
6423.90574909375  2.410630E-17
6426.32762366416  2.529462E-17
6428.74949823456  2.585069E-17
6431.17137280497  2.284031E-17
6433.59324737537  2.269694E-17
6436.01512194578  2.609904E-17
6438.43699651619  2.526450E-17
6440.85887108659  2.221976E-17
6443.280745657  2.542510E-17
6445.70262022741  2.558566E-17
6448.12449479781  2.629282E-17
6450.54636936822  2.236138E-17
6452.96824393863  2.195443E-17
6455.39011850903  2.442543E-17
6457.81199307944  2.850875E-17
6460.23386764984  2.766508E-17
6462.65574222025  2.769160E-17
6465.07761679066  2.622696E-17
6467.49949136106  2.618776E-17
6469.92136593147  2.582811E-17
6472.34324050188  2.625770E-17
6474.76511507228  2.534207E-17
6477.18698964269  2.173691E-17
6479.60886421309  2.642859E-17
6482.0307387835  2.867402E-17
6484.45261335391  2.502531E-17
6486.87448792431  2.621498E-17
6489.29636249472  2.471711E-17
6491.71823706513  2.309697E-17
6494.14011163553  2.374909E-17
6496.56198620594  2.653667E-17
6498.98386077635  3.054028E-17
6501.40573534675  2.493703E-17
6503.82760991716  2.695438E-17
6506.24948448756  2.639604E-17
6508.67135905797  2.697977E-17
6511.09323362838  2.440396E-17
6513.51510819878  2.256533E-17
6515.93698276919  2.650403E-17
6518.3588573396  2.917233E-17
6520.78073191  2.751437E-17
6523.20260648041  2.534119E-17
6525.62448105082  2.762252E-17
6528.04635562122  2.651429E-17
6530.46823019163  2.737239E-17
6532.89010476203  2.365501E-17
6535.31197933244  2.329110E-17
6537.73385390285  2.438937E-17
6540.15572847325  2.745663E-17
6542.57760304366  2.192143E-17
6544.99947761406  2.341856E-17
6547.42135218447  2.440060E-17
6549.84322675488  2.454522E-17
6552.26510132528  2.566476E-17
6554.68697589569  2.512149E-17
6557.1088504661  2.440574E-17
6559.5307250365  2.474497E-17
6561.95259960691  2.316295E-17
6564.37447417732  2.254979E-17
6566.79634874772  2.436258E-17
6569.21822331813  2.534459E-17
6571.64009788853  2.310644E-17
6574.06197245894  2.303973E-17
6576.48384702935  2.375125E-17
6578.90572159975  2.318662E-17
6581.32759617016  2.125245E-17
6583.74947074057  2.362498E-17
6586.17134531097  2.500765E-17
6588.59321988138  2.292631E-17
6591.01509445179  2.366660E-17
6593.43696902219  2.321053E-17
6595.8588435926  1.925709E-17
6598.280718163  2.253475E-17
6600.70259273341  2.832986E-17
6603.12446730382  2.938681E-17
6605.54634187422  2.548665E-17
6607.96821644463  2.277386E-17
6610.39009101504  2.175458E-17
6612.81196558544  2.292234E-17
6615.23384015585  2.323393E-17
6617.65571472625  2.404315E-17
6620.07758929666  2.320432E-17
6622.49946386707  2.300093E-17
6624.92133843747  2.300964E-17
6627.34321300788  2.078962E-17
6629.76508757829  2.376311E-17
6632.18696214869  2.459362E-17
6634.6088367191  2.492319E-17
6637.03071128951  2.586252E-17
6639.45258585991  2.246536E-17
6641.87446043032  2.068162E-17
6644.29633500072  2.743318E-17
6646.71820957113  2.809143E-17
6649.14008414154  2.757459E-17
6651.56195871194  2.536814E-17
6653.98383328235  2.155053E-17
6656.40570785276  2.307931E-17
6658.82758242316  2.392565E-17
6661.24945699357  2.358980E-17
6663.67133156397  2.323363E-17
6666.09320613438  2.195957E-17
6668.51508070479  2.382737E-17
6670.93695527519  2.420081E-17
6673.3588298456  1.875434E-17
6675.780704416  2.213266E-17
6678.20257898641  2.651291E-17
6680.62445355682  2.294117E-17
6683.04632812723  2.174808E-17
6685.46820269763  2.256262E-17
6687.89007726804  2.416383E-17
6690.31195183844  2.191988E-17
6692.73382640885  2.276641E-17
6695.15570097926  2.062903E-17
6697.57757554966  2.200405E-17
6699.99945012007  2.722102E-17
6702.42132469048  2.210447E-17
6704.84319926088  2.178521E-17
6707.26507383129  2.568998E-17
6709.68694840169  2.571029E-17
6712.1088229721  2.169029E-17
6714.53069754251  2.157225E-17
6716.95257211291  2.099864E-17
6719.37444668332  2.496459E-17
6721.79632125373  2.348469E-17
6724.21819582413  2.171936E-17
6726.64007039454  2.532689E-17
6729.06194496495  2.399156E-17
6731.48381953535  2.212712E-17
6733.90569410576  2.207461E-17
6736.32756867616  2.252858E-17
6738.74944324657  2.088774E-17
6741.17131781698  2.173677E-17
6743.59319238738  2.336445E-17
6746.01506695779  2.385392E-17
6748.4369415282  2.337039E-17
6750.8588160986  2.177141E-17
6753.28069066901  2.184284E-17
6755.70256523941  2.078288E-17
6758.12443980982  1.972353E-17
6760.54631438023  2.007272E-17
6762.96818895063  1.889449E-17
6765.39006352104  2.131799E-17
6767.81193809145  1.948341E-17
6770.23381266185  1.898739E-17
6772.65568723226  2.227141E-17
6775.07756180266  2.448253E-17
6777.49943637307  2.280234E-17
6779.92131094348  2.303648E-17
6782.34318551388  2.739584E-17
6784.76506008429  2.333300E-17
6787.1869346547  2.085995E-17
6789.6088092251  2.252243E-17
6792.03068379551  2.305173E-17
6794.45255836592  2.493944E-17
6796.87443293632  2.327871E-17
6799.29630750673  2.263889E-17
6801.71818207713  2.434477E-17
6804.14005664754  2.347255E-17
6806.56193121795  2.562425E-17
6808.98380578835  2.475919E-17
6811.40568035876  2.278073E-17
6813.82755492917  2.247195E-17
6816.24942949957  2.384105E-17
6818.67130406998  1.977111E-17
6821.09317864038  2.173788E-17
6823.51505321079  2.309034E-17
6825.9369277812  2.087153E-17
6828.3588023516  2.344432E-17
6830.78067692201  2.119871E-17
6833.20255149242  2.380352E-17
6835.62442606282  2.228858E-17
6838.04630063323  1.797551E-17
6840.46817520363  1.650966E-17
6842.89004977404  1.877531E-17
6845.31192434445  1.573384E-17
6847.73379891486  1.992208E-17
6850.15567348526  2.215472E-17
6852.57754805567  2.029258E-17
6854.99942262607  2.056499E-17
6857.42129719648  2.192594E-17
6859.84317176689  2.283418E-17
6862.26504633729  2.580259E-17
6864.6869209077  2.101963E-17
6867.1087954781  2.104433E-17
6869.53067004851  2.495318E-17
6871.95254461892  1.762910E-17
6874.37441918932  2.140428E-17
6876.79629375973  2.417444E-17
6879.21816833014  1.462900E-17
6881.64004290054  2.142040E-17
6884.06191747095  2.449537E-17
6886.48379204135  2.673836E-17
6888.90566661176  2.436814E-17
6891.32754118217  1.880225E-17
6893.74941575257  2.198173E-17
6896.17129032298  2.362614E-17
6898.59316489339  2.263928E-17
6901.01503946379  2.741406E-17
6903.4369140342  2.761516E-17
6905.8587886046  2.255981E-17
6908.28066317501  2.279381E-17
6910.70253774542  2.557310E-17
6913.12441231582  2.173611E-17
6915.54628688623  2.253949E-17
6917.96816145664  2.505539E-17
6920.39003602704  2.800399E-17
6922.81191059745  2.328860E-17
6925.23378516786  2.273388E-17
6927.65565973826  2.070988E-17
6930.07753430867  2.038164E-17
6932.49940887907  2.197856E-17
6934.92128344948  1.714638E-17
6937.34315801989  2.057030E-17
6939.76503259029  2.578802E-17
6942.1869071607  2.028237E-17
6944.60878173111  1.776789E-17
6947.03065630151  2.056590E-17
6949.45253087192  2.140124E-17
6951.87440544233  2.392981E-17
6954.29628001273  2.491958E-17
6956.71815458314  2.268275E-17
6959.14002915354  2.106954E-17
6961.56190372395  2.136683E-17
6963.98377829436  1.884632E-17
6966.40565286476  2.202214E-17
6968.82752743517  2.470355E-17
6971.24940200557  2.088160E-17
6973.67127657598  2.585877E-17
6976.09315114639  2.638342E-17
6978.51502571679  2.669387E-17
6980.9369002872  1.934512E-17
6983.35877485761  1.504012E-17
6985.78064942801  2.046535E-17
6988.20252399842  2.422715E-17
6990.62439856882  2.247923E-17
6993.04627313923  1.921674E-17
6995.46814770964  2.035973E-17
6997.89002228004  2.127815E-17
7000.31189685045  2.038842E-17
7002.73377142086  2.042460E-17
7005.15564599126  1.981312E-17
7007.57752056167  1.721900E-17
7009.99939513208  1.699641E-17
7012.42126970248  2.003678E-17
7014.84314427289  1.951305E-17
7017.26501884329  1.876871E-17
7019.6868934137  2.156593E-17
7022.10876798411  2.016231E-17
7024.53064255451  2.028564E-17
7026.95251712492  1.999160E-17
7029.37439169533  2.034556E-17
7031.79626626573  2.125557E-17
7034.21814083614  2.362589E-17
7036.64001540655  2.581297E-17
7039.06188997695  2.350013E-17
7041.48376454736  2.244621E-17
7043.90563911776  1.948606E-17
7046.32751368817  1.882654E-17
7048.74938825858  2.400893E-17
7051.17126282898  2.169885E-17
7053.59313739939  2.222305E-17
7056.0150119698  2.090270E-17
7058.4368865402  1.703611E-17
7060.85876111061  2.385195E-17
7063.28063568102  2.503569E-17
7065.70251025142  2.064322E-17
7068.12438482183  2.029227E-17
7070.54625939223  1.975918E-17
7072.96813396264  2.131503E-17
7075.39000853305  2.424038E-17
7077.81188310345  2.506362E-17
7080.23375767386  2.472603E-17
7082.65563224427  2.402575E-17
7085.07750681467  1.996168E-17
7087.49938138508  2.027970E-17
7089.92125595548  2.474325E-17
7092.34313052589  2.239765E-17
7094.7650050963  1.920138E-17
7097.1868796667  2.120320E-17
7099.60875423711  2.272196E-17
7102.03062880751  2.230938E-17
7104.45250337792  2.500264E-17
7106.87437794833  2.490326E-17
7109.29625251873  2.321056E-17
7111.71812708914  2.479794E-17
7114.14000165955  2.444126E-17
7116.56187622995  2.193945E-17
7118.98375080036  2.351054E-17
7121.40562537077  2.590630E-17
7123.82749994117  2.526485E-17
7126.24937451158  2.148508E-17
7128.67124908198  2.087575E-17
7131.09312365239  2.472287E-17
7133.5149982228  2.552802E-17
7135.9368727932  2.405311E-17
7138.35874736361  2.198106E-17
7140.78062193402  2.212150E-17
7143.20249650442  2.294331E-17
7145.62437107483  2.267780E-17
7148.04624564524  2.318971E-17
7150.46812021564  2.595306E-17
7152.88999478605  2.424227E-17
7155.31186935645  2.311203E-17
7157.73374392686  1.881171E-17
7160.15561849727  1.929312E-17
7162.57749306767  1.945107E-17
7164.99936763808  2.120827E-17
7167.42124220849  2.335028E-17
7169.84311677889  1.938710E-17
7172.2649913493  1.802426E-17
7174.68686591971  2.201998E-17
7177.10874049011  2.189571E-17
7179.53061506052  1.467124E-17
7181.95248963092  1.775402E-17
7184.37436420133  2.304791E-17
7186.79623877174  2.107616E-17
7189.21811334214  2.079484E-17
7191.63998791255  2.339227E-17
7194.06186248296  2.507199E-17
7196.48373705336  2.155284E-17
7198.90561162377  2.156740E-17
7201.32748619417  2.323176E-17
7203.74936076458  2.266915E-17
7206.17123533499  2.474426E-17
7208.59310990539  2.890432E-17
7211.0149844758  4.033822E-17
7213.43685904621  5.077846E-17
7215.85873361661  4.637357E-17
7218.28060818702  3.178802E-17
7220.70248275742  2.432687E-17
7223.12435732783  2.208639E-17
7225.54623189824  2.071132E-17
7227.96810646864  2.480003E-17
7230.38998103905  2.341671E-17
7232.81185560946  2.883653E-17
7235.23373017986  2.635886E-17
7237.65560475027  2.745133E-17
7240.07747932067  2.179563E-17
7242.49935389108  2.182515E-17
7244.92122846149  2.064111E-17
7247.34310303189  2.294988E-17
7249.7649776023  2.310462E-17
7252.18685217271  2.077651E-17
7254.60872674311  1.695484E-17
7257.03060131352  1.711941E-17
7259.45247588392  2.182457E-17
7261.87435045433  1.725678E-17
7264.29622502474  2.040255E-17
7266.71809959514  2.141509E-17
7269.13997416555  1.549731E-17
7271.56184873596  2.184657E-17
7273.98372330636  1.929908E-17
7276.40559787677  1.858119E-17
7278.82747244717  1.994976E-17
7281.24934701758  2.705501E-17
7283.67122158799  1.976172E-17
7286.09309615839  1.675831E-17
7288.5149707288  1.526033E-17
7290.93684529921  1.717594E-17
7293.35871986961  2.197443E-17
7295.78059444002  2.259114E-17
7298.20246901043  1.904473E-17
7300.62434358083  1.749878E-17
7303.04621815124  1.815135E-17
7305.46809272165  2.356406E-17
7307.88996729205  2.288276E-17
7310.31184186246  1.890907E-17
7312.73371643287  1.593729E-17
7315.15559100327  1.557208E-17
7317.57746557368  1.302478E-17
7319.99934014408  1.706682E-17
7322.42121471449  1.568687E-17
7324.8430892849  1.587501E-17
7327.2649638553  1.942042E-17
7329.68683842571  2.022497E-17
7332.10871299611  1.878715E-17
7334.53058756652  2.104874E-17
7336.95246213693  2.323964E-17
7339.37433670733  2.671688E-17
7341.79621127774  2.558688E-17
7344.21808584815  2.198382E-17
7346.63996041855  1.898453E-17
7349.06183498896  1.729543E-17
7351.48370955936  2.366234E-17
7353.90558412977  2.210217E-17
7356.32745870018  2.183311E-17
7358.74933327058  1.361140E-17
7361.17120784099  1.660949E-17
7363.5930824114  2.094997E-17
7366.0149569818  2.277923E-17
7368.43683155221  1.596932E-17
7370.85870612262  1.634029E-17
7373.28058069302  1.788564E-17
7375.70245526343  1.813035E-17
7378.12432983383  2.018883E-17
7380.54620440424  2.343488E-17
7382.96807897464  2.676692E-17
7385.38995354505  2.631637E-17
7387.81182811546  2.208658E-17
7390.23370268586  1.967861E-17
7392.65557725627  2.125248E-17
7395.07745182668  2.436806E-17
7397.49932639709  2.513910E-17
7399.92120096749  2.647736E-17
7402.3430755379  2.129377E-17
7404.7649501083  1.966030E-17
7407.18682467871  1.749514E-17
7409.60869924911  1.481458E-17
7412.03057381952  1.977169E-17
7414.45244838993  2.075483E-17
7416.87432296033  2.165803E-17
7419.29619753074  2.318747E-17
7421.71807210115  2.320444E-17
7424.13994667155  2.064763E-17
7426.56182124196  2.101352E-17
7428.98369581237  2.307364E-17
7431.40557038277  2.123231E-17
7433.82744495318  1.461637E-17
7436.24931952358  1.445473E-17
7438.67119409399  2.001189E-17
7441.0930686644  2.154541E-17
7443.5149432348  2.332003E-17
7445.93681780521  1.959764E-17
7448.35869237562  1.962721E-17
7450.78056694602  2.177629E-17
7453.20244151643  2.146743E-17
7455.62431608684  2.123739E-17
7458.04619065724  2.178904E-17
7460.46806522765  1.715529E-17
7462.88993979805  1.582384E-17
7465.31181436846  1.775746E-17
7467.73368893887  1.417646E-17
7470.15556350927  1.546781E-17
7472.57743807968  1.992238E-17
7474.99931265009  1.874381E-17
7477.42118722049  1.696938E-17
7479.8430617909  1.549513E-17
7482.26493636131  2.311559E-17
7484.68681093171  2.619126E-17
7487.10868550212  2.186011E-17
7489.53056007252  2.091742E-17
7491.95243464293  1.667074E-17
7494.37430921334  1.634051E-17
7496.79618378374  1.696069E-17
7499.21805835415  2.023990E-17
7501.63993292455  1.894333E-17
7504.06180749496  1.639786E-17
7506.48368206537  1.639828E-17
7508.90555663577  1.986360E-17
7511.32743120618  2.076828E-17
7513.74930577659  1.915806E-17
7516.17118034699  1.885353E-17
7518.5930549174  2.170895E-17
7521.01492948781  2.247676E-17
7523.43680405821  1.919466E-17
7525.85867862862  1.826980E-17
7528.28055319902  1.758477E-17
7530.70242776943  2.391290E-17
7533.12430233984  2.123501E-17
7535.54617691024  1.852565E-17
7537.96805148065  1.880495E-17
7540.38992605106  1.902887E-17
7542.81180062146  2.306221E-17
7545.23367519187  2.366568E-17
7547.65554976227  1.985549E-17
7550.07742433268  1.702314E-17
7552.49929890309  1.236675E-17
7554.92117347349  1.552896E-17
7557.3430480439  1.785559E-17
7559.76492261431  2.369635E-17
7562.18679718471  2.676563E-17
7564.60867175512  1.980959E-17
7567.03054632552  1.886985E-17
7569.45242089593  2.796728E-17
7571.87429546634  2.153770E-17
7574.29617003674  1.985950E-17
7576.71804460715  2.416242E-17
7579.13991917756  1.908090E-17
7581.56179374796  1.702333E-17
7583.98366831837  1.661811E-17
7586.40554288878  1.749061E-17
7588.82741745918  1.807731E-17
7591.24929202959  1.968309E-17
7593.67116659999  2.158368E-17
7596.0930411704  1.933531E-17
7598.51491574081  2.556117E-17
7600.93679031121  1.787325E-17
7603.35866488162  1.799934E-17
7605.78053945203  1.725842E-17
7608.20241402243  4.256879E-18
7610.62428859284  3.389823E-18
7613.04616316324  2.008629E-17
7615.46803773365  1.740342E-17
7617.88991230406  1.562399E-17
7620.31178687446  1.369563E-17
7622.73366144487  1.833505E-17
7625.15553601528  1.553459E-17
7627.57741058568  2.079593E-17
7629.99928515609  2.321955E-17
7632.4211597265  1.759086E-17
7634.8430342969  1.350277E-17
7637.26490886731  1.692806E-17
7639.68678343771  2.402806E-17
7642.10865800812  2.313243E-17
7644.53053257853  1.447664E-17
7646.95240714893  1.680851E-17
7649.37428171934  1.505120E-17
7651.79615628975  2.216223E-17
7654.21803086015  1.994108E-17
7656.63990543056  1.581568E-17
7659.06178000096  1.916001E-17
7661.48365457137  1.920822E-17
7663.90552914178  2.197988E-17
7666.32740371218  2.476908E-17
7668.74927828259  2.316588E-17
7671.171152853  2.212298E-17
7673.5930274234  2.231864E-17
7676.01490199381  1.733164E-17
7678.43677656422  1.768730E-17
7680.85865113462  1.816865E-17
7683.28052570503  1.686623E-17
7685.70240027543  1.641832E-17
7688.12427484584  1.568751E-17
7690.54614941625  1.513347E-17
7692.96802398665  1.895352E-17
7695.38989855706  2.247483E-17
7697.81177312747  1.730653E-17
7700.23364769787  1.710322E-17
7702.65552226828  2.073281E-17
7705.07739683869  2.196768E-17
7707.49927140909  2.080511E-17
7709.9211459795  2.587840E-17
7712.3430205499  3.523694E-17
7714.76489512031  3.694500E-17
7717.18676969072  2.888393E-17
7719.60864426112  1.905312E-17
7722.03051883153  1.523658E-17
7724.45239340194  1.532515E-17
7726.87426797234  1.494603E-17
7729.29614254275  1.367272E-17
7731.71801711315  1.839623E-17
7734.13989168356  1.747965E-17
7736.56176625397  1.497206E-17
7738.98364082437  1.828803E-17
7741.40551539478  1.584019E-17
7743.82738996519  2.154256E-17
7746.24926453559  2.229575E-17
7748.671139106  1.980956E-17
7751.0930136764  2.509965E-17
7753.51488824681  2.494381E-17
7755.93676281722  2.008474E-17
7758.35863738762  1.801916E-17
7760.78051195803  1.868797E-17
7763.20238652844  1.722359E-17
7765.62426109884  1.476628E-17
7768.04613566925  1.408844E-17
7770.46801023965  1.582529E-17
7772.88988481006  1.597850E-17
7775.31175938047  9.352962E-18
7777.73363395087  9.960338E-18
7780.15550852128  1.813687E-17
7782.57738309169  2.076327E-17
7784.99925766209  1.954887E-17
7787.4211322325  1.725034E-17
7789.84300680291  2.523336E-17
7792.26488137331  3.223987E-17
7794.68675594372  2.519747E-17
7797.10863051413  1.990868E-17
7799.53050508453  2.277923E-17
7801.95237965494  2.242847E-17
7804.37425422534  1.745387E-17
7806.79612879575  1.712896E-17
7809.21800336616  1.393777E-17
7811.63987793656  1.205949E-17
7814.06175250697  1.188828E-17
7816.48362707738  1.665898E-17
7818.90550164778  1.884124E-17
7821.32737621819  2.050035E-17
7823.74925078859  1.610100E-17
7826.171125359  1.907059E-17
7828.59299992941  2.167737E-17
7831.01487449981  1.824296E-17
7833.43674907022  1.694882E-17
7835.85862364062  2.172331E-17
7838.28049821103  2.159807E-17
7840.70237278144  2.535832E-17
7843.12424735184  2.173709E-17
7845.54612192225  1.682591E-17
7847.96799649266  1.791358E-17
7850.38987106306  2.101372E-17
7852.81174563347  1.593810E-17
7855.23362020387  6.356454E-18
7857.65549477428  1.388766E-17
7860.07736934469  1.640782E-17
7862.49924391509  1.288458E-17
7864.9211184855  1.360229E-17
7867.34299305591  1.121000E-17
7869.76486762631  1.839048E-17
7872.18674219672  1.597959E-17
7874.60861676713  2.641245E-17
7877.03049133753  1.485221E-17
7879.45236590794  2.202963E-17
7881.87424047834  2.104153E-17
7884.29611504875  1.730514E-17
7886.71798961916  1.800800E-17
7889.13986418956  1.759485E-17
7891.56173875997  1.579792E-17
7893.98361333038  1.503993E-17
7896.40548790078  1.445469E-17
7898.82736247119  1.653324E-17
7901.2492370416  1.666479E-17
7903.671111612  1.645828E-17
7906.09298618241  1.395443E-17
7908.51486075282  1.340408E-17
7910.93673532322  1.475447E-17
7913.35860989363  2.087659E-17
7915.78048446403  1.055950E-17
7918.20235903444  1.383451E-17
7920.62423360485  1.934765E-17
7923.04610817525  2.000659E-17
7925.46798274566  1.910054E-17
7927.88985731607  2.135244E-17
7930.31173188647  2.393991E-17
7932.73360645688  2.136798E-17
7935.15548102728  1.958764E-17
7937.57735559769  2.303818E-17
7939.9992301681  1.934013E-17
7942.4211047385  1.710501E-17
7944.84297930891  1.748938E-17
7947.26485387932  1.667959E-17
7949.68672844972  2.115285E-17
7952.10860302013  1.917539E-17
7954.53047759053  1.855344E-17
7956.95235216094  1.536772E-17
7959.37422673135  1.456037E-17
7961.79610130175  1.600480E-17
7964.21797587216  1.734146E-17
7966.63985044256  1.636836E-17
7969.06172501297  1.871303E-17
7971.48359958338  2.602112E-17
7973.90547415378  2.201563E-17
7976.32734872419  1.985779E-17
7978.7492232946  2.082440E-17
7981.171097865  1.617145E-17
7983.59297243541  1.634063E-17
7986.01484700582  1.372759E-17
7988.43672157622  1.451335E-17
7990.85859614663  2.006069E-17
7993.28047071703  2.154992E-17
7995.70234528744  1.867182E-17
7998.12421985785  1.880057E-17
8000.54609442825  1.667885E-17
8002.96796899866  1.561445E-17
8005.38984356907  1.568820E-17
8007.81171813947  1.722522E-17
8010.23359270988  2.078296E-17
8012.65546728029  1.752842E-17
8015.07734185069  1.426318E-17
8017.4992164211  1.479696E-17
8019.9210909915  1.852142E-17
8022.34296556191  2.573490E-17
8024.76484013232  2.825382E-17
8027.18671470272  2.877702E-17
8029.60858927313  2.750450E-17
8032.03046384354  2.742433E-17
8034.45233841394  2.379528E-17
8036.87421298435  1.987398E-17
8039.29608755476  1.330389E-17
8041.71796212516  1.589299E-17
8044.13983669557  1.240232E-17
8046.56171126597  9.343670E-18
8048.98358583638  1.950977E-17
8051.40546040679  2.129820E-17
8053.82733497719  2.831732E-17
8056.2492095476  2.308064E-17
8058.67108411801  1.596936E-17
8061.09295868841  1.860508E-17
8063.51483325882  1.999578E-17
8065.93670782922  1.999520E-17
8068.35858239963  1.616281E-17
8070.78045697004  1.659358E-17
8073.20233154044  1.903321E-17
8075.62420611085  1.825242E-17
8078.04608068126  2.137671E-17
8080.46795525166  1.707574E-17
8082.88982982207  2.217481E-17
8085.31170439247  1.820111E-17
8087.73357896288  1.535954E-17
8090.15545353329  1.597343E-17
8092.57732810369  2.361362E-17
8094.9992026741  1.595238E-17
8097.42107724451  1.374530E-17
8099.84295181491  1.055982E-17
8102.26482638532  1.271566E-17
8104.68670095572  1.724645E-17
8107.10857552613  1.974132E-17
8109.53045009654  2.136905E-17
8111.95232466694  1.789080E-17
8114.37419923735  1.429627E-17
8116.79607380776  1.435864E-17
8119.21794837816  1.177479E-17
8121.63982294857  2.095052E-17
8124.06169751898  2.067682E-17
8126.48357208938  1.746596E-17
8128.90544665979  1.720053E-17
8131.32732123019  2.388609E-17
8133.7491958006  9.771021E-18
8136.17107037101  7.866574E-18
8138.59294494141  9.907605E-18
8141.01481951182  1.706999E-17
8143.43669408223  1.792313E-17
8145.85856865263  1.519716E-17
8148.28044322304  1.294312E-17
8150.70231779344  1.848877E-17
8153.12419236385  1.336695E-17
8155.54606693426  6.262537E-18
8157.96794150466  1.049528E-17
8160.38981607507  1.812196E-17
8162.81169064547  1.620650E-17
8165.23356521588  1.201514E-17
8167.65543978629  1.263203E-17
8170.07731435669  1.496503E-17
8172.4991889271  1.336885E-17
8174.92106349751  9.816726E-18
8177.34293806791  1.352149E-17
8179.76481263832  1.862845E-17
8182.18668720873  2.039942E-17
8184.60856177913  2.917310E-17
8187.03043634954  2.880032E-17
8189.45231091994  2.350325E-17
8191.87418549035  2.327345E-17
8194.29606006076  2.122939E-17
8196.71793463116  2.337711E-17
8199.13980920157  1.955506E-17
8201.56168377198  1.676686E-17
8203.98355834238  1.421077E-17
8206.40543291279  2.073934E-17
8208.8273074832  2.530540E-17
8211.2491820536  2.720129E-17
8213.67105662401  1.554968E-17
8216.09293119441  1.040188E-17
8218.51480576482  1.900826E-17
8220.93668033523  1.491036E-17
8223.35855490563  1.394400E-17
8225.78042947604  1.421319E-17
8228.20230404644  1.097619E-17
8230.62417861685  1.035240E-17
8233.04605318726  1.449184E-17
8235.46792775766  1.948344E-17
8237.88980232807  1.974265E-17
8240.31167689848  1.617441E-17
8242.73355146888  2.059289E-17
8245.15542603929  2.093771E-17
8247.5773006097  1.436143E-17
8249.9991751801  1.664513E-17
8252.42104975051  2.234600E-17
8254.84292432092  1.922072E-17
8257.26479889132  1.741496E-17
8259.68667346173  2.068373E-17
8262.10854803214  2.072723E-17
8264.53042260254  1.314416E-17
8266.95229717295  1.194725E-17
8269.37417174335  1.905048E-17
8271.79604631376  1.508887E-17
8274.21792088417  6.626382E-18
8276.63979545457  1.215122E-17
8279.06167002498  1.950607E-17
8281.48354459538  2.189201E-17
8283.90541916579  2.333439E-17
8286.3272937362  1.491630E-17
8288.7491683066  1.195678E-17
8291.17104287701  1.469971E-17
8293.59291744742  1.830901E-17
8296.01479201782  2.103583E-17
8298.43666658823  1.943196E-17
8300.85854115864  1.990585E-17
8303.28041572904  9.206352E-18
8305.70229029945  9.327047E-18
8308.12416486985  1.574404E-17
8310.54603944026  1.542520E-17
8312.96791401067  2.020370E-17
8315.38978858107  2.508239E-17
8317.81166315148  2.391496E-17
8320.23353772189  1.913167E-17
8322.65541229229  1.570674E-17
8325.0772868627  1.230222E-17
8327.4991614331  1.332128E-17
8329.92103600351  2.532852E-17
8332.34291057392  2.602163E-17
8334.76478514432  1.694004E-17
8337.18665971473  1.711286E-17
8339.60853428514  1.661253E-17
8342.03040885554  3.083577E-17
8344.45228342595  3.906647E-17
8346.87415799635  1.725773E-17
8349.29603256676  1.195645E-17
8351.71790713717  1.705584E-17
8354.13978170758  1.746125E-17
8356.56165627798  1.453217E-17
8358.98353084839  1.057999E-17
8361.40540541879  9.730076E-18
8363.8272799892  1.517003E-17
8366.24915455961  1.728056E-17
8368.67102913001  1.475945E-17
8371.09290370042  9.682868E-18
8373.51477827082  1.387523E-17
8375.93665284123  1.947439E-17
8378.35852741164  2.005556E-17
8380.78040198204  1.979730E-17
8383.20227655245  1.377116E-17
8385.62415112285  1.584447E-17
8388.04602569326  1.207801E-17
8390.46790026367  9.343883E-18
8392.88977483407  1.529638E-17
8395.31164940448  1.540982E-17
8397.73352397489  1.570530E-17
8400.15539854529  2.143997E-17
8402.5772731157  2.094276E-17
8404.99914768611  1.634946E-17
8407.42102225651  1.753130E-17
8409.84289682692  2.088246E-17
8412.26477139732  1.726889E-17
8414.68664596773  2.015739E-17
8417.10852053814  1.701266E-17
8419.53039510854  1.820760E-17
8421.95226967895  1.253877E-17
8424.37414424936  8.668649E-18
8426.79601881976  1.994422E-17
8429.21789339017  1.197037E-17
8431.63976796058  8.590921E-18
8434.06164253098  2.641138E-17
8436.48351710139  1.831514E-17
8438.90539167179  1.422127E-17
8441.3272662422  1.349898E-17
8443.74914081261  1.395838E-17
8446.17101538301  1.974881E-17
8448.59288995342  1.544944E-17
8451.01476452382  1.471038E-17
8453.43663909423  1.059300E-17
8455.85851366464  1.104014E-17
8458.28038823505  1.607543E-17
8460.70226280545  1.720855E-17
8463.12413737586  1.468195E-17
8465.54601194626  1.425693E-17
8467.96788651667  2.317616E-17
8470.38976108708  2.116684E-17
8472.81163565748  2.180669E-17
8475.23351022789  1.827326E-17
8477.65538479829  9.405920E-18
8480.0772593687  1.456194E-17
8482.49913393911  1.651755E-17
8484.92100850952  1.242376E-17
8487.34288307992  2.041183E-17
8489.76475765033  1.758933E-17
8492.18663222073  1.641239E-17
8494.60850679114  1.337984E-17
8497.03038136155  4.938989E-18
8499.45225593195  1.029944E-17
8501.87413050236  2.057050E-17
8504.29600507276  2.735490E-17
8506.71787964317  1.530001E-17
8509.13975421358  1.009020E-17
8511.56162878398  2.422074E-17
8513.98350335439  1.888438E-17
8516.40537792479  1.927789E-17
8518.8272524952  2.506716E-17
8521.24912706561  2.046357E-17
8523.67100163601  2.927978E-17
8526.09287620642  1.779940E-17
8528.51475077683  1.756042E-17
8530.93662534723  1.704056E-17
8533.35849991764  1.679656E-17
8535.78037448805  1.173659E-17
8538.20224905845  8.187084E-18
8540.62412362886  7.845511E-18
8543.04599819927  1.174751E-17
8545.46787276967  9.062115E-18
8547.88974734008  5.422628E-18
8550.31162191048  8.909365E-18
8552.73349648089  4.859724E-18
8555.1553710513  -1.761825E-19
8557.5772456217  2.303987E-18
8559.99912019211  4.186234E-18
8562.42099476252  1.531735E-17
8564.84286933292  2.260235E-17
8567.26474390333  2.206581E-17
8569.68661847373  2.086454E-17
8572.10849304414  2.429858E-17
8574.53036761455  1.503210E-17
8576.95224218496  1.316697E-17
8579.37411675536  1.894856E-17
8581.79599132577  1.987280E-17
8584.21786589617  1.424504E-17
8586.63974046658  9.417764E-18
8589.06161503699  8.008327E-18
8591.48348960739  1.061872E-17
8593.9053641778  1.401656E-17
8596.3272387482  1.835199E-17
8598.74911331861  2.010079E-17
8601.17098788902  1.640065E-17
8603.59286245942  2.092955E-17
8606.01473702983  1.997132E-17
8608.43661160023  2.014828E-17
8610.85848617064  2.202324E-17
8613.28036074105  1.227770E-17
8615.70223531146  6.742748E-18
8618.12410988186  7.385471E-18
8620.54598445227  1.661288E-17
8622.96785902267  1.454486E-17
8625.38973359308  1.120893E-17
8627.81160816349  1.651311E-17
8630.23348273389  2.184553E-17
8632.6553573043  1.730240E-17
8635.07723187471  1.726704E-17
8637.49910644511  2.520308E-17
8639.92098101552  1.576176E-17
8642.34285558593  2.551768E-17
8644.76473015633  2.408761E-17
8647.18660472674  1.532840E-17
8649.60847929714  1.780718E-17
8652.03035386755  1.649118E-17
8654.45222843796  1.541307E-17
8656.87410300836  1.429143E-17
8659.29597757877  6.682010E-18
8661.71785214917  9.441377E-18
8664.13972671958  1.594867E-17
8666.56160128999  5.102765E-18
8668.98347586039  6.017182E-18
8671.4053504308  1.577288E-17
8673.8272250012  1.545340E-17
8676.24909957161  1.230906E-17
8678.67097414202  1.438110E-17
8681.09284871243  1.359173E-17
8683.51472328283  1.078251E-17
8685.93659785324  1.292803E-17
8688.35847242364  1.324502E-17
8690.78034699405  8.144802E-18
8693.20222156446  6.193457E-18
8695.62409613486  1.421853E-17
8698.04597070527  2.065413E-17
8700.46784527567  2.201811E-17
8702.88971984608  1.307201E-17
8705.31159441649  1.876652E-17
8707.7334689869  1.891673E-17
8710.1553435573  1.923824E-17
8712.57721812771  1.439690E-17
8714.99909269811  1.122421E-17
8717.42096726852  1.405202E-17
8719.84284183893  1.151261E-17
8722.26471640933  1.240209E-17
8724.68659097974  1.136313E-17
8727.10846555014  1.603648E-17
8729.53034012055  1.757647E-17
8731.95221469096  1.600566E-17
8734.37408926136  1.369264E-17
8736.79596383177  1.220582E-17
8739.21783840218  5.968702E-18
8741.63971297258  1.422126E-17
8744.06158754299  2.987091E-17
8746.4834621134  1.421922E-17
8748.9053366838  9.498403E-18
8751.32721125421  1.255754E-17
8753.74908582461  1.365758E-17
8756.17096039502  1.790946E-17
8758.59283496543  2.482666E-17
8761.01470953583  2.034515E-17
8763.43658410624  1.631085E-17
8765.85845867665  1.851081E-17
8768.28033324705  1.571711E-17
8770.70220781746  5.608940E-18
8773.12408238787  8.499219E-18
8775.54595695827  1.739769E-17
8777.96783152868  -1.895099E-18
8780.38970609908  7.482409E-18
8782.81158066949  3.184934E-18
8785.2334552399  2.018919E-18
8787.6553298103  2.030404E-17
8790.07720438071  2.299167E-17
8792.49907895111  1.927155E-17
8794.92095352152  1.816799E-17
8797.34282809193  9.080881E-18
8799.76470266234  1.246944E-17
8802.18657723274  1.965899E-17
8804.60845180314  1.176884E-17
8807.03032637355  1.011714E-17
8809.45220094396  1.869492E-17
8811.87407551436  1.372375E-17
8814.29595008477  7.206425E-18
8816.71782465518  1.024794E-17
8819.13969922558  1.408291E-17
8821.56157379599  1.796361E-17
8823.9834483664  1.943690E-17
8826.4053229368  3.079608E-17
8828.82719750721  2.309365E-17
8831.24907207761  1.811902E-17
8833.67094664802  2.212097E-17
8836.09282121843  1.482453E-17
8838.51469578883  4.079252E-18
8840.93657035924  1.738138E-17
8843.35844492965  1.349503E-17
8845.78031950005  6.819820E-18
8848.20219407046  1.331975E-17
8850.62406864087  1.218802E-17
8853.04594321127  1.482316E-17
8855.46781778168  1.974528E-17
8857.88969235209  7.746279E-18
8860.31156692249  1.424843E-17
8862.7334414929  1.459009E-17
8865.15531606331  1.117419E-17
8867.57719063371  2.446426E-17
8869.99906520412  8.976751E-18
8872.42093977452  8.459228E-18
8874.84281434493  5.821157E-18
8877.26468891534  1.090840E-17
8879.68656348574  1.674436E-17
8882.10843805615  1.451329E-17
8884.53031262655  1.095267E-17
8886.95218719696  -6.134756E-18
8889.37406176737  -1.597278E-17
8891.79593633777  3.669455E-18
8894.21781090818  2.287748E-17
8896.63968547859  1.107996E-17
8899.06156004899  4.563809E-18
8901.4834346194  2.264120E-17
8903.9053091898  3.219260E-17
8906.32718376021  1.737497E-17
8908.74905833062  2.824218E-17
8911.17093290102  1.030659E-17
8913.59280747143  1.504838E-17
8916.01468204184  1.993974E-17
8918.43655661224  1.882402E-17
8920.85843118265  -5.339165E-18
8923.28030575306  -1.696633E-17
8925.70218032346  -6.620622E-18
8928.12405489387  1.149089E-17
8930.54592946428  2.080801E-17
8932.96780403468  1.665934E-17
8935.38967860509  1.961244E-17
8937.81155317549  2.134731E-17
8940.2334277459  1.617001E-17
8942.65530231631  2.356985E-17
8945.07717688671  2.339170E-17
8947.49905145712  -3.500068E-18
8949.92092602752  1.161827E-18
8952.34280059793  1.291369E-17
8954.76467516834  9.697198E-18
8957.18654973875  1.884562E-17
8959.60842430915  1.693327E-17
8962.03029887956  7.852373E-18
8964.45217344996  3.544620E-18
8966.87404802037  2.959088E-17
8969.29592259077  3.425671E-17
8971.71779716118  1.737046E-17
8974.13967173159  6.622827E-18
8976.56154630199  1.270655E-17
8978.9834208724  1.295408E-17
8981.40529544281  9.084715E-18
8983.82717001321  1.689284E-17
8986.24904458362  1.629775E-17
8988.67091915403  8.717875E-18
8991.09279372443  5.329643E-18
8993.51466829484  1.812703E-17
8995.93654286524  1.375066E-17
8998.35841743565  1.249861E-17
9000.78029200606  2.484321E-17
9003.20216657646  1.957731E-17
9005.62404114687  2.154496E-17
9008.04591571728  1.888477E-17
9010.46779028768  1.916584E-17
9012.88966485809  1.430290E-17
9015.31153942849  1.376501E-17
9017.7334139989  1.941434E-17
9020.15528856931  2.010551E-17
9022.57716313971  1.392800E-17
9024.99903771012  2.161108E-18
9027.42091228053  1.052142E-17
9029.84278685093  1.008864E-17
9032.26466142134  1.818583E-17
9034.68653599174  6.835770E-18
9037.10841056215  2.138994E-17
9039.53028513256  1.199501E-17
9041.95215970296  5.144134E-18
9044.37403427337  4.007631E-18
9046.79590884378  -1.731851E-19
9049.21778341418  6.232665E-18
9051.63965798459  7.539188E-18
9054.061532555  9.984795E-18
9056.4834071254  1.245561E-17
9058.90528169581  2.133200E-17
9061.32715626621  2.388922E-17
9063.74903083662  1.277173E-17
9066.17090540703  9.661622E-18
9068.59277997743  1.370279E-17
9071.01465454784  1.818845E-17
9073.43652911825  1.387976E-17
9075.85840368865  -7.348554E-18
9078.28027825906  6.209199E-18
9080.70215282947  1.725419E-17
9083.12402739987  -6.850018E-18
9085.54590197028  1.411590E-17
9087.96777654068  1.604178E-18
9090.38965111109  -3.979078E-18
9092.8115256815  1.658300E-17
9095.2334002519  2.741663E-17
9097.65527482231  1.954497E-17
9100.07714939271  1.469434E-17
9102.49902396312  2.198490E-17
9104.92089853353  2.800946E-17
9107.34277310393  3.232070E-17
9109.76464767434  2.099958E-17
9112.18652224475  1.719329E-17
9114.60839681515  2.278561E-17
9117.03027138556  3.115206E-17
9119.45214595596  2.637155E-17
9121.87402052637  2.039778E-17
9124.29589509678  2.321790E-17
9126.71776966718  2.546388E-17
9129.13964423759  1.309842E-17
9131.561518808  1.581735E-17
9133.9833933784  2.247685E-17
9136.40526794881  1.662874E-17
9138.82714251922  1.476645E-17
9141.24901708962  8.752097E-18
9143.67089166003  1.474585E-17
9146.09276623044  1.043922E-17
9148.51464080084  4.708586E-18
9150.93651537125  1.247047E-17
9153.35838994165  1.689485E-17
9155.78026451206  2.140200E-17
9158.20213908247  2.156184E-17
9160.62401365287  9.658989E-18
9163.04588822328  5.833471E-18
9165.46776279369  5.742721E-18
9167.88963736409  2.150908E-17
9170.3115119345  9.679433E-18
9172.7333865049  5.048053E-18
9175.15526107531  1.375158E-17
9177.57713564572  1.538311E-17
9179.99901021612  8.607583E-18
9182.42088478653  1.508276E-17
9184.84275935694  2.124914E-17
9187.26463392734  1.727577E-17
9189.68650849775  1.704273E-17
9192.10838306816  1.577839E-17
9194.53025763856  2.140640E-17
9196.95213220897  3.679764E-17
9199.37400677937  2.757722E-17
9201.79588134978  1.037759E-17
9204.21775592019  5.155263E-18
9206.63963049059  2.043762E-17
9209.061505061  1.104338E-17
9211.48337963141  5.803008E-18
9213.90525420181  2.503808E-17
9216.32712877222  2.323615E-17
9218.74900334263  1.477275E-17
9221.17087791303  1.512701E-17
9223.59275248344  2.723501E-17
9226.01462705384  2.355208E-17
9228.43650162425  2.014356E-17
9230.85837619466  2.682010E-17
9233.28025076506  3.436755E-17
9235.70212533547  3.746597E-17
9238.12399990588  1.734119E-17
9240.54587447628  1.465371E-17
9242.96774904669  1.628870E-17
9245.38962361709  1.192005E-17
9247.8114981875  1.223863E-17
9250.23337275791  1.385486E-17
9252.65524732831  1.830734E-17
9255.07712189872  2.174680E-17
9257.49899646912  1.845349E-17
9259.92087103953  1.221401E-17
9262.34274560994  8.250339E-18
9264.76462018034  7.659934E-18
9267.18649475075  1.607188E-17
9269.60836932116  1.756989E-17
9272.03024389156  1.607833E-17
9274.45211846197  1.953545E-17
9276.87399303238  2.533672E-17
9279.29586760278  3.126831E-17
9281.71774217319  2.342991E-17
9284.13961674359  1.937402E-17
9286.561491314  9.143570E-19
9288.98336588441  6.008624E-18
9291.40524045481  1.971378E-17
9293.82711502522  3.463848E-17
9296.24898959563  3.701765E-17
9298.67086416603  7.536298E-18
9301.09273873644  -8.865947E-19
9303.51461330685  2.366182E-18
9305.93648787725  3.307556E-17
9308.35836244766  5.864810E-17
9310.78023701806  6.731499E-17
9313.20211158847  5.290410E-17
9315.62398615888  1.107665E-17
9318.04586072928  -5.882940E-18
9320.46773529969  7.870705E-18
9322.8896098701  7.566119E-18
9325.3114844405  -8.364359E-18
9327.73335901091  -1.317467E-17
9330.15523358131  1.677443E-18
9332.57710815172  1.162556E-17
9334.99898272213  1.326978E-17
9337.42085729253  9.409053E-18
9339.84273186294  -5.908387E-18
9342.26460643335  -2.340540E-18
9344.68648100375  5.364330E-18
9347.10835557416  5.774293E-18
9349.53023014456  1.602133E-17
9351.95210471497  3.033450E-17
9354.37397928538  1.971340E-17
9356.79585385578  2.037272E-17
9359.21772842619  2.247135E-17
9361.6396029966  2.016634E-18
9364.061477567  -1.202702E-17
9366.48335213741  2.586953E-18
9368.90522670782  2.248605E-17
9371.32710127822  3.220557E-17
9373.74897584863  4.316502E-17
9376.17085041903  4.565554E-17
9378.59272498944  3.281544E-17
9381.01459955985  1.297400E-17
9383.43647413025  -1.140600E-17
9385.85834870066  1.184012E-17
9388.28022327106  2.577357E-17
9390.70209784147  2.562321E-17
9393.12397241188  1.918585E-17
9395.54584698228  3.010363E-17
9397.96772155269  3.413821E-17
9400.38959612309  2.371879E-17
9402.8114706935  1.421957E-17
9405.23334526391  1.720346E-17
9407.65521983432  2.961956E-17
9410.07709440472  1.240899E-17
9412.49896897513  -4.720022E-18
9414.92084354553  5.747454E-18
9417.34271811594  8.766168E-18
9419.76459268635  3.117772E-17
9422.18646725675  5.288481E-17
9424.60834182716  8.324494E-18
9427.03021639757  -1.085151E-17
9429.45209096797  3.947683E-18
9431.87396553838  9.253614E-18
9434.29584010879  1.476082E-17
9436.71771467919  4.192026E-18
9439.1395892496  -1.067782E-17
9441.56146382001  -9.774606E-18
9443.98333839041  -7.989047E-19
9446.40521296082  6.431773E-18
9448.82708753122  3.140196E-17
9451.24896210163  3.675547E-17
9453.67083667203  3.194551E-17
9456.09271124244  2.782125E-17
9458.51458581285  1.719087E-17
9460.93646038326  2.975207E-17
9463.35833495366  7.309498E-19
9465.78020952407  3.289524E-18
9468.20208409447  3.253137E-18
9470.62395866488  1.447421E-17
9473.04583323529  2.501393E-17
9475.46770780569  1.469576E-17
9477.8895823761  4.478909E-17
9480.3114569465  5.635867E-17
9482.73333151691  2.001585E-17
9485.15520608732  4.919649E-18
9487.57708065772  1.828802E-17
9489.99895522813  1.786906E-17
9492.42082979854  8.792726E-18
9494.84270436894  3.829775E-18
9497.26457893935  8.106420E-18
9499.68645350976  2.731973E-17
9502.10832808016  2.894907E-17
9504.53020265057  2.978089E-18
9506.95207722097  -1.035149E-17
9509.37395179138  -5.255566E-18
9511.79582636179  1.367997E-17
9514.21770093219  3.418656E-17
9516.6395755026  3.830948E-17
9519.06145007301  2.944273E-17
9521.48332464341  -5.711946E-18
9523.90519921382  -7.734141E-18
9526.32707378423  -7.211839E-19
9528.74894835463  8.368489E-18
9531.17082292504  2.383116E-17
9533.59269749545  2.656728E-17
9536.01457206585  3.688147E-21
9538.43644663626  -3.371273E-18
9540.85832120666  5.521537E-18
9543.28019577707  1.256427E-17
9545.70207034747  8.687392E-18
9548.12394491788  -2.906171E-18
9550.54581948829  6.258924E-18
9552.96769405869  2.391735E-17
9555.3895686291  1.249987E-17
9557.81144319951  8.425060E-18
9560.23331776991  2.077571E-17
9562.65519234032  2.558452E-17
9565.07706691073  2.915874E-17
9567.49894148113  1.168191E-17
9569.92081605154  5.802974E-18
9572.34269062194  5.950572E-18
9574.76456519235  1.344355E-17
9577.18643976276  1.086750E-17
9579.60831433316  -1.797719E-18
9582.03018890357  -6.092976E-18
9584.45206347398  -1.262529E-17
9586.87393804438  -9.215557E-18
9589.29581261479  1.752501E-17
9591.7176871852  1.513250E-17
9594.1395617556  3.016196E-17
9596.56143632601  2.739278E-17
9598.98331089641  -3.825052E-18
