3616.3243073337  -6.244204914414297E-15
3619.26401061552  -2.006987986718188E-14
3622.20522266356  3.709063424776026E-14
3625.14794077747  -2.022856640765229E-14
3628.0921622607  -3.322285565280020E-15
3631.03788442047  6.554151210473591E-15
3633.98510456779  -1.067969548381028E-14
3636.93382001743  1.358204879537946E-14
3639.88402808797  1.295179656679948E-15
3642.83572610174  2.342821134304879E-15
3645.78891138484  -4.847453937139062E-15
3648.74358126715  3.338391632074265E-16
3651.69973308231  -1.519049829364549E-16
3654.65736416772  1.835706532190228E-15
3657.61647186453  2.998677686572699E-16
3660.57705351766  2.358208123066463E-15
3663.53910647577  -2.209860678508476E-15
3666.50262809128  -2.303485559509099E-15
3669.46761572036  -7.531521034849291E-16
3672.43406672289  2.948841656088045E-15
3675.40197846254  2.039767171807172E-16
3678.37134830667  7.366261730466425E-16
3681.34217362642  -8.230246453973244E-16
3684.31445179662  -4.265359343258750E-16
3687.28818019585  7.762168106386636E-16
3690.26335620642  2.120525476755215E-17
3693.23997721435  3.815901956226344E-16
3696.21804060937  1.588905430617999E-16
3699.19754378496  4.773388661547095E-17
3702.17848413828  1.534604265951894E-16
3705.16085907021  4.034407604558188E-16
3708.14466598535  8.287996366223653E-17
3711.12990229199  7.036035348067494E-17
3714.11656540212  -1.383380694551725E-16
3717.10465273143  -1.853037038049288E-16
3720.09416169932  -1.544159757126433E-17
3723.08508972887  -1.975026855461750E-16
3726.07743424684  2.404016617766041E-16
3729.07119268369  -4.442260321408237E-17
3732.06636247356  -1.121725980203054E-17
3735.06294105427  9.017973992378841E-17
3738.06092586731  5.915493476911310E-17
3741.06031435786  3.186155790127678E-17
3744.06110397475  -7.327885182255395E-17
3747.0632921705  2.692448740186219E-17
3750.06687640128  -3.834432125436513E-17
3753.07185412692  5.958300652637360E-18
3756.07822281093  -1.097347726780197E-18
3759.08597992044  1.093930891823924E-17
3762.09512292627  -1.771537769523939E-18
3765.10564930287  4.756847034529505E-17
3768.11755652834  3.412148481794311E-17
3771.13084208442  7.695833647564703E-17
3774.14550345651  1.123307698426765E-16
3777.16153813362  1.413649019875164E-16
3780.17894360842  1.707874351346194E-17
3783.19771737718  -4.128159825051030E-18
3786.21785693985  2.467213001498133E-18
3789.23935979995  6.526867382578744E-18
3792.26222346466  -3.584392797054595E-18
3795.28644544477  1.254575984226623E-17
3798.31202325468  -5.865135300245513E-18
3801.3389544124  1.304627607757411E-17
3804.36723643958  3.701634016656623E-19
3807.39686686144  -5.872959188069344E-18
3810.42784320683  -3.553302800141484E-18
3813.46016300819  -5.908750879584207E-18
3816.49382380157  2.767706004547569E-18
3819.5288231266  4.160254846408394E-18
3822.56515852652  -6.188198960284222E-18
3825.60282754814  1.329120735887835E-18
3828.64182774187  -1.880046495098033E-18
3831.68215666171  -1.443520848579684E-18
3834.72381186522  3.620456217400683E-18
3837.76679091356  7.267819792947104E-18
3840.81109137145  7.651809441003408E-18
3843.85671080718  -8.973098120658857E-19
3846.90364679263  7.119397948456098E-18
3849.95189690322  -1.708639782926019E-18
3853.00145871794  -2.399075239309996E-18
3856.05232981935  -1.282837602471232E-18
3859.10450779355  -1.471496924076840E-18
3862.15799023021  2.076719775122602E-19
3865.21277472254  2.959333767178900E-18
3868.26885886731  -2.659694052630102E-19
3871.32624026481  3.375677550919450E-18
3874.3849165189  2.495969108312927E-18
3877.44488523695  9.538897931451256E-19
3880.5061440299  1.873511768258864E-18
3883.56869051219  2.692221844544195E-18
3886.63252230181  1.326229429454232E-18
3889.69763702026  1.253909028498721E-18
3892.76403229258  1.091384271551573E-18
3895.83170574733  -1.058860150251447E-18
3898.90065501657  2.655513223320317E-18
3901.97087773589  2.099716714470678E-18
3905.04237154438  -2.593180201080771E-19
3908.11513408466  -1.159989390785802E-18
3911.18916300282  2.212534172156772E-19
3914.26445594849  3.960715721603452E-18
3917.34101057477  -7.170411100948086E-21
3920.41882453828  1.495005810675904E-18
3923.49789549911  1.425469596264670E-18
3926.57822112086  1.046045261406622E-18
3929.65979907061  -1.127056435467922E-18
3932.74262701892  2.069089421712712E-19
3935.82670263984  1.368822820350966E-18
3938.91202361089  5.546874147445707E-20
3941.99858761306  8.014779395718973E-19
3945.08639233084  7.610328401235402E-19
3948.17543545215  9.558597237739206E-19
3951.26571466841  7.124495242185804E-19
3954.35722767449  1.334329078614775E-18
3957.44997216871  2.628160118221990E-19
3960.54394585287  9.300405217239966E-19
3963.6391464322  1.850991776082108E-18
3966.7355716154  6.349895916233360E-19
3969.8332191146  8.088457406854834E-19
3972.9320866454  1.407784681563439E-18
3976.03217192682  1.825180845838309E-18
3979.13347268133  1.822325625158929E-18
3982.23598663482  9.297077883225972E-19
3985.33971151665  1.327119268998186E-18
3988.44464505957  8.067775823589474E-19
3991.55078499978  1.822223054762972E-18
3994.65812907689  1.597204595742290E-18
3997.76667503395  5.788767090962473E-19
4000.87642061741  9.748589250709212E-19
4003.98736357714  8.129364331578937E-20
4007.09950166643  1.214166618980728E-18
4010.21283264196  1.233453058745438E-18
4013.32735426385  1.178156965374457E-18
4016.44306429558  1.444456079659752E-18
4019.55996050406  1.116126277648800E-18
4022.67804065959  9.550304752098362E-19
4025.79730253587  1.072333474863864E-18
4028.91774390997  1.182274050078287E-18
4032.03936256237  9.014569854644969E-19
4035.16215627693  1.420476113701840E-18
4038.28612284087  7.840470727162969E-19
4041.41126004483  1.334598636096891E-18
4044.53756568279  1.191529270554566E-18
4047.66503755211  1.460341979926257E-18
4050.79367345354  1.827721117499459E-18
4053.92347119119  1.139519772552412E-18
4057.0544285725  8.906288810534482E-19
4060.18654340831  1.537055743910190E-18
4063.31981351281  1.321916613137958E-18
4066.45423670354  1.291690606374657E-18
4069.58981080139  1.306008792585220E-18
4072.7265336306  9.467703530104582E-19
4075.86440301875  9.595481221252944E-19
4079.00341679677  1.750919879165748E-18
4082.14357279894  9.309086477768710E-19
4085.28486886286  6.026153451104471E-19
4088.42730282946  1.174315952200067E-18
4091.57087254303  1.417604659602939E-18
4094.71557585115  1.146015001517331E-18
4097.86141060475  1.105502900439357E-18
4101.00837465806  6.165046381734016E-19
4104.15646586867  1.459541165695728E-18
4107.30568209744  9.244872446816218E-19
4110.45602120856  1.220083958890203E-18
4113.60748106954  9.769493138764193E-19
4116.76005955118  1.421809528849276E-18
4119.91375452759  1.353101012038477E-18
4123.06856387618  9.529868221089474E-19
4126.22448547767  7.685412619412606E-19
4129.38151721606  9.394119610763397E-19
4132.53965697864  1.186049405791556E-18
4135.69890265599  9.345585822297614E-19
4138.85925214199  1.616065037491535E-18
4142.02070333378  8.285770485233822E-19
4145.18325413181  1.465169095788386E-18
4148.34690243976  1.374142418870295E-18
4151.51164616464  1.366156300248825E-18
4154.67748321668  1.107679419426137E-18
4157.84441150941  1.113688989973912E-18
4161.01242895961  1.425635239182333E-18
4164.18153348732  1.104659899997590E-18
4167.35172301586  9.298032242857704E-19
4170.52299547177  1.026305630063810E-18
4173.69534878487  8.031513259510919E-19
4176.86878088822  1.102841653613622E-18
4180.04328971812  1.185277025894584E-18
4183.21887321414  1.205317957775519E-18
4186.39552931905  1.353384011205547E-18
4189.57325597888  1.113033966326346E-18
4192.75205114291  9.029605930229655E-19
4195.93191276361  1.048740422637473E-18
4199.11283879672  1.428282940925539E-18
4202.29482720118  8.369252654579968E-19
4205.47787593916  1.345415470172094E-18
4208.66198297605  9.880004468601278E-19
4211.84714628045  9.267479292957293E-19
4215.03336382419  1.113607719478729E-18
4218.22063358228  9.563506554674708E-19
4221.40895353297  1.197492312192884E-18
4224.5983216577  1.455605957329084E-18
4227.78873594111  1.050672716548398E-18
4230.98019437103  9.809822329529216E-19
4234.17269493851  1.217705607833960E-18
4237.36623563776  1.205228622269363E-18
4240.56081446621  1.145753198853458E-18
4243.75642942445  1.598282618875599E-18
4246.95307851627  1.546127537085636E-18
4250.15075974864  1.634613218559541E-18
4253.3494711317  1.307683729928064E-18
4256.54921067876  1.489250804961643E-18
4259.74997640632  1.244129582309237E-18
4262.95176633402  1.177685472425302E-18
4266.15457848469  1.542164204578164E-18
4269.35841088431  1.368336231355632E-18
4272.56326156203  1.414390132344981E-18
4275.76912855013  1.311466426869269E-18
4278.97600988408  1.638452680770283E-18
4282.18390360246  1.748903419627497E-18
4285.39280774704  1.391901056043619E-18
4288.6027203627  1.357565409202002E-18
4291.81363949747  1.468351673195184E-18
4295.02556320253  1.261257287470336E-18
4298.23848953217  1.395235214297667E-18
4301.45241654384  1.493093782689987E-18
4304.66734229811  1.376942942231670E-18
4307.88326485865  1.313284776650814E-18
4311.10018229231  1.491573321326539E-18
4314.31809266899  1.195308038387862E-18
4317.53699406176  1.382247031114512E-18
4320.75688454679  1.112781159251635E-18
4323.97776220334  1.418287290403448E-18
4327.19962511381  1.449458247619014E-18
4330.42247136368  1.592913699712248E-18
4333.64629904155  1.692690603342654E-18
4336.8711062391  1.199139745780360E-18
4340.09689105111  1.607357720773495E-18
4343.32365157548  1.275474557646168E-18
4346.55138591316  1.388345730373290E-18
4349.78009216821  1.904440671747681E-18
4353.00976844777  1.566051629705047E-18
4356.24041286206  1.631035765807826E-18
4359.47202352437  1.485744799935337E-18
4362.70459855108  1.419643659812882E-18
4365.93813606163  1.503449049983386E-18
4369.17263417854  1.569298623802048E-18
4372.40809102737  1.538377785324203E-18
4375.64450473677  1.309311828168721E-18
4378.88187343845  1.436609651164227E-18
4382.12019526715  1.502685355482846E-18
4385.35946836068  1.629228996554857E-18
4388.59969085992  1.712198624113953E-18
4391.84086090876  1.534830111074540E-18
4395.08297665416  1.674180472582826E-18
4398.32603624611  1.446937207907105E-18
4401.57003783766  1.794607216422583E-18
4404.81497958485  1.779307477017650E-18
4408.0608596468  1.878322237111166E-18
4411.30767618565  1.576455287064280E-18
4414.55542736653  1.687216425446355E-18
4417.80411135764  1.536322655092315E-18
4421.05372633018  1.464638976413317E-18
4424.30427045837  1.814179964076813E-18
4427.55574191943  1.894075271491779E-18
4430.80813889362  1.574084070440820E-18
4434.06145956418  1.252487311820896E-18
4437.31570211738  1.418890511865152E-18
4440.57086474247  1.596293249502409E-18
4443.82694563172  1.226231255009967E-18
4447.08394298038  1.473024623270649E-18
4450.3418549867  1.667862570461723E-18
4453.60067985193  1.402896561131133E-18
4456.86041578028  1.423077906921049E-18
4460.12106097898  1.281165560260533E-18
4463.38261365822  1.587743407293485E-18
4466.64507203116  1.929598542897869E-18
4469.90843431396  1.870222484553046E-18
4473.17269872573  1.843771936900592E-18
4476.43786348857  1.565856518478061E-18
4479.70392682753  1.233177297408728E-18
4482.97088697062  1.429728439045975E-18
4486.23874214882  1.400207190164571E-18
4489.50749059607  1.504978817128726E-18
4492.77713054927  1.244405653838676E-18
4496.04766024825  1.299759649852536E-18
4499.31907793579  1.649131685875919E-18
4502.59138185764  1.702494347962633E-18
4505.86457026248  1.906053053556700E-18
4509.13864140191  1.665500349427424E-18
4512.41359353048  1.477953792540853E-18
4515.6894249057  1.747816297507449E-18
4518.96613378796  1.616653783292519E-18
4522.24371844062  1.576328314840253E-18
4525.52217712993  1.719840532203023E-18
4528.80150812508  1.407170293163465E-18
4532.0817096982  1.685424752239566E-18
4535.36278012428  1.982701883862548E-18
4538.64471768126  1.604465380364127E-18
4541.92752065  2.052568453530921E-18
4545.21118731423  1.373789729736618E-18
4548.4957159606  1.536868490899023E-18
4551.78110487867  1.288226787559592E-18
4555.06735236088  1.135411683437743E-18
4558.35445670259  1.828946999167263E-18
4561.642416202  1.556712346999017E-18
4564.93122916026  1.438359138159777E-18
4568.22089388137  2.017666394764858E-18
4571.5114086722  2.110698777873238E-18
4574.80277184254  1.474693356758899E-18
4578.09498170502  1.394047693130771E-18
4581.38803657516  1.432293215932773E-18
4584.68193477133  1.417635575478333E-18
4587.97667461481  1.460033027967468E-18
4591.27225442969  1.352001275414088E-18
4594.56867254297  1.238049804806972E-18
4597.86592728446  1.211859198662012E-18
4601.16401698687  1.796034723364697E-18
4604.46293998573  1.360158310229626E-18
4607.76269461944  1.780450020238739E-18
4611.06327922922  1.873731591506650E-18
4614.36469215917  2.095925538928194E-18
4617.66693175619  1.991195374392242E-18
4620.96999637004  2.296075536615505E-18
4624.27388435332  2.258166676322813E-18
4627.57859406143  2.171758562354912E-18
4630.88412385264  2.100961414497417E-18
4634.19047208801  2.166082035401267E-18
4637.49763713143  2.332077125210804E-18
4640.80561734962  2.291513015151816E-18
4644.11441111211  2.234513653502013E-18
4647.42401679123  2.167404283610432E-18
4650.73443276214  2.338072943880896E-18
4654.0456574028  2.413700619720546E-18
4657.35768909396  2.230580409689323E-18
4660.67052621919  2.326995754707891E-18
4663.98416716485  2.213514846471742E-18
4667.29861032009  2.277184178990867E-18
4670.61385407685  2.453594920278519E-18
4673.92989682987  2.144655989584611E-18
4677.24673697668  2.125488560430533E-18
4680.56437291756  2.439394917497975E-18
4683.8828030556  2.466958643459773E-18
4687.20202579667  2.855284992672540E-18
4690.52203954939  2.792756962603584E-18
4693.84284272516  2.289693838189659E-18
4697.16443373816  2.808506688261747E-18
4700.48681100531  2.809680457550959E-18
4703.80997294632  2.303416144166454E-18
4707.13391798363  2.434888644315940E-18
4710.45864454246  2.517886085823132E-18
4713.78415105077  2.427585880278015E-18
4717.11043593927  2.606443421817600E-18
4720.43749764142  2.589781315943791E-18
4723.76533459341  2.915348644901545E-18
4727.0939452342  3.047816243327932E-18
4730.42332800545  2.925577353561224E-18
4733.75348135159  3.366429464875953E-18
4737.08440371975  2.885660719126711E-18
4740.41609355981  2.985555392596832E-18
4743.74854932437  2.916500080314219E-18
4747.08176946874  2.762000112682178E-18
4750.41575245098  2.354738151682002E-18
4753.75049673182  2.231344931370475E-18
4757.08600077475  2.046355913540341E-18
4760.42226304594  2.317659780724312E-18
4763.75928201428  2.354784267001151E-18
4767.09705615136  2.522904177009184E-18
4770.43558393147  2.490211310864098E-18
4773.7748638316  2.882586295585005E-18
4777.11489433145  2.669866874899644E-18
4780.45567391338  2.918016095581876E-18
4783.79720106246  2.689880096230057E-18
4787.13947426645  2.576416558786772E-18
4790.48249201578  2.577943740992698E-18
4793.82625280357  2.434251301653967E-18
4797.17075512562  2.762694324011262E-18
4800.51599748038  2.889432455924800E-18
4803.86197836901  2.810879455848855E-18
4807.2086962953  2.694169234501298E-18
4810.55614976574  2.998298316728363E-18
4813.90433728944  3.108745333272822E-18
4817.25325737822  3.291533223492953E-18
4820.6029085465  3.044936000435022E-18
4823.95328931141  2.749413318891265E-18
4827.30439819269  3.156150226997624E-18
4830.65623371273  3.086135798794757E-18
4834.00879439659  2.833721634874200E-18
4837.36207877195  2.647382244694074E-18
4840.71608536912  3.592043390540098E-18
4844.07081272108  3.363785382047929E-18
4847.42625936339  2.748333021011271E-18
4850.7824238343  3.006359191797693E-18
4854.13930467463  3.402757789813211E-18
4857.49690042786  3.020725871471667E-18
4860.85520964007  3.247259621976971E-18
4864.21423085996  2.906108830664176E-18
4867.57396263886  3.380987223271428E-18
4870.93440353069  3.301355579676714E-18
4874.29555209199  2.953274669191949E-18
4877.6574068819  3.536106128796812E-18
4881.01996646217  3.163079312193827E-18
4884.38322939713  3.081356349215425E-18
4887.74719425372  3.333487617366488E-18
4891.11185960147  3.285727863158902E-18
4894.47722401251  3.302217915465300E-18
4897.84328606154  3.387747563622672E-18
4901.21004432585  3.173919927711641E-18
4904.57749738532  3.327707486041123E-18
4907.94564382239  3.128545969185810E-18
4911.31448222208  3.126694532179763E-18
4914.684011172  2.865988709798976E-18
4918.0542292623  2.858599298591886E-18
4921.42513508572  2.907280738797011E-18
4924.79672723756  2.713249189305599E-18
4928.16900431565  2.763145757830564E-18
4931.54196492042  3.140669128243387E-18
4934.91560765482  3.359256568194200E-18
4938.28993112437  3.253848529146263E-18
4941.66493393713  3.446105569428593E-18
4945.04061470371  3.534867425829514E-18
4948.41697203724  3.213025925145851E-18
4951.79400455343  3.129828305930421E-18
4955.17171087049  3.252042380278752E-18
4958.55008960917  3.031304891120761E-18
4961.92913939276  3.328673426201429E-18
4965.30885884706  2.997738935839125E-18
4968.68924660042  2.988044379060003E-18
4972.07030128368  3.456841960189225E-18
4975.45202153022  2.942720258166079E-18
4978.83440597593  3.301585949477309E-18
4982.21745325919  3.153160382673551E-18
4985.60116202092  3.273583610995705E-18
4988.98553090453  3.344790213256414E-18
4992.37055855594  3.558530168022512E-18
4995.75624362355  3.416972888639935E-18
4999.14258475827  3.323309987109636E-18
5002.52958061352  3.546251499009775E-18
5005.91722984518  3.526773463535683E-18
5009.30553111163  3.149274494950930E-18
5012.69448307375  3.119233569849688E-18
5016.08408439487  3.458381343309186E-18
5019.47433374082  3.303694226063553E-18
5022.8652297799  3.125573495654601E-18
5026.25677118289  2.776608949480477E-18
5029.64895662302  3.082091092394526E-18
5033.04178477601  3.255539493113474E-18
5036.43525432003  3.054422521290087E-18
5039.82936393571  3.065025735972098E-18
5043.22411230613  3.197952626433604E-18
5046.61949811685  3.071925042666249E-18
5050.01552005586  3.360863159738931E-18
5053.41217681359  2.970574117727731E-18
5056.80946708294  3.340245476175894E-18
5060.20738955924  3.067860070341010E-18
5063.60594294026  2.959076514008396E-18
5067.0051259262  2.946192969172729E-18
5070.4049372197  2.938985330905248E-18
5073.80537552584  3.121649764418956E-18
5077.2064395521  2.949566625301027E-18
5080.60812800841  3.014972623516208E-18
5084.01043960711  2.850855854082623E-18
5087.41337306297  2.924583909645548E-18
5090.81692709314  2.796495612177171E-18
5094.22110041723  2.890701350984457E-18
5097.62589175722  2.788927116367463E-18
5101.03129983752  2.828798669458592E-18
5104.43732338494  2.933803664753064E-18
5107.84396112867  2.641762379612389E-18
5111.25121180033  2.812364245048388E-18
5114.6590741339  2.910524734364290E-18
5118.06754686578  2.896834274841078E-18
5121.47662873474  2.841211134935409E-18
5124.88631848194  2.805364849500117E-18
5128.29661485091  2.879072018752574E-18
5131.70751658759  2.831588542869579E-18
5135.11902244028  2.908036161491424E-18
5138.53113115962  2.906809866233314E-18
5141.94384149868  2.935001629075193E-18
5145.35715221286  2.849160340622043E-18
5148.77106205992  2.579871485410252E-18
5152.1855698  2.426663573895018E-18
5155.60067419558  2.024820266292523E-18
5159.01637401152  2.526574377387082E-18
5162.43266801501  2.176123180857048E-18
5165.84955497558  2.568741770268351E-18
5169.26703366514  2.647930458645044E-18
5172.68510285792  2.602783974787665E-18
5176.10376133049  3.160697032029674E-18
5179.52300786176  2.659064516485161E-18
5182.94284123297  2.909204760901809E-18
5186.3632602277  2.616746576732407E-18
5189.78426363186  2.608388950618324E-18
5193.20585023366  2.527289061436328E-18
5196.62801882366  2.872414455592441E-18
5200.05076819473  2.736069654839865E-18
5203.47409714204  2.662457611357853E-18
5206.8980044631  2.665654044039911E-18
5210.32248895771  2.902559812246017E-18
5213.74754942798  2.639169788777495E-18
5217.17318467834  2.798291834877329E-18
5220.59939351548  2.833536553212142E-18
5224.02617474844  2.966443384543793E-18
5227.45352718852  3.197700543141928E-18
5230.88144964931  3.054366686598739E-18
5234.30994094672  2.914984892227176E-18
5237.73899989891  2.845981278732849E-18
5241.16862532634  2.951201134191432E-18
5244.59881605175  3.080098621094039E-18
5248.02957090015  2.896876461052318E-18
5251.46088869883  2.981046017487498E-18
5254.89276827734  2.878675799239161E-18
5258.32520846752  2.755535282604770E-18
5261.75820810345  2.958814297754217E-18
5265.19176602147  2.779310728156228E-18
5268.62588106021  3.185701461176233E-18
5272.06055206053  2.891768207179497E-18
5275.49577786554  3.032509266092638E-18
5278.93155732061  3.024275303480132E-18
5282.36788927336  3.070925808486285E-18
5285.80477257364  2.846964382890869E-18
5289.24220607354  3.112692225565619E-18
5292.68018862741  3.008197393913939E-18
5296.11871909181  3.146704237992575E-18
5299.55779632555  2.880316305189007E-18
5302.99741918964  3.097577774617897E-18
5306.43758654735  3.234294806646120E-18
5309.87829726416  3.187627758027717E-18
5313.31955020774  3.153741477053870E-18
5316.76134424803  2.924469758721015E-18
5320.20367825714  2.914243118012869E-18
5323.64655110942  3.114317842264439E-18
5327.0899616814  3.100082063922401E-18
5330.53390885183  3.366858151228409E-18
5333.97839150166  3.352287985123747E-18
5337.42340851403  3.091612148040164E-18
5340.86895877429  3.243989570220396E-18
5344.31504116998  2.997359466733115E-18
5347.76165459081  3.243407235069158E-18
5351.20879792869  3.449665341194716E-18
5354.65647007772  3.038361155336144E-18
5358.10466993418  3.297280887979277E-18
5361.5533963965  3.239340815177848E-18
5365.00264836532  3.236824945344767E-18
5368.45242474344  3.613607989109355E-18
5371.9027244358  3.293244039794865E-18
5375.35354634955  3.390013831705913E-18
5378.80488939397  3.512825130456507E-18
5382.25675248052  3.544228215231471E-18
5385.70913452279  3.542188387840916E-18
5389.16203443656  3.490817990259534E-18
5392.61545113972  3.759911010461304E-18
5396.06938355233  3.881591760109692E-18
5399.5238305966  3.832899773351758E-18
5402.97879119687  3.570070991928853E-18
5406.4342642796  3.597113180514436E-18
5409.89024877343  3.428352825917133E-18
5413.34674360909  3.914761289082762E-18
5416.80374771946  3.706404418948005E-18
5420.26126003954  3.600450027105475E-18
5423.71927950646  3.596777758776046E-18
5427.17780505945  3.862351125471402E-18
5430.63683563988  3.477124428809025E-18
5434.09637019123  3.500980731265361E-18
5437.55640765908  3.522015107061972E-18
5441.01694699112  3.402564849935333E-18
5444.47798713715  3.486282145370600E-18
5447.93952704908  3.420165185418930E-18
5451.40156568089  3.550056943417826E-18
5454.86410198869  4.063547920223899E-18
5458.32713493067  3.360256009169317E-18
5461.7906634671  3.692097089482982E-18
5465.25468656034  3.545540537273287E-18
5468.71920317486  3.608814063869305E-18
5472.18421227716  3.731327370804227E-18
5475.64971283586  3.693505364475853E-18
5479.11570382165  3.694932664622813E-18
5482.58218420727  3.563595408503481E-18
5486.04915296755  3.599397439776001E-18
5489.51660907938  3.752189279443121E-18
5492.9845515217  3.674758970253564E-18
5496.45297927553  3.446659160053544E-18
5499.92189132393  3.912523351935499E-18
5503.39128665202  3.735706051376777E-18
5506.86116424698  3.725641331273538E-18
5510.33152309802  3.782112124511920E-18
5513.80236219641  3.700555424836642E-18
5517.27368053546  3.465174150499472E-18
5520.74547711049  3.670035768955886E-18
5524.21775091891  3.628181670731622E-18
5527.69050096011  3.677779420260301E-18
5531.16372623554  3.703953896383317E-18
5534.63742574867  3.660085613367485E-18
5538.11159850499  3.564733195436047E-18
5541.58624351201  3.669229681448952E-18
5545.06135977925  3.838767379026903E-18
5548.53694631828  3.786571041603888E-18
5552.01300214263  4.114678435427641E-18
5555.48952626788  3.456483584188836E-18
5558.9665177116  3.673589336867413E-18
5562.44397549335  3.615925335595424E-18
5565.92189863471  3.232337076931361E-18
5569.40028615925  3.100394738193946E-18
5572.87913709253  2.446236321549248E-18
5576.35845046209  3.682228824775224E-18
5579.83822529749  3.832618531943491E-18
5583.31846063024  4.011277963726368E-18
5586.79915549385  3.466310076275660E-18
5590.28030892381  3.439180620135452E-18
5593.76191995757  2.817116397667505E-18
5597.24398763456  3.212731242052629E-18
5600.72651099618  3.348490398931516E-18
5604.2094890858  3.475213641594027E-18
5607.69292094876  3.089120680035155E-18
5611.17680563233  3.558280359477521E-18
5614.66114218578  3.368173575197523E-18
5618.1459296603  3.406927400485937E-18
5621.63116710904  3.353863970985814E-18
5625.11685358712  3.486739989839648E-18
5628.60298815156  3.478789543382094E-18
5632.08956986137  3.795555050236826E-18
5635.57659777747  3.517226144905596E-18
5639.06407096273  3.460394080534681E-18
5642.55198848195  3.429522872893589E-18
5646.04034940184  3.277885156976134E-18
5649.52915279107  3.656414585808975E-18
5653.01839772023  3.458137531823636E-18
5656.50808326179  3.578579785299880E-18
5659.9982084902  3.702552652425652E-18
5663.48877248178  3.347516186965082E-18
5666.97977431477  3.338616757549777E-18
5670.47121306933  3.310582572614590E-18
5673.96308782753  3.257164696221987E-18
5677.45539767332  3.348817548863781E-18
5680.94814169258  3.126215801400249E-18
5684.44131897305  3.412202124457035E-18
5687.93492860441  3.367611092380986E-18
5691.42896967819  3.231565731010155E-18
5694.92344128783  3.041176671346121E-18
5698.41834252864  3.182295338208894E-18
5701.91367249784  3.106496022392137E-18
5705.4094302945  3.018707137186731E-18
5708.90561501957  3.253001909789314E-18
5712.40222577589  3.010437605807886E-18
5715.89926166816  3.238309734544299E-18
5719.39672180294  3.312398027263991E-18
5722.89460528866  3.280396684110998E-18
5726.39291123561  3.181744642716086E-18
5729.89163875595  3.324557789063673E-18
5733.39078696367  3.493351644475785E-18
5736.89035497463  2.917004867283031E-18
5740.39034190655  3.525194375746319E-18
5743.89074687895  3.584221157077491E-18
5747.39156901325  3.276542229251653E-18
5750.89280743268  3.359684427366043E-18
5754.3944612623  3.247522045026303E-18
5757.89652962902  3.408120401724392E-18
5761.39901166157  3.454261363473213E-18
5764.90190649051  3.357798662364576E-18
5768.40521324824  3.240838839267181E-18
5771.90893106896  3.321620057118190E-18
5775.4130590887  3.516346024733840E-18
5778.9175964453  3.177344662242764E-18
5782.42254227842  3.058733579847560E-18
5785.92789572952  3.425045344237840E-18
5789.43365594188  2.989156109803274E-18
5792.93982206058  2.977987103582277E-18
5796.44639323249  3.002472270099306E-18
5799.95336860628  2.713815187639739E-18
5803.46074733243  2.885917972297216E-18
5806.96852856319  3.057153251287278E-18
5810.47671145262  2.738304076469525E-18
5813.98529515655  2.879414057935865E-18
5817.4942788326  2.710397690938976E-18
5821.00366164016  2.670073256462475E-18
5824.51344274042  3.047047792538870E-18
5828.02362129631  3.260864468306783E-18
5831.53419647256  3.205820561625055E-18
5835.04516743564  2.765446560704380E-18
5838.55653335383  2.769820071398101E-18
5842.06829339711  2.662129427449822E-18
5845.58044673727  2.850128969119343E-18
5849.09299254782  2.982692520496785E-18
5852.60593000406  2.863541909547043E-18
5856.119258283  2.942969446325611E-18
5859.63297656342  2.843094625190192E-18
5863.14708402583  3.109063384218349E-18
5866.6615798525  3.171215047108593E-18
5870.17646322743  2.931980765478149E-18
5873.69173333633  3.341343351643905E-18
5877.20738936668  2.911737174347139E-18
5880.72343050765  3.165874769073950E-18
5884.23985595018  2.968117184513294E-18
5887.75666488689  3.075097900700849E-18
5891.27385651214  2.774206610186469E-18
5894.791430022  3.162344362219574E-18
5898.30938461427  3.460060106362363E-18
5901.82771948844  3.091411349946467E-18
5905.34643384571  3.578535944727414E-18
5908.86552688898  3.080991562565289E-18
5912.38499782288  3.327580307021941E-18
5915.90484585371  3.493779710442780E-18
5919.42507018947  3.434597005566142E-18
5922.94567003986  3.433772513290580E-18
5926.46664461626  3.127337458310870E-18
5929.98799313174  3.172967636031438E-18
5933.50971480106  3.526560878118257E-18
5937.03180884065  2.965443323183217E-18
5940.55427446863  3.174083709472927E-18
5944.07711090477  3.078646505528702E-18
5947.60031737054  3.282037810446303E-18
5951.12389308906  3.074434501849582E-18
5954.64783728513  3.152664074306019E-18
5958.17214918519  3.040128219919711E-18
5961.69682801735  3.053613538651009E-18
5965.2218730114  3.080417499220178E-18
5968.74728339873  2.745528671939563E-18
5972.27305841243  3.005630238882881E-18
5975.79919728721  3.087224161685723E-18
5979.32569925943  3.232028952153185E-18
5982.85256356711  3.057182409403869E-18
5986.37978944987  2.976705387223126E-18
5989.907376149  3.026073800926976E-18
5993.43532290741  3.330512041907984E-18
5996.96362896962  3.198062021069614E-18
6000.49229358181  3.284390725698711E-18
6004.02131599176  3.330640048107775E-18
6007.55069544887  3.323925616280529E-18
6011.08043120417  3.156072472020044E-18
6014.6105225103  3.123017714356965E-18
6018.1409686215  3.149319576294314E-18
6021.67176879363  3.099430452394863E-18
6025.20292228415  3.471372214829332E-18
6028.73442835213  3.302761786718053E-18
6032.26628625822  3.065444496157203E-18
6035.79849526468  3.322683397795628E-18
6039.33105463536  3.095054873749610E-18
6042.86396363571  3.112046611097522E-18
6046.39722153274  3.426204017480873E-18
6049.93082759507  3.395060874213405E-18
6053.4647810929  3.245610430630693E-18
6056.99908129798  3.402178349794117E-18
6060.53372748367  3.291887256795126E-18
6064.06871892489  3.577285247641233E-18
6067.6040548981  3.383097981399510E-18
6071.13973468138  3.310033531483008E-18
6074.67575755432  3.430352741843132E-18
6078.2121227981  3.596866267101588E-18
6081.74882969546  3.354156379332351E-18
6085.28587753067  3.468326122223605E-18
6088.82326558957  3.253704806514831E-18
6092.36099315954  3.546713892972192E-18
6095.89905952951  3.624969314822771E-18
6099.43746398994  3.583136309704127E-18
6102.97620583285  3.718180162148310E-18
6106.51528435176  3.530574358450364E-18
6110.05469884178  3.719212897143082E-18
6113.59444859948  3.640900813420544E-18
6117.134532923  3.592492136022408E-18
6120.67495111201  3.793353095446210E-18
6124.21570246767  3.599395371824470E-18
6127.75678629268  3.389320033967134E-18
6131.29820189125  3.608445968496720E-18
6134.83994856909  3.599284116032082E-18
6138.38202563343  3.592212135385060E-18
6141.92443239301  3.738042009426628E-18
6145.46716815806  3.161953932970449E-18
6149.01023224031  3.710911726105806E-18
6152.553623953  3.672907740042670E-18
6156.09734261085  3.699544196537796E-18
6159.64138753009  3.460173016515976E-18
6163.1857580284  3.394410503456785E-18
6166.73045342497  3.672983840659025E-18
6170.27547304049  3.588365331946381E-18
6173.82081619709  3.570118968404380E-18
6177.36648221839  3.412229007826943E-18
6180.9124704295  3.538052898368456E-18
6184.45878015697  3.335002185068073E-18
6188.00541072884  3.156156017261911E-18
6191.5523614746  3.421532514971481E-18
6195.0996317252  3.427682809620964E-18
6198.64722081306  3.270306114613617E-18
6202.19512807204  3.253305278278968E-18
6205.74335283746  3.587014132415776E-18
6209.29189444609  3.407199956497774E-18
6212.84075223613  3.423571101591117E-18
6216.38992554724  3.424223953889575E-18
6219.93941372052  3.609892293797768E-18
6223.48921609848  3.426845496045908E-18
6227.0393320251  3.377007243754129E-18
6230.58976084575  3.228340140211505E-18
6234.14050190728  3.600834666090312E-18
6237.69155455791  3.470102078998756E-18
6241.24291814731  3.485857388126054E-18
6244.79459202657  3.512171244182284E-18
6248.34657554818  3.423408767395903E-18
6251.89886806605  3.611092119276276E-18
6255.45146893551  3.495202874686677E-18
6259.00437751327  3.451256423102961E-18
6262.55759315747  3.274900689326043E-18
6266.11111522763  3.300850585912750E-18
6269.66494308469  2.966979811171034E-18
6273.21907609095  3.558123195161137E-18
6276.77351361014  3.200344212379647E-18
6280.32825500734  3.390096756562322E-18
6283.88329964905  3.339528103789657E-18
6287.43864690313  3.200583887962134E-18
6290.99429613883  3.242642713388006E-18
6294.55024672676  2.809951979587030E-18
6298.10649803892  2.143549015129862E-18
6301.66304944868  3.344602856847671E-18
6305.21990033076  3.951496793676548E-18
6308.77705006127  3.533059209010473E-18
6312.33449801764  2.976588547961603E-18
6315.89224357871  2.706016115234283E-18
6319.45028612464  3.005732602483685E-18
6323.00862503695  3.185934932904127E-18
6326.5672596985  3.303978776194272E-18
6330.12618949352  3.066767364751828E-18
6333.68541380756  2.956060613495028E-18
6337.24493202753  3.264963768627443E-18
6340.80474354165  2.841034325079476E-18
6344.3648477395  2.992776058958959E-18
6347.92524401197  3.041378089825279E-18
6351.48593175128  3.197018739522031E-18
6355.04691035101  3.243700884186615E-18
6358.60817920602  2.851727082062796E-18
6362.16973771249  2.950545179965677E-18
6365.73158526795  3.709348354748081E-18
6369.29372127121  3.300313125309744E-18
6372.8561451224  3.435993493235285E-18
6376.41885622296  3.353520070646144E-18
6379.98185397563  3.163987349711257E-18
6383.54513778446  3.096029706101504E-18
6387.10870705479  3.274881250581647E-18
6390.67256119324  3.313094720134913E-18
6394.23669960775  3.071176237416735E-18
6397.80112170753  3.141962011540808E-18
6401.36582690308  3.196672150845371E-18
6404.93081460619  3.357410714657289E-18
6408.49608422992  3.358506315378615E-18
6412.0616351886  3.491296100653590E-18
6415.62746689785  3.390017347223517E-18
6419.19357877456  3.557769989039576E-18
6422.75997023688  3.243332995609182E-18
6426.32664070421  3.444733483587520E-18
6429.89358959725  3.329909440831738E-18
6433.46081633792  3.413262983592634E-18
6437.02832034942  3.523835317999895E-18
6440.59610105619  3.252121789617557E-18
6444.16415788392  3.350446474285051E-18
6447.73249025956  3.208129636304997E-18
6451.30109761129  3.607086910750294E-18
6454.86997936853  3.553909950711098E-18
6458.43913496194  3.174973135426574E-18
6462.00856382343  3.330940728260438E-18
6465.57826538611  3.178460942479404E-18
6469.14823908435  3.103867862790903E-18
6472.71848435372  3.157077289669143E-18
6476.28900063103  3.066603582990543E-18
6479.85978735429  3.151898311853948E-18
6483.43084396276  3.393211505158889E-18
6487.00216989689  3.177879020918473E-18
6490.57376459833  3.318428173929502E-18
6494.14562750995  3.189143152909914E-18
6497.71775807584  3.083203236728104E-18
6501.29015574127  3.423919344629001E-18
6504.86281995271  3.378214513858149E-18
6508.43575015783  3.202761854514987E-18
6512.00894580549  3.055681283387239E-18
6515.58240634575  2.961835781736720E-18
6519.15613122985  3.161897271098488E-18
6522.73011991019  3.367733928701950E-18
6526.3043718404  3.253707701646974E-18
6529.87888647523  3.241466669352108E-18
6533.45366327065  3.201918957470795E-18
6537.02870168378  3.172082345980854E-18
6540.60400117291  3.201958041754738E-18
6544.1795611975  3.107423912244268E-18
6547.75538121817  3.224426541938363E-18
6551.33146069668  3.146394872443480E-18
6554.907799096  3.205691314654344E-18
6558.48439588018  3.110862295255499E-18
6562.06125051449  3.126692464228232E-18
6565.63836246529  3.247260862747889E-18
6569.21573120012  2.867285315409152E-18
6572.79335618766  3.212933074122092E-18
6576.3712368977  3.247955074076975E-18
6579.94937280118  3.140376306306544E-18
6583.5277633702  3.267593582589902E-18
6587.10640807795  3.357914260855180E-18
6590.68530639875  3.333891695095721E-18
6594.26445780806  3.201686312923514E-18
6597.84386178247  3.425918640169543E-18
6601.42351779965  3.463193466522713E-18
6605.00342533841  3.267579934109796E-18
6608.58358387867  3.400831492961728E-18
6612.16399290144  3.480220152251505E-18
6615.74465188887  3.446249292060024E-18
6619.32556032417  3.756690382746328E-18
6622.90671769167  3.608434801558449E-18
6626.48812347681  3.409986934776618E-18
6630.0697771661  3.529850161824075E-18
6633.65167824714  3.522564768579013E-18
6637.23382620863  3.761721295231876E-18
6640.81622054035  3.389730935936420E-18
6644.39886073316  3.392140719855940E-18
6647.98174627899  3.515964280881147E-18
6651.56487667086  3.721103832023378E-18
6655.14825140285  3.794346125771580E-18
6658.73186997011  3.826632639440750E-18
6662.31573186887  3.531487152256316E-18
6665.89983659639  3.654558806104712E-18
6669.48418365103  3.556207858452770E-18
6673.06877253218  3.409351453271025E-18
6676.65360274029  3.788652228025072E-18
6680.23867377686  3.593249419873201E-18
6683.82398514445  3.391361515718914E-18
6687.40953634664  3.552142265742072E-18
6690.99532688807  3.595419114619928E-18
6694.58135627443  3.531942101593221E-18
6698.16762401241  3.368462468026456E-18
6701.75412960976  3.418488903907591E-18
6705.34087257525  3.580095593772383E-18
6708.92785241869  3.787462328713914E-18
6712.5150686509  3.689389313747790E-18
6716.10252078371  3.687570757171092E-18
6719.69020833  3.558634806370001E-18
6723.27813080363  3.505036811399015E-18
6726.8662877195  3.686621981008492E-18
6730.45467859349  3.739148777086223E-18
6734.04330294252  3.884339240514287E-18
6737.63216028448  3.639001606734121E-18
6741.22125013828  3.536109437519263E-18
6744.81057202382  3.636835220709845E-18
6748.40012546198  3.626807723734171E-18
6751.98990997467  3.770998539391965E-18
6755.57992508474  3.861656293756857E-18
6759.17017031606  3.411088325762233E-18
6762.76064519345  3.600481873559058E-18
6766.35134924274  3.713727862501243E-18
6769.94228199072  3.759289384230970E-18
6773.53344296515  3.685685198964776E-18
6777.12483169476  3.595645762107766E-18
6780.71644770925  3.537285688350313E-18
6784.3082905393  3.457578357729551E-18
6787.90035971651  3.474568854306542E-18
6791.49265477347  3.646306438723577E-18
6795.08517524371  3.673706382924090E-18
6798.67792066173  3.816983577595318E-18
6802.27089056295  3.737888981013304E-18
6805.86408448376  3.598679447004305E-18
6809.45750196147  3.841678641192782E-18
6813.05114253435  3.737334770002893E-18
6816.6450057416  3.797603149433507E-18
6820.23909112335  3.591158307284667E-18
6823.83339822065  3.684428298024001E-18
6827.4279265755  3.796635761707127E-18
6831.02267573081  3.945220147188495E-18
6834.61764523042  3.784193310933104E-18
6838.21283461907  3.421612131105438E-18
6841.80824344243  3.549721935269742E-18
6845.40387124709  3.604798929175973E-18
6848.99971758053  3.464941919542497E-18
6852.59578199114  3.694992635217223E-18
6856.19206402823  3.608535717593181E-18
6859.78856324199  3.756589466711597E-18
6863.38527918351  3.667734966082070E-18
6866.98221140479  3.524298952733230E-18
6870.57935945871  3.552420612018196E-18
6874.17672289903  3.450162683538013E-18
6877.77430128042  3.803675482310260E-18
6881.37209415839  3.631449447741512E-18
6884.97010108938  3.672046231434697E-18
6888.56832163066  3.617198366558142E-18
6892.16675534041  3.654507107316428E-18
6895.76540177766  3.479835099676360E-18
6899.3642605023  3.618035886928352E-18
6902.96333107511  3.749740411239658E-18
6906.5626130577  3.390740303078887E-18
6910.16210601257  3.663293419782966E-18
6913.76180950304  3.925524149622996E-18
6917.36172309332  3.459715585637235E-18
6920.96184634844  3.504450340344714E-18
6924.56217883428  3.723917900467283E-18
6928.16272011758  3.461710745274713E-18
6931.7634697659  3.283857607793920E-18
6935.36442734765  3.504971877720929E-18
6938.96559243207  3.519312708000761E-18
6942.56696458922  3.331578898103024E-18
6946.16854339001  3.582918761203026E-18
6949.77032840615  3.912491919072222E-18
6953.37231921019  3.569766175873127E-18
6956.9745153755  3.786848974289705E-18
6960.57691647625  3.787897012125810E-18
6964.17952208743  3.481248751343215E-18
6967.78233178485  3.677649552904131E-18
6971.38534514512  3.806278619697964E-18
6974.98856174564  3.846508962379786E-18
6978.59198116463  3.649283048157848E-18
6982.19560298111  3.863406607933020E-18
6985.79942677486  3.621503841646481E-18
6989.4034521265  3.761207616071480E-18
6993.00767861741  3.848795703183189E-18
6996.61210582975  3.569468804442914E-18
7000.21673334649  3.826232697614581E-18
7003.82156075136  3.533214718965633E-18
7007.42658762885  3.720569473347669E-18
7011.03181356428  3.785540788150953E-18
7014.63723814368  3.697390631813014E-18
7018.24286095387  3.408754849254221E-18
7021.84868158245  3.546810259513555E-18
7025.45469961776  3.651553658939308E-18
7029.06091464891  3.494642873411979E-18
7032.66732626576  3.469329078716326E-18
7036.27393405892  3.563756708722929E-18
7039.88073761977  3.983982657873343E-18
7043.48773654042  3.622270638074316E-18
7047.0949304137  3.591652961290972E-18
7050.70231883323  3.741069904058877E-18
7054.30990139334  3.113288002401810E-18
7057.91767768908  3.258232379597640E-18
7061.52564731627  3.094911151118179E-18
7065.13380987142  3.127583958133411E-18
7068.74216495179  3.351709165490113E-18
7072.35071215536  3.711234326544702E-18
7075.95945108081  3.714834630160840E-18
7079.56838132757  4.017923532767619E-18
7083.17750249575  3.914155379284067E-18
7086.78681418618  3.800748090122434E-18
7090.39631600042  3.566648945734721E-18
7094.0060075407  3.677502314755096E-18
7097.61588840997  3.672442037357803E-18
7101.22595821188  3.996020203737522E-18
7104.83621655078  3.731750473687549E-18
7108.44666303169  3.766953626196581E-18
7112.05729726033  3.912467103653845E-18
7115.66811884312  3.589584596169284E-18
7119.27912738715  3.818697495824529E-18
7122.89032250019  3.700708039659659E-18
7126.5017037907  3.594164281630685E-18
7130.11327086778  3.681142323040635E-18
7133.72502334125  3.708924424684147E-18
7137.33696082156  3.821464414973518E-18
7140.94908291984  3.581109303613067E-18
7144.56138924789  3.636864172031284E-18
7148.17387941815  3.654795793350209E-18
7151.78655304374  3.695869033076224E-18
7155.3994097384  3.969093820437696E-18
7159.01244911655  3.509391503733800E-18
7162.62567079325  3.673270458741275E-18
7166.23907438419  3.366892272428678E-18
7169.85265950573  3.357237213523806E-18
7173.46642577484  3.476313791808724E-18
7177.08037280913  3.500507583954981E-18
7180.69450022685  3.269333143418102E-18
7184.30880764688  3.385725107024978E-18
7187.92329468872  3.069641403790143E-18
7191.5379609725  3.489690129494317E-18
7195.15280611896  3.504734476885126E-18
7198.76782974946  3.497307222165013E-18
7202.38303148598  3.359639552817812E-18
7205.99841095112  3.547208133388193E-18
7209.61396776805  3.678686010211659E-18
7213.2297015606  3.330887375110929E-18
7216.84561195314  3.391952122676277E-18
7220.4616985707  3.727400744436438E-18
7224.07796103886  3.790691641825320E-18
7227.69439898382  3.794329168569023E-18
7231.31101203235  3.372782211980361E-18
7234.92779981182  3.507249519537594E-18
7238.54476195019  3.512528586206907E-18
7242.16189807599  3.762519110932683E-18
7245.77920781832  3.411722152906602E-18
7249.39669080686  3.479065821706686E-18
7253.01434667189  3.486254434820080E-18
7256.63217504421  3.426368833217924E-18
7260.25017555523  3.589527107116712E-18
7263.8683478369  3.711716159251515E-18
7267.48669152172  3.704647900917248E-18
7271.10520624277  3.463812818006362E-18
7274.72389163368  3.197007779378914E-18
7278.34274732861  3.120093424096438E-18
7281.9617729623  3.465235775455106E-18
7285.58096817001  3.099618429189066E-18
7289.20033258754  3.008659787876356E-18
7292.81986585125  3.146586571550439E-18
7296.43956759802  3.881395304714211E-18
7300.05943746526  3.505997168090189E-18
7303.67947509092  3.059332458611048E-18
7307.29968011348  2.841721712168507E-18
7310.92005217193  2.861054784240250E-18
7314.54059090578  2.801311044113148E-18
7318.16129595508  2.640664090554071E-18
7321.78216696036  2.883946387307195E-18
7325.4032035627  3.257668242419878E-18
7329.02440540365  2.991129969539979E-18
7332.6457721253  2.979907610169472E-18
7336.26730337022  3.123651748296487E-18
7339.88899878149  2.991690177609831E-18
7343.51085800268  2.606494707015578E-18
7347.13288067787  2.867968980185428E-18
7350.7550664516  2.822719512341786E-18
7354.37741496891  2.850275380087765E-18
7357.99992587535  3.220537138698138E-18
7361.62259881693  3.317691362798870E-18
7365.24543344012  3.170614100393573E-18
7368.8684293919  2.929157804842659E-18
7372.49158631971  3.128550518679180E-18
7376.11490387145  3.030985185814008E-18
7379.73838169549  3.127900975103172E-18
7383.36201944067  2.757877858099520E-18
7386.98581675629  2.648368037189084E-18
7390.60977329209  2.932191489739198E-18
7394.23388869831  2.847424088516294E-18
7397.85816262558  2.539617568080971E-18
7401.48259472502  3.086664780796485E-18
7405.10718464819  3.000053180397895E-18
7408.73193204707  3.097687169253907E-18
7412.35683657411  3.249504796954592E-18
7415.98189788218  3.041865712796379E-18
7419.60711562458  3.023482657658153E-18
7423.23248945504  3.217761947743023E-18
7426.85801902774  3.287808635989780E-18
7430.48370399725  3.562721905776625E-18
7434.10954401859  3.430328133219910E-18
7437.73553874718  3.295653823714385E-18
7441.36168783886  3.367105064641257E-18
7444.98799094989  3.327302374336123E-18
7448.61444773693  3.288584531404354E-18
7452.24105785705  3.110504953230876E-18
7455.86782096772  3.514626729830648E-18
7459.49473672681  3.468881160414627E-18
7463.1218047926  3.355449469424925E-18
7466.74902482375  3.274075163074714E-18
7470.37639647931  3.059357894414885E-18
7474.00391941872  3.211375079438348E-18
7477.63159330182  3.353364974281292E-18
7481.25941778881  3.349379411294857E-18
7484.88739254029  3.551149235416702E-18
7488.51551721721  3.272092824736732E-18
7492.14379148092  3.359724132035446E-18
7495.77221499313  3.339486744759030E-18
7499.40078741591  3.361734387719104E-18
7503.0295084117  3.456692654088659E-18
7506.6583776433  3.516801801251356E-18
7510.28739477387  3.444000394769645E-18
7513.91655946692  3.507031143855880E-18
7517.54587138633  3.835720045650257E-18
7521.17533019629  3.604825812545881E-18
7524.80493556138  3.699291906450968E-18
7528.4346871465  3.781219596630976E-18
7532.06458461689  3.264457327297409E-18
7535.69462763814  3.580111310204021E-18
7539.32481587614  3.621524107571488E-18
7542.95514899716  3.338403965337197E-18
7546.58562666775  3.620902067750848E-18
7550.21624855483  3.889591837403998E-18
7553.84701432562  3.604100375148671E-18
7557.47792364763  3.659653411497427E-18
7561.10897618875  3.569842690079788E-18
7564.74017161712  3.526990598446478E-18
7568.37150960123  3.466256102740690E-18
7572.00298980986  3.599985565191526E-18
7575.6346119121  4.134778510722372E-18
7579.26637557733  3.808816409817276E-18
7582.89828047525  3.836409087100514E-18
7586.53032627583  3.702122104916818E-18
7590.16251264935  3.606836275024691E-18
7593.79483926636  3.459459159647343E-18
7597.42730579772  3.047469654651272E-18
7601.05991191455  3.722257748977891E-18
7604.69265728826  3.941635560003997E-18
7608.32554159055  3.138514943133147E-18
7611.95856449336  3.590758365458497E-18
7615.59172566893  3.373123630778192E-18
7619.22502478976  3.328717473569049E-18
7622.85846152861  3.252288466510988E-18
7626.4920355585  3.258186057483337E-18
7630.12574655271  3.682432724796218E-18
7633.7595941848  3.458333780423964E-18
7637.39357812853  3.297109041207019E-18
7641.02769805797  3.356900964604803E-18
7644.66195364738  3.372046228030342E-18
7648.29634457132  3.612361014335933E-18
7651.93087050453  3.736576245381182E-18
7655.56553112204  3.536312096769338E-18
7659.20032609909  3.729851267001127E-18
7662.83525511115  3.646016925509183E-18
7666.47031783393  3.798739282004849E-18
7670.10551394335  3.843421510743433E-18
7673.74084311556  3.643054791735631E-18
7677.37630502694  3.667374315334997E-18
7681.01189935407  3.544327890495284E-18
7684.64762577376  3.797572130160537E-18
7688.28348396301  3.813222387350040E-18
7691.91947359904  3.826895682875541E-18
7695.55559435927  3.392188903126621E-18
7699.19184592134  3.488969655180785E-18
7702.82822796305  3.735817307169166E-18
7706.46474016244  3.663544469098876E-18
7710.1013821977  3.614656854126074E-18
7713.73815374725  3.532250639961703E-18
7717.37505448966  3.902598838946087E-18
7721.0120841037  3.705583442190047E-18
7724.64924226832  3.582752911490208E-18
7728.28652866266  3.402299945344162E-18
7731.923942966  3.425812140665676E-18
7735.56148485782  3.585798176915323E-18
7739.19915401777  3.659083484055376E-18
7742.83695012565  3.857476963711934E-18
7746.47487286143  4.213854082150298E-18
7750.11292190523  3.713718763514505E-18
7753.75109693733  3.619645580400380E-18
7757.38939763818  3.712412645327284E-18
7761.02782368836  3.663570525288171E-18
7764.6663747686  3.791805854110430E-18
7768.30505055979  3.464995893077466E-18
7771.94385074293  3.750264430157710E-18
7775.5827749992  3.506708957007291E-18
7779.22182300988  3.572753538655361E-18
7782.86099445639  3.586698976602393E-18
7786.50028902029  3.302223705729589E-18
7790.13970638326  3.302515080100360E-18
7793.7792462271  3.413681536982587E-18
7797.41890823374  3.562745066833777E-18
7801.05869208521  3.971382215602323E-18
7804.69859746366  3.725683103894472E-18
7808.33862405138  3.496274073579934E-18
7811.97877153071  3.467227212779828E-18
7815.61903958415  3.621955895851241E-18
7819.25942789427  3.868661272774263E-18
7822.89993614376  4.000553567084618E-18
7826.54056401538  3.639043792945362E-18
7830.18131119201  3.407559159678775E-18
7833.82217735661  3.533274275969737E-18
7837.46316219221  3.591487938758769E-18
7841.10426538194  3.804074183365509E-18
7844.74548660902  4.006182531153042E-18
7848.38682555674  4.299841988367023E-18
7852.02828190845  4.313617440698175E-18
7855.66985534759  3.758858423131830E-18
7859.31154555766  4.957202421162914E-18
7862.95335222224  6.134902472646510E-18
7866.59527502495  6.360623931790287E-18
7870.23731364948  4.938268256941575E-18
7873.87946777958  3.700448304947317E-18
7877.52173709906  3.530829130079030E-18
7881.16412129177  3.800420526599863E-18
7884.80662004161  4.757939988272871E-18
7888.44923303252  4.327290322633370E-18
7892.09195994849  4.814042272548363E-18
7895.73480047355  4.037804818790331E-18
7899.37775429176  3.503068948721750E-18
7903.02082108721  3.331482117971354E-18
7906.66400054403  3.389726593238204E-18
7910.30729234637  3.088065404368689E-18
7913.9506961784  3.408665100157759E-18
7917.59421172432  3.980227257892352E-18
7921.23783866834  3.325463758629571E-18
7924.88157669468  3.893406380798787E-18
7928.52542548759  3.770035287568646E-18
7932.16938473132  3.470120690562539E-18
7935.81345411012  3.660291167749705E-18
7939.45763330824  3.397191898266495E-18
7943.10192200993  3.610832798154240E-18
7946.74631989946  3.625419714666307E-18
7950.39082666107  3.045812398294022E-18
7954.03544197899  3.616942354158558E-18
7957.68016553744  3.217449273471479E-18
7961.32499702064  3.419383913330374E-18
7964.96993611278  3.584044140426405E-18
7968.61498249801  3.873833633144557E-18
7972.2601358605  3.672076009936748E-18
7975.90539588434  3.390142458291165E-18
7979.55076225364  3.827569421484467E-18
7983.19623465243  3.905013379154132E-18
7986.84181276474  3.241754941795583E-18
7990.48749627454  3.836275497431586E-18
7994.13328486577  3.664848932924872E-18
7997.77917822231  3.992186635188645E-18
8001.425176028  3.501262799854242E-18
8005.07127796664  3.641186190731874E-18
8008.71748372194  3.387814151661981E-18
8012.3637929776  3.701074480671019E-18
8016.01020541721  3.746623594691558E-18
8019.65672072434  3.821277058564775E-18
8023.30333858247  3.672423839384326E-18
8026.95005867501  3.809438036047610E-18
8030.59688068531  3.167882543215769E-18
8034.24380429662  3.372981976098293E-18
8037.89082919215  3.478406145168176E-18
8041.53795505498  3.930746554420349E-18
8045.18518156816  3.650008485555058E-18
8048.8325084146  4.084787023222118E-18
8052.47993527715  3.683917100405444E-18
8056.12746183856  3.724786440110464E-18
8059.77508778149  3.607366911387643E-18
8063.42281278848  3.398390069383778E-18
8067.07063654197  4.058126164898922E-18
8070.71855872433  3.813425873780728E-18
8074.36657901778  3.563286870134999E-18
8078.01469710444  3.345341942724986E-18
8081.66291266632  3.521283879400475E-18
8085.31122538531  3.566917365843494E-18
8088.95963494319  3.359097335926284E-18
8092.60814102159  3.613191917261242E-18
8096.25674330203  3.606217130336195E-18
8099.9054414659  3.356931363492314E-18
8103.55423519447  3.557697610735977E-18
8107.20312416884  3.508254957572152E-18
8110.85210807  3.316921878034042E-18
8114.50118657879  3.367236379563500E-18
8118.15035937589  3.472186574142390E-18
8121.79962614186  3.243584044925091E-18
8125.44898655709  3.277622527131647E-18
8129.09844030183  3.499032307332492E-18
8132.74798705614  3.376751851740003E-18
8136.39762649997  3.227341319621846E-18
8140.04735831306  3.121242377967273E-18
8143.69718217501  3.194549191803254E-18
8147.34709776526  3.225922911666472E-18
8150.99710476304  3.113712966441510E-18
8154.64720284744  3.075096246339625E-18
8158.29739169736  3.102920327399223E-18
8161.94767099152  3.102359498943912E-18
8165.59804040845  2.875865453108011E-18
8169.2484996265  2.940345215832286E-18
8172.89904832383  3.326628428932046E-18
8176.5496861784  3.163292724791866E-18
8180.20041286798  2.964852923021007E-18
8183.85122807014  3.212994285487422E-18
8187.50213146224  3.312502045226018E-18
8191.15312272145  3.001508604685682E-18
8194.80420152472  3.411035592998183E-18
8198.45536754879  3.263699423061155E-18
8202.10662047019  3.349226176086383E-18
8205.75795996522  3.445212214367035E-18
8209.40938570999  3.618229033601383E-18
8213.06089738036  3.565510331621541E-18
8216.71249465196  3.296734948774993E-18
8220.36417720021  3.478653885761635E-18
8224.01594470028  3.028295194461986E-18
8227.66779682713  3.177123184633752E-18
8231.31973325545  2.940162615712065E-18
8234.97175365971  3.373537634674775E-18
8238.62385771413  3.331828293057708E-18
8242.27604509268  3.356287196590288E-18
8245.92831546908  3.366478061736941E-18
8249.58066851681  3.377696905589845E-18
8253.23310390906  3.379210646110817E-18
8256.8856213188  3.304003591612648E-18
8260.53822041872  3.356079160666231E-18
8264.19090088123  3.461035559099716E-18
8267.8436623785  3.241395118229123E-18
8271.49650458241  3.397272134785912E-18
8275.14942716457  3.501277689105267E-18
8278.80242979631  3.653950828354486E-18
8282.45551214868  3.316234490945011E-18
8286.10867389246  3.592967351284320E-18
8289.76191469812  3.230216392635927E-18
8293.41523423586  2.818261836020738E-18
8297.06863217557  3.587271799176586E-18
8300.72210818686  3.620906203653912E-18
8304.37566193904  3.306391662041089E-18
8308.02929310111  3.402040417426974E-18
8311.68300134178  3.579569920493104E-18
8315.33678632942  3.583322425341952E-18
8318.99064773212  3.380733692413679E-18
8322.64458521766  3.067787898832566E-18
8326.29859845347  3.646333322093485E-18
8329.9526871067  3.266984570863911E-18
8333.60685084415  3.369496236996995E-18
8337.26108933231  3.472631597311943E-18
8340.91540223731  2.724230632322701E-18
8344.569789225  3.140264636923850E-18
8348.22424996086  3.705024268095960E-18
8351.87878411004  3.699947447086416E-18
8355.53339133734  3.356125275985380E-18
8359.18807130723  3.037633443192251E-18
8362.84282368383  3.196317703952892E-18
8366.49764813091  3.551601289621462E-18
8370.15254431189  3.742339212708840E-18
8373.80751188982  3.330123680610388E-18
8377.46255052741  3.564078481981212E-18
8381.11765988699  3.586540985105396E-18
8384.77283963054  3.312863109563398E-18
8388.42808941967  3.285140978514296E-18
8392.08340891562  3.417025001018525E-18
8395.73879777924  3.610511024895957E-18
8399.39425567102  3.580918224891566E-18
8403.04978225107  3.747136033081035E-18
8406.7053771791  3.510623175665892E-18
8410.36104011446  3.470873838510268E-18
8414.01677071609  3.587363616224579E-18
8417.67256864255  3.797539870116648E-18
8421.32843355199  3.795359008431651E-18
8424.98436510219  3.658349774852043E-18
8428.64036295049  3.793809699144339E-18
8432.29642675387  3.913582970300181E-18
8435.95255616886  3.600225447569167E-18
8439.60875085162  3.361271786961533E-18
8443.26501045786  3.522546157015230E-18
8446.9213346429  3.519649370510070E-18
8450.57772306163  3.811805840551043E-18
8454.23417536852  3.413615776123888E-18
8457.89069121762  3.242259108378934E-18
8461.54727026255  3.209068486300244E-18
8465.20391215648  3.241958841816578E-18
8468.86061655217  3.333756864655875E-18
8472.51738310194  3.415175425168857E-18
8476.17421145766  3.410778546622831E-18
8479.83110127076  3.588208581220303E-18
8483.48805219223  3.100520469647054E-18
8487.1450638726  3.542386911187928E-18
8490.80213596196  3.094051917256889E-18
8494.45926810992  3.472892159204898E-18
8498.11645996568  3.357401408875396E-18
8501.77371117794  3.460921614970336E-18
8505.43102139493  3.623587923199808E-18
8509.08839026444  3.805386091817020E-18
8512.74581743377  3.509832391000291E-18
8516.40330254977  3.198021282424445E-18
8520.06084525878  3.347518461711767E-18
8523.71844520668  2.923154955137362E-18
8527.37610203888  3.103911082977909E-18
8531.03381540027  3.425316039093297E-18
8534.6915849353  3.661754036663005E-18
8538.34941028788  3.217114472118547E-18
8542.00729110145  3.248432770880724E-18
8545.66522701895  3.608344638871681E-18
8549.32321768282  3.310964316467282E-18
8552.98126273501  3.337227921301300E-18
8556.63936181692  3.377616048684967E-18
8560.2975145695  3.283805288620176E-18
8563.95572063313  3.219097430841990E-18
8567.61397964773  3.147217296767510E-18
8571.27229125265  3.327452507617302E-18
8574.93065508675  3.033529386583069E-18
8578.58907078836  3.210717470851368E-18
8582.24753799528  3.205774653101058E-18
8585.90605634478  3.034868385199640E-18
8589.56462547359  3.380094075005024E-18
8593.22324501791  3.458004355745016E-18
8596.88191461342  3.391962876024241E-18
8600.5406338952  3.472561286959876E-18
8604.19940249786  3.273538736447474E-18
8607.8582200554  3.146740427144374E-18
8611.5170862013  3.247923227623392E-18
8615.17600056847  3.297281921955042E-18
8618.83496278928  3.030845805880794E-18
8622.49397249552  2.902341436564303E-18
8626.15302931843  3.498837092707929E-18
8629.81213288868  3.304133458968819E-18
8633.47128283636  3.206462246985243E-18
8637.13047879101  3.526996802301072E-18
8640.78972038157  3.452410960442931E-18
8644.44900723641  3.509159479571978E-18
8648.10833898333  3.434349471767836E-18
8651.76771524954  3.159408284635317E-18
8655.42713566164  3.651415933367318E-18
8659.08659984566  3.350045912073423E-18
8662.74610742704  3.826250481997750E-18
8666.40565803062  3.452159497536716E-18
8670.06525128064  3.624592534053755E-18
8673.72488680071  3.210071856383271E-18
8677.38456421389  3.787883777236009E-18
8681.04428314257  3.115520562875091E-18
8684.70404320857  3.360038460668216E-18
8688.3638440331  3.204842213755557E-18
8692.02368523671  3.705584682960964E-18
8695.68356643935  3.285921216627087E-18
8699.34348726038  3.276526926410322E-18
8703.00344731848  3.630001054488932E-18
8706.66344623173  3.467196607097164E-18
8710.32348361756  3.494805827992652E-18
8713.98355909279  3.347220469896095E-18
8717.64367227358  3.627646484875299E-18
8721.30382277546  3.392784266372505E-18
8724.96401021329  3.480752442975683E-18
8728.62423420132  3.221172413408579E-18
8732.28449435311  3.523275316725195E-18
8735.94479028161  3.469899419748681E-18
8739.60512159907  3.488096979634541E-18
8743.26548791711  3.524485481961361E-18
8746.92588884667  3.374009748009391E-18
8750.58632399803  3.479280061485339E-18
8754.2467929808  3.306430125939574E-18
8757.90729540392  3.078056932547105E-18
8761.56783087565  3.468803612232202E-18
8765.22839900358  3.259628453676477E-18
8768.88899939462  3.923811472164704E-18
8772.54963165497  4.081584179890312E-18
8776.21029539019  3.358804100399133E-18
8779.8709902051  3.627790000711577E-18
8783.53171570386  3.451522775260202E-18
8787.19247148992  3.296163573766870E-18
8790.85325716604  3.672307620508263E-18
8794.51407233427  3.329754551262038E-18
8798.17491659595  3.555589540944887E-18
8801.83578955173  3.686452822573225E-18
8805.49669080153  3.396762384733427E-18
8809.15761994457  3.174690860042540E-18
8812.81857657934  3.526679578536158E-18
8816.47956030361  3.723970012845874E-18
8820.14057071445  3.401894833639164E-18
8823.80160740818  3.373213173079501E-18
8827.46266998038  3.114830487449069E-18
8831.12375802594  4.315884742757182E-18
8834.78487113898  3.395283799388488E-18
8838.44600891289  3.426996870098005E-18
8842.10717094031  3.973752915237900E-18
8845.76835681316  3.512574081140598E-18
8849.4295661226  3.995261679115811E-18
8853.09079845902  3.640531477277038E-18
8856.75205341209  3.418251916662095E-18
8860.41333057071  3.316278951902936E-18
8864.07462952301  3.323952706445590E-18
8867.73594985636  3.752964761267390E-18
8871.39729115738  3.890672135283993E-18
8875.05865301192  3.535041960938763E-18
8878.72003500504  4.086680853234558E-18
8882.38143672104  3.724130072294404E-18
8886.04285774342  3.156371084221176E-18
8889.70429765496  3.511983474183236E-18
8893.36575603758  3.487421586664391E-18
8897.02723247245  3.998154329717908E-18
8900.68872653997  3.956435889114102E-18
8904.35023781972  3.970007027833954E-18
8908.01176589047  3.570032941620675E-18
8911.67331033024  3.327627869907163E-18
8915.3348707162  3.255062416695182E-18
8918.99644662475  3.794786185857458E-18
8922.65803763146  3.419573751280955E-18
8926.3196433111  3.425463690832639E-18
8929.98126323763  3.443163701580049E-18
8933.64289698418  3.306311839111978E-18
8937.30454412307  3.526980672279127E-18
8940.96620422579  3.127623249212507E-18
8944.62787686302  3.438489717528817E-18
8948.2895616046  3.098289977125305E-18
8951.95125801954  3.324551585209079E-18
8955.612965676  3.661707714548701E-18
8959.27468414133  4.107900931078687E-18
8962.93641298203  3.722416981245807E-18
8966.59815176374  3.114051076516890E-18
8970.25990005128  3.173660399794453E-18
8973.92165740859  3.246663017960167E-18
8977.58342339879  3.314474664191804E-18
8981.24519758411  2.973724228295485E-18
8984.90697952594  3.136867406148094E-18
8988.56876878483  3.535728520847182E-18
8992.23056492041  3.005418480646067E-18
8995.8923674915  3.152021148174912E-18
8999.55417605601  3.235981841505423E-18
9003.215990171  2.873229228495805E-18
9006.87780939263  3.388939944475666E-18
9010.5396332762  3.115641124449370E-18
9014.20146137611  3.338377495557596E-18
9017.8632932459  2.996256628181430E-18
9021.52512843819  3.117357731015571E-18
9025.18696650473  3.453919324289922E-18
9028.84880699636  3.167530784660282E-18
9032.51064946305  3.562410885866305E-18
9036.17249345384  3.370536416617279E-18
9039.83433851686  3.331851454114859E-18
9043.49618419936  3.444568667850469E-18
9047.15803004768  3.175081082496512E-18
9050.81987560722  3.399822125819260E-18
9054.48172042248  3.111630125659101E-18
9058.14356403704  2.981361173300880E-18
9061.80540599356  3.513853315957911E-18
9065.46724583378  3.344759193983443E-18
9069.1290830985  3.035190572048229E-18
9072.79091732759  3.098885340371189E-18
9076.45274805999  3.194903638695734E-18
9080.11457483371  3.198404680638364E-18
9083.7763971858  3.127561417461719E-18
9087.4382146524  2.970290601572778E-18
9091.10002676867  3.512497153343630E-18
9094.76183306883  2.959630725018807E-18
9098.42363308615  3.083268583996495E-18
9102.08542635296  3.065017670961125E-18
9105.74721240062  3.392361370284338E-18
9109.40899075951  3.035406466188105E-18
9113.07076095908  3.058320196336437E-18
9116.73252252778  3.222909492694941E-18
9120.39427499312  2.961551024810848E-18
9124.05601788162  3.178708269482557E-18
9127.71775071882  3.060798222656492E-18
9131.3794730293  2.835282731485241E-18
9135.04118433662  2.860412685289755E-18
9138.70288416341  3.066720629047219E-18
9142.36457203126  3.145474840807167E-18
9146.02624746079  3.112764810664370E-18
9149.68790997164  3.285764672696161E-18
9153.34955908242  2.651521456479289E-18
9157.01119431077  3.069090501502183E-18
9160.67281517332  3.338250523333569E-18
9164.33442118567  3.123141377858542E-18
9167.99601186245  3.112108856438617E-18
9171.65758671723  3.061184102412248E-18
9175.31914526261  2.693478952280123E-18
9178.98068701015  2.988906094463131E-18
9182.64221147038  2.930934588798423E-18
9186.30371815283  3.031383266483800E-18
9189.96520656599  3.180195126633622E-18
9193.6266762173  3.050016957347629E-18
9197.28812661321  3.193891996806581E-18
9200.94955725909  3.251413102627753E-18
9204.6109676593  3.554354146700038E-18
9208.27235731714  3.390416668664226E-18
9211.93372573487  2.983484132342999E-18
9215.5950724137  3.202661145275409E-18
9219.25639685381  3.020927289950823E-18
9222.91769855428  3.495715313076154E-18
9226.57897701318  3.626953721112287E-18
9230.24023172748  3.231351904821810E-18
9233.90146219312  3.075842983637606E-18
9237.56266790496  3.296569719447634E-18
9241.22384835677  3.326299831433710E-18
9244.88500304128  3.316512010040523E-18
9248.54613145012  3.367552155762342E-18
9252.20723307386  3.029432981394553E-18
9255.86830740198  3.335746854414524E-18
9259.52935392287  3.036950192006282E-18
9263.19037212385  3.332858753305795E-18
9266.85136149111  3.573384677462740E-18
9270.5123215098  3.239177447006869E-18
9274.17325166393  3.549969675863201E-18
9277.83415143644  3.224025152546122E-18
9281.49502030913  3.048364870869208E-18
9285.15585776275  3.458591447184775E-18
9288.81666327688  3.182885324780797E-18
9292.47743633004  2.857277257177873E-18
9296.13817639959  3.054430999891366E-18
9299.79888296181  3.474406726906482E-18
9303.45955549185  3.761976480450848E-18
9307.12019346371  2.869516221521207E-18
9310.7807963503  2.598161275934412E-18
9314.44136362338  2.546401069489366E-18
9318.10189475357  1.268614542031112E-18
9321.76238921037  2.592455384069021E-18
9325.42284646215  2.998099379791045E-18
9329.0832659761  2.737894208476005E-18
9332.74364721831  2.742861014464079E-18
9336.40398965368  2.429714422789267E-18
9340.064292746  1.807078618518046E-18
9343.72455595787  2.214131923208706E-18
9347.38477875076  2.911263613446453E-18
9351.04496058497  2.446808110147675E-18
9354.70510091963  2.545667773876338E-18
9358.3651992127  2.721827465848081E-18
9362.025254921  2.649686149495187E-18
9365.68526750015  2.947453385631107E-18
9369.34523640461  2.933998258992167E-18
9373.00516108764  2.003647751333616E-18
9376.66504100135  1.523171413930911E-18
9380.32487559665  2.779263372066159E-18
9383.98466432326  1.952365034897166E-18
9387.64440662971  2.916961026710565E-18
9391.30410196335  2.868117459105381E-18
9394.96374977031  3.021387822756862E-18
9398.62334949555  2.888115791184769E-18
9402.2829005828  2.547317172017768E-18
9405.94240247461  3.010567059573750E-18
9409.6018546123  3.188417301922398E-18
9413.261256436  3.173019128024571E-18
9416.9206073846  3.287270141411007E-18
9420.57990689579  2.977599983055602E-18
9424.23915440604  2.370867139651019E-18
9427.8983493506  2.538108377053369E-18
9431.55749116349  3.022049153656598E-18
9435.21657927748  2.619794530494512E-18
9438.87561312413  2.065770256107267E-18
9442.53459213377  2.815159701928510E-18
9446.19351573548  2.421088376566411E-18
9449.8523833571  3.385842153081654E-18
9453.51119442523  3.042552686295104E-18
9457.16994836521  2.699101919289105E-18
9460.82864460114  2.738279261051148E-18
9464.48728255588  3.104422487391619E-18
9468.145861651  2.697395032095102E-18
9471.80438130684  3.184201989520829E-18
9475.46284094248  2.696311839082963E-18
9479.1212399757  2.312050668990590E-18
9482.77957782304  3.049744401335793E-18
9486.43785389977  2.870226356077085E-18
9490.09606761986  2.785106369118081E-18
9493.75421839605  2.401719322138022E-18
9497.41230563974  2.399543423536702E-18
9501.0703287611  3.004264356896403E-18
9504.72828716898  3.608622985147805E-18
9508.38618027094  3.313061219320104E-18
9512.04400747328  2.876689738588421E-18
9515.70176818096  2.606925668114718E-18
9519.35946179768  2.552021761751664E-18
9523.01708772582  3.086912521389944E-18
9526.67464536645  2.111491837285523E-18
9530.33213411934  2.499636413558681E-18
9533.98955338297  3.066403818872611E-18
9537.64690255446  3.136177951107530E-18
9541.30418102965  2.752272675473708E-18
9544.96138820306  3.416672828872731E-18
9548.61852346786  3.436363863354556E-18
9552.27558621592  2.917321057072179E-18
9555.93257583778  2.979200577540892E-18
9559.58949172263  2.892015947772957E-18
9563.24633325833  3.569361270963282E-18
9566.90309983143  2.706730385693222E-18
9570.55979082711  3.010567059573750E-18
9574.21640562921  2.858800923866196E-18
9577.87294362023  2.894962985500330E-18
9581.52940418132  2.889000254054741E-18
9585.18578669227  3.082057591579718E-18
9588.84209053153  2.870209192079375E-18
9592.49831507617  3.060859847612127E-18
9596.15445970192  3.326209875542094E-18
9599.81052378312  2.840579996128031E-18
9603.46650669277  2.902015527402957E-18
9607.12240780248  3.322748538268866E-18
9610.77822648249  2.708653373822254E-18
9614.43396210166  2.518493443187899E-18
9618.08961402749  2.763606290636603E-18
9621.74518162608  3.286994897062180E-18
9625.40066426214  3.087317012709482E-18
9629.05606129899  2.518595186403243E-18
9632.71137209859  3.028700512962138E-18
9636.36659602145  2.629804036291863E-18
9640.02173242674  2.443431972477539E-18
9643.67678067218  3.085348529646760E-18
9647.33174011412  2.804330253348966E-18
9650.9866101075  3.334189273321087E-18
9654.64139000582  3.006648084626628E-18
9658.2960791612  2.777357961525144E-18
9661.95067692433  2.572519297330728E-18
9665.60518264449  3.628177121238253E-18
9669.25959566952  3.174134581080598E-18
9672.91391534585  3.187010681290752E-18
9676.56814101847  3.935364703780232E-18
9680.22227203097  2.527983893150873E-18
9683.87630772546  3.081152242399278E-18
9687.53024744265  3.701024849834266E-18
9691.18409052179  2.588398890345061E-18
9694.83783630069  3.737481180971316E-18
9698.49148411572  3.082527636962800E-18
9702.1450333018  3.549694224719221E-18
9705.79848319239  3.025306384113680E-18
9709.4518331195  3.241296063350769E-18
9713.10508241368  3.748637779483124E-18
9716.75823040403  2.924215193887502E-18
9720.41127641817  3.723098578070550E-18
