3785.0518376514  1.827907E-16
3788.11596150645  1.765568E-16
3791.18008536149  1.903139E-16
3794.24420921654  1.555695E-16
3797.30833307158  1.395818E-16
3800.37245692662  1.601733E-16
3803.43658078167  1.962682E-16
3806.50070463671  1.699638E-16
3809.56482849175  1.695575E-16
3812.6289523468  1.583726E-16
3815.69307620184  1.614708E-16
3818.75720005689  1.803057E-16
3821.82132391193  2.098749E-16
3824.88544776697  2.078293E-16
3827.94957162202  2.039801E-16
3831.01369547706  2.348783E-16
3834.0778193321  2.327792E-16
3837.14194318715  2.464710E-16
3840.20606704219  2.329253E-16
3843.27019089724  2.091329E-16
3846.33431475228  2.544442E-16
3849.39843860732  2.570028E-16
3852.46256246237  2.078025E-16
3855.52668631741  1.889612E-16
3858.59081017246  2.032465E-16
3861.6549340275  2.232999E-16
3864.71905788254  2.135709E-16
3867.78318173759  2.027658E-16
3870.84730559263  1.830545E-16
3873.91142944768  1.771962E-16
3876.97555330272  1.965538E-16
3880.03967715776  2.220486E-16
3883.10380101281  2.193093E-16
3886.16792486785  1.977972E-16
3889.23204872289  1.926588E-16
3892.29617257794  1.915538E-16
3895.36029643298  1.843443E-16
3898.42442028802  1.843707E-16
3901.48854414307  1.590152E-16
3904.55266799811  1.654380E-16
3907.61679185316  1.640436E-16
3910.6809157082  1.611731E-16
3913.74503956324  1.730139E-16
3916.80916341829  1.418351E-16
3919.87328727333  1.148976E-16
3922.93741112838  1.371603E-16
3926.00153498342  1.873748E-16
3929.06565883846  1.772889E-16
3932.12978269351  1.839957E-16
3935.19390654855  1.869808E-16
3938.25803040359  1.536413E-16
3941.32215425864  1.386849E-16
3944.38627811368  1.356711E-16
3947.45040196873  1.334955E-16
3950.51452582377  1.517010E-16
3953.57864967881  1.182033E-16
3956.64277353386  1.165741E-16
3959.7068973889  1.248822E-16
3962.77102124394  1.214397E-16
3965.83514509899  1.615120E-16
3968.89926895403  1.562150E-16
3971.96339280908  1.373366E-16
3975.02751666412  1.425526E-16
3978.09164051916  1.322907E-16
3981.15576437421  1.575024E-16
3984.21988822925  1.609725E-16
3987.2840120843  1.870301E-16
3990.34813593934  1.774660E-16
3993.41225979438  1.579813E-16
3996.47638364943  1.664559E-16
3999.54050750447  1.794948E-16
4002.60463135952  1.666863E-16
4005.66875521456  2.014494E-16
4008.7328790696  1.974349E-16
4011.79700292465  2.008404E-16
4014.86112677969  2.158027E-16
4017.92525063473  2.219980E-16
4020.98937448978  2.273077E-16
4024.05349834482  2.258339E-16
4027.11762219987  2.250422E-16
4030.18174605491  2.396968E-16
4033.24586990995  2.400210E-16
4036.309993765  2.294661E-16
4039.37411762004  2.601251E-16
4042.43824147508  2.635659E-16
4045.50236533013  2.320418E-16
4048.56648918517  2.437427E-16
4051.63061304022  2.180253E-16
4054.69473689526  2.242167E-16
4057.7588607503  2.421858E-16
4060.82298460535  2.347246E-16
4063.88710846039  2.012656E-16
4066.95123231543  2.442193E-16
4070.01535617048  2.486895E-16
4073.07948002552  2.215747E-16
4076.14360388057  2.169650E-16
4079.20772773561  1.948656E-16
4082.27185159065  1.871087E-16
4085.3359754457  1.947912E-16
4088.40009930074  1.991218E-16
4091.46422315578  1.737452E-16
4094.52834701083  1.865694E-16
4097.59247086587  2.084225E-16
4100.65659472092  2.072096E-16
4103.72071857596  2.135540E-16
4106.784842431  2.042192E-16
4109.84896628605  2.050800E-16
4112.91309014109  1.969937E-16
4115.97721399614  1.898415E-16
4119.04133785118  2.003091E-16
4122.10546170622  2.058769E-16
4125.16958556127  1.932048E-16
4128.23370941631  1.923375E-16
4131.29783327135  1.886947E-16
4134.3619571264  1.965224E-16
4137.42608098144  1.929094E-16
4140.49020483649  1.857088E-16
4143.55432869153  2.152935E-16
4146.61845254657  2.246837E-16
4149.68257640162  2.096860E-16
4152.74670025666  2.143668E-16
4155.8108241117  2.191212E-16
4158.87494796675  2.086315E-16
4161.93907182179  2.089335E-16
4165.00319567684  2.186934E-16
4168.06731953188  2.240357E-16
4171.13144338692  2.247613E-16
4174.19556724197  2.132523E-16
4177.25969109701  2.357161E-16
4180.32381495206  2.332524E-16
4183.3879388071  2.062956E-16
4186.45206266214  2.066648E-16
4189.51618651719  2.132216E-16
4192.58031037223  2.400779E-16
4195.64443422727  2.502896E-16
4198.70855808232  2.260009E-16
4201.77268193736  1.980149E-16
4204.83680579241  2.219610E-16
4207.90092964745  2.380360E-16
4210.96505350249  2.215952E-16
4214.02917735754  1.997333E-16
4217.09330121258  2.094997E-16
4220.15742506762  2.028885E-16
4223.22154892267  2.094636E-16
4226.28567277771  2.318395E-16
4229.34979663276  2.191814E-16
4232.4139204878  1.919176E-16
4235.47804434284  1.988758E-16
4238.54216819789  1.989023E-16
4241.60629205293  2.251643E-16
4244.67041590797  1.907444E-16
4247.73453976302  2.076715E-16
4250.79866361806  2.027290E-16
4253.86278747311  2.001186E-16
4256.92691132815  1.888120E-16
4259.99103518319  2.072232E-16
4263.05515903824  2.145095E-16
4266.11928289328  1.986287E-16
4269.18340674833  1.852562E-16
4272.24753060337  1.975687E-16
4275.31165445841  1.952576E-16
4278.37577831346  2.140362E-16
4281.4399021685  2.009939E-16
4284.50402602354  1.921934E-16
4287.56814987859  1.986294E-16
4290.63227373363  2.047574E-16
4293.69639758868  1.932113E-16
4296.76052144372  2.072059E-16
4299.82464529876  1.875844E-16
4302.88876915381  1.899016E-16
4305.95289300885  1.873784E-16
4309.01701686389  1.842051E-16
4312.08114071894  1.678618E-16
4315.14526457398  1.894052E-16
4318.20938842903  1.740902E-16
4321.27351228407  1.677725E-16
4324.33763613911  1.595915E-16
4327.40175999416  1.501893E-16
4330.4658838492  1.561346E-16
4333.53000770425  1.501662E-16
4336.59413155929  1.530861E-16
4339.65825541433  1.561693E-16
4342.72237926938  1.459996E-16
4345.78650312442  1.598836E-16
4348.85062697946  1.424011E-16
4351.91475083451  1.490104E-16
4354.97887468955  1.611839E-16
4358.0429985446  1.790262E-16
4361.10712239964  1.845959E-16
4364.17124625468  1.498904E-16
4367.23537010973  1.584170E-16
4370.29949396477  1.670046E-16
4373.36361781982  1.793821E-16
4376.42774167486  1.792089E-16
4379.4918655299  1.840394E-16
4382.55598938494  1.950453E-16
4385.62011323999  2.023500E-16
4388.68423709503  1.816876E-16
4391.74836095008  1.891634E-16
4394.81248480512  2.037832E-16
4397.87660866016  2.034550E-16
4400.94073251521  2.009834E-16
4404.00485637025  2.038479E-16
4407.0689802253  2.098180E-16
4410.13310408034  2.213086E-16
4413.19722793538  2.195264E-16
4416.26135179043  2.017392E-16
4419.32547564547  2.053591E-16
4422.38959950051  2.120421E-16
4425.45372335556  2.255567E-16
4428.5178472106  2.352308E-16
4431.58197106565  2.286222E-16
4434.64609492069  2.204189E-16
4437.71021877573  2.027040E-16
4440.77434263078  1.979473E-16
4443.83846648582  2.242895E-16
4446.90259034087  2.016664E-16
4449.96671419591  2.327422E-16
4453.03083805095  2.224154E-16
4456.094961906  2.169057E-16
4459.15908576104  2.323375E-16
4462.22320961609  2.232348E-16
4465.28733347113  2.295167E-16
4468.35145732617  2.283986E-16
4471.41558118122  2.220658E-16
4474.47970503626  2.113660E-16
4477.5438288913  2.157799E-16
4480.60795274635  2.120336E-16
4483.67207660139  2.061704E-16
4486.73620045644  2.021367E-16
4489.80032431148  1.988658E-16
4492.86444816652  2.006224E-16
4495.92857202157  1.962657E-16
4498.99269587661  2.155993E-16
4502.05681973165  2.085433E-16
4505.1209435867  1.958681E-16
4508.18506744174  1.916746E-16
4511.24919129679  1.852610E-16
4514.31331515183  1.893045E-16
4517.37743900687  1.838333E-16
4520.44156286192  1.890575E-16
4523.50568671696  1.820848E-16
4526.569810572  1.765923E-16
4529.63393442705  1.803430E-16
4532.69805828209  1.922103E-16
4535.76218213714  1.933413E-16
4538.82630599218  1.848181E-16
4541.89042984722  1.838910E-16
4544.95455370227  1.895692E-16
4548.01867755731  1.768389E-16
4551.08280141235  1.725486E-16
4554.1469252674  1.792433E-16
4557.21104912244  1.879227E-16
4560.27517297749  1.815105E-16
4563.33929683253  1.831073E-16
4566.40342068757  1.760857E-16
4569.46754454262  1.755356E-16
4572.53166839766  1.636192E-16
4575.59579225271  1.751764E-16
4578.65991610775  1.624747E-16
4581.72403996279  1.621424E-16
4584.78816381784  1.733106E-16
4587.85228767288  1.789199E-16
4590.91641152792  1.674114E-16
4593.98053538297  1.684632E-16
4597.04465923801  1.842323E-16
4600.10878309306  1.666295E-16
4603.1729069481  1.716839E-16
4606.23703080314  1.864900E-16
4609.30115465819  1.920494E-16
4612.36527851323  1.942283E-16
4615.42940236827  1.942414E-16
4618.49352622332  1.963526E-16
4621.55765007836  2.026362E-16
4624.62177393341  2.042324E-16
4627.68589778845  2.039066E-16
4630.7500216435  1.932888E-16
4633.81414549854  1.895747E-16
4636.87826935358  1.897096E-16
4639.94239320863  1.860820E-16
4643.00651706367  2.117296E-16
4646.07064091871  1.975471E-16
4649.13476477376  1.882807E-16
4652.1988886288  2.072111E-16
4655.26301248384  2.073190E-16
4658.32713633889  1.999180E-16
4661.39126019393  2.098960E-16
4664.45538404898  1.986343E-16
4667.51950790402  1.887836E-16
4670.58363175906  2.116937E-16
4673.64775561411  2.106113E-16
4676.71187946915  1.901895E-16
4679.77600332419  2.074043E-16
4682.84012717924  2.302201E-16
4685.90425103428  2.183220E-16
4688.96837488933  2.225729E-16
4692.03249874437  2.075117E-16
4695.09662259941  1.874958E-16
4698.16074645446  1.988045E-16
4701.2248703095  2.033573E-16
4704.28899416455  1.952288E-16
4707.35311801959  1.998499E-16
4710.41724187463  1.998803E-16
4713.48136572968  1.852425E-16
4716.54548958472  1.933223E-16
4719.60961343976  2.071029E-16
4722.67373729481  2.035605E-16
4725.73786114985  1.951596E-16
4728.8019850049  1.936371E-16
4731.86610885994  1.889839E-16
4734.93023271498  2.034088E-16
4737.99435657003  2.142774E-16
4741.05848042507  1.935406E-16
4744.12260428012  1.926119E-16
4747.18672813516  2.012391E-16
4750.2508519902  1.905980E-16
4753.31497584525  1.880897E-16
4756.37909970029  1.866203E-16
4759.44322355533  1.828187E-16
4762.50734741038  1.866458E-16
4765.57147126542  1.953895E-16
4768.63559512046  1.916992E-16
4771.69971897551  1.854526E-16
4774.76384283055  1.910220E-16
4777.8279666856  1.923896E-16
4780.89209054064  1.862760E-16
4783.95621439568  1.892479E-16
4787.02033825073  1.970632E-16
4790.08446210577  1.937888E-16
4793.14858596081  1.914284E-16
4796.21270981586  1.801269E-16
4799.2768336709  1.805043E-16
4802.34095752595  1.904562E-16
4805.40508138099  1.719700E-16
4808.46920523604  1.675572E-16
4811.53332909108  1.784759E-16
4814.59745294612  1.691712E-16
4817.66157680117  1.579034E-16
4820.72570065621  1.592147E-16
4823.78982451125  1.567461E-16
4826.8539483663  1.430130E-16
4829.91807222134  1.397505E-16
4832.98219607639  1.478534E-16
4836.04631993143  1.536737E-16
4839.11044378647  1.457719E-16
4842.17456764152  1.370308E-16
4845.23869149656  1.375341E-16
4848.3028153516  1.305038E-16
4851.36693920665  1.306701E-16
4854.43106306169  1.381063E-16
4857.49518691673  1.323120E-16
4860.55931077178  1.354915E-16
4863.62343462682  1.360909E-16
4866.68755848187  1.308640E-16
4869.75168233691  1.359444E-16
4872.81580619196  1.462352E-16
4875.879930047  1.373608E-16
4878.94405390204  1.374859E-16
4882.00817775709  1.436318E-16
4885.07230161213  1.288572E-16
4888.13642546717  1.342707E-16
4891.20054932222  1.535250E-16
4894.26467317726  1.492433E-16
4897.32879703231  1.528231E-16
4900.39292088735  1.588813E-16
4903.45704474239  1.544573E-16
4906.52116859744  1.729042E-16
4909.58529245248  1.881191E-16
4912.64941630752  1.836636E-16
4915.71354016257  1.726873E-16
4918.77766401761  1.798046E-16
4921.84178787266  1.857793E-16
4924.9059117277  1.905674E-16
4927.97003558274  1.946320E-16
4931.03415943779  1.961157E-16
4934.09828329283  1.902526E-16
4937.16240714787  1.905010E-16
4940.22653100292  1.960772E-16
4943.29065485796  1.992295E-16
4946.35477871301  2.089333E-16
4949.41890256805  2.072092E-16
4952.48302642309  1.963239E-16
4955.54715027814  1.933055E-16
4958.61127413318  2.040307E-16
4961.67539798823  2.017721E-16
4964.73952184327  1.982666E-16
4967.80364569831  2.029402E-16
4970.86776955336  2.007432E-16
4973.9318934084  1.959189E-16
4976.99601726344  2.053074E-16
4980.06014111849  2.108261E-16
4983.12426497353  1.997164E-16
4986.18838882858  2.072686E-16
4989.25251268362  2.080043E-16
4992.31663653866  1.911607E-16
4995.38076039371  1.913769E-16
4998.44488424875  1.909863E-16
5001.50900810379  1.902361E-16
5004.57313195884  2.007155E-16
5007.63725581388  2.057698E-16
5010.70137966893  1.990462E-16
5013.76550352397  1.884711E-16
5016.82962737901  1.911490E-16
5019.89375123406  1.878445E-16
5022.9578750891  1.791291E-16
5026.02199894415  1.823375E-16
5029.08612279919  1.853178E-16
5032.15024665423  1.854401E-16
5035.21437050928  1.814497E-16
5038.27849436432  1.864312E-16
5041.34261821936  1.792037E-16
5044.40674207441  1.806842E-16
5047.47086592945  1.907206E-16
5050.5349897845  1.784346E-16
5053.59911363954  1.812673E-16
5056.66323749458  1.798768E-16
5059.72736134963  1.781733E-16
5062.79148520467  1.895779E-16
5065.85560905972  1.929554E-16
5068.91973291476  1.918691E-16
5071.9838567698  1.803174E-16
5075.04798062485  1.900664E-16
5078.11210447989  1.859801E-16
5081.17622833493  1.843988E-16
5084.24035218998  1.914405E-16
5087.30447604502  1.920801E-16
5090.36859990007  2.032904E-16
5093.43272375511  2.008254E-16
5096.49684761015  1.887241E-16
5099.5609714652  1.912979E-16
5102.62509532024  1.981475E-16
5105.68921917529  1.887402E-16
5108.75334303033  1.836941E-16
5111.81746688537  1.921238E-16
5114.88159074042  1.996505E-16
5117.94571459546  1.907221E-16
5121.0098384505  1.878537E-16
5124.07396230555  1.940787E-16
5127.13808616059  1.856089E-16
5130.20221001563  1.675503E-16
5133.26633387068  1.724837E-16
5136.33045772572  1.781356E-16
5139.39458158077  1.760532E-16
5142.45870543581  1.730455E-16
5145.52282929085  1.764916E-16
5148.5869531459  1.786486E-16
5151.65107700094  1.759697E-16
5154.71520085598  1.720592E-16
5157.77932471103  1.660128E-16
5160.84344856607  1.611380E-16
5163.90757242112  1.758115E-16
5166.97169627616  1.703201E-16
5170.03582013121  1.693551E-16
5173.09994398625  1.632509E-16
5176.16406784129  1.501038E-16
5179.22819169633  1.402934E-16
5182.29231555138  1.386765E-16
5185.35643940642  1.530172E-16
5188.42056326147  1.525475E-16
5191.48468711651  1.487981E-16
5194.54881097155  1.460544E-16
5197.6129348266  1.460954E-16
5200.67705868164  1.503471E-16
5203.74118253668  1.511728E-16
5206.80530639173  1.554029E-16
5209.86943024677  1.576271E-16
5212.93355410182  1.567829E-16
5215.99767795686  1.499433E-16
5219.06180181191  1.574204E-16
5222.12592566695  1.534824E-16
5225.19004952199  1.488747E-16
5228.25417337704  1.733422E-16
5231.31829723208  1.707970E-16
5234.38242108712  1.618670E-16
5237.44654494217  1.661282E-16
5240.51066879721  1.572691E-16
5243.57479265226  1.628572E-16
5246.6389165073  1.739743E-16
5249.70304036234  1.710637E-16
5252.76716421739  1.739372E-16
5255.83128807243  1.837116E-16
5258.89541192747  1.687606E-16
5261.95953578252  1.625696E-16
5265.02365963756  1.633059E-16
5268.08778349261  1.572243E-16
5271.15190734765  1.656463E-16
5274.21603120269  1.707318E-16
5277.28015505774  1.627543E-16
5280.34427891278  1.721716E-16
5283.40840276783  1.661625E-16
5286.47252662287  1.599107E-16
5289.53665047791  1.615434E-16
5292.60077433296  1.667417E-16
5295.664898188  1.849783E-16
5298.72902204304  1.661198E-16
5301.79314589809  1.603179E-16
5304.85726975313  1.656687E-16
5307.92139360818  1.721912E-16
5310.98551746322  1.704939E-16
5314.04964131826  1.616564E-16
5317.11376517331  1.626040E-16
5320.17788902835  1.633804E-16
5323.24201288339  1.584903E-16
5326.30613673844  1.638932E-16
5329.37026059348  1.641612E-16
5332.43438444853  1.678606E-16
5335.49850830357  1.658670E-16
5338.56263215861  1.685148E-16
5341.62675601366  1.563554E-16
5344.6908798687  1.722243E-16
5347.75500372374  1.672497E-16
5350.81912757879  1.478437E-16
5353.88325143383  1.598106E-16
5356.94737528888  1.666261E-16
5360.01149914392  1.695624E-16
5363.07562299897  1.635233E-16
5366.13974685401  1.700180E-16
5369.20387070905  1.713339E-16
5372.2679945641  1.697665E-16
5375.33211841914  1.679872E-16
5378.39624227418  1.697146E-16
5381.46036612923  1.642121E-16
5384.52448998427  1.617901E-16
5387.58861383931  1.843532E-16
5390.65273769436  1.681496E-16
5393.7168615494  1.586066E-16
5396.78098540445  1.636324E-16
5399.84510925949  1.624522E-16
5402.90923311453  1.660433E-16
5405.97335696958  1.546610E-16
5409.03748082462  1.603259E-16
5412.10160467966  1.728384E-16
5415.16572853471  1.649690E-16
5418.22985238975  1.682468E-16
5421.2939762448  1.670660E-16
5424.35810009984  1.652158E-16
5427.42222395489  1.635301E-16
5430.48634780993  1.575725E-16
5433.55047166497  1.669115E-16
5436.61459552001  1.811006E-16
5439.67871937506  1.710877E-16
5442.7428432301  1.692576E-16
5445.80696708515  1.639224E-16
5448.87109094019  1.773439E-16
5451.93521479523  1.858518E-16
5454.99933865028  1.638591E-16
5458.06346250532  1.767574E-16
5461.12758636036  1.650968E-16
5464.19171021541  1.591512E-16
5467.25583407045  1.676177E-16
5470.3199579255  1.654219E-16
5473.38408178054  1.558917E-16
5476.44820563558  1.677747E-16
5479.51232949063  1.577224E-16
5482.57645334567  1.567939E-16
5485.64057720072  1.606078E-16
5488.70470105576  1.531750E-16
5491.7688249108  1.602150E-16
5494.83294876585  1.542180E-16
5497.89707262089  1.553505E-16
5500.96119647593  1.595549E-16
5504.02532033098  1.641044E-16
5507.08944418602  1.599927E-16
5510.15356804107  1.496784E-16
5513.21769189611  1.551595E-16
5516.28181575115  1.586547E-16
5519.3459396062  1.487556E-16
5522.41006346124  1.514813E-16
5525.47418731628  1.556618E-16
5528.53831117133  1.571457E-16
5531.60243502637  1.590160E-16
5534.66655888142  1.522476E-16
5537.73068273646  1.405632E-16
5540.79480659151  1.516260E-16
5543.85893044655  1.362281E-16
5546.92305430159  1.509868E-16
5549.98717815664  1.495300E-16
5553.05130201168  1.520959E-16
5556.11542586672  1.562355E-16
5559.17954972177  1.517214E-16
5562.24367357681  1.546242E-16
5565.30779743185  1.619280E-16
5568.3719212869  1.727353E-16
5571.43604514194  1.655243E-16
5574.50016899699  1.682642E-16
5577.56429285203  1.843870E-16
5580.62841670707  1.746047E-16
5583.69254056212  1.858949E-16
5586.75666441716  1.584585E-16
5589.8207882722  1.410280E-16
5592.88491212725  1.428716E-16
5595.94903598229  1.346376E-16
5599.01315983734  1.458675E-16
5602.07728369238  1.496403E-16
5605.14140754742  1.388922E-16
5608.20553140247  1.498486E-16
5611.26965525751  1.515510E-16
5614.33377911256  1.583774E-16
5617.3979029676  1.531028E-16
5620.46202682264  1.517565E-16
5623.52615067769  1.533533E-16
5626.59027453273  1.415462E-16
5629.65439838778  1.435993E-16
5632.71852224282  1.506827E-16
5635.78264609786  1.442458E-16
5638.84676995291  1.455041E-16
5641.91089380795  1.441087E-16
5644.97501766299  1.551414E-16
5648.03914151804  1.420579E-16
5651.10326537308  1.323243E-16
5654.16738922813  1.495341E-16
5657.23151308317  1.541656E-16
5660.29563693821  1.416207E-16
5663.35976079326  1.356579E-16
5666.4238846483  1.368047E-16
5669.48800850334  1.436327E-16
5672.55213235839  1.461876E-16
5675.61625621343  1.468773E-16
5678.68038006848  1.463621E-16
5681.74450392352  1.467207E-16
5684.80862777856  1.452498E-16
5687.87275163361  1.459403E-16
5690.93687548865  1.403326E-16
5694.0009993437  1.340615E-16
5697.06512319874  1.378635E-16
5700.12924705378  1.489870E-16
5703.19337090883  1.611038E-16
5706.25749476387  1.467156E-16
5709.32161861891  1.155537E-16
5712.38574247396  1.301242E-16
5715.449866329  1.399786E-16
5718.51399018405  1.473061E-16
5721.57811403909  1.440634E-16
5724.64223789413  1.359547E-16
5727.70636174918  1.465400E-16
5730.77048560422  1.508450E-16
5733.83460945926  1.532281E-16
5736.89873331431  1.448157E-16
5739.96285716935  1.326476E-16
5743.0269810244  1.397833E-16
5746.09110487944  1.406752E-16
5749.15522873448  1.350422E-16
5752.21935258953  1.372454E-16
5755.28347644457  1.374241E-16
5758.34760029961  1.320034E-16
5761.41172415466  1.333058E-16
5764.4758480097  1.387298E-16
5767.53997186475  1.357017E-16
5770.60409571979  1.281916E-16
5773.66821957483  1.453990E-16
5776.73234342988  1.380527E-16
5779.79646728492  1.355734E-16
5782.86059113997  1.396789E-16
5785.92471499501  1.301540E-16
5788.98883885005  1.298084E-16
5792.0529627051  1.369568E-16
5795.11708656014  1.358829E-16
5798.18121041518  1.410235E-16
5801.24533427023  1.485881E-16
5804.30945812527  1.330294E-16
5807.37358198032  1.232670E-16
5810.43770583536  1.284018E-16
5813.5018296904  1.295074E-16
5816.56595354545  1.386511E-16
5819.63007740049  1.354661E-16
5822.69420125553  1.280405E-16
5825.75832511058  1.321381E-16
5828.82244896562  1.413790E-16
5831.88657282067  1.218887E-16
5834.95069667571  1.298648E-16
5838.01482053075  1.354364E-16
5841.0789443858  1.254322E-16
5844.14306824084  1.293483E-16
5847.20719209589  1.370207E-16
5850.27131595093  1.300816E-16
5853.33543980597  1.350579E-16
5856.39956366102  1.418751E-16
5859.46368751606  1.360628E-16
5862.5278113711  1.363268E-16
5865.59193522615  1.435854E-16
5868.65605908119  1.242610E-16
5871.72018293624  1.185897E-16
5874.78430679128  1.326381E-16
5877.84843064632  1.313836E-16
5880.91255450137  1.356090E-16
5883.97667835641  1.420522E-16
5887.04080221145  1.191117E-16
5890.1049260665  1.240469E-16
5893.16904992154  1.360339E-16
5896.23317377659  1.225241E-16
5899.29729763163  1.363187E-16
5902.36142148667  1.332239E-16
5905.42554534172  1.278854E-16
5908.48966919676  1.384679E-16
5911.55379305181  1.282737E-16
5914.61791690685  1.288878E-16
5917.68204076189  1.285020E-16
5920.74616461694  1.245555E-16
5923.81028847198  1.366979E-16
5926.87441232702  1.321835E-16
5929.93853618207  1.278258E-16
5933.00266003711  1.333562E-16
5936.06678389216  1.331637E-16
5939.1309077472  1.370845E-16
5942.19503160224  1.317985E-16
5945.25915545729  1.347421E-16
5948.32327931233  1.301625E-16
5951.38740316737  1.207933E-16
5954.45152702242  1.270938E-16
5957.51565087746  1.325009E-16
5960.57977473251  1.263348E-16
5963.64389858755  1.327211E-16
5966.70802244259  1.362999E-16
5969.77214629764  1.274948E-16
5972.83627015268  1.324126E-16
5975.90039400773  1.307225E-16
5978.96451786277  1.268801E-16
5982.02864171781  1.294755E-16
5985.09276557286  1.290059E-16
5988.1568894279  1.327233E-16
5991.22101328294  1.325661E-16
5994.28513713799  1.348630E-16
5997.34926099303  1.361521E-16
6000.41338484808  1.353402E-16
6003.47750870312  1.323617E-16
6006.54163255816  1.328958E-16
6009.60575641321  1.233418E-16
6012.66988026825  1.226030E-16
6015.7340041233  1.269818E-16
6018.79812797834  1.337714E-16
6021.86225183338  1.363822E-16
6024.92637568843  1.276671E-16
6027.99049954347  1.194116E-16
6031.05462339851  1.185253E-16
6034.11874725356  1.289576E-16
6037.1828711086  1.197331E-16
6040.24699496364  1.093657E-16
6043.31111881869  1.269247E-16
6046.37524267373  1.294708E-16
6049.43936652878  1.264122E-16
6052.50349038382  1.322568E-16
6055.56761423886  1.249622E-16
6058.63173809391  1.163913E-16
6061.69586194895  1.289468E-16
6064.75998580399  1.318917E-16
6067.82410965904  1.239504E-16
6070.88823351408  1.284561E-16
6073.95235736913  1.394533E-16
6077.01648122417  1.379859E-16
6080.08060507921  1.271948E-16
6083.14472893426  1.213495E-16
6086.2088527893  1.288113E-16
6089.27297664435  1.288664E-16
6092.33710049939  1.188233E-16
6095.40122435443  1.307958E-16
6098.46534820948  1.288868E-16
6101.52947206452  1.273512E-16
6104.59359591956  1.340458E-16
6107.65771977461  1.367879E-16
6110.72184362965  1.317507E-16
6113.7859674847  1.215822E-16
6116.85009133974  1.223155E-16
6119.91421519478  1.220336E-16
6122.97833904983  1.172959E-16
6126.04246290487  1.203091E-16
6129.10658675992  1.259650E-16
6132.17071061496  1.270040E-16
6135.23483447  1.240781E-16
6138.29895832505  1.242249E-16
6141.36308218009  1.386286E-16
6144.42720603513  1.332518E-16
6147.49132989018  1.210747E-16
6150.55545374522  1.204032E-16
6153.61957760026  1.116151E-16
6156.68370145531  1.186692E-16
6159.74782531035  1.224488E-16
6162.8119491654  1.179118E-16
6165.87607302044  1.169937E-16
6168.94019687548  1.130891E-16
6172.00432073053  1.222753E-16
6175.06844458557  1.272810E-16
6178.13256844062  1.210786E-16
6181.19669229566  1.180974E-16
6184.2608161507  1.234496E-16
6187.32494000575  1.183095E-16
6190.38906386079  1.166236E-16
6193.45318771583  1.112083E-16
6196.51731157088  1.013482E-16
6199.58143542592  1.122398E-16
6202.64555928097  1.200160E-16
6205.70968313601  1.183840E-16
6208.77380699106  1.170594E-16
6211.8379308461  1.204366E-16
6214.90205470114  1.174346E-16
6217.96617855618  1.089725E-16
6221.03030241123  1.163845E-16
6224.09442626627  1.209624E-16
6227.15855012132  1.080581E-16
6230.22267397636  1.181509E-16
6233.2867978314  1.246345E-16
6236.35092168645  1.144527E-16
6239.41504554149  1.143161E-16
6242.47916939653  1.157172E-16
6245.54329325158  1.200841E-16
6248.60741710662  1.199942E-16
6251.67154096167  1.158877E-16
6254.73566481671  1.147697E-16
6257.79978867175  1.068234E-16
6260.8639125268  1.077277E-16
6263.92803638184  1.184852E-16
6266.99216023688  1.228497E-16
6270.05628409193  1.164820E-16
6273.12040794698  1.143447E-16
6276.18453180202  1.071906E-16
6279.24865565706  1.067648E-16
6282.31277951211  1.118952E-16
6285.37690336715  1.093167E-16
6288.44102722219  1.087760E-16
6291.50515107724  1.156739E-16
6294.56927493228  1.121430E-16
6297.63339878732  1.062788E-16
6300.69752264237  1.045528E-16
6303.76164649741  1.044048E-16
6306.82577035245  1.092528E-16
6309.8898942075  1.134094E-16
6312.95401806254  1.078226E-16
6316.01814191759  1.096927E-16
6319.08226577263  1.235984E-16
6322.14638962767  1.158028E-16
6325.21051348272  1.124617E-16
6328.27463733776  1.140126E-16
6331.33876119281  1.175396E-16
6334.40288504785  1.182965E-16
6337.46700890289  1.177074E-16
6340.53113275794  1.181842E-16
6343.59525661298  1.122192E-16
6346.65938046802  1.090404E-16
6349.72350432307  1.006263E-16
6352.78762817811  1.087802E-16
6355.85175203316  1.087642E-16
6358.9158758882  1.036259E-16
6361.97999974324  1.078548E-16
6365.04412359829  1.169590E-16
6368.10824745333  1.069543E-16
6371.17237130837  1.119374E-16
6374.23649516342  1.056355E-16
6377.30061901846  1.050317E-16
6380.36474287351  1.108846E-16
6383.42886672855  1.061643E-16
6386.4929905836  1.083530E-16
6389.55711443864  1.073097E-16
6392.62123829368  1.056208E-16
6395.68536214873  1.067105E-16
6398.74948600377  1.140928E-16
6401.81360985881  1.083983E-16
6404.87773371386  9.942141E-17
6407.9418575689  9.951034E-17
6411.00598142395  1.096887E-16
6414.07010527899  1.026836E-16
6417.13422913403  1.039599E-16
6420.19835298908  1.084850E-16
6423.26247684412  1.063885E-16
6426.32660069916  1.069361E-16
6429.39072455421  1.063184E-16
6432.45484840925  1.059729E-16
6435.5189722643  1.061454E-16
6438.58309611934  1.015380E-16
6441.64721997438  1.037430E-16
6444.71134382943  1.154840E-16
6447.77546768447  9.556297E-17
6450.83959153951  9.260679E-17
6453.90371539456  1.027515E-16
6456.9678392496  1.177274E-16
6460.03196310465  1.075757E-16
6463.09608695969  1.087786E-16
6466.16021081473  1.064609E-16
6469.22433466978  9.316828E-17
6472.28845852482  1.116678E-16
6475.35258237986  9.702358E-17
6478.41670623491  8.613021E-17
6481.48083008995  1.038175E-16
6484.544953945  1.084578E-16
6487.60907780004  9.733543E-17
6490.67320165508  9.574379E-17
6493.73732551013  9.111420E-17
6496.80144936517  1.005130E-16
6499.86557322022  1.013359E-16
6502.92969707526  9.095962E-17
6505.9938209303  9.417870E-17
6509.05794478535  1.044657E-16
6512.12206864039  8.780946E-17
6515.18619249543  9.295210E-17
6518.25031635048  9.245963E-17
6521.31444020552  8.149788E-17
6524.37856406057  8.935437E-17
6527.44268791561  8.115288E-17
6530.50681177065  7.994620E-17
6533.5709356257  8.715984E-17
6536.63505948074  8.441727E-17
6539.69918333578  8.027209E-17
6542.76330719083  8.492039E-17
6545.82743104587  7.843581E-17
6548.89155490092  8.671995E-17
6551.95567875596  7.947289E-17
6555.019802611  7.680602E-17
6558.08392646605  8.379205E-17
6561.14805032109  9.357307E-17
6564.21217417613  9.278206E-17
6567.27629803118  9.593684E-17
6570.34042188622  9.648908E-17
6573.40454574127  1.008326E-16
6576.46866959631  9.899003E-17
6579.53279345135  9.952662E-17
6582.5969173064  1.006633E-16
6585.66104116144  1.038232E-16
6588.72516501649  1.111960E-16
6591.78928887153  1.173177E-16
6594.85341272657  1.073851E-16
6597.91753658162  1.157072E-16
6600.98166043666  1.258423E-16
6604.0457842917  1.215445E-16
6607.10990814675  1.364330E-16
6610.17403200179  1.318224E-16
6613.23815585684  1.366096E-16
6616.30227971188  1.397189E-16
6619.36640356692  1.342572E-16
6622.43052742197  1.487307E-16
6625.49465127701  1.539371E-16
6628.55877513205  1.534146E-16
6631.6228989871  1.499294E-16
6634.68702284214  1.578654E-16
6637.75114669719  1.548750E-16
6640.81527055223  1.549928E-16
6643.87939440727  1.690247E-16
6646.94351826232  1.591431E-16
6650.00764211736  1.712425E-16
6653.07176597241  1.713585E-16
6656.13588982745  1.748159E-16
6659.20001368249  1.721017E-16
6662.26413753754  1.678633E-16
6665.32826139258  1.808686E-16
6668.39238524762  1.757022E-16
6671.45650910267  1.744995E-16
6674.52063295771  1.818023E-16
6677.58475681275  1.806194E-16
6680.6488806678  1.793389E-16
6683.71300452284  1.766661E-16
6686.77712837789  1.826535E-16
6689.84125223293  1.793296E-16
6692.90537608797  1.732171E-16
6695.96949994302  1.744709E-16
6699.03362379806  1.836876E-16
6702.09774765311  1.772297E-16
6705.16187150815  1.709249E-16
6708.22599536319  1.815660E-16
6711.29011921824  1.852013E-16
6714.35424307328  1.723601E-16
6717.41836692833  1.776563E-16
6720.48249078337  1.668949E-16
6723.54661463841  1.662019E-16
6726.61073849346  1.718830E-16
6729.6748623485  1.737455E-16
6732.73898620354  1.785944E-16
6735.80311005859  1.718757E-16
6738.86723391363  1.650171E-16
6741.93135776868  1.657724E-16
6744.99548162372  1.712969E-16
6748.05960547876  1.695071E-16
6751.12372933381  1.657544E-16
6754.18785318885  1.804806E-16
6757.2519770439  2.001699E-16
6760.31610089894  1.937532E-16
6763.38022475398  1.850272E-16
6766.44434860903  1.876945E-16
6769.50847246407  1.722971E-16
6772.57259631911  1.671823E-16
6775.63672017416  1.704288E-16
6778.7008440292  1.673251E-16
6781.76496788425  1.574594E-16
6784.82909173929  1.539514E-16
6787.89321559433  1.592865E-16
6790.95733944938  1.495629E-16
6794.02146330442  1.535561E-16
6797.08558715946  1.565475E-16
6800.14971101451  1.489084E-16
6803.21383486955  1.554967E-16
6806.2779587246  1.538987E-16
6809.34208257964  1.402169E-16
6812.40620643468  1.433309E-16
6815.47033028973  1.505703E-16
6818.53445414477  1.524253E-16
6821.59857799981  1.451005E-16
6824.66270185486  1.366717E-16
6827.7268257099  1.471415E-16
6830.79094956495  1.430760E-16
6833.85507341999  1.348759E-16
6836.91919727503  1.353769E-16
6839.98332113008  1.407907E-16
6843.04744498512  1.361190E-16
6846.11156884016  1.343628E-16
6849.17569269521  1.279771E-16
6852.23981655025  1.207271E-16
6855.3039404053  1.368997E-16
6858.36806426034  1.484543E-16
6861.43218811538  1.332676E-16
6864.49631197043  1.217619E-16
6867.56043582547  1.172449E-16
6870.62455968051  9.676724E-17
6873.68868353556  1.013350E-16
6876.7528073906  1.039123E-16
6879.81693124565  1.048199E-16
6882.88105510069  1.100639E-16
6885.94517895573  1.058297E-16
6889.00930281078  1.074055E-16
6892.07342666582  1.029567E-16
6895.13755052086  1.180754E-16
6898.20167437591  1.012152E-16
6901.26579823095  1.071906E-16
6904.329922086  1.072948E-16
6907.39404594104  1.131039E-16
6910.45816979609  1.151263E-16
6913.52229365113  1.053776E-16
6916.58641750617  1.229640E-16
6919.65054136122  1.132587E-16
6922.71466521626  1.184886E-16
6925.7787890713  1.143721E-16
6928.84291292635  1.199437E-16
6931.90703678139  1.212485E-16
6934.97116063644  1.045497E-16
6938.03528449148  1.009645E-16
6941.09940834652  1.144914E-16
6944.16353220157  1.161211E-16
6947.22765605661  1.063443E-16
6950.29177991166  1.050816E-16
6953.3559037667  1.035486E-16
6956.42002762174  1.071400E-16
6959.48415147679  1.090850E-16
6962.54827533183  1.034776E-16
6965.61239918687  1.072870E-16
6968.67652304192  1.113698E-16
6971.74064689696  9.245531E-17
6974.80477075201  9.890536E-17
6977.86889460705  1.053682E-16
6980.93301846209  9.410195E-17
6983.99714231714  9.786504E-17
6987.06126617218  9.070749E-17
6990.12539002722  1.010875E-16
6993.18951388227  1.051866E-16
6996.25363773731  1.005072E-16
6999.31776159235  9.834255E-17
7002.3818854474  1.125940E-16
7005.44600930244  9.344708E-17
7008.51013315749  8.638103E-17
7011.57425701253  8.752350E-17
7014.63838086757  1.040094E-16
7017.70250472262  1.036335E-16
7020.76662857766  9.832426E-17
7023.8307524327  1.029305E-16
7026.89487628775  9.709714E-17
7029.95900014279  9.091901E-17
7033.02312399784  9.121291E-17
7036.08724785288  1.054060E-16
7039.15137170792  9.573921E-17
7042.21549556297  9.022468E-17
7045.27961941801  8.860844E-17
7048.34374327306  1.059706E-16
7051.4078671281  1.139820E-16
7054.47199098315  9.538011E-17
7057.53611483819  9.223766E-17
7060.60023869323  9.384813E-17
7063.66436254828  1.041450E-16
7066.72848640332  1.111454E-16
7069.79261025836  9.836497E-17
7072.85673411341  8.169625E-17
7075.92085796845  9.035124E-17
7078.98498182349  1.004374E-16
7082.04910567854  9.413454E-17
7085.11322953358  8.732105E-17
7088.17735338863  8.444110E-17
7091.24147724367  8.676200E-17
7094.30560109871  9.402384E-17
7097.36972495376  1.068108E-16
7100.4338488088  1.067942E-16
7103.49797266384  1.004578E-16
7106.56209651889  8.865659E-17
7109.62622037393  8.484029E-17
7112.69034422898  9.440658E-17
7115.75446808402  8.950909E-17
7118.81859193906  9.147811E-17
7121.88271579411  9.681404E-17
7124.94683964915  8.918277E-17
7128.0109635042  8.158976E-17
7131.07508735924  8.800027E-17
7134.13921121428  9.705485E-17
7137.20333506933  9.029902E-17
7140.26745892437  9.301595E-17
7143.33158277941  9.698798E-17
7146.39570663446  9.449422E-17
7149.4598304895  8.843207E-17
7152.52395434455  8.370909E-17
7155.58807819959  8.117452E-17
7158.65220205463  7.243962E-17
7161.71632590968  8.310052E-17
7164.78044976472  9.105515E-17
7167.84457361977  8.761853E-17
7170.90869747481  8.836763E-17
7173.97282132985  7.839676E-17
7177.0369451849  8.186882E-17
7180.10106903994  8.066624E-17
7183.16519289498  8.799006E-17
7186.22931675003  7.702783E-17
7189.29344060507  7.819611E-17
7192.35756446011  8.081717E-17
7195.42168831516  7.607267E-17
7198.4858121702  8.143696E-17
7201.54993602525  8.717895E-17
7204.61405988029  8.828803E-17
7207.67818373533  8.462402E-17
7210.74230759038  8.158232E-17
7213.80643144542  8.347046E-17
7216.87055530046  9.846475E-17
7219.93467915551  9.847660E-17
7222.99880301055  8.129514E-17
7226.0629268656  9.161731E-17
7229.12705072064  8.720335E-17
7232.19117457569  8.309112E-17
7235.25529843073  9.538381E-17
