3247.6640813475  3.720473E-16
3250.72302618536  3.932229E-16
3253.78197102321  3.352990E-16
3256.84091586106  4.024894E-16
3259.89986069891  3.943639E-16
3262.95880553677  3.716275E-16
3266.01775037462  3.426354E-16
3269.07669521247  3.424956E-16
3272.13564005032  3.501309E-16
3275.19458488818  3.421294E-16
3278.25352972603  3.288879E-16
3281.31247456388  2.900614E-16
3284.37141940174  3.348081E-16
3287.43036423959  3.623275E-16
3290.48930907744  2.501129E-16
3293.54825391529  2.541893E-16
3296.60719875315  2.084142E-16
3299.666143591  3.610717E-16
3302.72508842885  3.750039E-16
3305.7840332667  2.258189E-16
3308.84297810456  2.936760E-16
3311.90192294241  3.004359E-16
3314.96086778026  2.890715E-16
3318.01981261812  2.842986E-16
3321.07875745597  2.617237E-16
3324.13770229382  2.518859E-16
3327.19664713167  2.211154E-16
3330.25559196953  1.751635E-16
3333.31453680738  1.625775E-16
3336.37348164523  2.429081E-16
3339.43242648308  2.242091E-16
3342.49137132094  3.170058E-16
3345.55031615879  3.454338E-16
3348.60926099664  3.177146E-16
3351.6682058345  3.660493E-16
3354.72715067235  3.329632E-16
3357.7860955102  3.408948E-16
3360.84504034805  2.890682E-16
3363.90398518591  3.291991E-16
3366.96293002376  2.840824E-16
3370.02187486161  2.179516E-16
3373.08081969946  2.245935E-16
3376.13976453732  2.940779E-16
3379.19870937517  2.740973E-16
3382.25765421302  2.129279E-16
3385.31659905088  2.480290E-16
3388.37554388873  2.746501E-16
3391.43448872658  3.376881E-16
3394.49343356443  3.302465E-16
3397.55237840229  2.907239E-16
3400.61132324014  2.467494E-16
3403.67026807799  2.492114E-16
3406.72921291584  2.858614E-16
3409.7881577537  2.567690E-16
3412.84710259155  3.257396E-16
3415.9060474294  3.145155E-16
3418.96499226725  2.496237E-16
3422.02393710511  2.875253E-16
3425.08288194296  2.887004E-16
3428.14182678081  3.488744E-16
3431.20077161867  2.855695E-16
3434.25971645652  2.398134E-16
3437.31866129437  2.831118E-16
3440.37760613222  2.978188E-16
3443.43655097008  2.842482E-16
3446.49549580793  2.273590E-16
3449.55444064578  2.491044E-16
3452.61338548364  3.103979E-16
3455.67233032149  3.093474E-16
3458.73127515934  2.381436E-16
3461.79021999719  2.152585E-16
3464.84916483505  2.839741E-16
3467.9081096729  2.547201E-16
3470.96705451075  2.324679E-16
3474.0259993486  2.587213E-16
3477.08494418646  2.567817E-16
3480.14388902431  2.046790E-16
3483.20283386216  2.763585E-16
3486.26177870001  2.565177E-16
3489.32072353787  2.091637E-16
3492.37966837572  2.863500E-16
3495.43861321357  2.777989E-16
3498.49755805142  2.739177E-16
3501.55650288928  2.807968E-16
3504.61544772713  2.590625E-16
3507.67439256498  2.659544E-16
3510.73333740284  2.499464E-16
3513.79228224069  2.448321E-16
3516.85122707854  2.341133E-16
3519.91017191639  2.961682E-16
3522.96911675425  2.452509E-16
3526.0280615921  2.026414E-16
3529.08700642995  2.488671E-16
3532.14595126781  2.958854E-16
3535.20489610566  2.392797E-16
3538.26384094351  2.548337E-16
3541.32278578136  2.198448E-16
3544.38173061922  2.890961E-16
3547.44067545707  2.423313E-16
3550.49962029492  2.655319E-16
3553.55856513277  2.182612E-16
3556.61750997063  1.969575E-16
3559.67645480848  2.057642E-16
3562.73539964633  2.316864E-16
3565.79434448418  2.107441E-16
3568.85328932204  2.078326E-16
3571.91223415989  2.205172E-16
3574.97117899774  2.388193E-16
3578.0301238356  2.670973E-16
3581.08906867345  2.475185E-16
3584.1480135113  1.953692E-16
3587.20695834915  2.375945E-16
3590.26590318701  2.372173E-16
3593.32484802486  1.890150E-16
3596.38379286271  2.398376E-16
3599.44273770056  2.157866E-16
3602.50168253842  2.190586E-16
3605.56062737627  2.343799E-16
3608.61957221412  2.374661E-16
3611.67851705197  2.299487E-16
3614.73746188983  2.235046E-16
3617.79640672768  2.148730E-16
3620.85535156553  2.380474E-16
3623.91429640339  2.568433E-16
3626.97324124124  2.346913E-16
3630.03218607909  2.437154E-16
3633.09113091694  1.931527E-16
3636.1500757548  2.014097E-16
3639.20902059265  2.476672E-16
3642.2679654305  2.156386E-16
3645.32691026836  2.167021E-16
3648.38585510621  2.355445E-16
3651.44479994406  2.243418E-16
3654.50374478191  2.480336E-16
3657.56268961977  2.370716E-16
3660.62163445762  2.292758E-16
3663.68057929547  2.055078E-16
3666.73952413332  2.381827E-16
3669.79846897118  2.373796E-16
3672.85741380903  2.044864E-16
3675.91635864688  2.074519E-16
3678.97530348473  2.146889E-16
3682.03424832259  2.119668E-16
3685.09319316044  1.826765E-16
3688.15213799829  2.121661E-16
3691.21108283615  1.914476E-16
3694.270027674  2.125032E-16
3697.32897251185  2.471067E-16
3700.3879173497  2.294053E-16
3703.44686218756  2.024577E-16
3706.50580702541  1.945966E-16
3709.56475186326  2.351454E-16
3712.62369670111  2.387934E-16
3715.68264153897  2.486994E-16
3718.74158637682  2.542629E-16
3721.80053121467  2.383436E-16
3724.85947605253  2.066175E-16
3727.91842089038  2.289055E-16
3730.97736572823  2.063829E-16
3734.03631056608  1.964370E-16
3737.09525540394  2.242618E-16
3740.15420024179  2.565739E-16
3743.21314507964  2.449735E-16
3746.27208991749  2.175861E-16
3749.33103475535  1.990681E-16
3752.3899795932  2.154144E-16
3755.44892443105  2.136329E-16
3758.5078692689  2.123073E-16
3761.56681410676  2.119441E-16
3764.62575894461  2.400094E-16
3767.68470378246  2.540662E-16
3770.74364862032  2.066871E-16
3773.80259345817  1.829804E-16
3776.86153829602  2.150124E-16
3779.92048313387  2.434945E-16
3782.97942797173  2.178420E-16
3786.03837280958  2.379917E-16
3789.09731764743  2.410320E-16
3792.15626248528  2.066465E-16
3795.21520732314  2.409495E-16
3798.27415216099  2.474732E-16
3801.33309699884  2.201357E-16
3804.39204183669  2.265954E-16
3807.45098667455  2.319675E-16
3810.5099315124  2.428059E-16
3813.56887635025  2.252224E-16
3816.62782118811  2.300641E-16
3819.68676602596  2.393067E-16
3822.74571086381  2.424253E-16
3825.80465570166  2.464782E-16
3828.86360053952  2.500455E-16
3831.92254537737  2.836116E-16
3834.98149021522  2.880405E-16
3838.04043505308  3.037159E-16
3841.09937989093  2.780580E-16
3844.15832472878  2.470428E-16
3847.21726956663  2.615723E-16
3850.27621440449  2.596642E-16
3853.33515924234  2.375319E-16
3856.39410408019  2.290674E-16
3859.45304891804  2.486308E-16
3862.5119937559  2.644197E-16
3865.57093859375  2.537852E-16
3868.6298834316  2.302738E-16
3871.68882826945  2.522799E-16
3874.74777310731  2.368983E-16
3877.80671794516  2.293965E-16
3880.86566278301  2.428208E-16
3883.92460762086  2.506535E-16
3886.98355245872  2.491556E-16
3890.04249729657  2.407017E-16
3893.10144213442  2.304633E-16
3896.16038697228  2.469912E-16
3899.21933181013  2.320720E-16
3902.27827664798  2.242482E-16
3905.33722148584  2.288967E-16
3908.39616632369  2.357710E-16
3911.45511116154  2.436257E-16
3914.51405599939  2.458143E-16
3917.57300083725  2.724632E-16
3920.6319456751  2.724741E-16
3923.69089051295  2.583143E-16
3926.7498353508  2.358309E-16
3929.80878018866  2.317806E-16
3932.86772502651  2.319678E-16
3935.92666986436  2.503668E-16
3938.98561470221  2.686894E-16
3942.04455954007  2.395950E-16
3945.10350437792  2.330558E-16
3948.16244921577  2.572109E-16
3951.22139405363  2.493686E-16
3954.28033889148  2.149496E-16
3957.33928372933  2.205321E-16
3960.39822856718  2.361270E-16
3963.45717340504  2.405450E-16
3966.51611824289  2.529214E-16
3969.57506308074  2.764746E-16
3972.63400791859  2.600400E-16
3975.69295275645  2.716608E-16
3978.7518975943  2.457962E-16
3981.81084243215  2.455462E-16
3984.86978727  2.712473E-16
3987.92873210786  2.653889E-16
3990.98767694571  2.603458E-16
3994.04662178356  2.543990E-16
3997.10556662142  2.766218E-16
4000.16451145927  2.670485E-16
4003.22345629712  2.734313E-16
4006.28240113497  2.625689E-16
4009.34134597283  2.777960E-16
4012.40029081068  2.839649E-16
4015.45923564853  2.734821E-16
4018.51818048638  2.707521E-16
4021.57712532424  2.999461E-16
4024.63607016209  2.883057E-16
4027.69501499994  3.210174E-16
4030.7539598378  3.017688E-16
4033.81290467565  2.893968E-16
4036.8718495135  2.920071E-16
4039.93079435135  2.832600E-16
4042.98973918921  2.927829E-16
4046.04868402706  2.805685E-16
4049.10762886491  2.877286E-16
4052.16657370277  2.957908E-16
4055.22551854062  2.897388E-16
4058.28446337847  2.751639E-16
4061.34340821632  2.943769E-16
4064.40235305418  2.942270E-16
4067.46129789203  2.636287E-16
4070.52024272988  2.433802E-16
4073.57918756773  2.329420E-16
4076.63813240559  2.679506E-16
4079.69707724344  2.680290E-16
4082.75602208129  2.428286E-16
4085.81496691914  2.563769E-16
4088.873911757  2.498141E-16
4091.93285659485  2.531890E-16
4094.9918014327  2.522059E-16
4098.05074627055  2.401541E-16
4101.10969110841  2.446815E-16
4104.16863594626  2.405898E-16
4107.22758078411  2.473153E-16
4110.28652562197  2.441176E-16
4113.34547045982  2.532148E-16
4116.40441529767  2.813000E-16
4119.46336013552  2.568937E-16
4122.52230497338  2.699670E-16
4125.58124981123  2.746447E-16
4128.64019464908  2.704425E-16
4131.69913948694  2.734279E-16
4134.75808432479  2.918219E-16
4137.81702916264  2.724830E-16
4140.87597400049  2.771809E-16
4143.93491883835  2.919737E-16
4146.9938636762  2.853292E-16
4150.05280851405  2.918531E-16
4153.1117533519  2.848166E-16
4156.17069818976  2.838058E-16
4159.22964302761  2.806061E-16
4162.28858786546  3.072871E-16
4165.34753270332  2.934037E-16
4168.40647754117  3.053388E-16
4171.46542237902  3.007191E-16
4174.52436721687  2.737115E-16
4177.58331205472  2.749621E-16
4180.64225689258  2.714891E-16
4183.70120173043  2.963151E-16
4186.76014656828  3.074925E-16
4189.81909140614  3.150446E-16
4192.87803624399  2.698926E-16
4195.93698108184  2.703402E-16
4198.99592591969  2.931303E-16
4202.05487075755  2.935742E-16
4205.1138155954  2.857165E-16
4208.17276043325  3.115018E-16
4211.23170527111  2.952093E-16
4214.29065010896  2.945745E-16
4217.34959494681  2.797660E-16
4220.40853978466  2.726294E-16
4223.46748462252  2.776631E-16
4226.52642946037  2.668958E-16
4229.58537429822  2.710450E-16
4232.64431913607  2.748899E-16
4235.70326397393  2.717493E-16
4238.76220881178  2.805858E-16
4241.82115364963  2.744833E-16
4244.88009848749  2.731734E-16
4247.93904332534  2.634095E-16
4250.99798816319  2.505710E-16
4254.05693300104  2.571407E-16
4257.11587783889  2.781709E-16
4260.17482267675  2.657111E-16
4263.2337675146  2.692528E-16
4266.29271235245  2.777657E-16
4269.35165719031  2.599859E-16
4272.41060202816  2.653323E-16
4275.46954686601  2.606493E-16
4278.52849170386  2.513871E-16
4281.58743654172  2.468034E-16
4284.64638137957  2.557575E-16
4287.70532621742  2.361101E-16
4290.76427105527  2.434408E-16
4293.82321589313  2.156933E-16
4296.88216073098  2.285675E-16
4299.94110556883  2.342878E-16
4303.00005040669  2.281690E-16
4306.05899524454  2.112268E-16
4309.11794008239  2.088582E-16
4312.17688492024  2.006551E-16
4315.2358297581  2.176377E-16
4318.29477459595  2.412699E-16
4321.3537194338  2.169389E-16
4324.41266427166  1.984947E-16
4327.47160910951  2.161974E-16
4330.53055394736  2.038030E-16
4333.58949878521  1.998456E-16
4336.64844362307  2.188272E-16
4339.70738846092  2.148779E-16
4342.76633329877  2.147509E-16
4345.82527813662  2.124581E-16
4348.88422297448  2.150271E-16
4351.94316781233  2.089638E-16
4355.00211265018  2.086874E-16
4358.06105748804  2.115464E-16
4361.12000232589  2.364587E-16
4364.17894716374  2.319468E-16
4367.23789200159  2.267990E-16
4370.29683683945  2.396840E-16
4373.3557816773  2.349777E-16
4376.41472651515  2.390548E-16
4379.473671353  2.576505E-16
4382.53261619086  2.547075E-16
4385.59156102871  2.377925E-16
4388.65050586656  2.512208E-16
4391.70945070442  2.496638E-16
4394.76839554227  2.523847E-16
4397.82734038012  2.551398E-16
4400.88628521797  2.527270E-16
4403.94523005583  2.542030E-16
4407.00417489368  2.552247E-16
4410.06311973153  2.419293E-16
4413.12206456938  2.653846E-16
4416.18100940724  2.645336E-16
4419.23995424509  2.469297E-16
4422.29889908294  2.574420E-16
4425.35784392079  2.634510E-16
4428.41678875865  2.645727E-16
4431.4757335965  2.626870E-16
4434.53467843435  2.588956E-16
4437.59362327221  2.523239E-16
4440.65256811006  2.665554E-16
4443.71151294791  2.794254E-16
4446.77045778576  2.563446E-16
4449.82940262362  2.529070E-16
4452.88834746147  2.601858E-16
4455.94729229932  2.579209E-16
4459.00623713717  2.430706E-16
4462.06518197503  2.510971E-16
4465.12412681288  2.540397E-16
4468.18307165073  2.417534E-16
4471.24201648858  2.572946E-16
4474.30096132644  2.482060E-16
4477.35990616429  2.431766E-16
4480.41885100214  2.575513E-16
4483.47779583999  2.496448E-16
4486.53674067785  2.382445E-16
4489.5956855157  2.447828E-16
4492.65463035355  2.476100E-16
4495.71357519141  2.404754E-16
4498.77252002926  2.350924E-16
4501.83146486711  2.529148E-16
4504.89040970497  2.624486E-16
4507.94935454282  2.465755E-16
4511.00829938067  2.350660E-16
4514.06724421852  2.337978E-16
4517.12618905638  2.532768E-16
4520.18513389423  2.486912E-16
4523.24407873208  2.250025E-16
4526.30302356993  2.319043E-16
4529.36196840779  2.472379E-16
4532.42091324564  2.431343E-16
4535.47985808349  2.351210E-16
4538.53880292134  2.460812E-16
4541.5977477592  2.504337E-16
4544.65669259705  2.477387E-16
4547.7156374349  2.601591E-16
4550.77458227276  2.604011E-16
4553.83352711061  2.494966E-16
4556.89247194846  2.382352E-16
4559.95141678631  2.540889E-16
4563.01036162417  2.666253E-16
4566.06930646202  2.499821E-16
4569.12825129987  2.336603E-16
4572.18719613772  2.379710E-16
4575.24614097558  2.391517E-16
4578.30508581343  2.548981E-16
4581.36403065128  2.581840E-16
4584.42297548914  2.342712E-16
4587.48192032699  2.422638E-16
4590.54086516484  2.582656E-16
4593.59981000269  2.597105E-16
4596.65875484055  2.474174E-16
4599.7176996784  2.489447E-16
4602.77664451625  2.373519E-16
4605.8355893541  2.291340E-16
4608.89453419196  2.411832E-16
4611.95347902981  2.438229E-16
4615.01242386766  2.475157E-16
4618.07136870551  2.568598E-16
4621.13031354337  2.429492E-16
4624.18925838122  2.341365E-16
4627.24820321907  2.589551E-16
4630.30714805693  2.654520E-16
4633.36609289478  2.502306E-16
4636.42503773263  2.441973E-16
4639.48398257048  2.437771E-16
4642.54292740834  2.498329E-16
4645.60187224619  2.416160E-16
4648.66081708404  2.452714E-16
4651.71976192189  2.580816E-16
4654.77870675975  2.514464E-16
4657.8376515976  2.401996E-16
4660.89659643545  2.521085E-16
4663.9555412733  2.404265E-16
4667.01448611116  2.355986E-16
4670.07343094901  2.469639E-16
4673.13237578686  2.348844E-16
4676.19132062472  2.412032E-16
4679.25026546257  2.542348E-16
4682.30921030042  2.496203E-16
4685.36815513827  2.474817E-16
4688.42709997613  2.573538E-16
4691.48604481398  2.392404E-16
4694.54498965183  2.304118E-16
4697.60393448969  2.345370E-16
4700.66287932754  2.507314E-16
4703.72182416539  2.539087E-16
4706.78076900324  2.375038E-16
4709.8397138411  2.410135E-16
4712.89865867895  2.424688E-16
4715.9576035168  2.436302E-16
4719.01654835465  2.414021E-16
4722.07549319251  2.356458E-16
4725.13443803036  2.345543E-16
4728.19338286821  2.315414E-16
4731.25232770606  2.356547E-16
4734.31127254392  2.406234E-16
4737.37021738177  2.242753E-16
4740.42916221962  2.323309E-16
4743.48810705748  2.465765E-16
4746.54705189533  2.382823E-16
4749.60599673318  2.446377E-16
4752.66494157103  2.466340E-16
4755.72388640889  2.403866E-16
4758.78283124674  2.381794E-16
4761.84177608459  2.420953E-16
4764.90072092245  2.303992E-16
4767.9596657603  2.241385E-16
4771.01861059815  2.293427E-16
4774.077555436  2.254010E-16
4777.13650027386  2.287696E-16
4780.19544511171  2.450592E-16
4783.25438994956  2.292099E-16
4786.31333478741  2.228520E-16
4789.37227962527  2.331753E-16
4792.43122446312  2.227970E-16
4795.49016930097  2.108759E-16
4798.54911413882  2.277121E-16
4801.60805897668  2.334587E-16
4804.66700381453  2.280290E-16
4807.72594865238  2.166648E-16
4810.78489349023  2.036184E-16
4813.84383832809  2.102364E-16
4816.90278316594  2.038627E-16
4819.96172800379  2.091990E-16
4823.02067284165  2.144728E-16
4826.0796176795  1.921989E-16
4829.13856251735  1.855468E-16
4832.1975073552  1.976853E-16
4835.25645219306  2.037913E-16
4838.31539703091  2.048627E-16
4841.37434186876  1.962120E-16
4844.43328670662  1.851249E-16
4847.49223154447  1.881046E-16
4850.55117638232  1.904093E-16
4853.61012122017  2.018670E-16
4856.66906605803  1.996202E-16
4859.72801089588  1.950537E-16
4862.78695573373  1.950156E-16
4865.84590057158  1.933408E-16
4868.90484540944  1.966743E-16
4871.96379024729  2.141057E-16
4875.02273508514  2.084808E-16
4878.08167992299  2.161720E-16
4881.14062476085  2.094171E-16
4884.1995695987  2.100002E-16
4887.25851443655  2.151681E-16
4890.31745927441  2.150129E-16
4893.37640411226  2.231264E-16
4896.43534895011  2.358908E-16
4899.49429378796  2.324889E-16
4902.55323862582  2.326218E-16
4905.61218346367  2.269801E-16
4908.67112830152  2.331182E-16
4911.73007313937  2.475056E-16
4914.78901797723  2.517076E-16
4917.84796281508  2.498939E-16
4920.90690765293  2.495111E-16
4923.96585249078  2.450365E-16
4927.02479732864  2.586332E-16
4930.08374216649  2.596267E-16
4933.14268700434  2.524491E-16
4936.2016318422  2.567151E-16
4939.26057668005  2.635497E-16
4942.3195215179  2.474669E-16
4945.37846635575  2.664646E-16
4948.43741119361  2.764000E-16
4951.49635603146  2.699920E-16
4954.55530086931  2.668320E-16
4957.61424570717  2.549223E-16
4960.67319054502  2.680939E-16
4963.73213538287  2.653096E-16
4966.79108022072  2.703438E-16
4969.85002505858  2.613055E-16
4972.90896989643  2.606083E-16
4975.96791473428  2.554048E-16
4979.02685957213  2.515516E-16
4982.08580440999  2.441067E-16
4985.14474924784  2.473822E-16
4988.20369408569  2.462557E-16
4991.26263892354  2.543602E-16
4994.3215837614  2.504059E-16
4997.38052859925  2.421116E-16
5000.4394734371  2.524494E-16
5003.49841827496  2.517049E-16
5006.55736311281  2.471697E-16
5009.61630795066  2.488131E-16
5012.67525278851  2.500621E-16
5015.73419762637  2.497631E-16
5018.79314246422  2.547148E-16
5021.85208730207  2.374603E-16
5024.91103213992  2.288168E-16
5027.96997697778  2.347500E-16
5031.02892181563  2.332970E-16
5034.08786665348  2.302001E-16
5037.14681149134  2.309678E-16
5040.20575632919  2.222517E-16
5043.26470116704  2.398804E-16
5046.3236460049  2.445960E-16
5049.38259084275  2.368726E-16
5052.4415356806  2.302082E-16
5055.50048051845  2.384942E-16
5058.5594253563  2.415999E-16
5061.61837019416  2.372049E-16
5064.67731503201  2.244761E-16
5067.73625986986  2.270123E-16
5070.79520470772  2.396646E-16
5073.85414954557  2.284519E-16
5076.91309438342  2.305382E-16
5079.97203922127  2.325508E-16
5083.03098405913  2.346466E-16
5086.08992889698  2.310196E-16
5089.14887373483  2.308887E-16
5092.20781857269  2.257971E-16
5095.26676341054  2.232470E-16
5098.32570824839  2.250043E-16
5101.38465308624  2.152383E-16
5104.4435979241  2.205921E-16
5107.50254276195  2.133380E-16
5110.5614875998  2.160028E-16
5113.62043243765  2.247463E-16
5116.67937727551  2.161726E-16
5119.73832211336  2.112308E-16
5122.79726695121  2.130426E-16
5125.85621178906  2.119246E-16
5128.91515662692  2.083203E-16
5131.97410146477  2.087231E-16
5135.03304630262  2.072099E-16
5138.09199114048  2.065872E-16
5141.15093597833  2.144900E-16
5144.20988081618  2.054586E-16
5147.26882565403  2.054296E-16
5150.32777049189  2.051520E-16
5153.38671532974  2.246371E-16
5156.44566016759  2.215488E-16
5159.50460500544  2.074775E-16
5162.5635498433  2.147450E-16
5165.62249468115  2.115026E-16
5168.681439519  2.028339E-16
5171.74038435685  1.902116E-16
5174.79932919471  1.999566E-16
5177.85827403256  1.999817E-16
5180.91721887041  1.984520E-16
5183.97616370826  2.118388E-16
5187.03510854612  2.081170E-16
5190.09405338397  1.984113E-16
5193.15299822182  1.982832E-16
5196.21194305968  2.076847E-16
5199.27088789753  2.056915E-16
5202.32983273538  2.034338E-16
5205.38877757323  2.093192E-16
5208.44772241109  2.073281E-16
5211.50666724894  1.962955E-16
5214.56561208679  2.022519E-16
5217.62455692465  2.047331E-16
5220.6835017625  1.976395E-16
5223.74244660035  2.026965E-16
5226.8013914382  2.082112E-16
5229.86033627606  2.060298E-16
5232.91928111391  1.976570E-16
5235.97822595176  1.985665E-16
5239.03717078961  1.958245E-16
5242.09611562747  2.148172E-16
5245.15506046532  2.138042E-16
5248.21400530317  2.010959E-16
5251.27295014103  1.944664E-16
5254.33189497888  2.015951E-16
5257.39083981673  2.033795E-16
5260.44978465458  1.963903E-16
5263.50872949243  1.971893E-16
5266.56767433029  1.937144E-16
5269.62661916814  1.966569E-16
5272.68556400599  1.956269E-16
5275.74450884385  2.044255E-16
5278.8034536817  2.069313E-16
5281.86239851955  2.015078E-16
5284.9213433574  1.978771E-16
5287.98028819526  2.011712E-16
5291.03923303311  2.002866E-16
5294.09817787096  1.895856E-16
5297.15712270882  1.976074E-16
5300.21606754667  1.973950E-16
5303.27501238452  1.956086E-16
5306.33395722237  1.915364E-16
5309.39290206023  1.871123E-16
5312.45184689808  1.929616E-16
5315.51079173593  2.045675E-16
5318.56973657378  2.067480E-16
5321.62868141164  1.957582E-16
5324.68762624949  1.940760E-16
5327.74657108734  1.935667E-16
5330.8055159252  2.023446E-16
5333.86446076305  2.030691E-16
5336.9234056009  1.852473E-16
5339.98235043875  2.028768E-16
5343.04129527661  2.147464E-16
5346.10024011446  2.040636E-16
5349.15918495231  2.013997E-16
5352.21812979017  2.005659E-16
5355.27707462802  2.037613E-16
5358.33601946587  2.004783E-16
5361.39496430372  1.911792E-16
5364.45390914157  1.968291E-16
5367.51285397943  2.094570E-16
5370.57179881728  1.958229E-16
5373.63074365513  1.830358E-16
5376.68968849299  2.030949E-16
5379.74863333084  2.056873E-16
5382.80757816869  1.929908E-16
5385.86652300654  1.977181E-16
5388.9254678444  1.995096E-16
5391.98441268225  2.009861E-16
5395.0433575201  1.992114E-16
5398.10230235795  1.991096E-16
5401.16124719581  2.009122E-16
5404.22019203366  1.989535E-16
5407.27913687151  1.980703E-16
5410.33808170937  1.925406E-16
5413.39702654722  1.854957E-16
5416.45597138507  1.916075E-16
5419.51491622292  2.003414E-16
5422.57386106078  2.055932E-16
5425.63280589863  1.969001E-16
5428.69175073648  1.862014E-16
5431.75069557434  1.888149E-16
5434.80964041219  1.921692E-16
5437.86858525004  1.889491E-16
5440.92753008789  1.997483E-16
5443.98647492575  2.005209E-16
5447.0454197636  1.859829E-16
5450.10436460145  1.993150E-16
5453.1633094393  1.955258E-16
5456.22225427716  1.853458E-16
5459.28119911501  1.917466E-16
5462.34014395286  1.937060E-16
5465.39908879072  1.929928E-16
5468.45803362857  2.061888E-16
5471.51697846642  2.023892E-16
5474.57592330427  1.937443E-16
5477.63486814213  1.926514E-16
5480.69381297998  1.886149E-16
5483.75275781783  1.910481E-16
5486.81170265568  1.867895E-16
5489.87064749354  1.927071E-16
5492.92959233139  1.839863E-16
5495.98853716924  1.924149E-16
5499.04748200709  1.937356E-16
5502.10642684495  1.868735E-16
5505.1653716828  1.959285E-16
5508.22431652065  2.030268E-16
5511.28326135851  1.950613E-16
5514.34220619636  2.045998E-16
5517.40115103421  2.059755E-16
5520.46009587206  1.963532E-16
5523.51904070992  1.906562E-16
5526.57798554777  1.905962E-16
5529.63693038562  1.884821E-16
5532.69587522347  1.792906E-16
5535.75482006133  1.844512E-16
5538.81376489918  1.856922E-16
5541.87270973703  1.804587E-16
5544.93165457488  1.878030E-16
5547.99059941274  1.929970E-16
5551.04954425059  1.799131E-16
5554.10848908844  1.802823E-16
5557.16743392629  1.779808E-16
5560.22637876415  1.882746E-16
5563.285323602  1.807209E-16
5566.34426843985  1.682210E-16
5569.40321327771  1.675449E-16
5572.46215811556  1.786116E-16
5575.52110295341  1.697279E-16
5578.58004779126  1.794352E-16
5581.63899262912  1.886942E-16
5584.69793746697  1.793891E-16
5587.75688230482  1.864358E-16
5590.81582714268  1.688305E-16
5593.87477198053  1.656034E-16
5596.93371681838  1.820949E-16
5599.99266165623  1.900950E-16
5603.05160649409  1.747306E-16
5606.11055133194  1.748666E-16
5609.16949616979  1.836466E-16
5612.22844100764  1.787196E-16
5615.2873858455  1.836312E-16
5618.34633068335  1.799880E-16
5621.4052755212  1.898000E-16
5624.46422035906  1.827584E-16
5627.52316519691  1.675875E-16
5630.58211003476  1.862311E-16
5633.64105487261  1.831053E-16
5636.69999971047  1.779317E-16
5639.75894454832  1.859514E-16
5642.81788938617  1.791508E-16
5645.87683422402  1.739926E-16
5648.93577906188  1.781656E-16
5651.99472389973  1.777392E-16
5655.05366873758  1.706901E-16
5658.11261357544  1.728254E-16
5661.17155841329  1.684613E-16
5664.23050325114  1.768094E-16
5667.28944808899  1.871986E-16
5670.34839292685  1.815115E-16
5673.4073377647  1.788845E-16
5676.46628260255  1.642778E-16
5679.5252274404  1.743384E-16
5682.58417227826  1.879384E-16
5685.64311711611  1.786926E-16
5688.70206195396  1.682067E-16
5691.76100679182  1.722106E-16
5694.81995162967  1.625897E-16
5697.87889646752  1.809894E-16
5700.93784130537  1.806937E-16
5703.99678614323  1.754288E-16
5707.05573098108  1.683896E-16
5710.11467581893  1.735130E-16
5713.17362065678  1.678434E-16
5716.23256549464  1.657308E-16
5719.29151033249  1.693697E-16
5722.35045517034  1.679255E-16
5725.40940000819  1.636029E-16
5728.46834484605  1.692927E-16
5731.5272896839  1.743277E-16
5734.58623452175  1.699701E-16
5737.6451793596  1.822776E-16
5740.70412419746  1.722390E-16
5743.76306903531  1.855094E-16
5746.82201387316  1.711895E-16
5749.88095871102  1.647169E-16
5752.93990354887  1.648620E-16
5755.99884838672  1.756289E-16
5759.05779322457  1.703351E-16
5762.11673806243  1.722262E-16
5765.17568290028  1.710439E-16
5768.23462773813  1.664564E-16
5771.29357257599  1.755282E-16
5774.35251741384  1.574906E-16
5777.41146225169  1.752469E-16
5780.47040708954  1.704602E-16
5783.52935192739  1.625774E-16
5786.58829676525  1.724295E-16
5789.6472416031  1.677505E-16
5792.70618644095  1.629268E-16
5795.76513127881  1.697837E-16
5798.82407611666  1.701279E-16
5801.88302095451  1.595341E-16
5804.94196579237  1.732910E-16
5808.00091063022  1.626893E-16
5811.05985546807  1.694993E-16
5814.11880030592  1.721200E-16
5817.17774514378  1.626036E-16
5820.23668998163  1.508606E-16
5823.29563481948  1.589942E-16
5826.35457965733  1.659324E-16
5829.41352449519  1.570901E-16
5832.47246933304  1.642188E-16
5835.53141417089  1.686134E-16
5838.59035900874  1.616800E-16
5841.6493038466  1.546014E-16
5844.70824868445  1.505217E-16
5847.7671935223  1.599478E-16
5850.82613836016  1.595748E-16
5853.88508319801  1.671657E-16
5856.94402803586  1.576265E-16
5860.00297287371  1.498747E-16
5863.06191771157  1.564870E-16
5866.12086254942  1.523311E-16
5869.17980738727  1.435351E-16
5872.23875222512  1.448016E-16
5875.29769706298  1.460595E-16
5878.35664190083  1.459943E-16
5881.41558673868  1.587779E-16
5884.47453157653  1.422073E-16
5887.53347641439  1.496009E-16
5890.59242125224  1.505094E-16
5893.65136609009  1.585023E-16
5896.71031092795  1.533134E-16
5899.7692557658  1.575390E-16
5902.82820060365  1.628071E-16
5905.8871454415  1.537545E-16
5908.94609027936  1.409678E-16
5912.00503511721  1.513558E-16
5915.06397995506  1.561186E-16
5918.12292479291  1.450445E-16
5921.18186963077  1.507261E-16
5924.24081446862  1.551859E-16
5927.29975930647  1.417751E-16
5930.35870414433  1.479105E-16
5933.41764898218  1.580837E-16
5936.47659382003  1.561045E-16
5939.53553865788  1.570450E-16
5942.59448349574  1.610128E-16
5945.65342833359  1.634585E-16
5948.71237317144  1.522431E-16
5951.77131800929  1.511311E-16
5954.83026284715  1.466795E-16
5957.889207685  1.536113E-16
5960.94815252285  1.576868E-16
5964.00709736071  1.586516E-16
5967.06604219856  1.605622E-16
5970.12498703641  1.698414E-16
5973.18393187426  1.553862E-16
5976.24287671212  1.499206E-16
5979.30182154997  1.544923E-16
5982.36076638782  1.653846E-16
5985.41971122567  1.557336E-16
5988.47865606353  1.495042E-16
5991.53760090138  1.418316E-16
5994.59654573923  1.562572E-16
5997.65549057709  1.680178E-16
6000.71443541494  1.706425E-16
6003.77338025279  1.723454E-16
6006.83232509064  1.633009E-16
6009.8912699285  1.619642E-16
6012.95021476635  1.565400E-16
6016.0091596042  1.598903E-16
6019.06810444205  1.559375E-16
6022.12704927991  1.521948E-16
6025.18599411776  1.605952E-16
6028.24493895561  1.681296E-16
6031.30388379346  1.680420E-16
6034.36282863132  1.590613E-16
6037.42177346917  1.539085E-16
6040.48071830702  1.616643E-16
6043.53966314488  1.629653E-16
6046.59860798273  1.631764E-16
6049.65755282058  1.654137E-16
6052.71649765843  1.599579E-16
6055.77544249629  1.581071E-16
6058.83438733414  1.619840E-16
6061.89333217199  1.637555E-16
6064.95227700984  1.660054E-16
6068.0112218477  1.585646E-16
6071.07016668555  1.592319E-16
6074.1291115234  1.581636E-16
6077.18805636126  1.550389E-16
6080.24700119911  1.566484E-16
6083.30594603696  1.644356E-16
6086.36489087481  1.769419E-16
6089.42383571267  1.760522E-16
6092.48278055052  1.657027E-16
6095.54172538837  1.553708E-16
6098.60067022622  1.490105E-16
6101.65961506408  1.554926E-16
6104.71855990193  1.639515E-16
6107.77750473978  1.500610E-16
6110.83644957763  1.499255E-16
6113.89539441549  1.604601E-16
6116.95433925334  1.617764E-16
6120.01328409119  1.522590E-16
6123.07222892905  1.456997E-16
6126.1311737669  1.516912E-16
6129.19011860475  1.465895E-16
6132.2490634426  1.545467E-16
6135.30800828046  1.564473E-16
6138.36695311831  1.583509E-16
6141.42589795616  1.620020E-16
6144.48484279401  1.506944E-16
6147.54378763187  1.496678E-16
6150.60273246972  1.457064E-16
6153.66167730757  1.459255E-16
6156.72062214543  1.565868E-16
6159.77956698328  1.519346E-16
6162.83851182113  1.490192E-16
6165.89745665898  1.530582E-16
6168.95640149684  1.464851E-16
6172.01534633469  1.507745E-16
6175.07429117254  1.565784E-16
6178.13323601039  1.512215E-16
6181.19218084825  1.538216E-16
6184.2511256861  1.571985E-16
6187.31007052395  1.541353E-16
6190.36901536181  1.435431E-16
6193.42796019966  1.427939E-16
6196.48690503751  1.465326E-16
6199.54584987536  1.487316E-16
6202.60479471322  1.528240E-16
6205.66373955107  1.490675E-16
6208.72268438892  1.439397E-16
6211.78162922677  1.539531E-16
6214.84057406463  1.639607E-16
6217.89951890248  1.627357E-16
6220.95846374033  1.472286E-16
6224.01740857818  1.398123E-16
6227.07635341604  1.400148E-16
6230.13529825389  1.401619E-16
6233.19424309174  1.401142E-16
6236.2531879296  1.473594E-16
6239.31213276745  1.537579E-16
6242.3710776053  1.458053E-16
6245.43002244315  1.380122E-16
6248.48896728101  1.476272E-16
6251.54791211886  1.442310E-16
6254.60685695671  1.480071E-16
6257.66580179456  1.459862E-16
6260.72474663242  1.475360E-16
6263.78369147027  1.448712E-16
6266.84263630812  1.522985E-16
6269.90158114598  1.420016E-16
6272.96052598383  1.435985E-16
6276.01947082168  1.322879E-16
6279.07841565953  1.321059E-16
6282.13736049739  1.364400E-16
6285.19630533524  1.433137E-16
6288.25525017309  1.394962E-16
6291.31419501094  1.324306E-16
6294.3731398488  1.532193E-16
6297.43208468665  1.382663E-16
6300.4910295245  1.296537E-16
6303.54997436236  1.313502E-16
6306.60891920021  1.333687E-16
6309.66786403806  1.448172E-16
6312.72680887591  1.281834E-16
6315.78575371377  1.387347E-16
6318.84469855162  1.408907E-16
6321.90364338947  1.476999E-16
6324.96258822732  1.437920E-16
6328.02153306518  1.374630E-16
6331.08047790303  1.286454E-16
6334.13942274088  1.374280E-16
6337.19836757873  1.474999E-16
6340.25731241659  1.285381E-16
6343.31625725444  1.367424E-16
6346.37520209229  1.322152E-16
6349.43414693015  1.373307E-16
6352.493091768  1.346976E-16
6355.55203660585  1.392811E-16
6358.6109814437  1.337451E-16
6361.66992628156  1.204442E-16
6364.72887111941  1.374084E-16
6367.78781595726  1.467830E-16
6370.84676079511  1.398049E-16
6373.90570563297  1.429258E-16
6376.96465047082  1.383476E-16
6380.02359530867  1.276002E-16
6383.08254014653  1.322199E-16
6386.14148498438  1.372605E-16
6389.20042982223  1.323816E-16
6392.25937466008  1.309128E-16
6395.31831949794  1.372611E-16
6398.37726433579  1.344352E-16
6401.43620917364  1.416181E-16
6404.4951540115  1.449583E-16
6407.55409884935  1.322998E-16
6410.6130436872  1.308585E-16
6413.67198852505  1.404771E-16
6416.7309333629  1.347189E-16
6419.78987820076  1.338595E-16
6422.84882303861  1.261373E-16
6425.90776787646  1.296664E-16
6428.96671271432  1.256571E-16
6432.02565755217  1.267763E-16
6435.08460239002  1.366419E-16
6438.14354722787  1.351374E-16
6441.20249206573  1.248004E-16
6444.26143690358  1.292249E-16
6447.32038174143  1.369714E-16
6450.37932657928  1.392031E-16
6453.43827141714  1.328844E-16
6456.49721625499  1.319184E-16
6459.55616109285  1.298671E-16
6462.6151059307  1.295267E-16
6465.67405076855  1.272902E-16
6468.7329956064  1.228624E-16
6471.79194044425  1.173816E-16
6474.85088528211  1.248452E-16
6477.90983011996  1.249842E-16
6480.96877495781  1.182856E-16
6484.02771979566  1.254926E-16
6487.08666463352  1.270670E-16
6490.14560947137  1.231160E-16
6493.20455430922  1.144061E-16
6496.26349914708  1.141624E-16
6499.32244398493  1.330366E-16
6502.38138882278  1.321197E-16
6505.44033366063  1.179304E-16
6508.49927849849  1.150983E-16
6511.55822333634  1.202821E-16
6514.61716817419  1.195617E-16
6517.67611301205  1.209159E-16
6520.7350578499  1.202594E-16
6523.79400268775  1.087126E-16
6526.8529475256  1.106010E-16
6529.91189236346  1.087195E-16
6532.97083720131  1.006416E-16
6536.02978203916  1.072028E-16
6539.08872687701  1.170262E-16
6542.14767171487  1.197610E-16
6545.20661655272  1.171329E-16
6548.26556139057  1.096530E-16
6551.32450622842  1.010306E-16
6554.38345106628  1.117028E-16
6557.44239590413  1.253967E-16
6560.50134074198  1.251959E-16
6563.56028557984  1.314004E-16
6566.61923041769  1.294147E-16
6569.67817525554  1.282683E-16
6572.73712009339  1.292594E-16
6575.79606493125  1.283874E-16
6578.8550097691  1.291657E-16
6581.91395460695  1.312683E-16
6584.9728994448  1.365959E-16
6588.03184428266  1.383375E-16
6591.09078912051  1.435989E-16
6594.14973395836  1.482923E-16
6597.20867879621  1.521253E-16
6600.26762363407  1.502795E-16
6603.32656847192  1.571946E-16
6606.38551330977  1.574740E-16
6609.44445814763  1.469051E-16
6612.50340298548  1.539193E-16
6615.56234782333  1.701686E-16
6618.62129266118  1.713615E-16
6621.68023749904  1.685516E-16
6624.73918233689  1.599760E-16
6627.79812717474  1.618175E-16
6630.85707201259  1.605168E-16
6633.91601685045  1.564064E-16
6636.9749616883  1.717058E-16
6640.03390652615  1.764166E-16
6643.09285136401  1.706578E-16
6646.15179620186  1.713832E-16
6649.21074103971  1.667811E-16
6652.26968587756  1.621536E-16
6655.32863071542  1.555464E-16
6658.38757555327  1.665060E-16
6661.44652039112  1.586797E-16
6664.50546522898  1.626770E-16
6667.56441006683  1.729734E-16
6670.62335490468  1.780178E-16
6673.68229974253  1.699759E-16
6676.74124458038  1.784292E-16
6679.80018941824  1.855588E-16
6682.85913425609  1.790611E-16
6685.91807909394  1.765079E-16
6688.9770239318  1.714806E-16
6692.03596876965  1.624061E-16
