4275.  4.403687E-17
4279.51498422713  4.195632E-17
4284.02996845426  4.214696E-17
4288.54495268139  1.139488E-17
4293.05993690852  1.450502E-17
4297.57492113565  2.368637E-17
4302.08990536278  7.930248E-18
4306.6048895899  1.700904E-17
4311.11987381703  2.558362E-17
4315.63485804416  2.532947E-17
4320.14984227129  2.300292E-17
4324.66482649842  3.635091E-17
4329.17981072555  3.079519E-17
4333.69479495268  2.471589E-17
4338.20977917981  4.368852E-17
4342.72476340694  7.409101E-18
4347.23974763407  1.487225E-17
4351.7547318612  4.661623E-17
4356.26971608833  5.378093E-17
4360.78470031546  4.736952E-17
4365.29968454259  2.811274E-17
4369.81466876971  3.398087E-17
4374.32965299684  1.744763E-17
4378.84463722397  4.403521E-17
4383.3596214511  3.350029E-17
4387.87460567823  3.013651E-17
4392.38958990536  3.889389E-17
4396.90457413249  2.429896E-17
4401.41955835962  3.517019E-17
4405.93454258675  4.449229E-17
4410.44952681388  3.703567E-17
4414.96451104101  1.545721E-17
4419.47949526814  -4.424929E-18
4423.99447949527  2.164117E-17
4428.5094637224  5.180153E-17
4433.02444794953  6.428729E-17
4437.53943217665  3.089341E-17
4442.05441640379  4.330855E-17
4446.56940063091  3.147360E-17
4451.08438485804  4.018925E-17
4455.59936908517  4.622224E-17
4460.1143533123  3.502918E-17
4464.62933753943  4.709998E-17
4469.14432176656  4.128461E-17
4473.65930599369  4.995550E-17
4478.17429022082  6.206345E-17
4482.68927444795  2.457549E-17
4487.20425867508  1.660532E-17
4491.71924290221  4.123948E-17
4496.23422712934  4.295557E-17
4500.74921135647  2.839750E-17
4505.26419558359  5.190220E-17
4509.77917981072  5.730412E-17
4514.29416403785  6.216097E-17
4518.80914826498  5.173479E-17
4523.32413249211  5.146623E-17
4527.83911671924  4.202679E-17
4532.35410094637  3.527468E-17
4536.8690851735  2.705031E-17
4541.38406940063  2.313691E-17
4545.89905362776  2.464526E-17
4550.41403785489  3.869269E-17
4554.92902208202  2.295651E-17
4559.44400630915  4.824004E-17
4563.95899053628  5.782682E-17
4568.47397476341  6.624383E-17
4572.98895899053  5.306448E-17
4577.50394321767  4.404368E-17
4582.01892744479  4.954713E-17
4586.53391167192  4.926791E-17
4591.04889589905  5.903172E-17
4595.56388012618  5.122670E-17
4600.07886435331  6.058197E-17
4604.59384858044  6.635031E-17
4609.10883280757  5.073903E-17
4613.6238170347  5.789577E-17
4618.13880126183  4.933748E-17
4622.65378548896  4.771992E-17
4627.16876971609  4.905686E-17
4631.68375394322  5.239987E-17
4636.19873817035  4.815869E-17
4640.71372239747  5.419362E-17
4645.2287066246  4.968015E-17
4649.74369085173  6.523835E-17
4654.25867507886  7.465609E-17
4658.77365930599  4.894897E-17
4663.28864353312  4.403238E-17
4667.80362776025  5.375426E-17
4672.31861198738  5.887770E-17
4676.83359621451  5.439790E-17
4681.34858044164  2.771303E-17
4685.86356466877  4.131610E-17
4690.3785488959  4.991970E-17
4694.89353312303  4.520287E-17
4699.40851735016  5.131146E-17
4703.92350157728  4.564625E-17
4708.43848580441  4.123044E-17
4712.95347003154  4.635746E-17
4717.46845425867  5.251518E-17
4721.9834384858  5.337679E-17
4726.49842271293  6.874597E-17
4731.01340694006  7.916461E-17
4735.52839116719  6.163814E-17
4740.04337539432  6.688995E-17
4744.55835962145  5.891822E-17
4749.07334384858  5.268144E-17
4753.58832807571  3.942546E-17
4758.10331230284  4.548189E-17
4762.61829652997  4.829765E-17
4767.1332807571  4.539646E-17
4771.64826498422  3.990037E-17
4776.16324921135  3.886307E-17
4780.67823343848  3.742757E-17
4785.19321766561  5.370224E-17
4789.70820189274  4.801200E-17
4794.22318611987  4.676901E-17
4798.738170347  6.186038E-17
4803.25315457413  5.422811E-17
4807.76813880126  5.510534E-17
4812.28312302839  4.248993E-17
4816.79810725552  2.965527E-17
4821.31309148265  3.527210E-17
4825.82807570978  4.163671E-17
4830.34305993691  4.586666E-17
4834.85804416404  4.835219E-17
4839.37302839116  5.599192E-17
4843.88801261829  5.027277E-17
4848.40299684542  4.209062E-17
4852.91798107255  4.281998E-17
4857.43296529968  4.768009E-17
4861.94794952681  4.640440E-17
4866.46293375394  4.765760E-17
4870.97791798107  6.151276E-17
4875.4929022082  4.641989E-17
4880.00788643533  3.991427E-17
4884.52287066246  4.412584E-17
4889.03785488959  4.685566E-17
4893.55283911672  4.204038E-17
4898.06782334385  3.989314E-17
4902.58280757098  4.663356E-17
4907.0977917981  5.191427E-17
4911.61277602523  4.842657E-17
4916.12776025236  4.532916E-17
4920.64274447949  4.436995E-17
4925.15772870662  4.515797E-17
4929.67271293375  3.328793E-17
4934.18769716088  3.751407E-17
4938.70268138801  5.270710E-17
4943.21766561514  4.012604E-17
4947.73264984227  4.326820E-17
4952.2476340694  4.820750E-17
4956.76261829653  5.556588E-17
4961.27760252366  5.218480E-17
4965.79258675079  5.629578E-17
4970.30757097792  5.811313E-17
4974.82255520504  6.150052E-17
4979.33753943217  6.571925E-17
4983.8525236593  6.308658E-17
4988.36750788643  5.932827E-17
4992.88249211356  6.389414E-17
4997.39747634069  5.646662E-17
5001.91246056782  6.627963E-17
5006.42744479495  7.284915E-17
5010.94242902208  7.087806E-17
5015.45741324921  7.569404E-17
5019.97239747634  8.318701E-17
5024.48738170347  8.884558E-17
5029.0023659306  8.239715E-17
5033.51735015773  5.057513E-17
5038.03233438485  4.154769E-17
5042.54731861198  7.011311E-17
5047.06230283911  8.663871E-17
5051.57728706624  7.953356E-17
5056.09227129337  6.132491E-17
5060.6072555205  5.875571E-17
5065.12223974763  6.494187E-17
5069.63722397476  6.422451E-17
5074.15220820189  7.216465E-17
5078.66719242902  7.124102E-17
5083.18217665615  8.876551E-17
5087.69716088328  8.391469E-17
5092.21214511041  7.525978E-17
5096.72712933754  7.255147E-17
5101.24211356466  7.161349E-17
5105.7570977918  6.166417E-17
5110.27208201892  5.865932E-17
5114.78706624605  6.603745E-17
5119.30205047318  7.483852E-17
5123.81703470031  7.246422E-17
5128.33201892744  8.496191E-17
5132.84700315457  7.557638E-17
5137.3619873817  6.413364E-17
5141.87697160883  7.005138E-17
5146.39195583596  8.121169E-17
5150.90694006309  8.155213E-17
5155.42192429022  8.950055E-17
5159.93690851735  7.791257E-17
5164.45189274448  7.866551E-17
5168.96687697161  8.290209E-17
5173.48186119873  7.301885E-17
5177.99684542586  7.330173E-17
5182.51182965299  7.410423E-17
5187.02681388012  8.056251E-17
5191.54179810725  7.459763E-17
5196.05678233438  7.589928E-17
5200.57176656151  8.100574E-17
5205.08675078864  8.437715E-17
5209.60173501577  8.715532E-17
5214.1167192429  8.754782E-17
5218.63170347003  8.796094E-17
5223.14668769716  7.912775E-17
5227.66167192429  7.345267E-17
5232.17665615142  8.000630E-17
5236.69164037855  7.967062E-17
5241.20662460568  7.969245E-17
5245.7216088328  8.061608E-17
5250.23659305993  7.940092E-17
5254.75157728706  8.013096E-17
5259.26656151419  8.594065E-17
5263.78154574132  7.696532E-17
5268.29652996845  6.981525E-17
5272.81151419558  7.749989E-17
5277.32649842271  7.645194E-17
5281.84148264984  7.802277E-17
5286.35646687697  7.779896E-17
5290.8714511041  7.595986E-17
5295.38643533123  7.638321E-17
5299.90141955836  8.274462E-17
5304.41640378548  7.339944E-17
5308.93138801261  6.911030E-17
5313.44637223974  7.203204E-17
5317.96135646687  7.639502E-17
5322.476340694  8.321747E-17
5326.99132492113  7.959062E-17
5331.50630914826  7.772409E-17
5336.02129337539  7.639283E-17
5340.53627760252  8.534071E-17
5345.05126182965  8.806535E-17
5349.56624605678  8.114652E-17
5354.08123028391  8.960431E-17
5358.59621451104  8.036541E-17
5363.11119873816  7.881751E-17
5367.62618296529  8.177596E-17
5372.14116719242  8.164181E-17
5376.65615141955  7.704669E-17
5381.17113564668  7.594148E-17
5385.68611987381  8.255603E-17
5390.20110410094  8.279443E-17
5394.71608832807  8.286158E-17
5399.2310725552  8.245121E-17
5403.74605678233  8.776969E-17
5408.26104100946  8.171754E-17
5412.77602523659  8.045456E-17
5417.29100946372  7.856939E-17
5421.80599369085  8.177320E-17
5426.32097791798  8.806521E-17
5430.83596214511  8.711583E-17
5435.35094637224  7.703400E-17
5439.86593059936  6.751618E-17
5444.38091482649  7.796441E-17
5448.89589905362  8.551342E-17
5453.41088328075  8.069017E-17
5457.92586750788  8.228221E-17
5462.44085173501  7.868854E-17
5466.95583596214  7.570681E-17
5471.47082018927  7.874320E-17
5475.9858044164  7.545118E-17
5480.50078864353  8.042386E-17
5485.01577287066  8.694818E-17
5489.53075709779  8.614678E-17
5494.04574132492  8.139731E-17
5498.56072555204  6.976047E-17
5503.07570977917  7.137985E-17
5507.5906940063  7.581979E-17
5512.10567823343  7.708338E-17
5516.62066246056  7.474899E-17
5521.13564668769  6.767197E-17
5525.65063091482  7.042117E-17
5530.16561514195  6.565849E-17
5534.68059936908  6.353492E-17
5539.19558359621  5.694056E-17
5543.71056782334  6.193596E-17
5548.22555205047  7.098250E-17
5552.7405362776  6.815921E-17
5557.25552050473  7.159685E-17
5561.77050473186  9.964406E-17
5566.28548895898  7.126675E-17
5570.80047318611  6.913898E-17
5575.31545741324  8.749120E-17
5579.83044164037  1.126365E-16
5584.3454258675  6.379415E-17
5588.86041009463  7.573069E-17
5593.37539432176  8.425458E-17
5597.89037854889  7.278426E-17
5602.40536277602  7.494853E-17
5606.92034700315  7.812818E-17
5611.43533123028  7.674608E-17
5615.95031545741  7.778513E-17
5620.46529968454  7.840155E-17
5624.98028391167  7.400394E-17
5629.4952681388  7.197220E-17
5634.01025236592  7.226288E-17
5638.52523659305  6.550937E-17
5643.04022082018  6.514364E-17
5647.55520504731  6.915166E-17
5652.07018927444  7.010536E-17
5656.58517350157  7.112837E-17
5661.1001577287  7.729578E-17
5665.61514195583  7.208239E-17
5670.13012618296  6.551323E-17
5674.64511041009  7.373675E-17
5679.16009463722  7.915232E-17
5683.67507886435  7.979992E-17
5688.19006309148  7.733523E-17
5692.70504731861  8.830064E-17
5697.22003154573  8.180078E-17
5701.73501577286  8.060969E-17
5706.24999999999  7.852318E-17
5710.76498422712  7.878474E-17
5715.27996845425  8.490973E-17
5719.79495268138  8.978080E-17
5724.30993690851  8.692471E-17
5728.82492113564  7.836863E-17
5733.33990536277  8.270958E-17
5737.8548895899  8.306529E-17
5742.36987381703  7.858538E-17
5746.88485804416  8.724558E-17
5751.39984227129  9.873295E-17
5755.91482649842  1.027558E-16
5760.42981072555  9.555391E-17
5764.94479495267  8.449901E-17
5769.4597791798  8.852054E-17
5773.97476340693  8.549234E-17
5778.48974763406  8.721692E-17
5783.00473186119  9.312691E-17
5787.51971608832  9.636388E-17
5792.03470031545  9.138606E-17
5796.54968454258  9.662812E-17
5801.06466876971  9.983640E-17
5805.57965299684  1.033154E-16
5810.09463722397  9.627551E-17
5814.6096214511  1.051476E-16
5819.12460567823  1.025334E-16
5823.63958990536  8.856367E-17
5828.15457413249  9.083023E-17
5832.66955835961  9.910701E-17
5837.18454258674  1.031398E-16
5841.69952681387  9.749654E-17
5846.214511041  1.056920E-16
5850.72949526813  1.109470E-16
5855.24447949526  9.916998E-17
5859.75946372239  1.018762E-16
5864.27444794952  1.062654E-16
5868.78943217665  9.391113E-17
5873.30441640378  1.004705E-16
5877.81940063091  1.021016E-16
5882.33438485804  9.472358E-17
5886.84936908517  9.833139E-17
5891.36435331229  1.105864E-16
5895.87933753943  9.909745E-17
5900.39432176655  9.906112E-17
5904.90930599368  1.026912E-16
5909.42429022081  1.004915E-16
5913.93927444794  9.750967E-17
5918.45425867507  9.438074E-17
5922.9692429022  9.776748E-17
5927.48422712933  1.056267E-16
5931.99921135646  1.068030E-16
5936.51419558359  9.649755E-17
5941.02917981072  9.674282E-17
5945.54416403785  1.036707E-16
5950.05914826498  9.972534E-17
5954.57413249211  9.880314E-17
5959.08911671924  1.017185E-16
5963.60410094637  9.698881E-17
5968.11908517349  9.044815E-17
5972.63406940062  8.953686E-17
5977.14905362775  9.332876E-17
5981.66403785488  9.037963E-17
5986.17902208201  9.066391E-17
5990.69400630914  9.763617E-17
5995.20899053627  9.580967E-17
5999.7239747634  7.998503E-17
6004.23895899053  8.055367E-17
6008.75394321766  8.920858E-17
6013.26892744479  8.634330E-17
6017.78391167192  8.307102E-17
6022.29889589905  8.177542E-17
6026.81388012618  8.513311E-17
6031.3288643533  8.424123E-17
6035.84384858043  7.981125E-17
6040.35883280756  8.489928E-17
6044.87381703469  9.258866E-17
6049.38880126182  8.236501E-17
6053.90378548895  7.688153E-17
6058.41876971608  8.350260E-17
6062.93375394321  8.581847E-17
6067.44873817034  8.553155E-17
6071.96372239747  8.411171E-17
6076.4787066246  7.921386E-17
6080.99369085173  7.816151E-17
6085.50867507886  8.501295E-17
6090.02365930599  8.055573E-17
6094.53864353312  7.114739E-17
6099.05362776024  7.210287E-17
6103.56861198737  7.961148E-17
6108.0835962145  7.925798E-17
6112.59858044163  7.834153E-17
6117.11356466876  7.645182E-17
6121.62854889589  7.430140E-17
6126.14353312302  7.847353E-17
6130.65851735015  7.483332E-17
6135.17350157728  7.269284E-17
6139.68848580441  8.074461E-17
6144.20347003154  8.295335E-17
6148.71845425867  7.914025E-17
6153.23343848579  8.028774E-17
6157.74842271292  7.891094E-17
6162.26340694005  7.788750E-17
6166.77839116718  7.942500E-17
6171.29337539431  8.151558E-17
6175.80835962144  8.404523E-17
6180.32334384857  8.130598E-17
6184.8383280757  7.231455E-17
6189.35331230283  7.646864E-17
6193.86829652996  7.745685E-17
6198.38328075709  6.677650E-17
6202.89826498422  7.443130E-17
6207.41324921135  8.448622E-17
6211.92823343848  7.947612E-17
6216.44321766561  7.963816E-17
6220.95820189274  7.890620E-17
6225.47318611986  6.791611E-17
6229.98817034699  6.767626E-17
6234.50315457412  7.350371E-17
6239.01813880125  7.321934E-17
6243.53312302838  7.039674E-17
6248.04810725551  7.148777E-17
6252.56309148264  6.286759E-17
6257.07807570977  6.875801E-17
6261.5930599369  6.892245E-17
6266.10804416403  6.309310E-17
6270.62302839116  7.092278E-17
6275.13801261829  7.465251E-17
6279.65299684542  7.809280E-17
6284.16798107255  6.996860E-17
6288.68296529967  7.373711E-17
6293.19794952681  7.842862E-17
6297.71293375393  7.855159E-17
6302.22791798106  8.763901E-17
6306.74290220819  7.585246E-17
6311.25788643532  9.300422E-17
6315.77287066245  8.951168E-17
6320.28785488958  7.853267E-17
6324.80283911671  8.649576E-17
6329.31782334384  7.662905E-17
6333.83280757097  7.377309E-17
6338.3477917981  8.010717E-17
6342.86277602523  8.042809E-17
6347.37776025236  7.759010E-17
6351.89274447949  8.512375E-17
6356.40772870662  8.003459E-17
6360.92271293374  7.713377E-17
6365.43769716087  8.839380E-17
6369.952681388  8.022843E-17
6374.46766561513  8.027853E-17
6378.98264984226  8.355940E-17
6383.49763406939  7.845243E-17
6388.01261829652  7.508164E-17
6392.52760252365  8.036747E-17
6397.04258675078  8.120518E-17
6401.55757097791  7.215597E-17
6406.07255520504  7.369699E-17
6410.58753943217  7.314336E-17
6415.1025236593  6.948726E-17
6419.61750788643  7.109864E-17
6424.13249211355  7.481555E-17
6428.64747634068  7.388187E-17
6433.16246056781  7.052690E-17
6437.67744479494  7.339029E-17
6442.19242902207  7.333298E-17
6446.7074132492  6.965446E-17
6451.22239747633  6.765023E-17
6455.73738170346  6.624060E-17
6460.25236593059  7.096693E-17
6464.76735015772  7.032585E-17
6469.28233438485  7.045059E-17
6473.79731861198  7.471075E-17
6478.31230283911  7.714183E-17
6482.82728706624  7.042473E-17
6487.34227129336  6.705780E-17
6491.85725552049  7.551483E-17
6496.37223974762  7.928837E-17
6500.88722397475  7.768650E-17
6505.40220820188  7.312281E-17
6509.91719242901  7.679211E-17
6514.43217665614  7.322355E-17
6518.94716088327  7.123509E-17
6523.4621451104  7.978381E-17
6527.97712933753  7.940708E-17
6532.49211356466  7.068146E-17
6537.00709779179  7.156849E-17
6541.52208201892  7.312105E-17
6546.03706624605  7.820117E-17
6550.55205047318  7.897089E-17
6555.06703470031  7.525104E-17
6559.58201892743  7.560869E-17
6564.09700315456  7.145397E-17
6568.61198738169  8.085332E-17
6573.12697160882  8.433503E-17
6577.64195583595  7.950198E-17
6582.15694006308  7.754544E-17
6586.67192429021  7.922861E-17
6591.18690851734  8.087451E-17
6595.70189274447  8.485751E-17
6600.2168769716  8.253575E-17
6604.73186119873  7.905427E-17
6609.24684542586  8.142166E-17
6613.76182965299  7.940706E-17
6618.27681388012  8.226592E-17
6622.79179810724  8.189925E-17
6627.30678233438  7.697450E-17
6631.8217665615  8.149107E-17
6636.33675078863  8.434198E-17
6640.85173501576  7.795624E-17
6645.36671924289  7.241132E-17
6649.88170347002  7.059108E-17
6654.39668769715  7.075523E-17
6658.91167192428  7.210159E-17
6663.42665615141  7.201380E-17
6667.94164037854  7.325239E-17
6672.45662460567  7.562394E-17
6676.9716088328  7.872786E-17
6681.48659305993  7.538457E-17
6686.00157728706  7.735579E-17
6690.51656151418  7.917932E-17
6695.03154574131  7.729474E-17
6699.54652996844  7.515419E-17
6704.06151419557  8.206417E-17
6708.5764984227  8.636711E-17
6713.09148264983  8.512479E-17
6717.60646687696  8.013930E-17
6722.12145110409  7.802332E-17
6726.63643533122  7.889070E-17
6731.15141955835  8.110885E-17
6735.66640378548  8.119744E-17
6740.18138801261  8.345771E-17
6744.69637223974  9.028127E-17
6749.21135646687  8.950395E-17
6753.726340694  8.195706E-17
6758.24132492112  7.914749E-17
6762.75630914825  7.581869E-17
6767.27129337538  7.873355E-17
6771.78627760251  7.647503E-17
6776.30126182964  7.372302E-17
6780.81624605677  7.426491E-17
6785.3312302839  7.845002E-17
6789.84621451103  7.634417E-17
6794.36119873816  7.951861E-17
6798.87618296529  7.997690E-17
6803.39116719242  7.289002E-17
6807.90615141955  7.678139E-17
6812.42113564668  8.300221E-17
6816.93611987381  8.014476E-17
6821.45110410094  8.034210E-17
6825.96608832806  7.742915E-17
6830.48107255519  9.159158E-17
6834.99605678232  9.591754E-17
6839.51104100945  9.262326E-17
6844.02602523658  8.981785E-17
6848.54100946371  7.446388E-17
6853.05599369084  7.341565E-17
6857.57097791797  7.801528E-17
6862.0859621451  7.971218E-17
6866.60094637223  8.874378E-17
6871.11593059936  8.117180E-17
6875.63091482649  7.307095E-17
6880.14589905362  7.724288E-17
6884.66088328075  7.956728E-17
6889.17586750788  8.066568E-17
6893.690851735  7.870651E-17
6898.20583596213  8.307294E-17
6902.72082018926  8.376864E-17
6907.23580441639  7.962391E-17
6911.75078864352  7.545772E-17
6916.26577287065  8.021544E-17
6920.78075709778  8.561336E-17
6925.29574132491  8.150803E-17
6929.81072555204  8.460538E-17
6934.32570977917  8.073813E-17
6938.8406940063  7.778032E-17
6943.35567823343  8.265864E-17
6947.87066246056  8.001923E-17
6952.38564668768  7.545078E-17
6956.90063091482  7.113020E-17
6961.41561514194  7.666378E-17
6965.93059936907  8.551657E-17
6970.4455835962  8.699735E-17
6974.96056782333  7.960675E-17
6979.47555205046  7.811678E-17
6983.99053627759  7.667214E-17
6988.50552050472  7.518032E-17
6993.02050473185  7.613198E-17
6997.53548895898  7.156455E-17
7002.05047318611  7.144152E-17
7006.56545741324  7.616883E-17
7011.08044164037  7.411135E-17
7015.5954258675  7.261302E-17
7020.11041009463  7.630692E-17
7024.62539432175  7.774726E-17
7029.14037854888  7.830073E-17
7033.65536277601  7.458928E-17
7038.17034700314  6.843710E-17
7042.68533123027  7.079034E-17
7047.2003154574  7.817982E-17
7051.71529968453  7.779699E-17
7056.23028391166  7.556252E-17
7060.74526813879  7.458685E-17
7065.26025236592  7.430016E-17
7069.77523659305  7.366534E-17
7074.29022082018  7.518818E-17
7078.80520504731  8.195181E-17
7083.32018927443  7.837199E-17
7087.83517350156  8.045683E-17
7092.35015772869  8.385653E-17
7096.86514195582  8.358395E-17
7101.38012618295  8.341838E-17
7105.89511041008  7.959091E-17
7110.41009463721  7.633284E-17
7114.92507886434  7.827839E-17
7119.44006309147  8.101395E-17
7123.9550473186  7.985011E-17
7128.47003154573  7.714781E-17
7132.98501577286  8.110395E-17
7137.49999999999  8.384759E-17
7142.01498422712  7.875896E-17
7146.52996845424  8.212503E-17
7151.04495268137  8.233330E-17
7155.55993690851  7.757974E-17
7160.07492113563  8.288022E-17
7164.58990536276  8.487873E-17
7169.10488958989  8.136732E-17
7173.61987381702  7.909897E-17
7178.13485804415  7.536535E-17
7182.64984227128  7.625810E-17
7187.16482649841  7.858118E-17
7191.67981072554  7.216062E-17
7196.19479495267  7.130587E-17
7200.7097791798  7.536928E-17
7205.22476340693  7.727376E-17
7209.73974763406  7.940538E-17
7214.25473186119  7.894033E-17
7218.76971608832  8.758202E-17
7223.28470031544  8.992828E-17
7227.79968454257  7.848112E-17
7232.3146687697  7.535011E-17
7236.82965299683  8.458224E-17
7241.34463722396  8.799817E-17
7245.85962145109  7.570562E-17
7250.37460567822  7.388692E-17
7254.88958990535  8.432625E-17
7259.40457413248  7.400273E-17
7263.91955835961  8.211515E-17
7268.43454258674  7.433877E-17
7272.94952681387  6.395849E-17
7277.46451104099  7.692503E-17
7281.97949526812  6.996096E-17
7286.49447949525  8.259758E-17
7291.00946372238  8.041462E-17
7295.52444794951  6.481724E-17
7300.03943217664  7.600796E-17
7304.55441640377  7.988169E-17
7309.0694006309  8.169435E-17
7313.58438485803  8.769593E-17
7318.09936908516  8.339819E-17
7322.61435331229  8.648207E-17
7327.12933753942  7.095786E-17
7331.64432176655  7.334813E-17
7336.15930599368  8.007848E-17
7340.67429022081  6.869157E-17
7345.18927444794  7.452848E-17
7349.70425867507  7.337506E-17
7354.21924290219  7.896376E-17
7358.73422712932  8.875514E-17
7363.24921135645  8.767414E-17
7367.76419558358  8.198328E-17
7372.27917981071  7.714717E-17
7376.79416403784  7.064747E-17
7381.30914826497  7.889643E-17
7385.8241324921  8.450220E-17
7390.33911671923  8.311955E-17
7394.85410094636  8.206873E-17
7399.36908517349  7.397855E-17
7403.88406940062  7.145104E-17
7408.39905362775  7.450640E-17
7412.91403785487  7.975333E-17
7417.429022082  7.473638E-17
7421.94400630913  7.445565E-17
7426.45899053626  7.574670E-17
7430.97397476339  8.472503E-17
7435.48895899052  8.620144E-17
7440.00394321765  7.627595E-17
7444.51892744478  7.981589E-17
7449.03391167191  7.472425E-17
7453.54889589904  7.143174E-17
7458.06388012617  7.455345E-17
7462.5788643533  7.592163E-17
7467.09384858043  8.075031E-17
7471.60883280756  8.187750E-17
7476.12381703468  8.037472E-17
7480.63880126181  8.144742E-17
7485.15378548895  8.273558E-17
7489.66876971607  8.235120E-17
7494.1837539432  7.760125E-17
7498.69873817033  7.811736E-17
7503.21372239746  8.400327E-17
7507.72870662459  7.988941E-17
7512.24369085172  7.832485E-17
7516.75867507885  8.224597E-17
7521.27365930598  7.795698E-17
7525.78864353311  7.186938E-17
7530.30362776024  7.732371E-17
7534.81861198737  7.475051E-17
7539.3335962145  6.566303E-17
7543.84858044162  6.737061E-17
7548.36356466875  6.962039E-17
7552.87854889589  7.447816E-17
7557.39353312301  7.432490E-17
7561.90851735014  6.807361E-17
7566.42350157727  6.182358E-17
7570.9384858044  6.332855E-17
7575.45347003153  7.551256E-17
7579.96845425866  7.590757E-17
7584.48343848579  7.724897E-17
7588.99842271292  7.566389E-17
7593.51340694005  7.914766E-17
7598.02839116718  7.507053E-17
7602.54337539431  7.355227E-17
7607.05835962144  8.721584E-17
7611.57334384856  6.914668E-17
7616.08832807569  6.385353E-17
7620.60331230282  7.232048E-17
7625.11829652995  6.987065E-17
7629.63328075708  8.025408E-17
7634.14826498421  8.230431E-17
7638.66324921134  7.123049E-17
7643.17823343847  6.873007E-17
7647.6932176656  6.566591E-17
7652.20820189273  6.641666E-17
7656.72318611986  6.600499E-17
7661.23817034699  6.898980E-17
7665.75315457412  7.626186E-17
7670.26813880125  7.596457E-17
7674.78312302838  7.382357E-17
7679.29810725551  7.387149E-17
7683.81309148263  7.282960E-17
7688.32807570976  7.422546E-17
7692.84305993689  7.558189E-17
7697.35804416402  6.483619E-17
7701.87302839115  6.316675E-17
7706.38801261828  4.847006E-17
7710.90299684541  3.581099E-17
7715.41798107254  5.668367E-17
7719.93296529967  6.830947E-17
7724.4479495268  6.763256E-17
7728.96293375393  6.858070E-17
7733.47791798106  7.703939E-17
7737.99290220819  6.142020E-17
7742.50788643532  5.086661E-17
7747.02287066244  5.848512E-17
7751.53785488957  6.575901E-17
7756.0528391167  6.894267E-17
7760.56782334383  5.833888E-17
7765.08280757096  6.915931E-17
7769.59779179809  6.459571E-17
7774.11277602522  5.892912E-17
7778.62776025235  6.646885E-17
7783.14274447948  7.643386E-17
7787.65772870661  7.932970E-17
7792.17271293374  7.064669E-17
7796.68769716087  7.010577E-17
7801.202681388  5.922039E-17
7805.71766561513  5.935054E-17
7810.23264984225  6.523490E-17
7814.74763406938  7.226712E-17
7819.26261829651  7.619826E-17
7823.77760252364  5.951337E-17
7828.29258675077  5.920490E-17
7832.8075709779  5.741942E-17
7837.32255520503  5.996645E-17
7841.83753943216  5.803618E-17
7846.35252365929  5.359576E-17
7850.86750788642  6.787501E-17
7855.38249211355  6.275882E-17
7859.89747634068  7.208505E-17
7864.41246056781  7.420051E-17
7868.92744479494  6.019057E-17
7873.44242902207  6.692536E-17
7877.9574132492  6.514935E-17
7882.47239747632  6.333633E-17
7886.98738170345  6.080446E-17
7891.50236593058  6.218359E-17
7896.01735015771  5.821757E-17
7900.53233438484  5.630488E-17
7905.04731861197  4.528100E-17
7909.5623028391  3.253125E-17
7914.07728706623  4.962575E-17
7918.59227129336  5.461271E-17
7923.10725552049  6.294724E-17
7927.62223974762  5.688784E-17
7932.13722397475  5.180446E-17
7936.65220820188  5.782112E-17
7941.167192429  5.146452E-17
7945.68217665614  5.789522E-17
7950.19716088326  5.946071E-17
7954.71214511039  8.651227E-17
7959.22712933752  1.052445E-16
7963.74211356465  7.778350E-17
7968.25709779178  6.685026E-17
7972.77208201891  6.531229E-17
7977.28706624604  6.473833E-17
7981.80205047317  7.039965E-17
7986.3170347003  6.539903E-17
7990.83201892743  6.264793E-17
7995.34700315456  6.454322E-17
7999.86198738169  5.262853E-17
8004.37697160882  5.512821E-17
8008.89195583595  6.052184E-17
8013.40694006307  4.855633E-17
8017.9219242902  5.302129E-17
8022.43690851733  6.736315E-17
8026.95189274446  6.136096E-17
8031.46687697159  6.343616E-17
8035.98186119872  6.037941E-17
8040.49684542585  5.128588E-17
8045.01182965298  5.630370E-17
8049.52681388011  5.343273E-17
8054.04179810724  5.588705E-17
8058.55678233437  6.370125E-17
8063.0717665615  6.128990E-17
8067.58675078862  5.702132E-17
8072.10173501576  5.994831E-17
8076.61671924288  5.977593E-17
8081.13170347001  5.844187E-17
8085.64668769714  5.698450E-17
8090.16167192427  5.699106E-17
8094.6766561514  6.044135E-17
8099.19164037853  6.814141E-17
8103.70662460566  6.669491E-17
8108.22160883279  6.201073E-17
8112.73659305992  5.885063E-17
8117.25157728705  5.775476E-17
8121.76656151418  6.368984E-17
8126.28154574131  6.256106E-17
8130.79652996844  6.837470E-17
8135.31151419557  8.119332E-17
8139.8264984227  7.261629E-17
8144.34148264983  5.587512E-17
8148.85646687695  5.771849E-17
8153.37145110408  6.220994E-17
8157.88643533121  6.051859E-17
8162.40141955834  5.836432E-17
8166.91640378547  6.053880E-17
8171.4313880126  6.242278E-17
8175.94637223973  6.063867E-17
8180.46135646686  5.865457E-17
8184.97634069399  5.350282E-17
8189.49132492112  5.643442E-17
8194.00630914825  5.884293E-17
8198.52129337538  5.390634E-17
8203.0362776025  5.907089E-17
8207.55126182963  6.386736E-17
8212.06624605676  6.250275E-17
8216.58123028389  6.557503E-17
8221.09621451102  6.255994E-17
8225.61119873815  5.763738E-17
8230.12618296528  6.130769E-17
8234.64116719241  5.616285E-17
8239.15615141954  5.471680E-17
8243.67113564667  6.372704E-17
8248.1861198738  6.205005E-17
8252.70110410093  6.353513E-17
8257.21608832806  6.351620E-17
8261.73107255519  6.201823E-17
8266.24605678231  6.278065E-17
8270.76104100945  6.118468E-17
8275.27602523657  7.682578E-17
8279.7910094637  9.300101E-17
8284.30599369083  9.092868E-17
8288.82097791796  6.195229E-17
8293.33596214509  4.964585E-17
8297.85094637222  5.297010E-17
8302.36593059935  5.016852E-17
8306.88091482648  6.623280E-17
8311.39589905361  6.929179E-17
8315.91088328074  6.858361E-17
8320.42586750787  6.732456E-17
8324.940851735  6.211105E-17
8329.45583596213  4.837694E-17
8333.97082018925  2.100425E-17
8338.48580441638  -8.046084E-18
8343.00078864352  1.495472E-17
8347.51577287064  5.780810E-17
8352.03075709777  6.008113E-17
8356.5457413249  6.542966E-17
8361.06072555203  6.801933E-17
8365.57570977916  6.483489E-17
8370.09069400629  6.362192E-17
8374.60567823342  5.850375E-17
8379.12066246055  6.242436E-17
8383.63564668768  7.383349E-17
8388.15063091481  8.140572E-17
8392.66561514194  9.085380E-17
8397.18059936907  8.717952E-17
8401.6955835962  7.883965E-17
8406.21056782332  7.955836E-17
8410.72555205045  6.404410E-17
8415.24053627758  6.296720E-17
8419.75552050471  1.000899E-16
8424.27050473184  1.102444E-16
8428.78548895897  1.004238E-16
8433.3004731861  8.896777E-17
8437.81545741323  6.801623E-17
8442.33044164036  6.271804E-17
8446.84542586749  5.052062E-17
8451.36041009462  4.964916E-17
8455.87539432175  6.036014E-17
8460.39037854888  7.908551E-17
8464.90536277601  8.492179E-17
8469.42034700314  7.192001E-17
8473.93533123026  8.255994E-17
8478.45031545739  7.037635E-17
8482.96529968452  5.520920E-17
8487.48028391165  5.742418E-17
8491.99526813878  7.956435E-17
8496.51025236591  9.803183E-17
8501.02523659304  8.634615E-17
8505.54022082017  7.855125E-17
8510.0552050473  7.025851E-17
8514.57018927443  6.341263E-17
8519.08517350156  6.353782E-17
8523.60015772869  6.649973E-17
8528.11514195582  6.544462E-17
8532.63012618295  6.473332E-17
8537.14511041007  7.198454E-17
8541.6600946372  7.518361E-17
8546.17507886433  6.997779E-17
8550.69006309146  6.877305E-17
8555.20504731859  6.638801E-17
8559.72003154572  5.729737E-17
8564.23501577285  5.255634E-17
8568.74999999998  5.717400E-17
8573.26498422711  5.909718E-17
8577.77996845424  6.138245E-17
8582.29495268137  5.795530E-17
8586.8099369085  5.729302E-17
8591.32492113563  5.583030E-17
8595.83990536276  5.999676E-17
8600.35488958989  6.124519E-17
8604.86987381701  5.447227E-17
8609.38485804414  6.422114E-17
8613.89984227127  6.759915E-17
8618.4148264984  7.864082E-17
8622.92981072553  9.931977E-17
8627.44479495266  7.609536E-17
8631.95977917979  5.388554E-17
8636.47476340692  6.497735E-17
8640.98974763405  6.713726E-17
8645.50473186118  6.033407E-17
8650.01971608831  6.886084E-17
8654.53470031544  7.693126E-17
8659.04968454257  7.089208E-17
8663.5646687697  6.494931E-17
8668.07965299683  6.104295E-17
8672.59463722395  5.448641E-17
8677.10962145108  4.286148E-17
8681.62460567821  4.203550E-17
8686.13958990534  5.231021E-17
8690.65457413247  5.938471E-17
8695.1695583596  6.066983E-17
8699.68454258673  6.007686E-17
8704.19952681386  5.795750E-17
8708.71451104099  5.551271E-17
8713.22949526812  5.485182E-17
8717.74447949525  5.357492E-17
8722.25946372238  5.243109E-17
8726.77444794951  5.491353E-17
8731.28943217664  5.712033E-17
8735.80441640376  5.501640E-17
8740.3194006309  5.791191E-17
8744.83438485802  5.907228E-17
8749.34936908515  4.417926E-17
8753.86435331228  3.919285E-17
8758.37933753941  7.041777E-17
8762.89432176654  8.295117E-17
8767.40930599367  7.785840E-17
8771.9242902208  7.983573E-17
8776.43927444793  6.063240E-17
8780.95425867506  6.380170E-17
8785.46924290219  6.473846E-17
8789.98422712932  5.856055E-17
8794.49921135645  6.415181E-17
8799.01419558358  5.730106E-17
8803.52917981071  5.604778E-17
8808.04416403783  7.017330E-17
8812.55914826496  1.098571E-16
8817.07413249209  7.845598E-17
8821.58911671922  4.119105E-17
8826.10410094635  4.247677E-17
8830.61908517348  4.140709E-17
8835.13406940061  8.872451E-17
8839.64905362774  7.557991E-17
8844.16403785487  6.149056E-17
8848.679022082  6.878309E-17
8853.19400630913  5.132871E-17
8857.70899053626  4.799275E-17
8862.22397476339  4.042677E-17
8866.73895899051  4.240351E-17
8871.25394321764  5.828366E-17
8875.76892744477  7.528089E-17
8880.2839116719  9.585422E-17
8884.79889589903  7.877970E-17
8889.31388012616  6.543922E-17
8893.82886435329  6.185513E-17
8898.34384858042  4.646615E-17
8902.85883280755  4.327089E-17
8907.37381703468  2.097530E-17
8911.88880126181  3.153268E-17
8916.40378548894  6.243837E-17
8920.91876971607  8.087600E-17
8925.43375394319  9.317587E-17
8929.94873817033  7.185384E-17
8934.46372239745  8.383331E-17
8938.97870662459  6.469426E-17
8943.49369085171  8.716186E-18
8948.00867507884  -1.346975E-19
8952.52365930597  1.350527E-18
8957.0386435331  4.518142E-17
8961.55362776023  9.241350E-17
8966.06861198736  8.364472E-17
8970.58359621449  7.573093E-17
8975.09858044162  6.793427E-17
8979.61356466875  4.895058E-17
8984.12854889588  2.396915E-17
8988.64353312301  5.889401E-18
8993.15851735014  3.055441E-17
8997.67350157726  6.783031E-17
9002.18848580439  5.581784E-17
9006.70347003152  3.896190E-17
9011.21845425865  5.336536E-17
9015.73343848578  5.889265E-17
9020.24842271291  4.427013E-17
9024.76340694004  3.202136E-17
9029.27839116717  4.234596E-17
9033.7933753943  6.389519E-17
9038.30835962143  8.560403E-17
9042.82334384856  8.526109E-17
9047.33832807569  5.853153E-17
9051.85331230282  4.264838E-17
9056.36829652994  3.228902E-17
9060.88328075708  4.022543E-17
9065.3982649842  6.039738E-17
9069.91324921134  6.469177E-17
9074.42823343846  6.619539E-17
9078.94321766559  7.231323E-17
9083.45820189272  6.624985E-17
9087.97318611985  4.862366E-17
9092.48817034698  3.844764E-17
9097.00315457411  3.162525E-17
9101.51813880124  5.649172E-17
9106.03312302837  8.830782E-17
9110.5481072555  8.051932E-17
9115.06309148263  6.193624E-17
9119.57807570976  5.085941E-17
9124.09305993689  5.539253E-17
9128.60804416401  5.943379E-17
9133.12302839114  4.473457E-17
9137.63801261827  4.181011E-17
9142.1529968454  4.941789E-17
9146.66798107253  4.836447E-17
9151.18296529966  5.150749E-17
9155.69794952679  5.677704E-17
9160.21293375392  4.732526E-17
9164.72791798105  4.413577E-17
9169.24290220818  5.222045E-17
9173.75788643531  5.508703E-17
9178.27287066244  5.041068E-17
9182.78785488957  4.732928E-17
9187.3028391167  5.096647E-17
9191.81782334383  5.095595E-17
9196.33280757095  5.774971E-17
9200.84779179809  6.040097E-17
9205.36277602521  6.356178E-17
9209.87776025234  6.474913E-17
9214.39274447947  6.155253E-17
9218.9077287066  5.471298E-17
9223.42271293373  4.601894E-17
9227.93769716086  4.385174E-17
9232.45268138799  5.350657E-17
9236.96766561512  6.305925E-17
9241.48264984225  6.007363E-17
9245.99763406938  5.561849E-17
9250.51261829651  5.670138E-17
9255.02760252364  5.365091E-17
9259.54258675077  3.965168E-17
9264.05757097789  3.640274E-17
9268.57255520502  4.617946E-17
9273.08753943215  4.447439E-17
9277.60252365928  5.841391E-17
9282.11750788641  7.898719E-17
9286.63249211354  7.681711E-17
9291.14747634067  1.117998E-16
9295.6624605678  2.163384E-16
9300.17744479493  2.481674E-16
9304.69242902206  1.679942E-16
9309.20741324919  4.476451E-17
9313.72239747632  -3.051224E-17
9318.23738170345  2.752300E-17
9322.75236593058  7.908538E-17
9327.2673501577  1.493289E-16
9331.78233438484  1.829855E-16
9336.29731861196  1.116868E-16
9340.81230283909  4.351797E-17
9345.32728706622  1.027522E-17
9349.84227129335  -2.472931E-19
9354.35725552048  -2.529139E-17
9358.87223974761  -1.186997E-16
9363.38722397474  -2.190055E-16
9367.90220820187  -1.644829E-16
9372.417192429  6.768889E-17
9376.93217665613  2.298186E-16
9381.44716088326  2.963606E-16
9385.96214511039  2.897310E-16
9390.47712933752  1.816229E-16
9394.99211356464  6.616675E-17
9399.50709779177  1.238631E-17
9404.0220820189  9.674748E-19
9408.53706624603  -3.933176E-17
9413.05205047316  9.960996E-18
9417.56703470029  1.239223E-16
9422.08201892742  1.700188E-16
9426.59700315455  1.869225E-16
9431.11198738168  1.925281E-16
9435.62697160881  1.116513E-17
9440.14195583594  -1.375895E-16
9444.65694006307  -1.118526E-16
9449.1719242902  -8.554313E-17
9453.68690851733  -1.867492E-17
9458.20189274446  5.567496E-17
9462.71687697158  -3.126610E-17
9467.23186119871  -5.585869E-17
9471.74684542584  2.544960E-17
9476.26182965297  3.596952E-17
9480.7768138801  1.871700E-17
9485.29179810723  7.147001E-17
9489.80678233436  1.585613E-16
9494.32176656149  1.279101E-16
9498.83675078862  3.738688E-17
9503.35173501575  7.779570E-18
9507.86671924288  -3.376501E-17
9512.38170347001  1.467046E-17
9516.89668769714  1.030121E-16
9521.41167192427  1.415717E-16
9525.92665615139  1.390433E-16
9530.44164037853  9.994973E-17
9534.95662460565  9.082724E-17
9539.47160883278  1.066497E-16
9543.98659305991  9.421189E-17
9548.50157728704  3.390451E-17
9553.01656151417  -1.463828E-17
9557.5315457413  -1.652478E-17
9562.04652996843  6.127045E-17
9566.56151419556  1.324092E-16
9571.07649842269  1.528368E-16
9575.59148264982  1.636710E-16
9580.10646687695  1.105982E-16
9584.62145110408  6.479046E-17
9589.13643533121  6.837012E-17
9593.65141955833  7.672583E-17
9598.16640378546  5.451067E-17
9602.68138801259  3.540070E-17
9607.19637223972  3.442808E-17
9611.71135646685  3.425111E-17
9616.22634069398  4.975929E-17
9620.74132492111  6.503691E-17
9625.25630914824  6.246016E-17
9629.77129337537  5.880404E-17
9634.2862776025  5.344732E-17
9638.80126182963  6.435092E-17
9643.31624605676  6.431283E-17
9647.83123028389  5.233253E-17
9652.34621451102  6.190040E-17
9656.86119873815  5.940636E-17
9661.37618296527  5.361376E-17
9665.8911671924  5.406424E-17
9670.40615141953  3.547520E-17
9674.92113564666  5.955211E-17
9679.43611987379  5.819755E-17
9683.95110410092  4.423016E-17
9688.46608832805  6.303987E-17
9692.98107255518  5.915874E-17
9697.49605678231  2.869403E-17
9702.01104100944  4.341069E-17
9706.52602523657  5.039739E-17
9711.0410094637  5.405403E-17
9715.55599369082  1.206252E-16
9720.07097791796  1.421331E-16
9724.58596214508  1.159276E-16
9729.10094637222  8.141128E-17
9733.61593059934  3.863097E-17
9738.13091482647  9.058684E-18
9742.6458990536  -1.496661E-17
9747.16088328073  6.247919E-18
9751.67586750786  2.486576E-17
9756.19085173499  3.389523E-17
9760.70583596212  5.051587E-17
9765.22082018925  5.141840E-17
9769.73580441638  4.335808E-17
9774.25078864351  3.089509E-17
9778.76577287064  2.040986E-17
9783.28075709777  3.309642E-18
9787.7957413249  -4.261988E-19
9792.31072555202  7.882544E-18
9796.82570977915  4.118476E-17
9801.34069400628  -4.201204E-18
9805.85567823341  -2.416644E-17
9810.37066246054  2.516825E-17
9814.88564668767  1.974370E-17
9819.4006309148  4.160048E-17
9823.91561514193  6.839631E-17
9828.43059936906  5.500166E-17
9832.94558359619  6.541536E-17
9837.46056782332  5.722327E-17
9841.97555205045  7.363187E-17
9846.49053627757  9.571135E-17
9851.00552050471  7.275120E-17
9855.52050473183  7.870921E-17
9860.03548895897  1.090962E-16
9864.55047318609  8.425541E-17
9869.06545741322  1.104518E-17
9873.58044164035  -1.425135E-17
9878.09542586748  8.251563E-18
9882.61041009461  3.220660E-18
9887.12539432174  3.546191E-17
9891.64037854887  3.668178E-17
9896.155362776  2.631129E-18
9900.67034700313  4.375445E-17
9905.18533123026  5.160421E-17
9909.70031545739  7.346550E-17
9914.21529968452  9.363761E-17
9918.73028391165  7.663208E-17
9923.24526813878  2.950894E-17
9927.7602523659  -1.138470E-17
9932.27523659303  -1.016063E-17
9936.79022082016  -1.070336E-17
9941.30520504729  1.904453E-17
9945.82018927442  2.469934E-17
9950.33517350155  3.233666E-17
9954.85015772868  6.436355E-17
9959.36514195581  5.927002E-17
9963.88012618294  4.129022E-17
9968.39511041007  3.951526E-17
9972.9100946372  4.494314E-17
9977.42507886433  2.439807E-17
9981.94006309146  4.309081E-17
9986.45504731858  4.799666E-17
9990.97003154572  2.957249E-17
9995.48501577284  6.392915E-18
9999.99999999997  5.588838E-18
