3861.1330494282  6.297746E-17
3864.19970096196  5.376196E-17
3867.26635249572  5.667316E-17
3870.33300402948  3.054961E-17
3873.39965556323  4.364976E-17
3876.46630709699  5.870167E-17
3879.53295863075  7.509967E-17
3882.59961016451  6.633124E-17
3885.66626169826  8.009951E-17
3888.73291323202  8.385022E-17
3891.79956476578  4.120554E-17
3894.86621629954  4.151889E-17
3897.93286783329  4.687952E-17
3900.99951936705  4.171897E-17
3904.06617090081  3.234889E-17
3907.13282243457  -5.078307E-17
3910.19947396832  9.014747E-17
3913.26612550208  2.936499E-17
3916.33277703584  9.652089E-17
3919.3994285696  9.887107E-17
3922.46608010335  3.824441E-17
3925.53273163711  8.218540E-17
3928.59938317087  2.340659E-17
3931.66603470462  3.973896E-17
3934.73268623838  3.267055E-17
3937.79933777214  3.542767E-17
3940.8659893059  4.897241E-17
3943.93264083965  6.943292E-17
3946.99929237341  2.301537E-17
3950.06594390717  -3.127759E-17
3953.13259544093  2.032365E-17
3956.19924697468  -2.525838E-18
3959.26589850844  -4.768090E-17
3962.3325500422  2.674803E-17
3965.39920157596  6.015652E-17
3968.46585310971  8.160994E-17
3971.53250464347  7.450491E-17
3974.59915617723  6.635154E-17
3977.66580771099  9.184884E-17
3980.73245924474  9.313356E-17
3983.7991107785  4.948871E-17
3986.86576231226  2.440663E-17
3989.93241384602  7.343702E-17
3992.99906537977  8.842424E-17
3996.06571691353  7.355698E-17
3999.13236844729  4.300268E-17
4002.19901998104  7.661786E-17
4005.2656715148  6.779624E-18
4008.33232304856  4.072666E-17
4011.39897458232  8.441688E-17
4014.46562611607  1.975499E-16
4017.53227764983  2.294383E-16
4020.59892918359  1.855329E-16
4023.66558071735  2.182937E-16
4026.7322322511  1.471801E-16
4029.79888378486  1.543561E-16
4032.86553531862  1.495056E-16
4035.93218685238  1.262092E-16
4038.99883838613  1.572536E-16
4042.06548991989  8.833939E-17
4045.13214145365  2.863520E-17
4048.19879298741  8.347810E-17
4051.26544452116  8.836992E-17
4054.33209605492  9.192423E-18
4057.39874758868  1.564949E-17
4060.46539912244  5.223971E-17
4063.53205065619  5.042485E-17
4066.59870218995  -8.247585E-18
4069.66535372371  -5.354944E-17
4072.73200525747  -1.933987E-17
4075.79865679122  2.756744E-17
4078.86530832498  -1.572529E-17
4081.93195985874  2.085681E-19
4084.99861139249  3.646840E-17
4088.06526292625  8.007544E-17
4091.13191446001  5.076110E-17
4094.19856599377  8.255025E-17
4097.26521752752  9.933257E-17
4100.33186906128  3.756913E-17
4103.39852059504  3.243283E-17
4106.4651721288  7.717153E-17
4109.53182366255  3.317943E-17
4112.59847519631  8.943485E-17
4115.66512673007  1.103553E-16
4118.73177826383  7.163413E-17
4121.79842979758  1.588544E-17
4124.86508133134  7.518816E-17
4127.9317328651  2.447569E-17
4130.99838439886  -3.577177E-17
4134.06503593261  5.850819E-17
4137.13168746637  9.086394E-17
4140.19833900013  7.094725E-17
4143.26499053388  1.212317E-16
4146.33164206764  9.799696E-17
4149.3982936014  9.475019E-17
4152.46494513516  2.821450E-17
4155.53159666892  3.127406E-17
4158.59824820267  8.098491E-17
4161.66489973643  1.764808E-17
4164.73155127019  4.874535E-17
4167.79820280394  8.050246E-17
4170.8648543377  -2.913252E-17
4173.93150587146  6.552329E-17
4176.99815740522  7.233521E-17
4180.06480893897  9.023449E-17
4183.13146047273  1.194096E-16
4186.19811200649  4.210758E-17
4189.26476354025  8.876009E-17
4192.331415074  3.992287E-17
4195.39806660776  2.911784E-17
4198.46471814152  6.604763E-17
4201.53136967528  6.205385E-17
4204.59802120903  1.085761E-16
4207.66467274279  7.457884E-17
4210.73132427655  3.521474E-17
4213.79797581031  6.081891E-17
4216.86462734406  1.866455E-17
4219.93127887782  4.957408E-17
4222.99793041158  8.220378E-17
4226.06458194534  1.346219E-16
4229.13123347909  1.219283E-16
4232.19788501285  6.752775E-17
4235.26453654661  8.812921E-17
4238.33118808036  7.226195E-17
4241.39783961412  1.202916E-16
4244.46449114788  7.707634E-17
4247.53114268164  1.098053E-16
4250.59779421539  1.383488E-16
4253.66444574915  5.879246E-17
4256.73109728291  3.584628E-17
4259.79774881667  9.944917E-17
4262.86440035042  5.763183E-17
4265.93105188418  4.856580E-17
4268.99770341794  3.389968E-17
4272.0643549517  1.001092E-16
4275.13100648545  6.544261E-17
4278.19765801921  7.565830E-17
4281.26430955297  7.279499E-18
4284.33096108672  -2.230030E-18
4287.39761262048  5.751288E-17
4290.46426415424  8.305340E-17
4293.530915688  3.443125E-17
4296.59756722175  3.453322E-17
4299.66421875551  -6.855787E-18
4302.73087028927  3.167491E-17
4305.79752182303  6.915428E-17
4308.86417335679  1.617502E-17
4311.93082489054  6.032587E-17
4314.9974764243  6.446560E-17
4318.06412795806  3.128827E-17
4321.13077949182  7.055896E-17
4324.19743102557  6.023342E-17
4327.26408255933  3.850258E-17
4330.33073409309  4.425658E-18
4333.39738562684  3.135341E-17
4336.4640371606  4.456399E-17
4339.53068869436  3.573326E-17
4342.59734022812  1.383449E-17
4345.66399176187  4.981976E-17
4348.73064329563  5.042472E-17
4351.79729482939  5.077721E-17
4354.86394636315  1.077239E-16
4357.9305978969  4.529981E-17
4360.99724943066  2.599710E-17
4364.06390096442  5.748744E-17
4367.13055249818  7.393830E-17
4370.19720403193  4.399812E-17
4373.26385556569  3.374233E-17
4376.33050709945  6.404911E-17
4379.39715863321  5.626665E-17
4382.46381016696  6.447746E-17
4385.53046170072  5.962709E-17
4388.59711323448  2.991608E-17
4391.66376476824  2.368375E-17
4394.73041630199  7.484551E-17
4397.79706783575  1.265025E-16
4400.86371936951  4.447986E-17
4403.93037090326  4.002771E-17
4406.99702243702  7.707555E-17
4410.06367397078  9.714923E-17
4413.13032550454  1.262641E-16
4416.19697703829  1.051713E-16
4419.26362857205  7.851236E-17
4422.33028010581  6.544153E-17
4425.39693163957  6.848592E-17
4428.46358317332  1.039894E-16
4431.53023470708  9.073038E-17
4434.59688624084  1.006918E-16
4437.6635377746  1.013299E-16
4440.73018930835  7.092847E-17
4443.79684084211  2.247452E-17
4446.86349237587  3.149411E-17
4449.93014390963  3.378617E-17
4452.99679544338  6.318700E-18
4456.06344697714  7.690198E-17
4459.1300985109  7.211393E-17
4462.19675004466  6.176662E-17
4465.26340157841  6.724455E-17
4468.33005311217  4.138619E-17
4471.39670464593  3.616146E-17
4474.46335617969  5.319758E-17
4477.53000771344  7.429504E-17
4480.5966592472  4.188383E-17
4483.66331078096  4.091839E-17
4486.72996231471  5.144598E-17
4489.79661384847  4.684708E-17
4492.86326538223  5.742562E-17
4495.92991691599  1.056642E-17
4498.99656844974  1.404739E-17
4502.0632199835  6.206805E-17
4505.12987151726  2.337117E-17
4508.19652305102  4.530900E-17
4511.26317458477  7.082014E-17
4514.32982611853  6.816142E-17
4517.39647765229  8.988438E-17
4520.46312918605  5.557068E-17
4523.5297807198  3.330258E-17
4526.59643225356  4.127177E-17
4529.66308378732  5.757499E-17
4532.72973532108  2.032343E-18
4535.79638685483  5.361515E-17
4538.86303838859  1.002456E-16
4541.92968992235  6.664458E-17
4544.99634145611  7.231538E-17
4548.06299298986  4.898080E-17
4551.12964452362  1.003885E-17
4554.19629605738  7.991219E-17
4557.26294759113  8.049693E-17
4560.32959912489  4.058726E-17
4563.39625065865  2.585880E-17
4566.46290219241  4.762135E-17
4569.52955372616  7.283262E-17
4572.59620525992  5.987581E-17
4575.66285679368  4.659221E-17
4578.72950832744  5.530320E-17
4581.79615986119  6.515280E-17
4584.86281139495  7.777202E-17
4587.92946292871  6.948931E-17
4590.99611446247  8.254489E-17
4594.06276599622  9.642607E-17
4597.12941752998  7.679356E-17
4600.19606906374  6.156840E-17
4603.2627205975  5.718934E-17
4606.32937213125  4.808365E-17
4609.39602366501  6.643964E-17
4612.46267519877  6.467466E-17
4615.52932673252  5.417361E-17
4618.59597826628  4.849195E-17
4621.66262980004  2.572147E-17
4624.7292813338  4.455978E-17
4627.79593286755  5.321963E-17
4630.86258440131  5.472412E-17
4633.92923593507  6.281236E-17
4636.99588746883  5.345591E-17
4640.06253900259  7.126117E-17
4643.12919053634  5.946412E-17
4646.1958420701  8.510075E-17
4649.26249360386  9.091487E-17
4652.32914513762  6.390762E-17
4655.39579667137  5.141337E-17
4658.46244820513  5.570216E-17
4661.52909973889  4.478114E-17
4664.59575127264  3.967677E-17
4667.6624028064  7.554952E-17
4670.72905434016  4.860533E-17
4673.79570587392  6.772393E-17
4676.86235740767  5.367960E-17
4679.92900894143  5.753094E-17
4682.99566047519  5.201024E-17
4686.06231200895  6.668825E-17
4689.1289635427  7.212220E-17
4692.19561507646  5.513206E-17
4695.26226661022  6.515896E-17
4698.32891814398  5.302264E-17
4701.39556967773  5.587284E-17
4704.46222121149  7.041904E-17
4707.52887274525  8.083422E-17
4710.59552427901  1.203692E-16
4713.66217581276  4.414266E-17
4716.72882734652  6.131276E-17
4719.79547888028  8.852145E-17
4722.86213041403  1.013425E-16
4725.92878194779  8.435614E-17
4728.99543348155  3.080073E-17
4732.06208501531  3.933867E-17
4735.12873654906  1.817360E-17
4738.19538808282  9.161238E-17
4741.26203961658  7.215637E-17
4744.32869115034  5.207603E-17
4747.39534268409  6.809920E-17
4750.46199421785  5.796135E-17
4753.52864575161  4.249237E-17
4756.59529728537  4.370694E-17
4759.66194881912  5.824471E-17
4762.72860035288  2.358482E-17
4765.79525188664  5.022001E-17
4768.8619034204  7.224776E-17
4771.92855495415  7.896535E-17
4774.99520648791  6.541430E-17
4778.06185802167  6.377997E-17
4781.12850955542  3.259661E-17
4784.19516108918  2.969154E-17
4787.26181262294  7.384949E-17
4790.3284641567  4.036726E-17
4793.39511569046  4.278447E-17
4796.46176722421  3.852298E-17
4799.52841875797  2.892816E-17
4802.59507029173  1.036603E-17
4805.66172182549  2.545236E-17
4808.72837335924  2.362664E-17
4811.795024893  5.398647E-17
4814.86167642676  8.219510E-17
4817.92832796051  9.350784E-17
4820.99497949427  3.556254E-17
4824.06163102803  3.324082E-17
4827.12828256179  6.943550E-17
4830.19493409554  6.345645E-17
4833.2615856293  8.248345E-17
4836.32823716306  4.224234E-17
4839.39488869682  4.684670E-17
4842.46154023057  2.405712E-19
4845.52819176433  3.372441E-17
4848.59484329809  4.086718E-17
4851.66149483185  9.794030E-18
4854.7281463656  4.904961E-17
4857.79479789936  3.616188E-17
4860.86144943312  4.008174E-17
4863.92810096688  4.292339E-17
4866.99475250063  3.271844E-17
4870.06140403439  3.400407E-17
4873.12805556815  2.837409E-17
4876.19470710191  1.518499E-17
4879.26135863566  1.110444E-17
4882.32801016942  4.355725E-17
4885.39466170318  7.729775E-17
4888.46131323693  4.916405E-17
4891.52796477069  3.798433E-17
4894.59461630445  8.524722E-17
4897.66126783821  4.705091E-17
4900.72791937196  6.213087E-17
4903.79457090572  6.157691E-17
4906.86122243948  3.985990E-17
4909.92787397324  6.558285E-18
4912.99452550699  6.193699E-17
4916.06117704075  8.283429E-17
4919.12782857451  3.271445E-17
4922.19448010827  2.557126E-17
4925.26113164202  8.274143E-17
4928.32778317578  9.497004E-17
4931.39443470954  6.333910E-17
4934.4610862433  7.261280E-17
4937.52773777705  6.214574E-17
4940.59438931081  4.433122E-17
4943.66104084457  7.332862E-17
4946.72769237832  7.682245E-17
4949.79434391208  6.890722E-18
4952.86099544584  4.224948E-17
4955.9276469796  5.795811E-17
4958.99429851336  2.375176E-17
4962.06095004711  4.192088E-17
4965.12760158087  3.893523E-17
4968.19425311463  4.067999E-17
4971.26090464838  3.099611E-17
4974.32755618214  2.353682E-17
4977.3942077159  3.611279E-17
4980.46085924966  5.378389E-17
4983.52751078341  -7.578268E-18
4986.59416231717  1.998174E-17
4989.66081385093  5.015028E-17
4992.72746538469  7.158504E-17
4995.79411691844  7.701192E-17
4998.8607684522  6.011641E-17
5001.92741998596  6.585184E-17
5004.99407151972  5.664766E-17
5008.06072305347  7.236384E-17
5011.12737458723  6.157007E-17
5014.19402612099  1.932638E-17
5017.26067765475  4.133147E-17
5020.3273291885  3.354473E-17
5023.39398072226  1.199778E-17
5026.46063225602  1.700482E-17
5029.52728378978  3.743740E-17
5032.59393532353  2.898051E-17
5035.66058685729  2.545679E-17
5038.72723839105  4.576488E-17
5041.79388992481  2.598175E-17
5044.86054145856  7.015073E-17
5047.92719299232  5.840597E-17
5050.99384452608  3.486718E-17
5054.06049605984  3.744924E-17
5057.12714759359  3.346616E-17
5060.19379912735  2.359378E-17
5063.26045066111  3.174624E-17
5066.32710219486  7.851626E-17
5069.39375372862  8.373733E-17
5072.46040526238  9.976240E-17
5075.52705679614  6.060967E-17
5078.59370832989  -5.501359E-18
5081.66035986365  3.037294E-17
5084.72701139741  4.001218E-17
5087.79366293117  5.548864E-17
5090.86031446492  1.864874E-17
5093.92696599868  2.470476E-17
5096.99361753244  4.502269E-17
5100.0602690662  3.166598E-17
5103.12692059995  5.291270E-17
5106.19357213371  3.827272E-17
5109.26022366747  5.803227E-18
5112.32687520123  5.857065E-17
5115.39352673498  2.257943E-17
5118.46017826874  7.572460E-18
5121.5268298025  5.652138E-17
5124.59348133626  5.986837E-17
5127.66013287001  7.071907E-17
5130.72678440377  7.116936E-17
5133.79343593753  7.092659E-17
5136.86008747129  8.300796E-17
5139.92673900504  4.760548E-17
5142.9933905388  1.710575E-17
5146.06004207256  1.158035E-17
5149.12669360631  5.191753E-17
5152.19334514007  7.155758E-17
5155.25999667383  3.879354E-17
5158.32664820759  1.076315E-17
5161.39329974134  5.933451E-17
5164.4599512751  3.803252E-17
5167.52660280886  2.876891E-17
5170.59325434262  3.784262E-17
5173.65990587637  1.214148E-17
5176.72655741013  2.892198E-17
5179.79320894389  2.562034E-17
5182.85986047764  2.217970E-17
5185.9265120114  1.087646E-17
5188.99316354516  4.327765E-17
5192.05981507892  7.010055E-17
5195.12646661268  8.264999E-17
5198.19311814643  7.295959E-17
5201.25976968019  6.968189E-17
5204.32642121395  8.178856E-17
5207.3930727477  5.637272E-17
5210.45972428146  5.323587E-17
5213.52637581522  2.381149E-18
5216.59302734898  4.055144E-17
5219.65967888273  5.326786E-17
5222.72633041649  5.671529E-17
5225.79298195025  1.589810E-17
5228.85963348401  3.586612E-17
5231.92628501777  4.360077E-17
5234.99293655152  6.467952E-17
5238.05958808528  8.221917E-17
5241.12623961904  6.937991E-17
5244.1928911528  5.195757E-17
5247.25954268655  4.957342E-17
5250.32619422031  3.388080E-17
5253.39284575407  3.907580E-17
5256.45949728782  5.954536E-17
5259.52614882158  6.747349E-17
5262.59280035534  4.810940E-17
5265.65945188909  3.343855E-17
5268.72610342285  6.364427E-17
5271.79275495661  6.776817E-17
5274.85940649037  4.195442E-17
5277.92605802413  4.932798E-17
5280.99270955788  4.709875E-17
5284.05936109164  5.983572E-17
5287.1260126254  4.326099E-17
5290.19266415915  2.254413E-17
5293.25931569291  1.257117E-17
5296.32596722667  2.053266E-17
5299.39261876043  3.427981E-17
5302.45927029418  5.830020E-17
5305.52592182794  3.985702E-17
5308.5925733617  5.348444E-17
5311.65922489546  6.877530E-17
5314.72587642921  5.722938E-17
5317.79252796297  6.092996E-17
5320.85917949673  6.122260E-17
5323.92583103049  6.008369E-17
5326.99248256424  5.306353E-17
5330.059134098  4.221296E-17
5333.12578563176  4.476926E-17
5336.19243716552  2.386446E-17
5339.25908869927  5.003846E-17
5342.32574023303  8.175956E-17
5345.39239176679  9.994007E-17
5348.45904330055  8.398309E-17
5351.5256948343  2.326507E-17
5354.59234636806  2.700001E-17
5357.65899790182  4.806405E-17
5360.72564943558  4.135531E-17
5363.79230096933  3.196371E-17
5366.85895250309  4.475694E-17
5369.92560403685  3.496088E-17
5372.9922555706  6.995526E-17
5376.05890710436  6.875801E-17
5379.12555863812  4.561883E-17
5382.19221017188  2.511220E-17
5385.25886170563  6.414703E-18
5388.32551323939  3.422105E-17
5391.39216477315  5.727113E-17
5394.45881630691  6.137219E-17
5397.52546784066  4.797272E-17
5400.59211937442  6.854363E-17
5403.65877090818  5.236295E-17
5406.72542244194  1.624922E-17
5409.79207397569  1.049344E-17
5412.85872550945  3.608552E-17
5415.92537704321  4.867131E-17
5418.99202857697  6.881121E-17
5422.05868011072  3.785016E-17
5425.12533164448  4.155693E-17
5428.19198317824  6.850191E-17
5431.258634712  5.022310E-17
5434.32528624575  7.689715E-17
5437.39193777951  8.043294E-17
5440.45858931327  7.861237E-17
5443.52524084703  5.902640E-17
5446.59189238078  3.431174E-17
5449.65854391454  -3.676461E-18
5452.7251954483  1.602319E-17
5455.79184698206  6.039306E-17
5458.85849851581  5.935334E-17
5461.92515004957  6.297628E-17
5464.99180158333  4.949691E-17
5468.05845311709  4.954794E-17
5471.12510465084  4.042919E-17
5474.1917561846  4.882762E-17
5477.25840771836  5.653828E-17
5480.32505925211  4.511210E-17
5483.39171078587  6.876192E-17
5486.45836231963  5.015795E-17
5489.52501385339  4.776767E-17
5492.59166538714  1.917175E-17
5495.6583169209  4.220901E-17
5498.72496845466  7.397591E-17
5501.79161998842  1.357336E-17
5504.85827152217  2.312958E-17
5507.92492305593  1.727339E-17
5510.99157458969  2.960221E-17
5514.05822612345  3.576909E-17
5517.1248776572  3.622558E-17
5520.19152919096  2.132934E-17
5523.25818072472  3.235853E-17
5526.32483225848  3.407992E-17
5529.39148379223  2.277571E-17
5532.45813532599  5.033515E-18
5535.52478685975  4.787112E-17
5538.59143839351  5.869070E-17
5541.65808992726  2.857437E-17
5544.72474146102  3.283057E-17
5547.79139299478  5.579614E-17
5550.85804452853  8.166901E-17
5553.92469606229  5.271839E-17
5556.99134759605  2.441074E-17
5560.05799912981  3.796608E-17
5563.12465066356  5.168664E-17
5566.19130219732  3.895525E-17
5569.25795373108  1.077927E-17
5572.32460526484  2.341014E-17
5575.39125679859  4.386002E-17
5578.45790833235  1.611537E-17
5581.52455986611  1.850876E-17
5584.59121139987  4.446725E-17
5587.65786293362  3.047705E-17
5590.72451446738  3.540076E-17
5593.79116600114  3.790768E-17
5596.8578175349  4.925075E-17
5599.92446906865  4.267967E-17
5602.99112060241  9.846324E-18
5606.05777213617  7.870636E-18
5609.12442366992  6.164359E-17
5612.19107520368  7.466344E-17
5615.25772673744  6.344735E-17
5618.3243782712  4.139175E-17
5621.39102980495  3.187069E-17
5624.45768133871  2.211132E-17
5627.52433287247  5.664837E-17
5630.59098440623  8.388490E-17
5633.65763593998  4.441810E-17
5636.72428747374  3.947944E-17
5639.7909390075  4.229607E-17
5642.85759054126  4.734120E-17
5645.92424207501  6.470064E-17
5648.99089360877  3.004461E-17
5652.05754514253  1.658431E-17
5655.12419667629  3.171177E-17
5658.19084821004  2.374323E-17
5661.2574997438  4.136611E-17
5664.32415127756  3.497676E-17
5667.39080281132  2.245382E-17
5670.45745434507  2.739967E-17
5673.52410587883  3.527303E-17
5676.59075741259  3.983956E-17
5679.65740894635  -8.486207E-18
5682.7240604801  9.069101E-18
5685.79071201386  6.543948E-17
5688.85736354762  3.850289E-17
5691.92401508137  1.498024E-17
5694.99066661513  2.416442E-17
5698.05731814889  5.640171E-17
5701.12396968265  6.218669E-17
5704.1906212164  6.611049E-17
5707.25727275016  6.092437E-17
5710.32392428392  4.756844E-17
5713.39057581768  2.132248E-17
5716.45722735143  2.285097E-17
5719.52387888519  4.662719E-17
5722.59053041895  3.338740E-17
5725.65718195271  2.950570E-17
5728.72383348646  5.920082E-18
5731.79048502022  2.557475E-17
5734.85713655398  5.915373E-17
5737.92378808774  2.028727E-17
5740.99043962149  1.530754E-17
5744.05709115525  1.832367E-17
5747.12374268901  4.229158E-17
5750.19039422277  5.901343E-17
5753.25704575652  4.651283E-17
5756.32369729028  4.826818E-17
5759.39034882404  1.461390E-17
5762.4570003578  -4.473445E-18
5765.52365189155  2.782373E-17
5768.59030342531  3.531236E-17
5771.65695495907  1.831065E-17
5774.72360649283  4.526356E-17
5777.79025802658  1.732123E-17
5780.85690956034  1.086254E-17
5783.9235610941  3.145598E-17
5786.99021262785  7.705158E-17
5790.05686416161  5.879826E-18
5793.12351569537  -1.484796E-18
5796.19016722913  1.501354E-17
5799.25681876288  3.904768E-17
5802.32347029664  3.731775E-17
5805.3901218304  6.743755E-20
5808.45677336416  -5.198819E-18
5811.52342489791  3.538297E-17
5814.59007643167  4.151316E-17
5817.65672796543  2.902108E-17
5820.72337949919  2.771309E-17
5823.79003103294  9.348537E-18
5826.8566825667  -3.367998E-18
5829.92333410046  1.560960E-17
5832.98998563422  2.353351E-17
5836.05663716797  2.075795E-17
5839.12328870173  3.088502E-17
5842.18994023549  3.262073E-17
5845.25659176924  3.274336E-17
5848.323243303  2.954764E-17
5851.38989483676  2.979646E-17
5854.45654637052  1.683478E-17
5857.52319790428  2.466044E-17
5860.58984943803  2.210435E-17
5863.65650097179  1.725318E-17
5866.72315250555  1.799396E-17
5869.7898040393  2.933302E-17
5872.85645557306  4.616387E-17
5875.92310710682  1.719949E-17
5878.98975864058  4.737216E-17
5882.05641017433  5.423494E-17
5885.12306170809  6.278451E-18
5888.18971324185  4.661498E-18
5891.25636477561  2.880654E-17
5894.32301630936  5.232807E-17
5897.38966784312  4.288808E-17
5900.45631937688  2.476319E-17
5903.52297091064  3.834354E-17
5906.58962244439  6.426492E-18
5909.65627397815  5.206323E-17
5912.72292551191  6.969861E-17
5915.78957704567  2.924885E-17
5918.85622857942  4.064020E-17
5921.92288011318  3.579275E-17
5924.98953164694  2.917983E-17
5928.0561831807  2.646399E-17
5931.12283471445  2.893659E-18
5934.18948624821  4.447059E-18
5937.25613778197  5.100979E-17
5940.32278931572  1.012470E-17
5943.38944084948  -3.253989E-17
5946.45609238324  1.936204E-17
5949.522743917  3.417988E-17
5952.58939545075  -4.476860E-19
5955.65604698451  4.618636E-17
5958.72269851827  5.880008E-17
5961.78935005203  -5.865875E-19
5964.85600158578  2.534030E-18
5967.92265311954  5.926078E-18
5970.9893046533  3.853825E-17
5974.05595618706  4.872921E-17
5977.12260772081  1.475890E-17
5980.18925925457  4.186987E-17
5983.25591078833  5.272939E-17
5986.32256232209  -1.786633E-17
5989.38921385584  -2.713874E-19
5992.4558653896  5.882218E-17
5995.52251692336  3.450351E-17
5998.58916845711  4.308060E-17
6001.65581999087  5.354451E-17
6004.72247152463  1.414810E-17
6007.78912305839  3.428726E-17
6010.85577459214  7.189952E-17
6013.9224261259  4.344636E-17
6016.98907765966  -1.176620E-17
6020.05572919342  2.463124E-17
6023.12238072718  4.846935E-17
6026.18903226093  3.363476E-17
6029.25568379469  4.133150E-17
6032.32233532845  2.784638E-17
6035.3889868622  3.467941E-17
6038.45563839596  3.790150E-17
6041.52228992972  1.432523E-17
6044.58894146348  3.986357E-17
6047.65559299723  2.446081E-17
6050.72224453099  4.614798E-18
6053.78889606475  1.489741E-17
6056.8555475985  3.807569E-17
6059.92219913226  4.441643E-17
6062.98885066602  1.259168E-17
6066.05550219978  5.025348E-17
6069.12215373354  6.723350E-17
6072.18880526729  1.954788E-17
6075.25545680105  -2.978828E-17
6078.32210833481  2.538505E-17
6081.38875986857  4.772560E-17
6084.45541140232  5.189624E-17
6087.52206293608  6.601723E-17
6090.58871446984  3.843156E-17
6093.65536600359  5.250553E-17
6096.72201753735  5.932784E-17
6099.78866907111  3.460148E-17
6102.85532060487  1.784035E-17
6105.92197213862  1.785409E-17
6108.98862367238  3.001101E-17
6112.05527520614  5.152883E-17
6115.1219267399  5.314715E-17
6118.18857827365  3.367428E-17
6121.25522980741  4.171349E-17
6124.32188134117  2.969287E-17
6127.38853287493  4.063658E-18
6130.45518440868  9.588944E-18
6133.52183594244  2.827318E-17
6136.5884874762  3.715524E-17
6139.65513900996  3.803519E-17
6142.72179054371  2.144898E-17
6145.78844207747  1.473375E-18
6148.85509361123  1.031508E-17
6151.92174514499  1.254190E-17
6154.98839667874  2.025099E-17
6158.0550482125  7.596813E-17
6161.12169974626  6.184630E-17
6164.18835128001  4.803301E-17
6167.25500281377  6.254317E-17
6170.32165434753  6.476311E-17
6173.38830588129  2.112518E-17
6176.45495741505  4.135027E-17
6179.5216089488  2.509794E-17
6182.58826048256  3.442731E-17
6185.65491201632  3.959702E-17
6188.72156355007  2.276487E-17
6191.78821508383  1.917830E-17
6194.85486661759  3.700499E-17
6197.92151815135  1.410236E-17
6200.98816968511  1.422531E-18
6204.05482121886  7.633147E-18
6207.12147275262  2.962109E-17
6210.18812428638  1.499962E-17
6213.25477582013  4.391159E-17
6216.32142735389  2.953587E-17
6219.38807888765  1.914921E-17
6222.45473042141  1.580441E-17
6225.52138195516  5.085707E-17
6228.58803348892  3.689612E-17
6231.65468502268  4.915815E-17
6234.72133655644  3.286347E-17
6237.78798809019  3.272160E-17
6240.85463962395  2.784300E-17
6243.92129115771  3.008058E-17
6246.98794269146  2.315894E-17
6250.05459422522  3.340364E-17
6253.12124575898  3.446051E-17
6256.18789729274  3.472710E-17
6259.2545488265  5.536346E-17
6262.32120036025  4.012391E-17
6265.38785189401  4.692406E-17
6268.45450342777  3.291285E-17
6271.52115496152  2.419466E-17
6274.58780649528  1.920613E-17
6277.65445802904  1.010577E-17
6280.7211095628  3.865406E-17
6283.78776109655  2.550394E-17
6286.85441263031  3.135578E-17
6289.92106416407  2.865036E-17
6292.98771569782  8.726691E-18
6296.05436723158  2.670312E-17
6299.12101876534  2.022212E-17
6302.1876702991  2.239048E-17
6305.25432183286  1.738126E-17
6308.32097336661  1.310920E-17
6311.38762490037  1.193176E-17
6314.45427643413  6.357747E-19
6317.52092796789  7.658037E-18
6320.58757950164  -2.403366E-18
6323.6542310354  1.228002E-17
6326.72088256916  2.723152E-17
6329.78753410291  2.683127E-17
6332.85418563667  2.819307E-17
6335.92083717043  4.831263E-18
6338.98748870419  1.868543E-17
6342.05414023794  2.307149E-17
6345.1207917717  3.638460E-17
6348.18744330546  3.841671E-17
6351.25409483922  2.942890E-17
6354.32074637297  1.109981E-17
6357.38739790673  2.971480E-17
6360.45404944049  2.747777E-17
6363.52070097425  3.989123E-17
6366.587352508  4.891990E-17
6369.65400404176  2.106162E-17
6372.72065557552  2.799189E-17
6375.78730710928  3.048163E-17
6378.85395864303  1.848054E-17
6381.92061017679  1.722294E-17
6384.98726171055  2.131563E-17
6388.05391324431  2.932903E-17
6391.12056477806  3.188971E-17
6394.18721631182  2.315907E-17
6397.25386784558  2.643650E-17
6400.32051937934  3.970407E-17
6403.38717091309  1.895459E-17
6406.45382244685  4.432437E-17
6409.52047398061  2.038497E-17
6412.58712551437  1.998077E-17
6415.65377704812  2.169634E-17
6418.72042858188  5.485700E-17
6421.78708011564  2.995124E-17
6424.85373164939  1.835730E-17
6427.92038318315  2.592787E-17
6430.98703471691  4.459827E-17
6434.05368625067  4.172261E-17
6437.12033778442  2.997491E-17
6440.18698931818  4.737620E-17
6443.25364085194  2.033493E-17
6446.3202923857  1.561090E-17
6449.38694391945  3.168814E-17
6452.45359545321  2.418700E-17
6455.52024698697  1.782094E-17
6458.58689852073  2.659100E-17
6461.65355005448  9.886570E-18
6464.72020158824  1.841059E-17
6467.786853122  2.245770E-17
6470.85350465576  -4.418136E-18
6473.92015618951  1.598994E-17
6476.98680772327  3.858790E-17
6480.05345925703  9.983720E-18
6483.12011079078  5.365574E-18
6486.18676232454  3.211395E-17
6489.2534138583  3.067490E-17
6492.32006539206  1.371410E-17
6495.38671692581  3.582906E-17
6498.45336845957  1.737611E-17
6501.52001999333  1.640066E-17
6504.58667152709  2.730593E-17
6507.65332306084  4.961202E-17
6510.7199745946  4.174633E-17
6513.78662612836  -4.907926E-18
6516.85327766212  1.282667E-18
6519.91992919588  2.038668E-17
6522.98658072963  1.373460E-17
6526.05323226339  1.979837E-17
6529.11988379715  2.833649E-17
6532.1865353309  1.555347E-17
6535.25318686466  3.010272E-17
6538.31983839842  5.175225E-17
6541.38648993218  2.904915E-17
6544.45314146593  2.522089E-17
6547.51979299969  3.571497E-17
6550.58644453345  3.557876E-17
6553.65309606721  2.210757E-17
6556.71974760096  9.113050E-18
6559.78639913472  1.185066E-17
6562.85305066848  1.017630E-17
6565.91970220223  9.779987E-18
6568.98635373599  7.600229E-18
6572.05300526975  1.795033E-17
6575.11965680351  3.721343E-17
6578.18630833727  2.211129E-17
6581.25295987102  1.754050E-17
6584.31961140478  2.914752E-17
6587.38626293854  2.078753E-17
6590.45291447229  4.914393E-17
6593.51956600605  4.139793E-17
6596.58621753981  8.537571E-18
6599.65286907357  1.615635E-17
6602.71952060732  3.779704E-17
6605.78617214108  3.231152E-17
6608.85282367484  1.937781E-17
6611.9194752086  2.732459E-17
6614.98612674235  4.276060E-17
6618.05277827611  4.325926E-17
6621.11942980987  2.044683E-17
6624.18608134363  3.047145E-17
6627.25273287738  3.430561E-17
6630.31938441114  1.729242E-17
6633.3860359449  1.530835E-17
6636.45268747866  1.650403E-17
6639.51933901241  8.141824E-18
6642.58599054617  1.118778E-17
6645.65264207993  2.746873E-17
6648.71929361369  4.212446E-17
6651.78594514744  8.180470E-18
6654.8525966812  1.942474E-17
6657.91924821496  3.073820E-17
6660.98589974871  1.722142E-17
6664.05255128247  1.108121E-17
6667.11920281623  2.212883E-17
6670.18585434999  2.902171E-17
6673.25250588374  1.974630E-17
6676.3191574175  2.388810E-17
6679.38580895126  3.590866E-17
6682.45246048502  1.656680E-17
6685.51911201877  3.489773E-17
6688.58576355253  4.545339E-17
6691.65241508629  1.082354E-17
6694.71906662005  1.137967E-17
6697.7857181538  2.181930E-17
6700.85236968756  2.757856E-17
6703.91902122132  2.609337E-17
6706.98567275508  1.534796E-17
6710.05232428883  1.440649E-17
6713.11897582259  1.720694E-17
6716.18562735635  3.826930E-17
6719.25227889011  3.739434E-17
6722.31893042386  1.007134E-17
6725.38558195762  2.178404E-17
6728.45223349138  3.044089E-17
6731.51888502513  3.369339E-17
6734.58553655889  3.109505E-17
6737.65218809265  3.332788E-17
6740.71883962641  5.313123E-17
6743.78549116017  3.254800E-17
6746.85214269392  2.142193E-17
6749.91879422768  2.213099E-17
6752.98544576144  2.545325E-17
6756.05209729519  4.710236E-17
6759.11874882895  5.732501E-17
6762.18540036271  2.561197E-17
6765.25205189647  3.284729E-17
6768.31870343022  1.757899E-17
6771.38535496398  3.389449E-17
6774.45200649774  2.332174E-17
6777.5186580315  2.052116E-17
6780.58530956525  3.407947E-17
6783.65196109901  1.917712E-17
6786.71861263277  1.342687E-17
6789.78526416653  1.564601E-17
6792.85191570028  2.289533E-17
6795.91856723404  3.969112E-17
6798.9852187678  4.003835E-17
6802.05187030155  4.067427E-17
6805.11852183531  1.704072E-17
6808.18517336907  2.632509E-17
6811.25182490283  1.570547E-17
6814.31847643659  1.262054E-17
6817.38512797034  2.301436E-17
6820.4517795041  3.045954E-17
6823.51843103786  2.065059E-17
6826.58508257161  3.460759E-17
6829.65173410537  1.831161E-17
6832.71838563913  -9.601828E-18
6835.78503717289  3.872158E-17
6838.85168870664  4.856835E-17
6841.9183402404  4.349486E-17
6844.98499177416  5.015872E-17
6848.05164330791  4.788566E-17
6851.11829484167  1.575162E-17
6854.18494637543  2.618513E-17
6857.25159790919  3.671701E-17
6860.31824944295  2.044778E-17
6863.3849009767  1.622854E-17
6866.45155251046  1.700522E-17
6869.51820404422  1.222525E-17
6872.58485557798  1.469930E-17
6875.65150711173  2.575079E-17
6878.71815864549  3.818574E-17
6881.78481017925  2.627102E-17
6884.85146171301  4.391771E-17
6887.91811324676  3.946465E-17
6890.98476478052  2.611364E-17
6894.05141631428  4.035875E-17
6897.11806784804  3.550768E-17
6900.18471938179  3.160686E-17
6903.25137091555  3.907883E-17
6906.31802244931  4.169209E-17
6909.38467398306  4.346790E-17
6912.45132551682  2.501306E-17
6915.51797705058  1.404155E-17
6918.58462858434  -2.547965E-18
6921.65128011809  1.354910E-17
6924.71793165185  3.985731E-17
6927.78458318561  1.722074E-17
6930.85123471937  9.214850E-18
6933.91788625312  1.290176E-17
6936.98453778688  2.657701E-17
6940.05118932064  1.827089E-17
6943.1178408544  4.181602E-17
6946.18449238815  2.805331E-17
6949.25114392191  2.700805E-17
6952.31779545567  9.835633E-18
6955.38444698942  2.036002E-17
6958.45109852318  4.086194E-17
6961.51775005694  3.096212E-17
6964.5844015907  2.153951E-17
6967.65105312445  2.932444E-17
6970.71770465821  2.837953E-17
6973.78435619197  3.007130E-17
6976.85100772573  3.106208E-17
6979.91765925949  1.271293E-17
6982.98431079324  1.549572E-17
6986.050962327  1.509535E-17
6989.11761386076  2.736393E-17
6992.18426539452  3.389518E-17
6995.25091692827  2.772504E-17
6998.31756846203  1.361452E-17
7001.38421999579  1.281367E-17
7004.45087152954  2.284259E-17
7007.5175230633  3.483400E-17
7010.58417459706  2.358744E-17
7013.65082613082  4.104475E-18
7016.71747766457  2.120480E-17
7019.78412919833  2.707907E-17
7022.85078073209  1.691539E-17
7025.91743226585  2.258081E-17
7028.9840837996  2.768838E-17
7032.05073533336  4.075097E-17
7035.11738686712  1.941615E-17
7038.18403840088  8.743263E-18
7041.25068993463  2.182000E-17
7044.31734146839  2.669304E-17
7047.38399300215  2.250243E-17
7050.45064453591  2.982089E-17
7053.51729606966  2.566585E-17
7056.58394760342  1.700266E-17
7059.65059913718  1.423198E-17
7062.71725067093  1.748386E-17
7065.78390220469  2.237158E-17
7068.85055373845  3.060746E-17
7071.91720527221  3.142624E-17
7074.98385680596  1.896634E-17
7078.05050833972  2.722259E-17
7081.11715987348  3.683883E-17
7084.18381140724  2.171107E-17
7087.25046294099  1.894398E-17
7090.31711447475  1.524983E-17
7093.38376600851  1.372182E-17
7096.45041754227  3.334446E-17
7099.51706907602  3.389575E-17
7102.58372060978  3.194355E-17
7105.65037214354  1.487410E-17
7108.7170236773  9.064228E-18
7111.78367521105  1.144835E-17
7114.85032674481  2.154476E-17
7117.91697827857  3.522203E-17
7120.98362981232  2.229104E-17
7124.05028134608  2.086078E-17
7127.11693287984  5.131499E-18
7130.1835844136  1.125111E-18
7133.25023594736  6.452284E-18
7136.31688748111  5.585528E-18
7139.38353901487  1.674594E-17
7142.45019054863  2.645076E-17
7145.51684208239  2.168407E-17
7148.58349361614  8.756710E-18
7151.6501451499  2.012189E-17
7154.71679668366  3.815134E-17
7157.78344821741  2.082380E-17
7160.85009975117  1.656017E-17
7163.91675128493  2.599791E-17
7166.98340281869  2.511578E-17
7170.05005435244  1.434617E-17
7173.1167058862  2.121802E-17
7176.18335741996  2.297348E-17
7179.25000895372  1.319762E-17
7182.31666048747  1.502517E-17
7185.38331202123  2.947902E-18
7188.44996355499  1.295281E-17
7191.51661508875  3.450619E-17
7194.5832666225  2.766872E-17
7197.64991815626  3.947297E-17
7200.71656969002  1.984674E-17
7203.78322122378  -1.506337E-18
7206.84987275753  1.310475E-17
7209.91652429129  2.007208E-17
7212.98317582505  1.392828E-18
7216.04982735881  -6.285983E-18
7219.11647889256  1.464512E-17
7222.18313042632  2.379291E-17
7225.24978196008  3.188393E-17
7228.31643349383  1.370806E-17
7231.38308502759  -2.228920E-17
7234.44973656135  6.328772E-18
7237.51638809511  4.259664E-17
7240.58303962886  5.475292E-17
7243.64969116262  3.006453E-17
7246.71634269638  -1.272417E-19
7249.78299423014  8.135851E-18
7252.84964576389  3.167090E-17
7255.91629729765  -6.880652E-18
7258.98294883141  1.328567E-17
7262.04960036517  4.271602E-18
7265.11625189892  3.010732E-17
7268.18290343268  8.252189E-18
7271.24955496644  3.506708E-17
7274.3162065002  1.694802E-17
7277.38285803395  9.111289E-18
7280.44950956771  -4.635545E-18
7283.51616110147  1.263259E-17
7286.58281263522  1.890069E-17
7289.64946416898  1.514475E-17
7292.71611570274  2.524814E-17
7295.7827672365  2.780086E-17
7298.84941877025  2.399876E-17
7301.91607030401  1.692766E-17
7304.98272183777  2.496077E-17
7308.04937337153  1.732304E-17
7311.11602490528  2.493807E-17
7314.18267643904  4.853850E-18
