9102.38939866033  1.298125037564554E-18
9098.8307143906  7.214141561456698E-18
9095.27291195947  1.293258423828175E-18
9091.71598965564  -8.162809363394776E-18
9088.15994577019  7.268041477351267E-18
9084.60477859657  1.149281765230972E-17
9081.05048643062  1.193946680045358E-19
9077.49706757055  1.986579623856135E-17
9073.94452031696  1.181245347589001E-17
9070.3928429728  -4.191768359795132E-18
9066.84203384343  1.844482898637081E-17
9063.29209123657  2.197336641256276E-17
9059.74301346232  8.600902413776337E-18
9056.19479883315  1.571865509999407E-17
9052.64744566394  1.034616003485401E-17
9049.10095227191  1.657621474772372E-17
9045.55531697668  6.871040691849808E-18
9042.01053810025  2.740501481766772E-17
9038.46661396697  2.952843087707349E-18
9034.9235429036  -7.516994717588899E-18
9031.38132323927  -1.943398479775152E-17
9027.83995330548  -1.372477180220134E-17
9024.29943143611  -1.030269913828986E-17
9020.75975596743  -1.290349643204132E-17
9017.22092523806  -4.340176555806028E-18
9013.68293758903  -5.853252437155880E-18
9010.14579136374  -5.157295343387959E-19
9006.60948490794  5.290660019188660E-18
9003.07401656981  7.404403028511246E-18
8999.53938469985  -1.124095935376079E-17
8996.00558765098  3.669743360609349E-18
8992.47262377849  1.368428958302299E-17
8988.94049144004  3.657326604133103E-19
8985.40918899566  2.417561898819944E-17
8981.87871480777  8.066187223223069E-18
8978.34906724119  1.507001811393816E-17
8974.82024466306  -2.182838439864906E-18
8971.29224544296  -7.857059420757412E-18
8967.7650679528  -5.052903082132235E-18
8964.2387105669  1.517653085269417E-17
8960.71317166195  8.002653961914710E-18
8957.18844961701  9.453891061441018E-18
8953.66454281353  1.147308360443604E-17
8950.14144963531  2.458375982860045E-17
8946.61916846858  1.050472559519675E-17
8943.09769770188  3.774483368594589E-17
8939.5770357262  8.767477563990427E-18
8936.05718093485  2.374248074968707E-17
8932.53813172355  2.599205301944546E-17
8929.01988649039  2.271057624424963E-17
8925.50244363583  2.467798893526004E-17
8921.98580156272  1.462268876483683E-17
8918.46995867628  6.191197490004727E-18
8914.95491338412  -1.524511653318400E-18
8911.44066409621  -1.005948984022579E-17
8907.92720922491  -2.364930464394726E-18
8904.41454718495  -2.042412826278362E-17
8900.90267639345  -1.002087539487059E-17
8897.3915952699  -8.106886990902514E-18
8893.88130223617  -9.115032387605609E-18
8890.3717957165  1.243185045447277E-17
8886.86307413753  -2.307221588574505E-18
8883.35513592825  9.116058918745785E-18
8879.84797952004  -8.696986266164424E-19
8876.34160334668  8.183956235754694E-18
8872.83600584428  1.264730370708262E-17
8869.33118545137  -6.590412224415683E-18
8865.82714060883  1.155148047417136E-17
8862.32386975996  -8.697573564399334E-19
8858.82137135038  2.486678836058191E-18
8855.31964382814  7.352352688466345E-18
8851.81868564363  -1.807406512912862E-17
8848.31849524963  -2.725563427084677E-17
8844.81907110132  -3.343664213647576E-17
8841.32041165623  -1.857664848878726E-17
8837.82251537428  -1.505016743359811E-17
8834.32538071775  -7.280867739929513E-18
8830.82900615134  3.407741139413537E-18
8827.33339014208  -5.694050774922088E-19
8823.83853115941  3.043714461465434E-18
8820.34442767514  8.454311947161528E-18
8816.85107816345  1.388467325923335E-17
8813.3584811009  -2.684583245177574E-18
8809.86663496645  8.448938581902382E-18
8806.37553824139  3.894004018791356E-17
8802.88518940945  6.093244829817729E-18
8799.39558695668  2.153743892102486E-17
8795.90672937155  -7.284205413701165E-18
8792.41861514489  8.401082874743739E-18
8788.9312427699  -1.229619448837531E-17
8785.44461074218  -1.915976780724529E-17
8781.95871755969  -2.501682196649647E-17
8778.47356172277  -1.598321227530691E-17
8774.98914173416  -5.930487531720877E-18
8771.50545609894  -1.270718331162534E-17
8768.02250332459  1.424218237433999E-17
8764.54028192098  1.015709963404889E-17
8761.05879040032  1.838813733590888E-17
8757.57802727725  2.363833622902481E-18
8754.09799106875  9.254259292407471E-18
8750.61868029419  4.266142236621306E-18
8747.1400934753  1.583135349537074E-17
8743.66222913622  2.802428027453309E-17
8740.18508580345  7.317544928290113E-18
8736.70866200588  2.460958740585408E-19
8733.23295627475  1.245909943821150E-17
8729.7579671437  2.683371632375337E-18
8726.28369314876  -2.573579329285715E-18
8722.8101328283  -2.772062661436309E-19
8719.33728472311  -1.246118744887274E-18
8715.86514737633  2.441353060803042E-18
8712.39371933348  8.018204130250094E-18
8708.92299914248  1.040638540089277E-17
8705.4529853536  1.650691128125734E-18
8701.98367651951  4.247998029884955E-18
8698.51507119524  4.550871865532472E-18
8695.04716793821  1.581825260882913E-17
8691.57996530821  5.577486550952647E-18
8688.11346186742  1.523355999284602E-17
8684.6476561804  1.180434131562270E-17
8681.18254681405  -6.590241411619190E-18
8677.71813233771  -2.484608196189817E-18
8674.25441132304  -2.008936165143851E-17
8670.79138234411  -1.554915917503705E-17
8667.32904397736  -1.395234821386876E-17
8663.86739480162  -3.710215653620343E-18
8660.40643339808  -1.041404426618440E-17
8656.94615835031  1.219076949212481E-17
8653.48656824426  5.025704556410880E-18
8650.02766166827  5.687951558675429E-18
8646.56943721305  8.071343039981114E-18
8643.11189347169  2.649938232786863E-18
8639.65502903964  1.410805834673697E-17
8636.19884251475  1.658114805289698E-17
8632.74333249725  1.131272637088651E-17
8629.28849758972  7.971949844757353E-18
8625.83433639716  1.583042043563978E-17
8622.38084752691  9.840182753142057E-18
8618.92802958871  -2.509938120907416E-18
8615.47588119467  1.899654811518603E-18
8612.02440095927  3.123491482052805E-18
8608.5735874994  9.730875798276850E-18
8605.12343943428  4.181153978174852E-18
8601.67395538555  3.493999740485719E-18
8598.2251339772  2.917274734957876E-18
8594.77697383562  5.149325044595705E-18
8591.32947358956  8.474603928358371E-19
8587.88263187016  5.199922028304349E-18
8584.43644731093  -1.695402928571216E-18
8580.99091854776  3.854337399696989E-18
8577.54604421893  8.968235953018272E-18
8574.10182296507  8.046487089754506E-18
8570.65825342922  1.585924933434848E-17
8567.21533425678  1.330321988252900E-17
8563.77306409554  1.268130165743917E-17
8560.33144159564  6.604521444123998E-18
8556.89046540963  5.540086406736675E-18
8553.45013419242  -3.624203759165854E-18
8550.01044660132  -1.419403053652206E-18
8546.57140129598  1.822132478485898E-18
8543.13299693847  1.183152412491242E-17
8539.69523219319  1.703143374550758E-18
8536.25810572698  1.787874379826708E-18
8532.821616209  3.310400334385887E-19
8529.38576231082  9.626070360305154E-18
8525.95054270638  -1.946531343627135E-18
8522.51595607199  -1.935261214576253E-18
8519.08200108636  6.334486265204530E-18
8515.64867643056  1.617904066788393E-17
8512.21598078803  6.475991639003673E-18
8508.78391284462  6.460050627828856E-18
8505.35247128851  -1.395446972534481E-18
8501.92165481032  -8.560676620587882E-18
8498.49146210299  -4.037622839055569E-18
8495.06189186187  1.266695483009989E-18
8491.63294278468  1.863481789741352E-18
8488.20461357152  1.378750331870098E-18
8484.77690292486  8.508014166889694E-18
8481.34980954957  6.428519330058946E-18
8477.92333215286  3.985768127225537E-17
8474.49746944435  1.415002618229546E-17
8471.07222013603  1.890102405727748E-17
8467.64758294227  3.012365805174777E-17
8464.22355657981  1.560802796487123E-17
8460.80013976777  7.620410492131507E-18
8457.37733122765  1.093356476927052E-18
8453.95512968334  6.986281426839166E-18
8450.53353386108  1.822293447833101E-17
8447.11254248952  2.166646917041579E-17
8443.69215429966  1.687467474762265E-17
8440.2723680249  1.198849074513109E-17
8436.853182401  1.029829771025046E-17
8433.43459616611  1.967387048411435E-17
8430.01660806076  3.233490042628168E-17
8426.59921682784  1.671949235598526E-17
8423.18242121265  1.048023525880089E-17
8419.76621996283  6.543297671085888E-18
8416.35061182843  1.172800577997385E-17
8412.93559556186  -9.065564505433098E-19
8409.52116991791  -9.837324844125685E-18
8406.10733365375  -7.363114308235662E-18
8402.69408552893  -1.237894480967450E-17
8399.28142430538  -6.529012675497401E-18
8395.86934874741  -5.238513312602398E-18
8392.45785762169  -5.813599880131926E-18
8389.04694969729  -2.811519486847818E-18
8385.63662374564  1.099829268617857E-17
8382.22687854058  2.769591562753884E-18
8378.81771285827  1.331483267114863E-18
8375.40912547731  1.454571299139387E-17
8372.00111517864  1.036554997559286E-17
8368.5936807456  1.692136082139515E-17
8365.18682096388  3.803797077860305E-18
8361.78053462158  -1.027118438413220E-17
8358.37482050915  6.281092066856963E-19
8354.96967741944  -1.048057192131020E-17
8351.56510414767  -1.578337536548144E-17
8348.16109949144  -1.872657166609005E-17
8344.75766225071  -1.288385502839625E-17
8341.35479122785  -2.118548928681519E-18
8337.95248522759  3.516618994335982E-18
8334.55074305703  1.090765188901623E-17
8331.14956352565  1.918128442933902E-18
8327.74894544534  -1.596164933109887E-17
8324.34888763033  9.452942285278419E-18
8320.94938889724  9.962679930055035E-18
8317.55044806507  9.160764722131826E-18
8314.1520639552  1.363907258201839E-17
8310.75423539138  1.129637652569394E-18
8307.35696119976  1.342966601968631E-17
8303.96024020883  2.423540553492324E-18
8300.56407124949  1.218010139546350E-19
8297.16845315501  -4.746478573705338E-18
8293.77338476103  1.144316365449938E-17
8290.37886490558  -9.994296660072585E-20
8286.98489242906  1.180099123414186E-17
8283.59146617424  7.495969440779028E-18
8280.19858498629  8.504583848889437E-18
8276.80624771274  1.304371595357825E-17
8273.41445320351  4.466717405143470E-18
8270.02320031088  1.032220819303692E-17
8266.63248788953  9.024564471191293E-18
8263.24231479651  6.112066497475760E-18
8259.85267989124  3.406792156455785E-18
8256.46358203552  8.162080617275119E-18
8253.07502009354  6.786370484348881E-18
8249.68699293186  6.065490025134431E-18
8246.29949941941  3.351013713390110E-18
8242.91253842751  -5.098317365712929E-19
8239.52610882986  3.652647605299408E-18
8236.14020950252  6.034753234342879E-18
8232.75483932395  1.467379860052526E-17
8229.36999717498  3.752151642725249E-18
8225.98568193881  1.149559449762606E-17
8222.60189250103  3.128440917248016E-18
8219.21862774959  7.789416726165889E-18
8215.83588657484  1.091614289800409E-17
8212.4536678695  1.319408994431488E-17
8209.07197052866  7.714650352139058E-18
8205.6907934498  4.396891367325113E-18
8202.31013553277  3.886862968563186E-18
8198.9299956798  7.888588340383060E-19
8195.5503727955  6.662931148718207E-18
8192.17126578685  7.278762565270566E-18
8188.79267356322  8.932370228838584E-18
8185.41459503635  9.883941434726727E-18
8182.03702912037  1.113006007621642E-17
8178.65997473177  1.365519267779582E-17
8175.28343078942  9.529276166566038E-18
8171.90739621459  9.046343309539205E-18
8168.5318699309  8.798749127047994E-18
8165.15685086437  9.043596242724916E-18
8161.78233794338  1.074731616216262E-17
8158.40833009871  7.626254523159192E-18
8155.03482626349  4.038652678918198E-18
8151.66182537324  2.426845553629779E-18
8148.28932636588  3.989587633704003E-18
8144.91732818167  5.162935887984958E-18
8141.54582976328  5.217295716300106E-18
8138.17483005574  5.488421119266918E-18
8134.80432800646  6.325628401615007E-18
8131.43432256524  7.751557496709949E-18
8128.06481268424  4.829869132798645E-18
8124.695797318  4.922431884114248E-18
8121.32727542346  6.083362916629864E-18
8117.95924595992  3.384892756533597E-18
8114.59170788906  4.532883995931894E-18
8111.22466017493  8.054656325484080E-18
8107.85810178398  9.739722494928104E-18
8104.49203168502  3.228004098087655E-18
8101.12644884924  1.011429303734927E-17
8097.76135225022  4.873626160022087E-18
8094.3967408639  7.172424361623810E-18
8091.03261366861  8.304486377171022E-18
8087.66896964505  8.336777853923866E-18
8084.30580777632  9.037428784077718E-18
8080.94312704786  -1.829600471851180E-18
8077.58092644752  4.265418453585322E-18
8074.21920496552  3.692422998644328E-18
8070.85796159445  2.549496379341539E-18
8067.49719532929  1.115519809503191E-17
8064.13690516739  5.241137543095720E-18
8060.77709010847  1.432393097991738E-17
8057.41774915465  1.606050734046631E-17
8054.0588813104  7.843740158534084E-18
8050.7004855826  4.316187490861377E-18
8047.34256098048  1.116471398079872E-17
8043.98510651567  3.004208729000208E-18
8040.62812120216  1.077154593666553E-17
8037.27160405632  7.399621097390075E-18
8033.91555409692  9.151176871651724E-18
8030.55997034508  6.108112574147758E-18
8027.20485182431  5.142158765358852E-18
8023.8501975605  9.639859461116417E-18
8020.49600658192  -3.737715273084668E-18
8017.1422779192  5.865830131960056E-18
8013.78901060538  4.108866664443843E-18
8010.43620367586  -3.528699140001707E-18
8007.08385616839  8.212817161862735E-20
8003.73196712316  3.598033832536208E-18
8000.38053558268  -2.004563647066865E-18
7997.02956059188  1.293811807657973E-17
7993.67904119803  9.276100169301319E-18
7990.32897645081  5.232970375317679E-18
7986.97936540227  1.687703717545210E-17
7983.63020710683  7.794181286494196E-18
7980.28150062129  5.292308590149477E-18
7976.93324500483  9.804159037465375E-18
7973.585439319  7.089660805434817E-18
7970.23808262776  1.368992433735570E-17
7966.8911739974  4.369026961210653E-18
7963.54471249663  5.070210285486259E-19
7960.1986971965  6.098849805648388E-18
7956.85312717048  4.083683150694667E-18
7953.50800149438  9.017403568628425E-18
7950.16331924641  1.174157567792279E-17
7946.81907950716  1.324367197741192E-17
7943.47528135958  1.395856199463026E-17
7940.13192388901  6.414779032903829E-18
7936.78900618317  4.314844563136897E-18
7933.44652733215  1.348215890135892E-17
7930.10448642843  1.288845746132450E-17
7926.76288256685  9.368348178393846E-18
7923.42171484465  8.792550235537522E-18
7920.08098236142  1.143529882123523E-17
7916.74068421916  -4.839669155105867E-18
7913.40081952223  -1.428474247121707E-17
7910.06138737737  -1.191579728571932E-18
7906.7223868937  8.341149503461210E-18
7903.3838171827  2.338080595301561E-18
7900.04567735827  3.400283279010758E-18
7896.70796653664  5.545530082347884E-18
7893.37068383646  7.590627026995920E-18
7890.03382837873  2.918752079531895E-18
7886.69739928684  1.428563748063985E-17
7883.36139568654  1.328603851402566E-18
7880.02581670599  2.658138280994254E-18
7876.69066147571  -2.292150047621059E-19
7873.35592912859  7.660293832546361E-18
7870.02161879992  6.553486054690702E-18
7866.68772962734  -3.205030397344913E-18
7863.35426075088  5.005137124070055E-18
7860.02121131297  6.426144908110615E-18
7856.68858045839  6.220844056748935E-18
7853.35636733431  7.595354364196662E-18
7850.02457109026  1.080577632477420E-17
7846.69319087818  1.999316220055981E-17
7843.36222585237  1.385012440658884E-17
7840.0316751695  1.102575673687655E-17
7836.70153798863  1.380056057146528E-17
7833.3718134712  7.098141061074713E-18
7830.04250078102  9.118194699087396E-18
7826.71359908428  -2.283233764400773E-18
7823.38510754955  8.076403730968712E-18
7820.05702534778  8.560253104114256E-18
7816.72935165229  1.015068278044701E-18
7813.40208563879  5.661548367113042E-18
7810.07522648536  5.663419863248942E-18
7806.74877337246  4.944186320634085E-18
7803.42272548292  1.407394210955283E-17
7800.09708200195  6.446107257833356E-18
7796.77184211717  8.364212126119802E-18
7793.44700501853  1.134514192473124E-17
7790.12256989838  1.653653985682322E-17
7786.79853595146  -2.346021529182070E-18
7783.47490237487  7.295010046862332E-18
7780.15166836808  4.137165340379895E-18
7776.82883313297  3.779051142655168E-18
7773.50639587377  5.481832212097627E-18
7770.1843557971  8.435790546065851E-18
7766.86271211196  6.811776096092527E-18
7763.54146402972  5.476276453513415E-18
7760.22061076413  7.653472074034636E-18
7756.90015153133  5.521493040927706E-18
7753.58008554981  1.165482924708435E-17
7750.26041204046  1.619556608216152E-17
7746.94113022656  1.273636624363621E-17
7743.62223933373  1.203652429612143E-17
7740.30373859001  5.002829703751339E-18
7736.98562722579  1.310053085395145E-17
7733.66790447384  2.797612926389577E-18
7730.35056956932  1.623599536178066E-17
7727.03362174976  1.004211160273666E-17
7723.71706025507  1.020377826319587E-17
7720.40088432753  1.065652150940635E-17
7717.08509321183  5.405349438299749E-18
7713.76968615499  1.502321788924114E-17
7710.45466240645  1.963284232573172E-17
7707.14002121799  2.414397767540807E-17
7703.82576184381  1.868011885725029E-17
7700.51188354045  8.543989906090850E-18
7697.19838556685  9.381753467400882E-18
7693.88526718432  3.982941651072444E-18
7690.57252765655  2.935729754809393E-18
7687.26016624962  1.245884301222161E-17
7683.94818223196  8.525321266846139E-18
7680.6365748744  8.578940768513053E-18
7677.32534345015  1.081616736762909E-17
7674.01448723478  5.176509094656342E-18
7670.70400550626  6.337731294747578E-18
7667.39389754491  4.382592309666215E-18
7664.08416263346  5.565778636562570E-18
7660.77480005699  4.956616777289227E-18
7657.46580910298  8.294442750173402E-18
7654.15718906128  9.925045693725708E-18
7650.84893922411  8.340878188220292E-18
7647.54105888607  3.674251494947762E-18
7644.23354734416  1.056447202366084E-17
7640.92640389772  6.192283164558704E-18
7637.6196278485  5.172333900514479E-18
7634.31321850062  9.500265288122577E-18
7631.00717516056  7.610262640376705E-18
7627.70149713722  6.152679411190888E-18
7624.39618374182  1.226762284283711E-17
7621.09123428801  6.692574406739961E-18
7617.78664809178  1.424456465450414E-17
7614.48242447153  1.742957728102527E-17
7611.17856274802  1.424376725239364E-17
7607.87506224438  2.366890468856171E-18
7604.57192228615  1.144777518641437E-17
7601.2691422012  -2.287664764147067E-18
7597.96672131983  1.616688938468553E-17
7594.66465897468  8.501331374720878E-18
7591.36295450078  1.129075645381710E-17
7588.06160723554  1.088216479998225E-17
7584.76061651875  1.108021003660091E-17
7581.45998169258  1.556126082739870E-17
7578.15970210156  1.292277470339748E-17
7574.85977709262  1.360186765242698E-17
7571.56020601506  2.069328290794103E-17
7568.26098822056  2.662541197958751E-17
7564.96212306317  2.734710390298288E-17
7561.66360989932  3.339134903485481E-17
7558.36544808782  2.926516699864839E-17
7555.06763698987  2.865628265847055E-17
7551.77017596904  2.389912890536991E-17
7548.47306439125  1.766890710201647E-17
7545.17630162485  1.708342370136776E-17
7541.87988704054  1.844097267035508E-17
7538.58382001138  1.559809187135324E-17
7535.28809991284  1.169915537456923E-17
7531.99272612276  7.411687180985387E-18
7528.69769802134  1.254535783248853E-17
7525.40301499119  1.128897470677766E-17
7522.10867641726  4.743571033852213E-18
7518.81468168691  5.836982621687576E-18
7515.52103018986  7.961027751949202E-18
7512.22772131822  7.591597309854446E-18
7508.93475446647  8.897997565664558E-18
7505.64212903147  5.278107966983473E-18
7502.34984441245  8.761415157281026E-18
7499.05790001103  4.303003886258507E-18
7495.76629523121  2.680089793295033E-18
7492.47502947935  1.072633389874460E-17
7489.18410216421  8.755879664621822E-18
7485.89351269692  6.729894728026825E-18
7482.60326049097  7.970499797143549E-18
7479.31334496226  7.041229380569838E-18
7476.02376552905  5.090473625554395E-18
7472.73452161197  5.191663043478314E-18
7469.44561263405  5.439184020485311E-18
7466.15703802068  8.298506688522875E-18
7462.86879719963  9.331076247172820E-18
7459.58088960106  9.430561259444571E-18
7456.29331465749  1.034976240642168E-17
7453.00607180384  1.034225160645969E-17
7449.71916047739  1.024831532173695E-17
7446.43258011781  7.526810869918067E-18
7443.14633016713  4.589562825094334E-18
7439.86041006978  6.951610978644619E-18
7436.57481927256  6.339125094079729E-18
7433.28955722464  3.538100047663372E-18
7430.00462337758  2.732222024220575E-18
7426.7200171853  6.783254494981393E-18
7423.43573810412  1.023179569772365E-17
7420.15178559273  9.797482862741457E-18
7416.8681591122  1.087824975414303E-17
7413.58485812597  1.117920287640820E-17
7410.30188209985  4.834823117487225E-18
7407.01923050206  8.227745523022026E-18
7403.73690280316  9.783252874663707E-18
7400.45489847612  7.414753539516122E-18
7397.17321699628  -1.635375568891585E-18
7393.89185784133  5.477986649429869E-18
7390.61082049139  7.549693994383734E-18
7387.3301044289  6.112256749016646E-18
7384.04970913872  4.039186210413295E-18
7380.76963410808  8.744498486573704E-18
7377.48987882658  5.188006905170828E-18
7374.21044278619  1.112255754806057E-17
7370.93132548128  7.181144499641346E-18
7367.65252640858  3.273372266349197E-18
7364.37404506721  8.179418322914228E-18
7361.09588095867  9.109376126576972E-18
7357.81803358681  2.650234983831616E-18
7354.54050245789  3.460825868814433E-18
7351.26328708055  7.496620431921106E-18
7347.98638696577  9.304344251316944E-18
7344.70980162695  8.573341582946682E-18
7341.43353057985  8.036557613681422E-18
7338.15757334261  8.746973410966461E-18
7334.88192943573  1.214149682457686E-17
7331.60659838213  1.154618569107041E-17
7328.33157970706  8.337856497442635E-18
7325.05687293819  8.764217645196357E-18
7321.78247760554  8.332517046588606E-18
7318.50839324152  3.349886473010352E-18
7315.23461938091  4.420273695290456E-18
7311.96115556087  9.340423388094670E-18
7308.68800132096  1.008658993145425E-17
7305.41515620308  9.036997822978579E-18
7302.14261975154  9.360075545087703E-18
7298.87039151301  3.510207930998389E-18
7295.59847103654  1.020755268833095E-17
7292.32685787357  8.163211373172476E-18
7289.0555515779  9.199135149206325E-18
7285.78455170572  5.894946062341309E-18
7282.5138578156  9.324358713418277E-18
7279.24346946848  9.521218600219160E-18
7275.97338622769  8.031165223268189E-18
7272.70360765891  1.460842734389581E-18
7269.43413333024  6.847946222737634E-18
7266.16496281211  2.725843014131719E-18
7262.89609567738  9.442347755992841E-18
7259.62753150125  8.306771877203507E-18
7256.35926986131  6.712873832562320E-18
7253.09131033752  1.027619544428305E-17
7249.82365251224  4.023782866636638E-18
7246.55629597019  7.619214388965753E-18
7243.28924029846  8.887723155276036E-18
7240.02248508655  1.280917550833374E-17
7236.7560299263  7.461327943905919E-18
7233.48987441195  1.041912067360363E-17
7230.22401814012  9.637036293685772E-18
7226.9584607098  8.694730337838837E-18
7223.69320172235  4.482642699886647E-18
7220.42824078153  6.079017736872124E-18
7217.16357749346  5.825604338771602E-18
7213.89921146665  5.168462281657426E-18
7210.63514231198  7.811912730104881E-18
7207.37136964271  9.499935243058171E-18
7204.10789307447  6.605894977531143E-18
7200.84471222528  9.660136139471926E-18
7197.58182671554  5.683155979074151E-18
7194.31923616802  5.232596903271113E-18
7191.05694020787  7.857200041461548E-18
7187.79493846261  5.099498579627654E-18
7184.53323056216  6.235451652776315E-18
7181.27181613879  7.742317062087122E-18
7178.01069482718  5.678332275332049E-18
7174.74986626436  1.006607006199865E-17
7171.48933008974  5.877331664787300E-18
7168.22908594513  8.247379482041585E-18
7164.9691334747  7.315558040458763E-18
7161.709472325  8.405844953530207E-18
7158.45010214496  8.989513519914973E-18
7155.19102258589  6.054534845101779E-18
7151.93223330148  7.838229481293257E-18
7148.67373394779  6.634917022912871E-18
7145.41552418326  6.890155595034991E-18
7142.15760366872  9.868607987711829E-18
7138.89997206737  8.378670416046617E-18
7135.64262904477  1.059953951854941E-17
7132.38557426889  6.400614805684777E-18
7129.12880741005  1.209805081726374E-17
7125.87232814097  6.917839675775915E-18
7122.61613613674  7.827412440422899E-18
7119.36023107482  8.771227173707131E-18
7116.10461263507  9.438317732048481E-18
7112.84928049969  9.677826224051987E-18
7109.59423435329  5.329587138815405E-18
7106.33947388285  4.706998483839099E-18
7103.08499877774  8.497638013285829E-18
7099.83080872967  1.405419234524751E-17
7096.57690343277  8.166203285448080E-18
7093.32328258352  7.277082561446469E-18
7090.0699458808  1.009230409512577E-17
7086.81689302586  6.637893218756838E-18
7083.56412372231  1.069411190516321E-17
7080.31163767616  6.405395496035027E-18
7077.05943459579  1.109067221698849E-17
7073.80751419197  7.727394723836664E-18
7070.55587617782  7.370429893573081E-18
7067.30452026886  6.071207083938091E-18
7064.05344618299  8.339045155982876E-18
7060.80265364048  5.661786595129457E-18
7057.55214236397  7.261692038969311E-18
7054.3019120785  8.155960307922837E-18
7051.05196251147  1.228605738996847E-17
7047.80229339266  8.121491691797753E-18
7044.55290445423  9.611095082495497E-18
7041.30379543072  7.672203579005899E-18
7038.05496605906  1.081155914443655E-17
7034.80641607853  9.144730653138100E-18
7031.55814523081  7.814426531986431E-18
7028.31015325996  7.433482562945545E-18
7025.06243991239  6.395795237845737E-18
7021.81500493692  1.128796389206912E-17
7018.56784808473  5.928788502742692E-18
7015.32096910939  1.056821418875203E-17
7012.07436776684  1.320188529440758E-17
7008.8280438154  8.572458981233088E-18
7005.58199701576  8.792869527253968E-18
7002.33622713101  8.818410383027767E-18
6999.09073392659  1.075165803319791E-17
6995.84551717034  9.128096878200270E-18
6992.60057663246  9.082397630898553E-18
6989.35591208555  9.606104701859964E-18
6986.11152330457  7.856000629573345E-18
6982.86741006686  2.432961520283844E-18
6979.62357215215  1.071794711451393E-17
6976.38000934253  6.101213887839064E-18
6973.13672142249  7.652467876770997E-18
6969.89370817888  5.091773539887021E-18
6966.65096940093  8.125050222792957E-18
6963.40850488026  7.111402420655164E-18
6960.16631441085  1.108021582686520E-17
6956.92439778908  9.052125302020950E-18
6953.68275481368  1.083684853730414E-17
6950.44138528579  1.045739101182401E-17
6947.20028900891  3.541053496040492E-18
6943.95946578891  9.903033590445058E-18
6940.71891543406  1.373036767904526E-17
6937.47863775498  5.821101167516864E-18
6934.2386325647  5.827846825412235E-18
6930.99889967861  4.336180859857091E-18
6927.75943891448  8.222592187805821E-18
6924.52025009245  1.200679542490628E-17
6921.28133303505  1.297755887536687E-17
6918.04268756718  7.863177248567856E-18
6914.80431351614  5.461134498810325E-18
6911.56621071158  1.114990992937586E-17
6908.32837898553  1.168537950864777E-17
6905.09081817241  9.493082051683167E-18
6901.85352810903  5.295199586390352E-18
6898.61650863454  1.101048119250453E-17
6895.37975959051  9.727537297324586E-18
6892.14328082085  1.333014378428699E-17
6888.90707217188  9.987117326891690E-18
6885.67113349229  1.003592760047722E-17
6882.43546463312  6.051378323884276E-18
6879.20006544783  9.673215519317615E-18
6875.96493579223  1.029782208139825E-17
6872.73007552453  1.297957802324211E-17
6869.49548450528  1.235754647440836E-17
6866.26116259746  1.312328411106095E-17
6863.02710966637  7.823058161678421E-18
6859.79332557975  7.891695954546847E-18
6856.55981020767  7.602992549972976E-18
6853.3265634226  1.099076286106249E-17
6850.09358509938  9.121089004050720E-18
6846.86087511523  1.035310090737394E-17
6843.62843334976  1.366679471306749E-17
6840.39625968493  8.393276771303074E-18
6837.1643540051  1.164823992632475E-17
6833.93271619701  1.204368271714247E-17
6830.70134614977  8.255744759576334E-18
6827.47024375486  8.523691721039410E-18
6824.23940890615  1.283404717499198E-17
6821.0088414999  1.119982945216282E-17
6817.77854143471  1.159931384745347E-17
6814.5485086116  9.927873824240030E-18
6811.31874293394  8.843997560915870E-18
6808.08924430749  9.418898012807574E-18
6804.86001264038  1.211144948882587E-17
6801.63104784313  1.022673087083299E-17
6798.40234982862  1.177451980017894E-17
6795.17391851214  1.320798078834148E-17
6791.94575381132  1.464636267396810E-17
6788.71785564619  1.015030186377493E-17
6785.49022393915  1.279962322661998E-17
6782.262858615  1.385692465840464E-17
6779.03575960087  1.099373409382278E-17
6775.80892682632  1.121880745695662E-17
6772.58236022326  1.621011453477510E-17
6769.35605972597  1.584906177792428E-17
6766.13002527114  1.520537960373756E-17
6762.90425679781  1.104399524220273E-17
6759.67875424742  1.331294090908772E-17
6756.45351756376  1.132317118048121E-17
6753.22854669301  1.272018989957713E-17
6750.00384158375  8.895140483828798E-18
6746.77940218691  1.112008096930658E-17
6743.55522845581  8.433031898722987E-18
6740.33132034614  1.190710940774567E-17
6737.10767781598  8.237434289536860E-18
6733.88430082578  1.258797748636971E-17
6730.66118933837  1.304370685459151E-17
6727.43834331896  1.450609931185872E-17
6724.21576273513  1.052328008351693E-17
6720.99344755685  8.899761114730521E-18
6717.77139775645  9.817910087968451E-18
6714.54961330867  1.077652556395310E-17
6711.32809419059  1.265186312661902E-17
6708.10684038169  1.299495448364886E-17
6704.88585186384  9.938336004627599E-18
6701.66512862125  1.097861736812838E-17
6698.44467064054  1.084273144582062E-17
6695.2244779107  6.894476372964661E-18
6692.00455042309  7.940025636196481E-18
6688.78488817146  1.036120396865451E-17
6685.56549115193  1.037065864305599E-17
6682.346359363  1.098853526367289E-17
6679.12749280555  8.232194927536948E-18
6675.90889148283  1.045727355217703E-17
6672.69055540048  1.312290195361795E-17
6669.47248456652  9.353997421946663E-18
6666.25467899132  9.924417863640782E-18
6663.03713868766  1.185680772751571E-17
6659.81986367069  1.132087079119770E-17
6656.60285395793  1.251919824561654E-17
6653.38610956929  1.104348569894540E-17
6650.16963052703  1.182930810805139E-17
6646.95341685583  7.794043147331898E-18
6643.73746858272  6.046018607105239E-18
6640.52178573711  1.153005815066746E-17
6637.3063683508  1.448151054096996E-17
6634.09121645795  8.975596206108770E-18
6630.87633009512  1.209393642089690E-17
6627.66170930123  9.455029261963892E-18
6624.44735411759  1.032224624334510E-17
6621.23326458787  9.957811972150160E-18
6618.01944075814  1.150237737864899E-17
6614.80588267685  7.649020187977876E-18
6611.5925903948  8.050904234225539E-18
6608.37956396518  7.675414694143833E-18
6605.16680344358  9.620720983283776E-18
6601.95430888795  8.740793544610079E-18
6598.74208035861  1.020676852111025E-17
6595.53011791826  1.408058436987164E-17
6592.318421632  1.234997859898411E-17
6589.10699156729  1.228932640774928E-17
6585.89582779397  1.073266431197247E-17
6582.68493038425  6.808647699015855E-18
6579.47429941274  8.081994644728958E-18
6576.2639349564  1.384284356283716E-17
6573.05383709461  1.268382621266868E-17
6569.84400590907  8.847455175876341E-18
6566.6344414839  1.025277465241922E-17
6563.4251439056  1.161149573633454E-17
6560.21611326302  1.125939638243399E-17
6557.00734964741  8.043817777917800E-18
6553.79885315239  9.333499886367599E-18
6550.59062387396  1.302319360258081E-17
6547.38266191049  8.359734597464051E-18
6544.17496736274  1.205174855529547E-17
6540.96754033385  1.281176458365103E-17
6537.76038092933  1.077993851116049E-17
6534.55348925706  1.043308679106598E-17
6531.34686542732  1.132809621384835E-17
6528.14050955274  9.777933276144381E-18
6524.93442174835  1.172516358738912E-17
6521.72860213156  1.182418124261478E-17
6518.52305082214  1.318047786015470E-17
6515.31776794225  1.363001412713032E-17
6512.11275361643  1.039722272124752E-17
6508.90800797158  7.237623564685852E-18
6505.70353113701  9.274205925698575E-18
6502.49932324438  9.607764026168744E-18
6499.29538442774  9.998105594148844E-18
6496.0917148235  1.043679090584899E-17
6492.88831457049  8.937913993303915E-18
6489.68518380988  8.517631795871846E-18
6486.48232268523  1.277284408146919E-17
6483.27973134247  8.701513218861773E-18
6480.07740992993  8.691306637283481E-18
6476.87535859829  1.369417356416239E-17
6473.67357750064  9.830514666142537E-18
6470.47206679241  8.377998745389220E-18
6467.27082663144  8.631028331685516E-18
6464.06985717793  8.942286470021869E-18
6460.86915859446  1.243589371330693E-17
6457.66873104601  1.211702964923816E-17
6454.4685746999  1.111373070374401E-17
6451.26868972586  1.039897055388184E-17
6448.06907629599  1.057776150738211E-17
6444.86973458475  1.221393385799874E-17
6441.670664769  1.187508593751130E-17
6438.47186702796  1.268535318807945E-17
6435.27334154326  1.445051608341760E-17
6432.07508849887  1.493548711347376E-17
6428.87710808115  8.950607906984153E-18
6425.67940047886  1.479135750918130E-17
6422.48196588311  1.517274567421112E-17
6419.28480448739  1.111126487833799E-17
6416.08791648759  1.071952123921962E-17
6412.89130208196  1.084916939252811E-17
6409.69496147113  9.454259983994218E-18
6406.49889485812  1.169242047002182E-17
6403.3031024483  1.085160709379331E-17
6400.10758444945  8.687411443778970E-18
6396.91234107171  1.114516191265980E-17
6393.71737252761  7.371443189823456E-18
6390.52267903204  1.083192846702067E-17
6387.32826080228  1.212606328870785E-17
6384.134118058  9.227046704615702E-18
6380.94025102121  1.324137406967025E-17
6377.74665991635  1.252562543897608E-17
6374.55334497019  1.240251614840981E-17
6371.36030641191  9.004520230587910E-18
6368.16754447305  1.103576231356599E-17
6364.97505938754  1.157019874425283E-17
6361.78285139168  8.771549774146025E-18
6358.59092072415  1.369367063834995E-17
6355.39926762601  1.197766625963522E-17
6352.2078923407  1.479615846545655E-17
6349.01679511403  1.337781668453026E-17
6345.82597619419  1.676809418005642E-17
6342.63543583176  1.397547452943452E-17
6339.44517427969  1.556425687557737E-17
6336.25519179329  1.470227512029301E-17
6333.06548863029  1.291907803323999E-17
6329.87606505075  1.334304201157853E-17
6326.68692131715  1.055953292822329E-17
6323.49805769431  1.578986542456753E-17
6320.30947444946  1.487581099536174E-17
6317.12117185219  1.177336588322442E-17
6313.93315017448  1.565410027062921E-17
6310.74540969068  1.504951065219175E-17
6307.55795067751  1.531611427234004E-17
6304.37077341408  1.842864437050559E-17
6301.18387818188  1.546096352376542E-17
6297.99726526477  1.934038931144114E-17
6294.810934949  1.609655918028382E-17
6291.62488752318  1.105630617125936E-17
6288.4391232783  1.596595563336782E-17
6285.25364250775  1.393700070478345E-17
6282.06844550728  1.273696925830276E-17
6278.88353257502  1.129344975389157E-17
6275.69890401148  1.512932200077454E-17
6272.51456011955  1.628539624232355E-17
6269.33050120448  1.512340600503356E-17
6266.14672757394  1.607721308011743E-17
6262.96323953793  1.150903287385759E-17
6259.78003740886  1.209327302204563E-17
6256.5971215015  1.135382318525998E-17
6253.41449213301  1.487952834503455E-17
6250.23214962292  1.366478962726267E-17
6247.05009429315  1.646950844870438E-17
6243.86832646799  1.609294274664574E-17
6240.6868464741  1.116808060589181E-17
6237.50565464053  1.765942595783538E-17
6234.3247512987  1.243526257449956E-17
6231.14413678241  1.280136609617063E-17
6227.96381142785  1.509078696475814E-17
6224.78377557357  1.123411857009498E-17
6221.60402956051  1.158216143027157E-17
6218.42457373198  1.043998961327774E-17
6215.24540843367  1.674841389892256E-17
6212.06653401366  1.339082658120449E-17
6208.88795082239  1.376895896334331E-17
6205.70965921269  1.315525464173612E-17
6202.53165953976  1.262866319197874E-17
6199.35395216118  1.153629426530550E-17
6196.17653743692  1.301197455193275E-17
6192.99941572931  1.207305672787484E-17
6189.82258740307  1.441944552524888E-17
6186.64605282529  1.433062287107293E-17
6183.46981236545  1.304792299417369E-17
6180.29386639539  1.844584807288548E-17
6177.11821528934  1.157403934383691E-17
6173.94285942392  1.500647906236552E-17
6170.76779917809  1.425508308317337E-17
6167.59303493324  1.238844332464844E-17
6164.41856707309  1.613328434511995E-17
6161.24439598376  1.422858352506962E-17
6158.07052205376  1.119743641865070E-17
6154.89694567395  1.707006142575258E-17
6151.72366723759  1.368609779984203E-17
6148.55068714031  1.245177806260979E-17
6145.37800578012  1.393619668522805E-17
6142.2056235574  1.385046024191755E-17
6139.03354087492  1.299903992869426E-17
6135.86175813782  1.557678039005142E-17
6132.69027575362  1.293280261396346E-17
6129.51909413222  1.784157940052569E-17
6126.3482136859  1.535435814078081E-17
6123.17763482931  1.258136086864990E-17
6120.00735797948  1.732242430447516E-17
6116.83738355583  1.028096331333380E-17
6113.66771198015  1.573042091702702E-17
6110.49834367659  1.589258305867314E-17
6107.32927907171  1.551033628016749E-17
6104.16051859443  1.552720414721867E-17
6100.99206267605  1.472818076271695E-17
6097.82391175024  1.527245402524826E-17
6094.65606625307  1.490372503231295E-17
6091.48852662297  1.461788780856158E-17
6088.32129330075  1.502578049477883E-17
6085.15436672961  1.064176460727841E-17
6081.98774735511  1.136556584123578E-17
6078.8214356252  1.342860391977979E-17
6075.65543199021  1.499399194383841E-17
6072.48973690283  1.516968179722223E-17
6069.32435081815  1.554032654045621E-17
6066.15927419364  1.159852306278787E-17
6062.99450748911  1.756992501555715E-17
6059.8300511668  1.377366644820934E-17
6056.66590569129  1.730604281962415E-17
6053.50207152956  1.486033279173964E-17
6050.33854915095  1.238018144469026E-17
6047.1753390272  1.634667047337903E-17
6044.0124416324  1.013190288540991E-17
6040.84985744304  1.284994641354586E-17
6037.68758693798  1.220271977043436E-17
6034.52563059847  1.300772367076484E-17
6031.36398890811  1.419977778741808E-17
6028.20266235291  1.714817870844086E-17
6025.04165142124  1.354035436617447E-17
6021.88095660384  1.348035730198478E-17
6018.72057839386  1.872775122564355E-17
6015.56051728679  1.311738300457100E-17
6012.40077378052  1.471858712197256E-17
6009.24134837533  1.361167801449186E-17
6006.08224157383  1.185350810405224E-17
6002.92345388107  1.428796351252235E-17
5999.76498580442  1.087790316546637E-17
5996.60683785368  1.540596097611433E-17
5993.449010541  1.273708919949158E-17
5990.29150438089  9.335750644814357E-18
5987.13431989029  1.479638676730562E-17
5983.97745758847  1.463045433642748E-17
5980.8209179971  1.473865948671677E-17
5977.66470164022  1.427708939618973E-17
5974.50880904425  1.111222109912610E-17
5971.35324073801  1.399594559523398E-17
5968.19799725265  1.133390054020664E-17
5965.04307912174  1.635180064753808E-17
5961.88848688122  1.048540761917118E-17
5958.73422106939  1.593740963042862E-17
5955.58028222695  1.568515428518567E-17
5952.42667089696  1.412988268001857E-17
5949.27338762487  1.359542887853887E-17
5946.1204329585  1.468106455502593E-17
5942.96780744806  1.328412772681066E-17
5939.81551164612  1.706316439380511E-17
5936.66354610765  1.225227533375180E-17
5933.51191138998  1.190040924478400E-17
5930.36060805282  1.209450634833895E-17
5927.20963665827  1.133118490625563E-17
5924.0589977708  1.524728126484705E-17
5920.90869195725  1.299038348358389E-17
5917.75871978686  1.840166835636902E-17
5914.60908183122  1.454279138947034E-17
5911.45977866432  2.026939751176068E-17
5908.31081086252  1.486714545126463E-17
5905.16217900455  2.004977278732172E-17
5902.01388367154  1.529335687932748E-17
5898.86592544698  2.042866121254041E-17
5895.71830491674  2.150704665095844E-17
5892.57102266907  1.500066067393682E-17
5889.4240792946  1.202171114571183E-17
5886.27747538634  1.217498523167607E-17
5883.13121153967  1.484145156707751E-17
5879.98528835235  1.470006820241872E-17
5876.83970642453  1.133576665966856E-17
5873.69446635872  1.344654712162729E-17
5870.54956875982  1.691098301343005E-17
5867.40501423511  1.765981969580696E-17
5864.26080339423  1.370213269601637E-17
5861.11693684923  1.713042575813425E-17
5857.9734152145  1.624907805034879E-17
5854.83023910683  1.518551734286894E-17
5851.6874091454  1.266924467283059E-17
5848.54492595174  1.310538144106347E-17
5845.40279014976  1.532473183996161E-17
5842.26100236579  1.960520787582755E-17
5839.11956322848  1.727915448663251E-17
5835.97847336889  1.361211559303590E-17
5832.83773342047  1.726713555233212E-17
5829.69734401901  1.482795694256432E-17
5826.55730580271  1.816789553473295E-17
5823.41761941213  1.635050859142128E-17
5820.27828549022  1.402093306717798E-17
5817.13930468231  1.633636214858539E-17
5814.00067763609  1.650503420165231E-17
5810.86240500164  2.022025305720767E-17
5807.72448743142  2.027782151911892E-17
5804.58692558027  2.149147911183019E-17
5801.4497201054  2.196674896766233E-17
5798.3128716664  1.696054105828933E-17
5795.17638092524  1.391277589336422E-17
5792.04024854627  2.017819919486548E-17
5788.90447519621  1.867289426178025E-17
5785.76906154416  1.672177702883713E-17
5782.63400826162  2.037140211617827E-17
5779.49931602242  1.744469814262274E-17
5776.36498550283  1.816881039649044E-17
5773.23101738144  2.149166109156496E-17
5770.09741233926  1.820018535712457E-17
5766.96417105965  1.946396182315044E-17
5763.83129422837  2.022852155461076E-17
5760.69878253354  1.767522014445147E-17
5757.56663666567  1.740319849129096E-17
5754.43485731764  1.781076195962441E-17
5751.30344518472  1.853860314369349E-17
5748.17240096454  2.016874286610277E-17
5745.04172535712  1.840711451352207E-17
5741.91141906485  2.059855583855268E-17
5738.78148279252  1.812978566955142E-17
5735.65191724727  2.001379043067567E-17
5732.52272313863  2.137888824993315E-17
5729.39390117851  1.532841113932625E-17
5726.2654520812  1.749245127938543E-17
5723.13737656336  1.522820482556035E-17
5720.00967534403  1.618434785869407E-17
5716.88234914463  1.723378032131152E-17
5713.75539868897  1.872031983502037E-17
5710.62882470321  1.885171085787952E-17
5707.50262791591  1.955847217121831E-17
5704.376809058  1.601630115417025E-17
5701.25136886279  1.734003001663273E-17
5698.12630806598  1.677173542911288E-17
5695.00162740563  1.879968285171116E-17
5691.87732762217  1.545907755196880E-17
5688.75340945843  1.606214515807916E-17
5685.62987365963  2.081906399188584E-17
5682.50672097332  1.923981076639960E-17
5679.38395214947  1.881067442769077E-17
5676.26156794042  2.071148088141719E-17
5673.13956910087  2.102363733789878E-17
5670.01795638791  1.812925958268183E-17
5666.89673056102  1.689769849279245E-17
5663.77589238203  2.154422511077025E-17
5660.65544261519  1.778409696539815E-17
5657.53538202708  1.873001273743827E-17
5654.41571138668  1.785161806443963E-17
5651.29643146537  2.032130971264328E-17
5648.17754303686  2.253106977951949E-17
5645.05904687729  1.885460929874591E-17
5641.94094376513  2.245523716968308E-17
5638.82323448127  1.984875797230398E-17
5635.70591980894  2.030608793501107E-17
5632.58900053378  2.161583082767652E-17
5629.47247744379  2.327192086026280E-17
5626.35635132935  1.966641758679524E-17
5623.24062298323  1.871389264166083E-17
5620.12529320056  1.778289259042628E-17
5617.01036277886  1.925394728306813E-17
5613.89583251803  2.288148664805410E-17
5610.78170322033  2.694535220563322E-17
5607.66797569042  3.048830573554075E-17
5604.55465073533  3.333471363267453E-17
5601.44172916446  3.349678478445326E-17
5598.3292117896  3.366688289689622E-17
5595.21709942492  3.426168862304840E-17
5592.10539288695  2.944613426434029E-17
5588.99409299461  3.375786283810970E-17
5585.8832005692  3.547407070325512E-17
5582.77271643439  2.052592607204807E-17
5579.66264141624  3.187289358439122E-17
5576.55297634318  1.882523115211047E-17
5573.44372204602  2.473765347284349E-17
5570.33487935795  1.963206146723347E-17
5567.22644911452  1.561032918133535E-17
5564.11843215369  2.729377391453036E-17
5561.01082931577  2.110978819869618E-17
5557.90364144347  1.972787048886304E-17
5554.79686938185  1.787442839701139E-17
5551.69051397839  2.201496697992928E-17
5548.58457608291  1.896202697309204E-17
5545.47905654761  2.047956425307570E-17
5542.3739562271  2.175848474175618E-17
5539.26927597834  1.859653225635181E-17
5536.16501666067  2.047467561565551E-17
5533.06117913582  1.849618532188177E-17
5529.95776426789  1.692639669696437E-17
5526.85477292336  1.959753329410428E-17
5523.75220597108  1.916867323372004E-17
5520.6500642823  1.817836929564910E-17
5517.54834873062  1.971090501449958E-17
5514.44706019204  2.207086619136439E-17
5511.34619954493  1.891879355119634E-17
5508.24576767003  1.590800170529113E-17
5505.14576545047  2.287731600340561E-17
5502.04619377175  1.893227824954218E-17
5498.94705352176  2.204917586134202E-17
5495.84834559076  1.899440778535104E-17
5492.75007087138  1.812288698324272E-17
5489.65223025864  2.279466577096054E-17
5486.55482464993  2.000971408461701E-17
5483.45785494503  2.148470450261338E-17
5480.36132204609  2.022211090486347E-17
5477.26522685763  1.900853106712977E-17
5474.16957028655  1.674297270485318E-17
5471.07435324215  2.205746421107980E-17
5467.97957663609  1.661697489958788E-17
5464.8852413824  2.217621591417914E-17
5461.7913483975  2.211076442103027E-17
5458.6978986002  1.765161902721410E-17
5455.60489291166  1.890625018438759E-17
5452.51233225543  1.910266918392198E-17
5449.42021755745  2.249238419663161E-17
5446.32854974603  1.863946623886576E-17
5443.23732975184  1.992891011929915E-17
5440.14655850796  1.916745066077468E-17
5437.05623694983  2.355720883608745E-17
5433.96636601527  2.082968664531224E-17
5430.87694664447  1.901738686276777E-17
5427.78797978002  2.250057163033466E-17
5424.69946636686  2.256555659361805E-17
5421.61140735232  1.952897160185221E-17
5418.52380368614  1.599566630660951E-17
5415.43665632037  2.124688676778194E-17
5412.34996620951  2.076307875366703E-17
5409.26373431038  1.969721848408427E-17
5406.17796158221  2.175675427991472E-17
5403.09264898661  1.812218057099960E-17
5400.00779748755  2.056631233827536E-17
5396.92340805138  1.970747221495748E-17
5393.83948164685  2.099215649814623E-17
5390.75601924506  1.885793787353082E-17
5387.67302181951  1.987486048371371E-17
5384.59049034606  2.098736877676078E-17
5381.50842580296  2.158801274367636E-17
5378.42682917084  1.688129219252308E-17
5375.3457014327  2.255126622135558E-17
5372.26504357392  2.214497164808179E-17
5369.18485658225  1.999908646810692E-17
5366.10514144785  1.956380417744682E-17
5363.02589916321  2.565081785571019E-17
5359.94713072323  2.469635069049750E-17
5356.8688371252  2.063618097589526E-17
5353.79101936874  2.002225248834208E-17
5350.71367845589  2.035643841889718E-17
5347.63681539106  2.217365992608635E-17
5344.56043118103  2.132833924270003E-17
5341.48452683496  2.009408319837496E-17
5338.40910336438  2.330930115214408E-17
5335.33416178323  1.931868078344530E-17
5332.25970310778  1.858395580231855E-17
5329.18572835672  2.125405015188665E-17
5326.11223855109  2.121555316617843E-17
5323.03923471433  2.291352831626196E-17
5319.96671787223  2.177202899710613E-17
5316.894689053  2.158554774545095E-17
5313.82314928719  1.685406802420273E-17
5310.75209960774  1.901168593398605E-17
5307.68154104997  2.352455009114263E-17
5304.61147465158  2.074515044107055E-17
5301.54190145264  2.123632367135964E-17
5298.47282249561  1.981961309060129E-17
5295.40423882532  2.404653249052686E-17
5292.33615148898  2.249974941280578E-17
5289.26856153618  2.112834351419696E-17
5286.20147001888  1.950747317773195E-17
5283.13487799142  2.111182637172551E-17
5280.06878651053  2.443298796398919E-17
5277.0031966353  1.717188405043541E-17
5273.93810942722  2.441180552286294E-17
5270.87352595014  2.072565710275513E-17
5267.8094472703  1.600499855828033E-17
5264.7458744563  2.114965499549878E-17
5261.68280857913  2.485404936555828E-17
5258.62025071217  2.280869144542699E-17
5255.55820193116  2.378694667069547E-17
5252.49666331422  1.882731399289288E-17
5249.43563594185  2.146106368070662E-17
5246.37512089694  2.501590048729408E-17
5243.31511926474  2.074507599481542E-17
5240.25563213289  1.246962531150624E-17
5237.1966605914  2.021709488162895E-17
5234.13820573267  1.830587918707415E-17
5231.08026865146  1.918673885829820E-17
5228.02285044492  2.040435368305993E-17
5224.96595221258  2.317198917046027E-17
5221.90957505635  1.999378589474168E-17
5218.85372008049  2.338774268963248E-17
5215.79838839169  2.316439565243704E-17
5212.74358109896  2.623504228746659E-17
5209.68929931374  2.131318198515562E-17
5206.63554414981  2.491248305839025E-17
5203.58231672334  1.940758946440496E-17
5200.52961815289  2.239810711349649E-17
5197.47744955939  2.342027570312419E-17
5194.42581206613  2.272001272067763E-17
5191.37470679881  2.323822979391352E-17
5188.32413488549  2.217199067561022E-17
5185.27409745661  1.986309301231953E-17
5182.22459564498  2.064391015153896E-17
5179.1756305858  1.915945844169620E-17
5176.12720341666  2.334940452260187E-17
5173.07931527749  1.962204265565423E-17
5170.03196731063  2.160106399938122E-17
5166.98516066079  2.614394157788368E-17
5163.93889647505  1.999565532292605E-17
5160.89317590289  2.342862857294975E-17
5157.84800009614  2.539496096608018E-17
5154.80337020902  2.553078071393894E-17
5151.75928739813  2.349401720037207E-17
5148.71575282245  2.496751538454340E-17
5145.67276764334  2.617738945313287E-17
5142.63033302452  2.174965210717535E-17
5139.58845013211  2.016039992244456E-17
5136.5471201346  2.659850379426116E-17
5133.50634420284  2.530011643704486E-17
5130.4661235101  2.461402636721377E-17
5127.42645923198  2.103987323896197E-17
5124.3873525465  2.129608912497782E-17
5121.34880463403  2.547546052893262E-17
5118.31081667732  2.516007310497840E-17
5115.27338986152  1.643895074251545E-17
5112.23652537413  2.285157248838173E-17
5109.20022440505  2.351633453329875E-17
5106.16448814654  2.410437723076270E-17
5103.12931779326  2.139655351909484E-17
5100.09471454222  1.954536797595424E-17
5097.06067959283  2.034009663871558E-17
5094.02721414688  2.359698464302267E-17
5090.99431940852  2.393850766561111E-17
5087.96199658429  2.386946786296499E-17
5084.9302468831  2.386993935591414E-17
5081.89907151624  2.482955820198182E-17
5078.8684716974  2.504377316521467E-17
5075.83844864261  2.382439810010942E-17
5072.80900357031  2.348130674307958E-17
5069.78013770129  2.386014719182274E-17
5066.75185225876  2.635945686903946E-17
5063.72414846825  2.351732549567259E-17
5060.69702755772  2.338477145687219E-17
5057.67049075749  2.378323759282879E-17
5054.64453930024  2.339449248343092E-17
5051.61917442105  2.315062144087681E-17
5048.59439735738  2.373271174665282E-17
5045.57020934904  3.008135934394426E-17
5042.54661163826  2.574831598015059E-17
5039.52360546961  2.619558411788658E-17
5036.50119209006  2.551422055807563E-17
5033.47937274896  2.384676671823408E-17
5030.45814869801  2.324724275386790E-17
5027.43752119132  2.767584036766248E-17
5024.41749148537  3.054449776891270E-17
5021.398060839  2.668253707269043E-17
5018.37923051346  2.913618638009422E-17
5015.36100177234  2.420740092169495E-17
5012.34337588164  2.802611992421541E-17
5009.32635410972  3.202352648265956E-17
5006.30993772734  2.998592917103525E-17
5003.2941280076  2.916648766029326E-17
5000.27892622601  3.181644677939059E-17
4997.26433366045  3.258848091486594E-17
4994.25035159116  3.465841106227373E-17
4991.2369813008  3.164643469373134E-17
4988.22422407437  3.375962638717566E-17
4985.21208119926  2.705367481556950E-17
4982.20055396523  2.658978365624363E-17
4979.18964366444  2.948780100615580E-17
4976.17935159141  2.701485853814483E-17
4973.16967904303  2.666407605577946E-17
4970.1606273186  2.725640024009399E-17
4967.15219771976  2.269315912927170E-17
4964.14439155056  2.491624507581614E-17
4961.13721011741  2.760069762645694E-17
4958.1306547291  2.176795595976992E-17
4955.12472669681  2.285228717243098E-17
4952.11942733407  2.443171410584585E-17
4949.11475795682  2.474163552031233E-17
4946.11071988336  2.358484990343652E-17
4943.10731443437  2.231894096579149E-17
4940.10454293292  2.414798453829527E-17
4937.10240670444  2.555618839363412E-17
4934.10090707675  2.989714953025115E-17
4931.10004538005  2.324092143962677E-17
4928.0998229469  2.924415991981199E-17
4925.10024111225  2.481611982575027E-17
4922.10130121344  2.324546266118969E-17
4919.10300459018  2.495834360591142E-17
4916.10535258454  2.843078329732124E-17
4913.10834654099  2.854865984333251E-17
4910.11198780637  2.934562520247020E-17
4907.1162777299  2.354479285509303E-17
4904.12121766318  3.130588774426571E-17
4901.12680896017  1.658169564646250E-17
4898.13305297725  2.427489720531806E-17
4895.13995107312  2.872723821141536E-17
4892.14750460891  2.607920476878405E-17
4889.1557149481  2.513122435393500E-17
4886.16458345655  2.948550475277537E-17
4883.17411150251  3.075290096116176E-17
4880.1843004566  2.973967750267821E-17
4877.19515169182  2.771980832594213E-17
4874.20666658355  3.036358675150246E-17
4871.21884650953  2.614807086350154E-17
4868.23169284991  2.975986732706940E-17
4865.24520698719  2.719329297680110E-17
4862.25939030627  3.405538977827767E-17
4859.2742441944  2.912017216343519E-17
4856.28977004125  2.945154733426884E-17
4853.30596923882  2.452990540763957E-17
4850.32284318152  2.464255417217950E-17
4847.34039326613  2.380624975747001E-17
4844.35862089181  2.904639757896282E-17
4841.37752746009  2.564881111554413E-17
4838.39711437489  2.550658237229932E-17
4835.4173830425  2.787533151599189E-17
4832.43833487158  3.704869502603351E-17
4829.45997127319  3.032456367892466E-17
4826.48229366074  2.446823909297375E-17
4823.50530345005  2.871051261942953E-17
4820.52900205929  2.257554728105646E-17
4817.55339090903  2.862125983133505E-17
4814.5784714222  2.328449400557361E-17
4811.60424502411  2.602428824791665E-17
4808.63071314247  3.129044924531303E-17
4805.65787720734  2.974874340219179E-17
4802.68573865117  2.741990241433244E-17
4799.71429890879  3.594201670194372E-17
4796.7435594174  3.121695921097136E-17
4793.7735216166  3.003186085608909E-17
4790.80418694833  3.105253886625297E-17
4787.83555685695  2.099000251983115E-17
4784.86763278917  2.497359681640689E-17
4781.90041619408  2.849570704923931E-17
4778.93390852316  2.930246291810718E-17
4775.96811123026  2.517149977796021E-17
4773.0030257716  2.966470185195641E-17
4770.03865360581  2.794091701239999E-17
4767.07499619386  2.689360213215068E-17
4764.11205499912  2.809955701899786E-17
4761.14983148733  2.977812485754967E-17
4758.18832712661  2.687160905402412E-17
4755.22754338746  2.927116902117308E-17
4752.26748174275  3.405371556471787E-17
4749.30814366774  2.990365116986582E-17
4746.34953064006  2.890044321423906E-17
4743.39164413972  2.978457024888268E-17
4740.43448564911  3.365685085042718E-17
4737.478056653  3.389681594612881E-17
4734.52235863852  3.321032882960370E-17
4731.56739309521  3.762629208672214E-17
4728.61316151495  3.431072719848299E-17
4725.65966539205  4.112106730903214E-17
4722.70690622313  3.697324291927887E-17
4719.75488550725  3.755558799668356E-17
4716.80360474581  3.706496401432121E-17
4713.8530654426  3.683696325899954E-17
4710.9032691038  3.429060023981835E-17
4707.95421723795  3.281399020218259E-17
4705.00591135596  3.292063032675292E-17
4702.05835297116  2.888380695775940E-17
4699.11154359921  3.097324864145609E-17
4696.16548475818  3.098528577372996E-17
4693.22017796849  3.588691985570279E-17
4690.27562475298  3.446450669180150E-17
4687.33182663682  2.903331489039468E-17
4684.3887851476  3.048829250065095E-17
4681.44650181525  3.787440987454110E-17
4678.5049781721  3.550029232867305E-17
4675.56421575287  3.093980407492935E-17
4672.62421609463  3.378806485663524E-17
4669.68498073684  2.933538470648679E-17
4666.74651122135  3.453110465727937E-17
4663.80880909236  3.588581143368196E-17
4660.87187589648  3.361884024691914E-17
4657.93571318267  3.242836852677772E-17
4655.00032250229  3.214911896942472E-17
4652.06570540907  3.105966916313318E-17
4649.13186345912  3.365731407157021E-17
4646.19879821091  2.824239456717352E-17
4643.26651122532  3.890946097502871E-17
4640.33500406558  3.230930745812929E-17
4637.40427829731  3.292446844479517E-17
4634.47433548851  3.309289234367831E-17
4631.54517720955  3.241971290884796E-17
4628.61680503319  3.742841063186475E-17
4625.68922053456  2.582747551041069E-17
4622.76242529117  3.320438636408312E-17
4619.83642088291  3.558400631538587E-17
4616.91120889203  3.392737199795652E-17
4613.98679090319  4.175932317840050E-17
4611.0631685034  3.466936624230638E-17
4608.14034328207  3.650793066366064E-17
4605.21831683097  3.479535246704311E-17
4602.29709074426  3.585400137604563E-17
4599.37666661847  3.700198909992631E-17
4596.45704605251  3.512415345181049E-17
4593.53823064767  3.230677959417733E-17
4590.62022200762  4.190128060640439E-17
4587.70302173841  3.455148969629513E-17
4584.78663144845  3.391187063327727E-17
4581.87105274856  3.629501768271195E-17
4578.9562872519  3.897347151955050E-17
4576.04233657404  3.751594619300757E-17
4573.12920233292  3.585814720527574E-17
4570.21688614884  3.972296002025011E-17
4567.3053896445  4.587632681853002E-17
4564.39471444496  4.184783481266612E-17
4561.48486217769  4.121789045409268E-17
4558.57583447249  3.823253606638471E-17
4555.66763296158  3.875839794284182E-17
4552.76025927954  3.251752867064359E-17
4549.85371506332  3.020345781980199E-17
4546.94800195227  3.298965689450925E-17
4544.0431215881  2.926092190774477E-17
4541.13907561491  4.532582488598619E-17
4538.23586567916  3.498158391015330E-17
4535.33349342971  3.960673452674150E-17
4532.43196051778  3.463681833956365E-17
4529.53126859698  3.966741649647838E-17
4526.6314193233  3.388223109756827E-17
4523.7324143551  3.693499739647688E-17
4520.83425535311  3.427797084622589E-17
4517.93694398046  3.591514987564799E-17
4515.04048190264  4.184232248106407E-17
4512.14487078753  3.325823251323787E-17
4509.25011230537  3.854740732963670E-17
4506.3562081288  3.092907057930085E-17
4503.46315993283  4.162800660179647E-17
4500.57096939484  4.025771243393093E-17
4497.6796381946  3.533404226043969E-17
4494.78916801425  3.696401158364279E-17
4491.8995605383  3.455731966525239E-17
4489.01081745367  4.149988294235692E-17
4486.12294044962  3.367532344786671E-17
4483.23593121781  4.438328566520651E-17
4480.34979145227  3.781070373248471E-17
4477.46452284941  3.838748353872813E-17
4474.58012710803  3.849004400851736E-17
4471.69660592928  4.217992135882656E-17
4468.81396101671  4.090984177653304E-17
4465.93219407625  4.415559592979517E-17
4463.05130681619  4.096429011317373E-17
4460.17130094721  3.967004031338141E-17
4457.29217818238  4.415105636259347E-17
4454.41394023712  3.882261362815553E-17
4451.53658882925  4.360777737115845E-17
4448.66012567896  4.361848108828488E-17
4445.78455250882  3.703765712793960E-17
4442.90987104377  3.908009510050859E-17
4440.03608301113  3.780802035857759E-17
4437.16319014062  4.413832770732751E-17
4434.29119416432  4.287972608321377E-17
4431.42009681667  4.530789822775093E-17
4428.54989983452  3.603201726131194E-17
4425.68060495709  3.329460860785550E-17
4422.81221392597  3.811842484652179E-17
4419.94472848512  4.169840959809209E-17
4417.0781503809  4.072108577819333E-17
4414.21248136203  4.007670546356963E-17
4411.34772317962  3.820510344854999E-17
4408.48387758715  4.131999762890623E-17
4405.62094634049  5.013968187007732E-17
4402.75893119787  4.184978365018929E-17
4399.89783391991  3.752416836829634E-17
4397.0376562696  3.584090214386523E-17
4394.17840001232  4.096978259244108E-17
4391.32006691582  4.246287337660135E-17
4388.46265875023  3.838373475619205E-17
4385.60617728805  4.622013285960912E-17
4382.75062430418  4.085580372147617E-17
4379.89600157587  4.199493068663519E-17
4377.04231088277  4.273365260448181E-17
4374.18955400689  3.494305383722058E-17
4371.33773273263  4.771829922400801E-17
4368.48684884678  3.910421568717064E-17
4365.63690413847  4.187533360494983E-17
4362.78790039925  4.599696614778721E-17
4359.93983942302  4.332423970950997E-17
4357.09272300608  4.566960114856321E-17
4354.24655294708  4.306518990271551E-17
4351.40133104706  3.507110139604379E-17
4348.55705910947  3.767967832345631E-17
4345.71373894008  4.431851080579870E-17
4342.87137234708  3.997565707994015E-17
4340.02996114102  3.587438641506138E-17
4337.18950713485  3.952105846761572E-17
4334.35001214386  4.159595831614372E-17
4331.51147798575  4.035168015151697E-17
4328.6739064806  4.454206463814728E-17
4325.83729945083  3.393592835421276E-17
4323.00165872128  3.853011925483434E-17
4320.16698611916  4.625758098030061E-17
4317.33328347403  4.199382888205928E-17
4314.50055261786  3.658763447876381E-17
4311.66879538498  4.449876007871890E-17
4308.83801361211  3.989712455258436E-17
4306.00820913834  3.111772731596705E-17
4303.17938380514  3.621480763307391E-17
4300.35153945636  4.088335214459664E-17
4297.52467793822  4.638737554457754E-17
4294.69880109933  4.585017798500599E-17
4291.87391079067  4.442086282607356E-17
4289.0500088656  4.476642910749617E-17
4286.22709717986  3.855013040821321E-17
4283.40517759156  3.839684722326224E-17
4280.58425196121  4.483612403718744E-17
4277.76432215166  3.328878856506558E-17
4274.94539002817  3.889124976666274E-17
4272.12745745838  4.046797181947455E-17
4269.31052631228  4.685602299242558E-17
4266.49459846226  3.894159197874271E-17
4263.67967578309  4.640338645251412E-17
4260.8657601519  4.552875545130259E-17
4258.05285344821  4.538347275723623E-17
4255.24095755393  4.566190506014403E-17
4252.43007435331  4.513416052061275E-17
4249.62020573302  3.862423255620817E-17
4246.81135358209  4.105463147095431E-17
4244.00351979192  4.942955724036791E-17
4241.1967062563  5.160165411959336E-17
4238.3909148714  4.103645334981285E-17
4235.58614753576  4.949523207228217E-17
4232.7824061503  5.211909860613712E-17
4229.97969261831  4.270001944077540E-17
4227.17800884549  4.422039064153767E-17
4224.37735673987  3.969409472559444E-17
4221.57773821189  5.394539759336845E-17
4218.77915517437  5.133879928198115E-17
4215.9816095425  4.435093297708833E-17
4213.18510323383  4.529656254463651E-17
4210.38963816831  4.835682971733973E-17
4207.59521626828  5.778456119190876E-17
4204.80183945841  4.755138741128460E-17
4202.00950966581  4.915082715243960E-17
4199.21822881993  5.291904843292490E-17
4196.42799885259  4.275847464030330E-17
4193.63882169801  4.359062164525409E-17
4190.85069929279  4.335048780470750E-17
4188.06363357589  5.136430622334983E-17
4185.27762648866  4.178806605032549E-17
4182.49267997482  4.678491192952562E-17
4179.70879598049  4.447651222896368E-17
4176.92597645413  5.342040921963819E-17
4174.14422334661  3.519069186028426E-17
4171.36353861117  4.556522088142639E-17
4168.58392420342  5.234311896835118E-17
4165.80538208135  5.774519401219615E-17
4163.02791420534  4.988226326345083E-17
4160.25152253813  4.614643437575310E-17
4157.47620904486  4.949548684391084E-17
4154.70197569303  5.124685650253466E-17
4151.92882445251  5.167826758792801E-17
4149.15675729558  4.966135640906241E-17
4146.38577619687  6.075880488962893E-17
4143.6158831334  5.015489868462585E-17
4140.84708008457  5.395321279579585E-17
4138.07936903215  4.514295179616295E-17
4135.31275196029  5.227075389964259E-17
4132.54723085552  4.831864706026429E-17
4129.78280770674  4.904383630328954E-17
4127.01948450525  4.901689006765500E-17
4124.25726324471  6.088843401778333E-17
4121.49614592116  5.456172325033681E-17
4118.73613453301  6.301658444542507E-17
4115.97723108108  4.906581283780385E-17
4113.21943756852  3.967673385889818E-17
4110.4627560009  3.716910936216408E-17
4107.70718838615  6.013809517541403E-17
4104.95273673458  3.652753484417815E-17
4102.19940305888  4.358785555328571E-17
4099.4471893741  5.363173732253324E-17
4096.69609769771  5.318716083051048E-17
4093.94613004951  5.173633897565168E-17
4091.19728845171  5.253594800402709E-17
4088.44957492888  4.641815328080941E-17
4085.70299150799  5.428431003394367E-17
4082.95754021836  6.112074603845764E-17
4080.21322309172  4.638900674474549E-17
4077.47004216214  5.214121410699434E-17
4074.72799946609  4.639424776110662E-17
4071.98709704243  6.374607171891312E-17
4069.24733693238  6.168811914677510E-17
4066.50872117954  6.923643340389711E-17
4063.77125182989  5.625616964792719E-17
4061.03493093178  7.302975796161216E-17
4058.29976053596  6.135240954953168E-17
4055.56574269554  5.495506748394048E-17
4052.832879466  6.491040453169788E-17
4050.10117290524  5.652542686348054E-17
4047.37062507347  6.020053738549444E-17
4044.64123803335  4.556743441674557E-17
4041.91301384987  5.856673656169402E-17
4039.18595459041  4.581318646801263E-17
4036.46006232473  4.472816373235946E-17
4033.73533912498  4.724306410976159E-17
4031.01178706567  5.645630103405072E-17
4028.28940822369  5.242477492969996E-17
4025.56820467831  6.062357740308876E-17
4022.84817851119  5.992419950389762E-17
4020.12933180636  4.697961039338590E-17
4017.41166665022  6.568755064335880E-17
4014.69518513156  6.063585938082395E-17
4011.97988934154  5.565986507050507E-17
4009.2657813737  5.948078437345490E-17
4006.55286332395  6.639668927377806E-17
4003.84113729061  6.754318807255615E-17
4001.13060537433  5.189613372638467E-17
3998.42126967818  6.481267148796352E-17
3995.71313230758  6.827220550745629E-17
3993.00619537035  5.649208155862730E-17
3990.30046097667  6.159352938936844E-17
3987.5959312391  6.758555957225356E-17
3984.89260827259  5.984002560476422E-17
3982.19049419447  4.865228539725388E-17
3979.48959112442  5.536900520607426E-17
3976.78990118453  5.273707531560813E-17
3974.09142649925  6.293264215686320E-17
3971.39416919541  5.785801483030348E-17
3968.69813140223  6.554548733623649E-17
3966.00331525129  4.874419839819832E-17
3963.30972287657  7.532943256107291E-17
3960.6173564144  7.022063274904740E-17
3957.92621800351  6.269392444952528E-17
3955.23630978501  6.668779067494772E-17
3952.54763390236  6.845085666743302E-17
3949.86019250144  6.582195756673131E-17
3947.17398773046  7.484657745902366E-17
3944.48902174006  6.817955466140546E-17
3941.80529668321  6.119182401413310E-17
3939.1228147153  7.003615162011338E-17
3936.44157799405  5.410039469654863E-17
3933.76158867961  7.431457459369894E-17
3931.08284893448  5.907833784439070E-17
3928.40536092352  6.509823408775151E-17
3925.72912681402  5.826181793557225E-17
3923.0541487756  7.205529949535529E-17
3920.38042898028  7.523983235712115E-17
3917.70796960245  6.704028872990352E-17
3915.03677281888  4.667761336918769E-17
3912.36684080873  6.796538767464812E-17
3909.69817575352  5.217331864092873E-17
3907.03077983716  8.088833112289057E-17
3904.36465524593  6.927807036721057E-17
3901.69980416849  6.003662327531094E-17
3899.03622879589  6.972596550785087E-17
3896.37393132153  4.045795300789531E-17
3893.71291394122  5.860579272149630E-17
3891.05317885314  5.280570483667044E-17
3888.39472825782  5.829143100150167E-17
3885.73756435821  5.264597626038646E-17
3883.08168935961  6.979635526925670E-17
3880.42710546971  4.401860820291148E-17
3877.77381489857  6.964175852149299E-17
3875.12181985862  7.532331804198491E-17
3872.47112256471  7.656972040642472E-17
3869.82172523401  6.843220209025875E-17
3867.17363008611  7.472712596112609E-17
3864.52683934296  5.152458073883811E-17
3861.8813552289  6.601517372293390E-17
3859.23717997062  6.691889170320521E-17
3856.59431579724  5.510357618239579E-17
3853.95276494019  5.959878003347435E-17
3851.31252963335  5.589420864676377E-17
3848.67361211291  8.712597439069984E-17
3846.03601461749  7.692233095794382E-17
3843.39973938807  5.215532249952205E-17
3840.76478866799  6.067661622396567E-17
3838.131164703  5.315361700231023E-17
3835.49886974121  7.414001301467065E-17
3832.8679060331  6.688107962304422E-17
3830.23827583155  7.794922605759165E-17
3827.6099813918  5.998273080404188E-17
3824.98302497148  5.415573307952843E-17
3822.35740883058  6.613694794399149E-17
3819.7331352315  6.272266401272784E-17
3817.11020643899  7.210402374215712E-17
3814.48862472018  6.265967255472070E-17
3811.86839234459  6.327741765362018E-17
3809.24951158412  7.153061552409047E-17
3806.63198471302  7.610473240560660E-17
3804.01581400796  6.763957777497574E-17
3801.40100174796  6.993789579823188E-17
3798.78755021443  6.265230072110162E-17
3796.17546169114  6.872937168840209E-17
3793.56473846426  8.780118538111462E-17
3790.95538282232  6.560635459443059E-17
3788.34739705625  6.671308254935714E-17
3785.74078345933  1.095472276720968E-16
3783.13554432725  8.081915897134642E-17
3780.53168195805  8.670744747052761E-17
3777.92919865216  6.829469158522794E-17
3775.32809671239  7.963003059251980E-17
3772.72837844392  6.560265544273125E-17
3770.13004615432  5.433448680990115E-17
3767.53310215353  6.034650498510800E-17
3764.93754875386  9.407050635766223E-17
3762.34338827002  6.937996578378729E-17
3759.75062301907  6.221619124982895E-17
3757.15925532048  7.211141542811089E-17
3754.56928749608  9.079707474110408E-17
3751.98072187006  8.765816916192665E-17
3749.39356076903  7.189347649776034E-17
3746.80780652194  6.821706895654595E-17
3744.22346146014  6.481429937940902E-17
3741.64052791735  5.576167446029809E-17
3739.05900822967  7.139360132742719E-17
3736.47890473557  7.572475210197935E-17
3733.90021977592  1.032658695632753E-16
3731.32295569395  8.235874723209953E-17
3728.74711483526  9.371465987558682E-17
3726.17269954785  7.615584555001748E-17
3723.59971218209  8.979271204134221E-17
3721.02815509071  8.542378889129842E-17
3718.45803062885  6.892672374766744E-17
3715.88934115401  8.469160831773589E-17
3713.32208902606  5.089463638026467E-17
3710.75627660726  8.412420212219391E-17
3708.19190626225  8.579097767393315E-17
3705.62898035804  6.420987519709406E-17
3703.06750126403  7.667989424657186E-17
3700.50747135198  9.805964772742576E-17
3697.94889299604  8.909230182074658E-17
3695.39176857274  7.022602596664123E-17
3692.83610046098  7.293395059434384E-17
3690.28189104204  8.766006836861308E-17
3687.72914269959  9.591536396911680E-17
3685.17785781966  8.731568330110519E-17
3682.62803879066  7.145835302577784E-17
3680.0796880034  8.985078673778833E-17
3677.53280785104  9.370454841977897E-17
3674.98740072913  8.913927906209471E-17
3672.4434690356  5.917485327826339E-17
3669.90101517076  7.082787596288993E-17
3667.3600415373  9.729318878927903E-17
3664.82055054026  1.137823196164744E-16
3662.2825445871  1.307744225782163E-16
3659.74602608763  7.455108207444009E-17
3657.21099745405  1.026353461782731E-16
3654.67746110093  9.514692641494484E-17
3652.14541944523  4.078758117327526E-17
3649.61487490627  8.011133721246235E-17
3647.08582990576  8.021004963804198E-17
3644.5582868678  5.047660245973752E-17
3642.03224821883  6.786832961029359E-17
3639.50771638772  5.092344873536113E-17
3636.98469380567  6.948876319539518E-17
3634.46318290628  8.450378537912715E-17
3631.94318612554  8.728273504294598E-17
3629.42470590179  4.351964954869705E-17
3626.90774467578  6.208427910318391E-17
3624.3923048906  4.897270869677731E-17
3621.87838899175  6.377997288913800E-17
3619.36599942709  6.421426256306305E-17
3616.85513864688  8.114809230501180E-17
3614.34580910372  1.314845405904808E-16
3611.83801325263  8.365542894289276E-17
3609.33175355098  9.013383470851415E-17
3606.82703245852  1.048721947558492E-16
3604.3238524374  8.898612491731929E-17
3601.82221595213  3.316156487813248E-17
3599.32212546959  3.622974320621417E-17
3596.82358345905  1.382880415717254E-16
3594.32659239217  9.075391576546351E-17
3591.83115474297  8.472693223861433E-17
3589.33727298784  6.265442492091465E-17
3586.84494960558  4.600471186704314E-17
3584.35418707733  5.434221929426729E-17
3581.86498788664  4.614614982562237E-17
3579.37735451943  8.690594434776073E-17
3576.89128946398  8.379776356525599E-17
3574.40679521096  6.236304558705917E-17
3571.92387425343  1.530885658964550E-16
3569.44252908681  8.835609122323971E-17
3566.96276220891  5.825123002373158E-17
3564.48457611991  9.734448060470221E-17
3562.00797332237  2.923261247846075E-17
3559.53295632123  1.994249474106299E-16
3557.0595276238  8.973954087156730E-17
3554.5876897398  1.279838195939278E-16
3552.11744518127  2.021976005756260E-17
3549.64879646269  6.742995035542009E-17
3547.18174610087  1.040736676797150E-16
3544.71629661503  9.083768600045798E-17
3542.25245052675  5.398764667033519E-17
3539.79021035999  1.812418764203790E-16
3537.3295786411  1.000337837424550E-16
3534.87055789879  1.945764381763176E-17
3532.41315066416  5.408921121466691E-17
3529.95735947069  1.900906046272181E-16
3527.50318685423  1.001915634812158E-16
3525.05063535302  1.150930633976810E-16
3522.59970750766  8.266913848515395E-17
3520.15040586113  -1.799467729701945E-17
3517.70273295881  1.419155528125705E-16
3515.25669134844  1.011140948573391E-16
3512.81228358014  2.674932165011449E-16
3510.36951220642  1.067187001110839E-16
3507.92837978214  4.393731950975467E-17
3505.48888886456  -4.001891200853178E-17
3503.05104201332  1.828602122754472E-16
3500.61484179043  1.542767810678853E-16
3498.18029076028  1.277210011522626E-16
3495.74739148964  1.014940619260765E-16
3493.31614654766  8.226133182572038E-17
3490.88655850585  2.870395605502219E-16
3488.45862993812  1.788359587430420E-16
3486.03236342074  2.988448374071174E-17
3483.60776153239  1.746310357299654E-16
3481.18482685409  1.451870984573321E-16
3478.76356196926  1.577330990091565E-16
3476.34396946368  1.764208163475137E-16
3473.92605192554  1.873078896372508E-16
3471.50981194537  7.316898900231710E-17
3469.09525211611  1.000518956891475E-16
3466.68237503306  6.618032529531379E-17
3464.27118329389  6.097595634403635E-17
3461.86167949868  1.965383517706158E-16
3459.45386624985  1.203759284803673E-16
3457.04774615224  9.408744039916241E-17
3454.64332181302  5.740266182926037E-17
3452.24059584177  1.360900837178291E-16
3449.83957085044  1.078287169361260E-16
3447.44024945337  1.824043100264773E-16
3445.04263426725  4.324766925456716E-17
3442.64672791118  1.664480456411662E-17
3440.25253300661  5.932940370391280E-17
3437.86005217738  1.596095152153412E-16
3435.46928804971  9.112040971638371E-17
3433.08024325221  7.210605529774156E-17
3430.69292041584  5.693061301473352E-17
3428.30732217396  8.363794565346582E-17
3425.92345116229  8.090716437107715E-17
3423.54131001895  1.237284451809304E-16
3421.16090138442  1.387617579823672E-16
3418.78222790157  -1.359853163301656E-16
3416.40529221564  1.876720443213988E-17
3414.03009697425  2.651672110884253E-16
3411.65664482741  1.421678759866237E-16
3409.28493842747  5.358991837948502E-17
3406.91498042921  4.059993293521188E-16
3404.54677348976  1.575128307382010E-16
3402.18032026861  1.078348843947732E-16
3399.81562342768  1.362375071553207E-16
3397.45268563121  6.745570214225010E-18
3395.09150954586  1.627580425594039E-16
3392.73209784065  2.555382728929365E-16
3390.37445318698  8.399800744794282E-17
3388.01857825863  3.944373031523180E-16
3385.66447573175  -3.813544822352813E-17
3383.31214828489  2.238669963110489E-16
3380.96159859894  1.570406760445557E-16
3378.61282935722  -2.374579046475402E-16
3376.26584324538  8.304193224361933E-17
3373.92064295147  3.449614469587043E-16
3371.57723116592  1.020389423391775E-16
3369.23561058153  -1.172792024949852E-16
3366.89578389348  8.205269040545491E-17
3364.55775379933  -7.208573974189725E-17
3362.22152299902  1.366037033212204E-16
3359.88709419486  8.793087406627314E-17
3357.55447009155  -3.854046893865859E-17
3355.22365339616  7.379333831122724E-17
3352.89464681813  1.802000523650358E-16
3350.5674530693  6.438668008994361E-16
3348.24207486387  4.061775503781770E-16
3345.91851491843  -1.428309439656462E-16
3343.59677595193  1.144872495519370E-16
3341.27686068572  -9.735457220817536E-17
3338.95877184351  -2.391484500613618E-16
3336.6425121514  -1.179053054267939E-16
3334.32808433786  2.079253862574698E-16
3332.01549113374  -2.409229046765207E-16
3329.70473527228  5.555520753242689E-16
3327.39581948907  4.811948843854112E-17
3325.08874652212  -3.169849016229604E-16
3322.78351911177  8.291852748413825E-16
3320.48014000078  2.298600985200079E-16
3318.17861193426  -1.397170920328618E-16
3315.87893765971  7.882070914026404E-16
3313.58111992701  -3.228099736710078E-16
3311.28516148841  5.738876916543643E-16
3308.99106509853  9.844776087083562E-17
3306.6988335144  3.970778952781588E-17
3304.4084694954  3.088334800550586E-16
3302.11997580329  5.631742601188143E-16
3299.83335520223  3.572760619321405E-16
3297.54861045872  -5.884044070022045E-16
3295.26574434168  -2.242238089400798E-16
3292.98475962238  1.148034151874115E-15
3290.70565907447  6.240939814160868E-16
3288.428445474  2.724158278834520E-16
3286.15312159936  2.770460276104993E-16
3283.87969023136  2.389905842958173E-16
3281.60815415316  -3.232838356654374E-16
3279.3385161503  7.877035832550570E-17
3277.07077901072  1.166344145457556E-15
3274.80494552471  -8.214831248426603E-17
3272.54101848495  -1.171758803572879E-15
3270.27900068651  1.752530331989579E-15
3268.01889492681  1.327307086973712E-15
3265.76070400568  -2.222280934372303E-15
3263.5044307253  -2.848198048328237E-16
3261.25007789025  2.308994873556278E-15
3258.99764830748  -6.350927571757432E-16
3256.7471447863  -4.767467768896890E-16
3254.49857013843  1.893587046333193E-15
3252.25192717795  -2.026016624229903E-15
3250.00721872131  -1.947702796810633E-17
3247.76444758736  -1.307887691987604E-15
3245.52361659732  -2.291790999122832E-15
3243.28472857477  -1.656441326266275E-15
3241.0477863457  -1.181133049549040E-16
3238.81279273845  -1.650706701455127E-15
3236.57975058374  -2.109934295896755E-15
3234.3486627147  2.696538916704722E-16
3232.11953196679  4.596550072668128E-15
3229.8923611779  -1.317805283129650E-15
3227.66715318824  2.789763362879530E-15
3225.44391084045  -2.237697569287042E-15
3223.22263697953  4.524524320064254E-15
3221.00333445284  4.583620326486529E-16
3218.78600611013  -1.858506488608386E-16
3216.57065480355  6.870541309679122E-15
3214.3572833876  -6.926238808158775E-15
3212.14589471917  -2.046160285325473E-16
3209.93649165751  -5.506808100204331E-15
3207.72907706428  7.450580683992038E-16
3205.5236538035  5.248159389980179E-15
3203.32022474156  4.760146863133771E-15
3201.11879274724  1.298221309641891E-14
3198.91936069169  -3.308155785170398E-15
3196.72193144846  1.936817913895158E-15
3194.52650789345  2.216643294833615E-15
3192.33309290495  -7.894004867099388E-15
3190.14168936363  -7.305753190725486E-15
3187.95230015253  -1.347551661457034E-14
3185.76492815708  5.539776740093836E-15
3183.57957626507  -2.509582228103226E-15
3181.39624736669  -3.278799486691048E-14
3179.2149443545  -6.316912105024239E-15
3177.03567012343  -3.483519557339298E-15
3174.85842757079  1.261815155942543E-14
3172.68321959627  3.058439799704694E-14
3170.51004910195  5.147082101351375E-14
3168.33891899227  7.569030851303088E-14
3166.16983217406  1.105510980339581E-14
3164.00279155652  4.782027418227245E-15
3161.83780005123  -7.882037985620580E-15
3159.67486057216  -1.729532688669443E-14
3157.51397603563  -2.378790727223211E-14
3155.35514936037  -9.422828186125830E-15
3153.19838346747  -4.760223096099024E-15
3151.0436812804  -1.813829576986781E-15
3148.89104572501  -1.366934062279170E-14
3146.74047972953  -9.567893589771445E-15
3144.59198622456  -4.117698630662748E-15
3142.44556814309  2.429624223706551E-14
3140.30122842049  2.046972515806506E-14
3138.15896999448  -1.152361897311521E-14
3136.01879580519  1.281577620448112E-14
