4275.  -1.485506E-18
4279.51142631994  1.172963E-17
4284.02285263987  2.492094E-17
4288.53427895981  3.052556E-17
4293.04570527975  7.144393E-18
4297.55713159969  6.715978E-18
4302.06855791962  3.816662E-17
4306.57998423956  2.981605E-17
4311.0914105595  6.175889E-18
4315.60283687943  -3.467483E-19
4320.11426319937  1.479682E-17
4324.62568951931  2.134225E-19
4329.13711583925  1.310722E-17
4333.64854215918  3.631708E-17
4338.15996847912  8.754135E-18
4342.67139479906  3.099247E-17
4347.18282111899  -1.962034E-17
4351.69424743893  4.160541E-18
4356.20567375887  1.227640E-17
4360.7171000788  1.291470E-18
4365.22852639874  1.046542E-17
4369.73995271868  5.418833E-18
4374.25137903862  2.020760E-17
4378.76280535855  3.063172E-17
4383.27423167849  3.474943E-17
4387.78565799843  1.882086E-17
4392.29708431836  1.270065E-17
4396.8085106383  1.267925E-17
4401.31993695824  -2.797786E-18
4405.83136327817  4.065857E-18
4410.34278959811  1.807038E-17
4414.85421591805  1.808522E-17
4419.36564223798  1.261123E-17
4423.87706855792  2.779621E-17
4428.38849487786  2.493366E-17
4432.8999211978  1.187157E-17
4437.41134751773  -3.692008E-18
4441.92277383767  4.030658E-18
4446.43420015761  1.775523E-17
4450.94562647754  -1.174765E-17
4455.45705279748  5.959705E-18
4459.96847911742  1.275913E-17
4464.47990543736  2.316609E-17
4468.99133175729  2.435283E-17
4473.50275807723  -5.739091E-18
4478.01418439717  -2.164442E-19
4482.5256107171  1.000073E-17
4487.03703703704  3.694476E-18
4491.54846335698  2.660500E-17
4496.05988967691  6.396932E-18
4500.57131599685  1.005429E-17
4505.08274231679  1.856332E-17
4509.59416863673  6.190178E-18
4514.10559495666  2.702893E-17
4518.6170212766  6.114877E-18
4523.12844759654  2.285255E-17
4527.63987391647  4.706473E-18
4532.15130023641  1.077444E-17
4536.66272655635  1.230675E-17
4541.17415287629  -8.220859E-19
4545.68557919622  1.531388E-17
4550.19700551616  1.059239E-17
4554.70843183609  1.376917E-17
4559.21985815603  8.774528E-18
4563.73128447597  3.959138E-18
4568.24271079591  1.102646E-17
4572.75413711584  4.985460E-18
4577.26556343578  4.788107E-18
4581.77698975572  2.024811E-17
4586.28841607566  2.735033E-17
4590.79984239559  9.484326E-18
4595.31126871553  5.542419E-18
4599.82269503547  1.530470E-17
4604.3341213554  3.682501E-18
4608.84554767534  1.465033E-17
4613.35697399528  3.061546E-18
4617.86840031521  4.383513E-18
4622.37982663515  7.192539E-18
4626.89125295509  3.418231E-18
4631.40267927503  1.198782E-17
4635.91410559496  6.541761E-18
4640.4255319149  1.097759E-17
4644.93695823484  2.408240E-17
4649.44838455477  8.804061E-18
4653.95981087471  1.557976E-17
4658.47123719465  1.177903E-17
4662.98266351458  1.139557E-17
4667.49408983452  6.300188E-18
4672.00551615446  2.306690E-17
4676.51694247439  1.826058E-17
4681.02836879433  8.890377E-18
4685.53979511427  6.242871E-18
4690.05122143421  9.385790E-18
4694.56264775414  2.810076E-18
4699.07407407408  1.471639E-17
4703.58550039402  6.113747E-18
4708.09692671396  -7.472709E-18
4712.60835303389  -6.965580E-18
4717.11977935383  -1.992019E-18
4721.63120567376  7.668289E-18
4726.1426319937  1.443412E-17
4730.65405831364  1.331080E-17
4735.16548463358  1.531351E-17
4739.67691095351  1.525916E-17
4744.18833727345  1.200750E-17
4748.69976359339  2.161332E-17
4753.21118991332  1.482744E-17
4757.72261623326  1.251882E-17
4762.2340425532  1.594180E-17
4766.74546887314  1.410672E-17
4771.25689519307  1.309018E-17
4775.76832151301  8.674899E-18
4780.27974783295  1.473059E-17
4784.79117415288  4.971994E-18
4789.30260047282  8.537108E-18
4793.81402679276  1.563607E-17
4798.32545311269  1.230895E-17
4802.83687943263  1.088774E-17
4807.34830575257  1.217427E-17
4811.85973207251  1.066001E-17
4816.37115839244  1.383293E-17
4820.88258471238  1.245770E-17
4825.39401103232  9.045025E-18
4829.90543735225  1.969096E-17
4834.41686367219  9.972826E-18
4838.92828999213  1.071915E-17
4843.43971631206  1.522119E-17
4847.951142632  5.259203E-18
4852.46256895194  1.685479E-17
4856.97399527188  2.112977E-17
4861.48542159181  4.013859E-18
4865.99684791175  4.671905E-18
4870.50827423169  1.660778E-17
4875.01970055162  1.339671E-17
4879.53112687156  1.023392E-17
4884.0425531915  8.777326E-18
4888.55397951143  8.570404E-18
4893.06540583137  1.261597E-17
4897.57683215131  1.445676E-17
4902.08825847125  1.166811E-17
4906.59968479118  1.200124E-17
4911.11111111112  1.539017E-17
4915.62253743106  1.291224E-17
4920.13396375099  1.371436E-17
4924.64539007093  1.141045E-17
4929.15681639087  1.183121E-17
4933.6682427108  1.053770E-17
4938.17966903074  1.397638E-17
4942.69109535068  1.515875E-17
4947.20252167062  1.359971E-17
4951.71394799055  1.574222E-17
4956.22537431049  1.706259E-17
4960.73680063043  1.428428E-17
4965.24822695036  1.699200E-17
4969.7596532703  1.304862E-17
4974.27107959024  1.455699E-17
4978.78250591018  1.229070E-17
4983.29393223011  1.032404E-17
4987.80535855005  1.645971E-17
4992.31678486999  1.611974E-17
4996.82821118992  1.620790E-17
5001.33963750986  2.579079E-17
5005.8510638298  1.279624E-17
5010.36249014973  1.481013E-17
5014.87391646967  1.466051E-17
5019.38534278961  1.703715E-17
5023.89676910955  1.618123E-17
5028.40819542948  1.974443E-17
5032.91962174942  1.359542E-17
5037.43104806936  2.879415E-18
5041.94247438929  1.397049E-17
5046.45390070923  2.421333E-17
5050.96532702917  1.784521E-17
5055.4767533491  2.029765E-17
5059.98817966904  1.365288E-17
5064.49960598898  1.004935E-17
5069.01103230892  1.604776E-17
5073.52245862885  2.123999E-17
5078.03388494879  1.240190E-17
5082.54531126873  1.196517E-17
5087.05673758866  1.711789E-17
5091.5681639086  1.698946E-17
5096.07959022854  1.310722E-17
5100.59101654848  1.590318E-17
5105.10244286841  2.250455E-17
5109.61386918835  1.913909E-17
5114.12529550829  1.720171E-17
5118.63672182822  2.258379E-17
5123.14814814816  1.734959E-17
5127.6595744681  1.662342E-17
5132.17100078803  1.076359E-17
5136.68242710797  1.571088E-17
5141.19385342791  1.898659E-17
5145.70527974785  1.554619E-17
5150.21670606778  1.441287E-17
5154.72813238772  1.753619E-17
5159.23955870766  1.324243E-17
5163.75098502759  1.691051E-17
5168.26241134753  1.238668E-17
5172.77383766747  1.003160E-17
5177.2852639874  1.248498E-17
5181.79669030734  1.281530E-17
5186.30811662728  7.841370E-18
5190.81954294722  5.242586E-18
5195.33096926715  8.755220E-18
5199.84239558709  1.163491E-17
5204.35382190703  1.693803E-17
5208.86524822696  2.074362E-17
5213.3766745469  2.089365E-17
5217.88810086684  2.206137E-17
5222.39952718677  1.609922E-17
5226.91095350671  1.509497E-17
5231.42237982665  1.503356E-17
5235.93380614659  1.828535E-17
5240.44523246652  5.914413E-18
5244.95665878646  1.233783E-17
5249.4680851064  9.941064E-18
5253.97951142633  1.456604E-17
5258.49093774627  1.736802E-17
5263.00236406621  7.883819E-18
5267.51379038615  1.067953E-17
5272.02521670608  1.335608E-17
5276.53664302602  1.061374E-17
5281.04806934596  8.707570E-18
5285.55949566589  9.381873E-18
5290.07092198583  1.207173E-17
5294.58234830577  1.131041E-17
5299.0937746257  9.135053E-18
5303.60520094564  1.117247E-17
5308.11662726558  7.963316E-18
5312.62805358552  1.076129E-17
5317.13947990545  4.876545E-18
5321.65090622539  4.729655E-18
5326.16233254533  5.178318E-18
5330.67375886526  2.847716E-19
5335.1851851852  1.302781E-17
5339.69661150514  1.134130E-17
5344.20803782507  7.431133E-18
5348.71946414501  7.263520E-18
5353.23089046495  7.915767E-18
5357.74231678488  1.152145E-17
5362.25374310482  1.252926E-17
5366.76516942476  1.267769E-17
5371.2765957447  9.877765E-18
5375.78802206463  1.322729E-17
5380.29944838457  1.411607E-17
5384.81087470451  1.074139E-17
5389.32230102444  1.324090E-17
5393.83372734438  9.944705E-18
5398.34515366432  1.334788E-17
5402.85657998425  1.304719E-17
5407.36800630419  1.309745E-17
5411.87943262413  1.348786E-17
5416.39085894407  1.349634E-17
5420.902285264  1.811295E-17
5425.41371158394  1.795564E-17
5429.92513790388  1.605125E-17
5434.43656422381  1.762678E-17
5438.94799054375  1.500386E-17
5443.45941686369  1.198194E-17
5447.97084318362  1.752328E-17
5452.48226950356  2.062857E-17
5456.9936958235  1.877291E-17
5461.50512214344  2.014587E-17
5466.01654846337  2.134701E-17
5470.52797478331  1.784539E-17
5475.03940110325  1.877464E-17
5479.55082742318  1.573785E-17
5484.06225374312  1.477461E-17
5488.57368006306  1.661718E-17
5493.08510638299  1.987798E-17
5497.59653270293  1.912804E-17
5502.10795902287  1.312888E-17
5506.61938534281  1.820246E-17
5511.13081166274  1.951178E-17
5515.64223798268  2.265120E-17
5520.15366430262  1.464519E-17
5524.66509062256  1.581149E-17
5529.17651694249  2.055325E-17
5533.68794326243  2.019308E-17
5538.19936958236  1.707979E-17
5542.7107959023  1.468250E-17
5547.22222222224  1.769175E-17
5551.73364854218  1.418436E-17
5556.24507486211  1.151998E-17
5560.75650118205  1.189674E-17
5565.26792750199  1.680087E-17
5569.77935382192  5.619617E-18
5574.29078014186  -9.522652E-19
5578.8022064618  -1.469727E-17
5583.31363278174  1.690698E-17
5587.82505910167  -1.195574E-17
5592.33648542161  2.438444E-17
5596.84791174155  1.558694E-17
5601.35933806148  1.860436E-17
5605.87076438142  1.592430E-17
5610.38219070136  1.561443E-17
5614.8936170213  1.781574E-17
5619.40504334123  1.053766E-17
5623.91646966117  1.613406E-17
5628.42789598111  1.859698E-17
5632.93932230104  1.604132E-17
5637.45074862098  1.327183E-17
5641.96217494092  1.349362E-17
5646.47360126085  1.627895E-17
5650.98502758079  1.825006E-17
5655.49645390073  1.657190E-17
5660.00788022066  1.958267E-17
5664.5193065406  1.826990E-17
5669.03073286054  1.942857E-17
5673.54215918048  1.641151E-17
5678.05358550041  1.657934E-17
5682.56501182035  2.030454E-17
5687.07643814029  1.590325E-17
5691.58786446022  1.541520E-17
5696.09929078016  1.953538E-17
5700.6107171001  1.539766E-17
5705.12214342003  1.606740E-17
5709.63356973997  1.250910E-17
5714.14499605991  1.267152E-17
5718.65642237985  1.817109E-17
5723.16784869978  1.484011E-17
5727.67927501972  1.248248E-17
5732.19070133966  1.467182E-17
5736.70212765959  2.208220E-17
5741.21355397953  1.700332E-17
5745.72498029947  1.133602E-17
5750.23640661941  1.585096E-17
5754.74783293934  1.674827E-17
5759.25925925928  1.656365E-17
5763.77068557922  1.659795E-17
5768.28211189915  1.375595E-17
5772.79353821909  1.276431E-17
5777.30496453903  1.953552E-17
5781.81639085897  1.434678E-17
5786.3278171789  1.458192E-17
5790.83924349884  1.351090E-17
5795.35066981878  9.641542E-18
5799.86209613871  1.920763E-17
5804.37352245865  1.534227E-17
5808.88494877859  1.684013E-17
5813.39637509852  1.659214E-17
5817.90780141846  1.970383E-17
5822.4192277384  1.324954E-17
5826.93065405833  1.624141E-17
5831.44208037827  1.996979E-17
5835.95350669821  1.830153E-17
5840.46493301815  1.729882E-17
5844.97635933808  1.589379E-17
5849.48778565802  1.430889E-17
5853.99921197796  1.623238E-17
5858.51063829789  1.634748E-17
5863.02206461783  1.783028E-17
5867.53349093777  1.366656E-17
5872.04491725771  1.332155E-17
5876.55634357764  1.824781E-17
5881.06776989758  1.182981E-17
5885.57919621752  2.130214E-17
5890.09062253745  2.102160E-17
5894.60204885739  1.311936E-17
5899.11347517733  1.130953E-17
5903.62490149726  1.390543E-17
5908.1363278172  1.553492E-17
5912.64775413714  9.741021E-18
5917.15918045708  7.432271E-18
5921.67060677701  1.336926E-17
5926.18203309695  1.838778E-17
5930.69345941689  1.746774E-17
5935.20488573682  1.147404E-17
5939.71631205676  9.525673E-18
5944.2277383767  1.631102E-17
5948.73916469663  9.129862E-18
5953.25059101657  9.191633E-18
5957.76201733651  9.483012E-18
5962.27344365645  9.481427E-18
5966.78486997638  1.050034E-17
5971.29629629632  7.412000E-18
5975.80772261626  6.013907E-18
5980.31914893619  7.418022E-18
5984.83057525613  9.619252E-18
5989.34200157607  1.120700E-17
5993.853427896  1.323126E-17
5998.36485421594  1.684526E-17
6002.87628053588  1.480081E-17
6007.38770685581  1.047369E-17
6011.89913317575  1.331904E-17
6016.41055949569  1.204540E-17
6020.92198581563  1.235622E-17
6025.43341213556  1.686451E-17
6029.9448384555  1.390425E-17
6034.45626477544  9.604177E-18
6038.96769109537  6.096571E-18
6043.47911741531  5.288190E-18
6047.99054373525  1.245989E-17
6052.50197005518  1.161663E-17
6057.01339637512  8.181106E-18
6061.52482269506  7.629635E-18
6066.036249015  1.137288E-17
6070.54767533493  9.172965E-18
6075.05910165487  9.375834E-18
6079.57052797481  1.290242E-17
6084.08195429475  1.253241E-17
6088.59338061468  1.035728E-17
6093.10480693462  1.103170E-17
6097.61623325456  1.155841E-17
6102.12765957449  1.055760E-17
6106.63908589443  1.009244E-17
6111.15051221437  1.505261E-17
6115.6619385343  1.688694E-17
6120.17336485424  1.386535E-17
6124.68479117418  1.264154E-17
6129.19621749412  1.293227E-17
6133.70764381405  1.024056E-17
6138.21907013399  1.488308E-17
6142.73049645393  1.413742E-17
6147.24192277386  9.719026E-18
6151.7533490938  1.402139E-17
6156.26477541374  1.620122E-17
6160.77620173367  1.456603E-17
6165.28762805361  1.459530E-17
6169.79905437355  1.646255E-17
6174.31048069349  1.139675E-17
6178.82190701342  1.230197E-17
6183.33333333336  1.233182E-17
6187.8447596533  1.231535E-17
6192.35618597323  1.363239E-17
6196.86761229317  1.424235E-17
6201.37903861311  1.395172E-17
6205.89046493304  1.399586E-17
6210.40189125298  1.455046E-17
6214.91331757292  1.298002E-17
6219.42474389285  1.307886E-17
6223.93617021279  1.180233E-17
6228.44759653273  2.068985E-17
6232.95902285267  1.192377E-17
6237.4704491726  8.115737E-18
6241.98187549254  1.092815E-17
6246.49330181248  1.061004E-17
6251.00472813241  1.515682E-17
6255.51615445235  1.006984E-17
6260.02758077229  7.329353E-18
6264.53900709222  1.229472E-17
6269.05043341216  1.080873E-17
6273.5618597321  1.676061E-17
6278.07328605204  1.865986E-17
6282.58471237197  1.893248E-17
6287.09613869191  1.564255E-17
6291.60756501185  1.733357E-17
6296.11899133179  8.799107E-18
6300.63041765172  6.235003E-18
6305.14184397166  1.314889E-17
6309.65327029159  1.115777E-17
6314.16469661153  1.781889E-17
6318.67612293147  1.684861E-17
6323.18754925141  1.593725E-17
6327.69897557134  1.495736E-17
6332.21040189128  1.580690E-17
6336.72182821122  1.050839E-17
6341.23325453116  1.122341E-17
6345.74468085109  1.260672E-17
6350.25610717103  5.785033E-18
6354.76753349097  1.594463E-17
6359.2789598109  1.567919E-17
6363.79038613084  1.491113E-17
6368.30181245078  1.473817E-17
6372.81323877071  1.231841E-17
6377.32466509065  1.470823E-17
6381.83609141059  8.018682E-18
6386.34751773053  1.191601E-17
6390.85894405046  1.744221E-17
6395.3703703704  1.281775E-17
6399.88179669034  1.565382E-17
6404.39322301027  1.634280E-17
6408.90464933021  1.274959E-17
6413.41607565015  1.597159E-17
6417.92750197009  1.496408E-17
6422.43892829002  1.156012E-17
6426.95035460996  1.466734E-17
6431.46178092989  1.448181E-17
6435.97320724983  1.439100E-17
6440.48463356977  1.514725E-17
6444.99605988971  1.317194E-17
6449.50748620964  1.366557E-17
6454.01891252958  1.700720E-17
6458.53033884952  1.464159E-17
6463.04176516945  1.593879E-17
6467.55319148939  1.842209E-17
6472.06461780933  1.145394E-17
6476.57604412926  1.474705E-17
6481.0874704492  1.624034E-17
6485.59889676914  1.280891E-17
6490.11032308908  1.270856E-17
6494.62174940901  1.209598E-17
6499.13317572895  1.103608E-17
6503.64460204889  9.261711E-18
6508.15602836882  1.180049E-17
6512.66745468876  1.126122E-17
6517.1788810087  1.645481E-17
6521.69030732864  1.546312E-17
6526.20173364857  1.294617E-17
6530.71315996851  1.012320E-17
6535.22458628845  8.854991E-18
6539.73601260838  1.191756E-17
6544.24743892832  1.026662E-17
6548.75886524826  1.612167E-17
6553.27029156819  1.113539E-17
6557.78171788813  1.074264E-17
6562.29314420807  1.312887E-17
6566.80457052801  6.578134E-18
6571.31599684794  1.329376E-17
6575.82742316788  1.241152E-17
6580.33884948782  1.021048E-17
6584.85027580775  1.185219E-17
6589.36170212769  1.501761E-17
6593.87312844763  1.087957E-17
6598.38455476757  1.127912E-17
6602.8959810875  1.011844E-17
6607.40740740744  1.073456E-17
6611.91883372738  1.278254E-17
6616.43026004731  1.017950E-17
6620.94168636725  1.004135E-17
6625.45311268719  1.120047E-17
6629.96453900712  7.310669E-18
6634.47596532706  1.163263E-17
6638.987391647  1.463332E-17
6643.49881796693  1.169672E-17
6648.01024428687  8.083020E-18
6652.52167060681  9.275104E-18
6657.03309692675  9.145251E-18
6661.54452324668  9.030999E-18
6666.05594956662  1.037548E-17
6670.56737588656  8.181215E-18
6675.07880220649  8.123919E-18
6679.59022852643  8.089380E-18
6684.10165484637  1.057316E-17
6688.6130811663  1.347611E-17
6693.12450748624  1.198018E-17
6697.63593380618  1.277111E-17
6702.14736012612  9.873027E-18
6706.65878644605  7.216975E-18
6711.17021276599  7.467479E-18
6715.68163908593  1.181580E-17
6720.19306540586  1.111345E-17
6724.7044917258  8.945019E-18
6729.21591804574  1.042126E-17
6733.72734436567  1.051149E-17
6738.23877068561  1.053113E-17
6742.75019700555  1.091481E-17
6747.26162332549  1.178843E-17
6751.77304964542  1.125538E-17
6756.28447596536  1.122223E-17
6760.7959022853  9.977330E-18
6765.30732860523  1.134999E-17
6769.81875492517  7.913711E-18
6774.33018124511  6.862121E-18
6778.84160756505  6.506706E-18
6783.35303388498  6.262764E-18
6787.86446020492  5.312032E-18
6792.37588652486  1.185950E-17
6796.88731284479  1.486240E-17
6801.39873916473  1.255560E-17
6805.91016548467  1.115214E-17
6810.4215918046  1.091395E-17
6814.93301812454  6.756379E-18
6819.44444444448  5.479713E-18
6823.95587076441  9.373731E-18
6828.46729708435  1.270185E-17
6832.97872340429  8.136694E-18
6837.49014972423  5.225202E-18
6842.00157604416  8.262135E-18
6846.5130023641  7.335158E-18
6851.02442868404  9.372414E-18
6855.53585500397  1.581528E-17
6860.04728132391  1.003508E-17
6864.55870764385  5.450383E-18
6869.07013396379  1.671935E-17
6873.58156028372  8.992016E-18
6878.09298660366  8.827684E-18
6882.6044129236  1.209243E-17
6887.11583924353  9.966420E-18
6891.62726556347  8.358045E-18
6896.13869188341  6.936292E-18
6900.65011820334  1.227216E-17
6905.16154452328  1.302010E-17
6909.67297084322  1.265603E-17
6914.18439716316  7.267192E-18
6918.69582348309  5.449365E-18
6923.20724980303  2.610018E-18
6927.71867612297  6.861773E-18
6932.2301024429  1.134615E-17
6936.74152876284  3.160299E-18
6941.25295508278  9.114986E-18
6945.76438140271  4.275878E-18
6950.27580772265  7.542534E-18
6954.78723404259  9.846773E-18
6959.29866036253  9.522593E-18
6963.81008668246  9.784972E-18
6968.3215130024  1.015634E-17
6972.83293932234  8.343868E-18
6977.34436564227  7.735803E-18
6981.85579196221  2.655574E-18
6986.36721828215  5.901887E-18
6990.87864460208  1.031348E-17
6995.39007092202  1.167140E-17
6999.90149724196  1.283632E-17
7004.4129235619  1.202584E-17
7008.92434988183  1.371143E-17
7013.43577620177  6.163951E-18
7017.94720252171  4.918906E-18
7022.45862884164  8.352886E-18
7026.97005516158  8.470692E-18
7031.48148148152  7.695174E-18
7035.99290780146  8.441666E-18
7040.50433412139  7.846908E-18
7045.01576044133  9.746103E-18
7049.52718676127  1.089434E-17
7054.0386130812  7.443041E-18
7058.55003940114  7.843706E-18
7063.06146572108  1.006781E-17
7067.57289204101  1.113978E-17
7072.08431836095  8.247596E-18
7076.59574468089  1.121296E-17
7081.10717100082  9.430575E-18
7085.61859732076  1.267765E-17
7090.1300236407  1.289651E-17
7094.64144996064  9.801874E-18
7099.15287628057  8.354066E-18
7103.66430260051  7.381824E-18
7108.17572892045  1.116321E-17
7112.68715524039  1.288798E-17
7117.19858156032  7.808775E-18
7121.71000788026  8.904839E-18
7126.2214342002  8.734831E-18
7130.73286052013  6.684156E-18
7135.24428684007  7.541864E-18
7139.75571316001  1.152843E-17
7144.26713947994  1.240739E-17
7148.77856579988  1.392727E-17
7153.28999211982  1.097904E-17
7157.80141843976  8.570862E-18
7162.31284475969  1.077130E-17
7166.82427107963  1.165455E-17
7171.33569739957  1.311734E-17
7175.8471237195  7.412056E-18
7180.35855003944  6.047084E-18
7184.86997635938  1.034715E-17
7189.38140267931  1.117095E-17
7193.89282899925  1.067625E-17
7198.40425531919  1.109229E-17
7202.91568163912  1.336797E-17
7207.42710795906  1.466256E-17
7211.938534279  1.162769E-17
7216.44996059893  1.274477E-17
7220.96138691887  1.398291E-17
7225.47281323881  7.689936E-18
7229.98423955875  1.242027E-17
7234.49566587868  7.509731E-18
7239.00709219862  1.953971E-18
7243.51851851856  5.752926E-18
7248.02994483849  1.132320E-17
7252.54137115843  1.221217E-17
7257.05279747837  5.777765E-18
7261.56422379831  7.317333E-18
7266.07565011824  1.781846E-17
7270.58707643818  4.899087E-18
7275.09850275812  4.067341E-18
7279.60992907805  6.991890E-18
7284.12135539799  -8.353482E-18
7288.63278171793  -2.894509E-18
7293.14420803786  1.152022E-17
7297.6556343578  9.189642E-18
7302.16706067774  9.420358E-18
7306.67848699768  -5.306450E-19
7311.18991331761  5.244486E-18
7315.70133963755  1.127553E-17
7320.21276595749  1.147365E-17
7324.72419227742  1.274832E-17
7329.23561859736  -5.405127E-19
7333.7470449173  1.280195E-17
7338.25847123723  1.795263E-17
7342.76989755717  1.571665E-17
7347.28132387711  1.464522E-17
7351.79275019705  9.277081E-18
7356.30417651698  1.013440E-17
7360.81560283692  -7.351336E-19
7365.32702915686  -5.585935E-18
7369.83845547679  5.946236E-18
7374.34988179673  6.819095E-18
7378.86130811667  8.272231E-18
7383.37273443661  1.088393E-17
7387.88416075654  9.356291E-18
7392.39558707648  1.305091E-17
7396.90701339642  1.103979E-17
7401.41843971635  6.328624E-18
7405.92986603629  4.219809E-18
7410.44129235623  7.767037E-18
7414.95271867616  1.517891E-18
7419.4641449961  8.908977E-18
7423.97557131604  1.092922E-17
7428.48699763598  8.540077E-18
7432.99842395591  1.089895E-17
7437.50985027585  6.404374E-18
7442.02127659579  5.636754E-19
7446.53270291572  6.084313E-18
7451.04412923566  4.855884E-18
7455.5555555556  1.034540E-17
7460.06698187553  1.048506E-17
7464.57840819547  2.771731E-18
7469.08983451541  2.738108E-18
7473.60126083535  1.208633E-17
7478.11268715528  1.716686E-17
7482.62411347522  7.994118E-18
7487.13553979516  -1.000982E-18
7491.64696611509  4.282301E-18
7496.15839243503  9.756972E-18
7500.66981875497  1.087202E-17
7505.1812450749  8.987724E-18
7509.69267139484  4.741282E-18
7514.20409771478  5.148758E-18
7518.71552403472  9.889110E-18
7523.22695035465  1.280269E-17
7527.73837667459  1.217986E-17
7532.24980299453  1.205443E-17
7536.76122931446  6.205979E-18
7541.2726556344  7.515867E-18
7545.78408195434  4.742973E-18
7550.29550827427  7.118230E-18
7554.80693459421  9.759508E-18
7559.31836091415  6.594152E-18
7563.82978723409  8.135576E-18
7568.34121355402  8.486712E-18
7572.85263987396  9.032237E-18
7577.3640661939  5.065919E-18
7581.87549251383  1.793266E-18
7586.38691883377  1.814204E-18
7590.89834515371  5.117070E-19
7595.40977147364  7.277308E-18
7599.92119779358  7.621743E-18
7604.43262411352  -5.537267E-19
7608.94405043346  1.724705E-17
7613.45547675339  7.483827E-18
7617.96690307333  4.875247E-18
7622.47832939327  9.099958E-18
7626.9897557132  4.826122E-18
7631.50118203314  1.495322E-18
7636.01260835308  1.337873E-18
7640.52403467302  6.264003E-18
7645.03546099295  8.678987E-18
7649.54688731289  4.085400E-18
7654.05831363283  1.236316E-17
7658.56973995276  8.169689E-18
7663.0811662727  4.746136E-18
7667.59259259264  4.483031E-18
7672.10401891257  9.062101E-18
7676.61544523251  1.653787E-17
7681.12687155245  1.109823E-17
7685.63829787239  6.759239E-18
7690.14972419232  7.386347E-18
7694.66115051226  8.320019E-18
7699.1725768322  9.564480E-18
7703.68400315213  5.548235E-18
7708.19542947207  1.313550E-17
7712.70685579201  2.923435E-17
7717.21828211194  1.417494E-17
7721.72970843188  7.417478E-18
7726.24113475182  1.068590E-17
7730.75256107176  1.079169E-18
7735.26398739169  1.000703E-17
7739.77541371163  9.480128E-18
7744.28684003157  2.868773E-17
7748.7982663515  8.937306E-18
7753.30969267144  5.089242E-18
7757.82111899138  8.564983E-18
7762.33254531132  5.211032E-18
7766.84397163125  1.282834E-17
7771.35539795119  1.153061E-17
7775.86682427113  7.651997E-18
7780.37825059106  8.873496E-18
7784.889676911  8.045927E-18
7789.40110323094  9.742167E-18
7793.91252955087  1.492948E-17
7798.42395587081  9.979627E-18
7802.93538219075  3.213203E-18
7807.44680851069  3.932695E-18
7811.95823483062  7.055225E-18
7816.46966115056  7.955423E-18
7820.9810874705  8.394821E-18
7825.49251379043  5.259636E-18
7830.00394011037  9.937328E-18
7834.51536643031  1.111649E-17
7839.02679275024  1.125863E-17
7843.53821907018  1.421686E-17
7848.04964539012  1.557851E-17
7852.56107171005  7.448276E-18
7857.07249802999  1.135101E-17
7861.58392434993  1.014092E-17
7866.09535066987  1.111662E-17
7870.6067769898  5.360484E-18
7875.11820330974  -5.321571E-18
7879.62962962968  -9.887083E-19
7884.14105594961  8.477959E-18
7888.65248226955  1.065826E-17
7893.16390858949  1.333019E-17
7897.67533490943  1.017316E-17
7902.18676122936  1.636983E-17
7906.6981875493  6.176486E-18
7911.20961386924  -5.965956E-18
7915.72104018917  8.992625E-18
7920.23246650911  -2.227573E-18
7924.74389282905  -2.078150E-18
7929.25531914899  9.155191E-18
7933.76674546892  3.675545E-18
7938.27817178886  1.180715E-17
7942.7895981088  6.635903E-18
7947.30102442873  7.868390E-18
7951.81245074867  1.514518E-18
7956.32387706861  -1.169979E-18
7960.83530338854  8.095608E-19
7965.34672970848  8.273004E-18
7969.85815602842  1.398309E-17
7974.36958234835  3.311917E-18
7978.88100866829  6.159942E-18
7983.39243498823  1.753738E-17
7987.90386130816  1.919547E-17
7992.4152876281  7.891887E-18
7996.92671394804  -5.211181E-18
8001.43814026798  -3.416056E-18
8005.94956658791  4.801137E-18
8010.46099290785  1.000994E-17
8014.97241922779  1.603285E-17
8019.48384554772  2.334990E-17
8023.99527186766  1.106817E-17
8028.5066981876  4.906039E-18
8033.01812450754  8.074236E-18
8037.52955082747  1.148794E-18
8042.04097714741  1.217216E-17
8046.55240346735  9.478587E-18
8051.06382978728  1.408686E-17
8055.57525610722  1.359966E-17
8060.08668242716  1.479155E-17
8064.5981087471  9.046769E-18
8069.10953506703  5.088937E-18
8073.62096138697  7.957676E-18
8078.13238770691  8.291883E-18
8082.64381402684  1.217083E-17
8087.15524034678  9.774433E-18
8091.66666666672  1.295035E-17
8096.17809298665  1.246570E-17
8100.68951930659  7.004774E-18
8105.20094562653  5.663090E-18
8109.71237194646  8.107302E-18
8114.2237982664  6.689175E-18
8118.73522458634  5.462171E-18
8123.24665090628  9.000220E-18
8127.75807722621  1.084648E-17
8132.26950354615  1.286006E-17
8136.78092986609  9.469326E-18
8141.29235618602  3.715982E-18
8145.80378250596  9.312743E-18
8150.3152088259  1.325788E-17
8154.82663514583  9.038663E-18
8159.33806146577  8.820589E-18
8163.84948778571  9.853931E-18
8168.36091410564  4.761404E-18
8172.87234042558  2.686130E-18
8177.38376674552  7.267316E-18
8181.89519306546  1.440464E-17
8186.40661938539  1.470809E-17
8190.91804570533  1.382641E-17
8195.42947202527  1.499437E-17
8199.94089834521  1.296644E-17
8204.45232466514  6.161035E-18
8208.96375098508  8.154668E-18
8213.47517730502  6.336234E-18
8217.98660362495  6.404084E-18
8222.49802994489  5.663651E-18
8227.00945626483  5.120727E-18
8231.52088258476  9.122085E-18
8236.0323089047  8.681433E-18
8240.54373522464  1.247363E-18
8245.05516154457  2.652101E-18
8249.56658786451  1.034251E-17
8254.07801418445  1.103871E-17
8258.58944050439  8.947427E-18
8263.10086682432  1.003708E-17
8267.61229314426  5.986148E-18
8272.1237194642  1.059956E-17
8276.63514578413  1.413131E-17
8281.14657210407  3.349633E-18
8285.65799842401  -9.157677E-18
8290.16942474395  4.824028E-18
8294.68085106388  7.460864E-18
8299.19227738382  -4.912524E-18
8303.70370370376  -7.531928E-19
8308.21513002369  2.961599E-18
8312.72655634363  1.573101E-17
8317.23798266357  1.008883E-17
8321.74940898351  1.278142E-17
8326.26083530344  1.232998E-17
8330.77226162338  1.044546E-17
8335.28368794332  1.591489E-17
8339.79511426325  3.239627E-17
8344.30654058319  3.307838E-17
8348.81796690313  2.958507E-17
8353.32939322306  8.599631E-18
8357.840819543  -2.241709E-18
8362.35224586294  2.155936E-18
8366.86367218287  -5.176040E-18
8371.37509850281  9.472749E-18
8375.88652482275  9.877216E-18
8380.39795114268  7.329910E-18
8384.90937746262  6.683091E-18
8389.42080378256  1.972544E-17
8393.9322301025  1.169377E-17
8398.44365642244  5.778024E-18
8402.95508274237  -5.410554E-18
8407.46650906231  8.928645E-18
8411.97793538225  2.082359E-17
8416.48936170218  1.037953E-17
8421.00078802212  7.566766E-18
8425.51221434205  1.752620E-18
8430.02364066199  -4.838776E-18
8434.53506698193  8.279530E-18
8439.04649330187  1.613156E-17
8443.55791962181  -4.064148E-18
8448.06934594174  5.879006E-18
8452.58077226168  1.109656E-17
8457.09219858162  5.177337E-18
8461.60362490155  1.177864E-17
8466.11505122149  7.750633E-18
8470.62647754143  9.516967E-19
8475.13790386136  1.002628E-17
8479.6493301813  1.059964E-17
8484.16075650124  1.818349E-19
8488.67218282117  5.891457E-18
8493.18360914111  2.602384E-18
8497.69503546105  -4.416173E-18
8502.20646178098  -7.376941E-20
8506.71788810092  -1.279953E-18
8511.22931442086  4.412225E-18
8515.7407407408  8.199233E-18
8520.25216706073  7.961392E-18
8524.76359338067  -4.327667E-18
8529.27501970061  -2.550403E-17
8533.78644602054  -3.779226E-18
8538.29787234048  1.013669E-17
8542.80929866042  6.795140E-18
8547.32072498036  3.671767E-18
8551.83215130029  1.391168E-18
8556.34357762023  1.179790E-17
8560.85500394017  8.487849E-19
8565.3664302601  5.405546E-18
8569.87785658004  7.333623E-18
8574.38928289998  6.720744E-18
8578.90070921991  1.259650E-17
8583.41213553985  9.323259E-18
8587.92356185979  7.544377E-18
8592.43498817972  6.223080E-18
8596.94641449966  5.429231E-18
8601.4578408196  7.234571E-18
8605.96926713954  9.080328E-19
8610.48069345947  -3.011885E-18
8614.99211977941  5.558637E-18
8619.50354609935  1.390726E-17
8624.01497241929  2.042864E-17
8628.52639873922  1.249999E-17
8633.03782505916  6.420129E-19
8637.5492513791  -2.478185E-18
8642.06067769903  3.410176E-18
8646.57210401897  -4.127962E-18
8651.08353033891  -1.695635E-18
8655.59495665884  2.817889E-18
8660.10638297878  3.339275E-18
8664.61780929872  6.330396E-18
8669.12923561866  7.388500E-18
8673.64066193859  6.645882E-18
8678.15208825853  7.718815E-18
8682.66351457847  2.002359E-18
8687.1749408984  6.192114E-18
8691.68636721834  4.086222E-18
8696.19779353828  3.892510E-18
8700.70921985822  1.178469E-17
8705.22064617815  7.292677E-18
8709.73207249809  5.734514E-18
8714.24349881803  9.191466E-18
8718.75492513796  1.039336E-17
8723.2663514579  4.716470E-18
8727.77777777784  6.067279E-18
8732.28920409777  4.301926E-18
8736.80063041771  1.725402E-18
8741.31205673765  2.971997E-18
8745.82348305758  1.923364E-18
8750.33490937752  3.090191E-18
8754.84633569746  2.938888E-17
8759.35776201739  5.840765E-17
8763.86918833733  4.896234E-17
8768.38061465727  1.730529E-17
8772.89204097721  2.586939E-18
8777.40346729714  -1.541369E-17
8781.91489361708  -5.154823E-18
8786.42631993702  3.337117E-19
8790.93774625695  3.555902E-18
8795.44917257689  2.560417E-17
8799.96059889683  1.337410E-18
8804.47202521676  4.468431E-18
8808.9834515367  7.564845E-18
8813.49487785664  1.229853E-18
8818.00630417657  6.245152E-18
8822.51773049651  -7.643785E-18
8827.02915681645  1.803218E-17
8831.54058313639  1.556675E-17
8836.05200945633  1.417285E-17
8840.56343577626  1.294609E-17
8845.0748620962  -4.306661E-18
8849.58628841614  -8.392809E-19
8854.09771473607  2.310382E-18
8858.60914105601  1.119209E-17
8863.12056737595  1.650303E-17
8867.63199369588  1.933739E-17
8872.14342001582  3.522820E-17
8876.65484633576  3.480643E-17
8881.16627265569  -4.555089E-18
8885.67769897563  -1.903358E-17
8890.18912529557  -3.547000E-17
8894.7005516155  -2.251544E-20
8899.21197793544  1.310887E-17
8903.72340425538  3.359968E-17
8908.23483057532  5.045142E-17
8912.74625689526  3.850875E-17
8917.25768321519  3.048261E-18
8921.76910953513  -6.855470E-18
8926.28053585507  -1.801323E-17
8930.791962175  -1.334488E-17
8935.30338849494  1.032987E-17
8939.81481481488  2.661572E-17
8944.32624113481  3.786415E-17
8948.83766745475  5.279887E-17
8953.34909377469  4.373378E-17
8957.86052009462  1.635385E-17
8962.37194641456  -2.748643E-17
8966.8833727345  -5.527608E-17
8971.39479905444  -1.535342E-17
8975.90622537437  -4.997304E-19
8980.41765169431  5.592063E-18
8984.92907801425  2.973190E-17
8989.44050433418  4.001637E-17
8993.95193065412  3.679863E-17
8998.46335697406  7.755501E-18
9002.97478329399  6.577203E-18
9007.48620961393  -7.767709E-18
9011.99763593387  -9.768412E-18
9016.50906225381  6.649868E-18
9021.02048857374  9.724405E-18
9025.53191489368  2.201769E-17
9030.04334121362  2.771973E-17
9034.55476753355  1.135630E-17
9039.06619385349  -2.600618E-18
9043.57762017343  -3.698916E-18
9048.08904649336  -3.540513E-18
9052.6004728133  1.249370E-17
9057.11189913324  2.031524E-17
9061.62332545318  2.080781E-17
9066.13475177311  1.368499E-17
9070.64617809305  9.040245E-18
9075.15760441299  -4.309198E-18
9079.66903073292  -1.690765E-18
9084.18045705286  -9.645678E-18
9088.6918833728  -2.902216E-18
9093.20330969273  7.043108E-18
9097.71473601267  1.732571E-17
9102.22616233261  1.129557E-17
9106.73758865254  -6.203493E-18
9111.24901497248  -1.452051E-17
9115.76044129242  -3.463867E-18
9120.27186761236  -2.518037E-18
9124.78329393229  -2.471511E-18
9129.29472025223  1.036637E-17
9133.80614657217  1.309921E-17
9138.3175728921  1.403095E-17
9142.82899921204  1.739415E-17
9147.34042553198  1.208423E-17
9151.85185185192  6.535039E-19
9156.36327817185  -4.320784E-18
9160.87470449179  1.683817E-18
9165.38613081173  4.237131E-18
9169.89755713166  3.439789E-18
9174.4089834516  8.931731E-18
9178.92040977154  1.770134E-17
9183.43183609148  1.809773E-17
9187.94326241141  1.762280E-17
9192.45468873135  1.966954E-18
9196.96611505129  -1.942347E-18
9201.47754137122  3.412213E-18
9205.98896769116  2.606948E-18
9210.5003940111  1.524463E-18
9215.01182033103  4.322844E-18
9219.52324665097  1.808031E-17
9224.03467297091  1.070731E-17
9228.54609929085  9.315884E-18
9233.05752561078  2.849128E-18
9237.56895193072  9.538538E-18
9242.08037825066  8.549841E-18
9246.59180457059  -4.902345E-18
9251.10323089053  -5.277241E-18
9255.61465721047  2.475769E-18
9260.1260835304  8.023542E-18
9264.63750985034  1.614625E-17
9269.14893617028  1.648970E-17
9273.66036249022  1.177307E-17
9278.17178881015  2.678123E-18
9282.68321513009  -1.463204E-17
9287.19464145003  -2.873344E-17
9291.70606776996  -4.550731E-17
9296.2174940899  -7.816672E-17
9300.72892040984  -9.140777E-17
9305.24034672977  -4.777706E-17
9309.75177304971  6.066476E-18
9314.26319936965  3.314291E-17
9318.77462568959  3.433867E-17
9323.28605200952  2.983627E-17
9327.79747832946  -1.737982E-17
9332.3089046494  -2.004898E-17
9336.82033096933  -1.631679E-17
9341.33175728927  -1.447711E-17
9345.84318360921  -2.887670E-17
9350.35460992915  -9.267768E-18
9354.86603624908  1.137302E-18
9359.37746256902  -3.741583E-17
9363.88888888896  -4.523807E-17
9368.40031520889  1.283389E-17
9372.91174152883  -5.425629E-17
9377.42316784877  -1.295039E-16
9381.9345941687  -1.117327E-16
9386.44602048864  -6.097099E-17
9390.95744680858  -3.210941E-17
9395.46887312851  -8.548588E-18
9399.98029944845  2.044059E-17
9404.49172576839  2.665343E-17
9409.00315208832  2.604412E-17
9413.51457840826  1.684362E-17
9418.0260047282  -1.343984E-17
9422.53743104814  -3.772505E-18
9427.04885736807  2.854059E-17
9431.56028368801  1.408596E-17
9436.07171000795  1.700525E-18
9440.58313632788  3.136066E-17
9445.09456264782  3.643414E-17
9449.60598896776  8.902652E-18
9454.11741528769  5.625438E-17
9458.62884160763  6.439078E-17
9463.14026792757  8.574478E-17
9467.65169424751  6.391402E-17
9472.16312056744  -4.089433E-17
9476.67454688738  -7.013305E-17
9481.18597320732  -6.300798E-17
9485.69739952726  -6.901769E-17
9490.20882584719  -5.706032E-17
9494.72025216713  1.171751E-17
9499.23167848707  5.463448E-17
9503.743104807  6.440213E-17
9508.25453112694  8.024287E-17
9512.76595744688  2.894015E-17
9517.27738376681  -2.927427E-17
9521.78881008675  -3.558593E-17
9526.30023640669  -4.033352E-17
9530.81166272662  -4.537879E-17
9535.32308904656  -1.023157E-17
9539.8345153665  -2.520581E-17
9544.34594168644  -1.975000E-18
9548.85736800637  2.117588E-17
9553.36879432631  3.193992E-17
9557.88022064625  2.228314E-17
9562.39164696618  -2.899085E-17
9566.90307328612  -4.128866E-17
9571.41449960606  -4.020179E-17
9575.925925926  -4.175813E-17
9580.43735224593  -2.216948E-17
9584.94877856587  9.586159E-18
9589.46020488581  8.723914E-18
9593.97163120574  1.252216E-17
9598.48305752568  1.388619E-17
9602.99448384562  1.234423E-17
9607.50591016555  1.057020E-17
9612.01733648549  1.932387E-18
9616.52876280543  -1.673782E-17
9621.04018912536  -3.777333E-18
9625.5516154453  5.155150E-18
9630.06304176524  -5.246530E-18
9634.57446808518  -8.807503E-18
9639.08589440511  5.803458E-19
9643.59732072505  1.300564E-17
9648.10874704499  1.021994E-17
9652.62017336493  8.715339E-18
9657.13159968486  2.988898E-18
9661.6430260048  -3.492386E-18
9666.15445232474  -2.133930E-18
9670.66587864467  1.549445E-17
9675.17730496461  1.817608E-17
9679.68873128455  -2.008392E-17
9684.20015760448  -1.523756E-17
9688.71158392442  -2.338477E-18
9693.22301024436  -5.779555E-18
9697.73443656429  -2.036240E-18
9702.24586288423  4.451775E-18
9706.75728920417  6.058010E-18
9711.2687155241  9.279097E-19
9715.78014184404  -5.034504E-18
9720.29156816398  -7.129258E-18
9724.80299448392  -1.801954E-17
9729.31442080385  -2.515292E-17
9733.82584712379  -2.444030E-17
9738.33727344373  -5.372311E-18
9742.84869976367  -3.747130E-18
9747.3601260836  8.775165E-18
9751.87155240354  2.175348E-17
9756.38297872348  1.034948E-17
9760.89440504341  2.188793E-17
9765.40583136335  1.593168E-17
9769.91725768329  4.379111E-19
9774.42868400322  3.342452E-17
9778.94011032316  4.083488E-17
9783.4515366431  2.168069E-17
9787.96296296303  4.246856E-17
9792.47438928297  4.515034E-17
9796.98581560291  2.962186E-17
9801.49724192285  4.350261E-17
9806.00866824278  2.455387E-17
9810.52009456272  -1.118834E-17
9815.03152088266  -1.250181E-17
9819.54294720259  2.744944E-18
9824.05437352253  -2.945584E-18
9828.56579984247  -9.855256E-18
9833.07722616241  -1.351806E-17
9837.58865248234  -1.721826E-17
9842.10007880228  -4.937178E-18
9846.61150512222  2.312879E-17
9851.12293144215  1.810542E-17
9855.63435776209  -8.613229E-19
9860.14578408203  -1.293031E-17
9864.65721040197  -3.083046E-17
9869.1686367219  -5.003073E-18
9873.68006304184  1.188546E-17
9878.19148936178  2.829905E-18
9882.70291568171  5.704764E-18
9887.21434200165  8.048196E-18
9891.72576832159  -4.769560E-18
9896.23719464152  -1.825820E-17
9900.74862096146  -1.351245E-17
9905.2600472814  -2.565898E-17
9909.77147360133  1.235019E-17
9914.28289992127  2.249818E-17
9918.79432624121  1.152760E-17
9923.30575256114  -1.150231E-17
9927.81717888108  8.637221E-18
9932.32860520102  -7.473077E-18
9936.84003152096  -1.184756E-17
9941.3514578409  -6.420576E-20
9945.86288416083  -1.626907E-17
9950.37431048077  -1.988149E-17
9954.88573680071  -2.637327E-17
9959.39716312064  -2.648005E-18
9963.90858944058  1.973135E-17
9968.42001576052  1.782965E-18
9972.93144208045  2.924216E-18
9977.44286840039  8.246857E-18
9981.95429472033  1.833462E-18
9986.46572104027  -7.397700E-18
9990.9771473602  1.938053E-18
9995.48857368014  -4.971160E-18
10000.0000000001  1.210009E-17
