3614.4194127449  5.695138913415497E-13
3617.35967986941  3.978965730034103E-14
3620.30143716754  -1.109302469218081E-13
3623.24468202463  -1.062476726065333E-13
3626.18941182963  -5.913837670436238E-14
3629.13562397501  7.399635781500311E-14
3632.08331585686  6.773370113486581E-14
3635.03248487482  5.202320169160438E-14
3637.9831284321  -4.852868256441206E-14
3640.93524393546  -5.534330995869350E-14
3643.88882879525  -2.742298601130715E-15
3646.84388042535  -5.973038327779147E-15
3649.80039624321  4.548546936778038E-14
3652.75837366983  2.729045457769853E-14
3655.71781012977  -2.271693914251450E-14
3658.6787030511  -1.147318324330390E-14
3661.64104986549  2.471655862021794E-14
3664.60484800811  1.295287526325781E-14
3667.57009491767  -7.109682745248889E-16
3670.53678803645  -8.318018549066577E-15
3673.50492481023  5.960269306099288E-15
3676.47450268833  8.029225418557301E-16
3679.44551912359  4.648841651666873E-15
3682.4179715724  3.861166232257311E-15
3685.39185749465  -3.938233948479718E-15
3688.36717435375  -9.452188889176508E-16
3691.34391961664  6.462665511181259E-16
3694.32209075376  -2.466778476904914E-15
3697.30168523906  2.603611567336163E-15
3700.28270055001  -7.382761932278938E-16
3703.26513416758  -6.619761006139369E-17
3706.24898357625  -2.107439148592380E-15
3709.23424626398  -2.266748470037259E-15
3712.22091972224  2.067822782374586E-15
3715.209001446  -1.000516058450608E-15
3718.19848893371  7.961891063810913E-16
3721.18937968732  3.719263967274101E-16
3724.18167121225  6.416627682311213E-16
3727.17536101742  -6.006260336398999E-16
3730.17044661522  -2.395257767695840E-16
3733.16692552152  -6.707645306628434E-17
3736.16479525566  2.710362759101708E-16
3739.16405334047  -5.480686451143955E-16
3742.16469730222  -2.186042350259702E-16
3745.16672467068  -5.094971999161580E-16
3748.17013297906  7.614789799869208E-17
3751.17491976403  -6.687446093737286E-19
3754.18108256574  9.534278127730146E-18
3757.18861892776  3.119587669326310E-16
3760.19752639715  -6.890255683889110E-17
3763.2078025244  2.437123165207272E-16
3766.21944486345  -9.588094002074479E-17
3769.23245097168  -1.761996348691619E-16
3772.24681840992  3.670043412104746E-16
3775.26254474243  9.980042616548645E-17
3778.2796275369  1.440803969721851E-16
3781.29806436449  6.400980998541955E-17
3784.31785279974  -2.302927569937650E-17
3787.33899042065  3.981589541643166E-17
3790.36147480863  6.629625631252432E-17
3793.38530354852  -2.666100556134566E-17
3796.41047422858  7.097666259403107E-17
3799.43698444048  3.106051206017737E-18
3802.4648317793  6.601224219484302E-17
3805.49401384354  8.723666439154925E-17
3808.52452823511  -3.530472697953081E-17
3811.55637255932  -1.824109605586022E-17
3814.58954442488  -4.972125752030105E-17
3817.6240414439  2.394067818753845E-17
3820.65986123189  5.784084917823177E-17
3823.69700140775  -7.445829887949127E-17
3826.73545959378  1.489652856098374E-17
3829.77523341567  1.601097411102541E-17
3832.81632050247  4.074867721470566E-17
3835.85871848664  -1.432879480191919E-17
3838.90242500402  -1.122691465414026E-17
3841.94743769381  1.011170525450168E-19
3844.99375419859  2.817262684558835E-17
3848.04137216433  5.657505108278883E-17
3851.09028924034  -5.580672850672200E-18
3854.14050307932  6.307329594822171E-17
3857.19201133732  2.052927119044523E-17
3860.24481167375  2.052094644476050E-17
3863.29890175139  1.463883140128596E-18
3866.35427923636  -1.108159721848816E-17
3869.41094179816  2.649087932476188E-17
3872.4688871096  -1.056496254176408E-17
3875.52811284686  -5.655764720270072E-18
3878.58861668946  2.311550266079025E-17
3881.65039632027  -8.410767944795210E-20
3884.71344942549  -1.267033241533610E-17
3887.77777369464  -3.349317786339223E-18
3890.8433668206  6.584961104178958E-18
3893.91022649957  2.386234087480723E-18
3896.97835043108  9.446847618525129E-18
3900.04773631796  -2.380878299809595E-18
3903.11838186641  1.853121476646217E-17
3906.1902847859  5.813166023900642E-18
3909.26344278924  4.210657442673087E-18
3912.33785359257  1.481782067133809E-17
3915.41351491529  -1.875060457160716E-18
3918.49042448016  1.463850114942640E-17
3921.56858001323  -8.458951215476426E-20
3924.64797924382  1.173671599182404E-17
3927.7286199046  7.234653159106176E-18
3930.8104997315  -8.991100879510462E-18
3933.89361646376  2.960754036290654E-18
3936.97796784391  9.715362025888419E-18
3940.06355161776  3.475140436109817E-18
3943.15036553442  2.683499638575130E-18
3946.23840734626  1.415883069273547E-17
3949.32767480896  6.528476248870162E-18
3952.41816568145  2.876624598115182E-18
3955.50987772595  -3.216918843903678E-18
3958.60280870794  -1.880863542748082E-18
3961.69695639619  1.942025277240253E-18
3964.79231856271  1.298991199063474E-17
3967.88889298279  7.969189543053265E-18
3970.98667743498  3.852491132569770E-18
3974.08566970107  2.472111565085672E-18
3977.18586756613  3.119734169216648E-19
3980.28726881847  8.270476019105290E-18
3983.38987124965  1.282219533117532E-17
3986.49367265448  -2.467607980240628E-18
3989.598670831  -3.792815014457744E-18
3992.7048635805  1.224062780354644E-17
3995.81224870753  3.701985620115746E-18
3998.92082401983  3.222578827245073E-18
4002.03058732841  6.800304755357643E-18
4005.1415364475  1.821003583744916E-18
4008.25366919456  -6.004103400913223E-19
4011.36698339025  9.077236023876222E-19
4014.48147685848  5.065118058237807E-18
4017.59714742638  -3.108200221249150E-18
4020.71399292427  7.417059719063921E-18
4023.8320111857  9.844983709417316E-18
4026.95120004745  6.824380157278731E-19
4030.07155734946  1.114397159975834E-17
4033.19308093491  7.599147814485829E-18
4036.31576865018  1.943763028610862E-19
4039.43961834483  9.339871658626098E-18
4042.56462787164  9.556801428629352E-18
4045.69079508657  7.999076405765417E-18
4048.81811784878  -2.171462845285923E-18
4051.9465940206  2.037791492273121E-18
4055.07622146756  6.635416640002854E-18
4058.20699805838  4.452557313827481E-18
4061.33892166494  1.370373577204350E-18
4064.47199016231  8.022590669038462E-18
4067.60620142873  5.098653201041626E-18
4070.74155334561  2.963030437336400E-18
4073.87804379754  6.671077636980935E-18
4077.01567067226  1.978231799832311E-18
4080.15443186068  3.805861307078931E-18
4083.29432525687  5.411692259236805E-18
4086.43534875806  9.583157057306518E-18
4089.57750026463  7.879600919630094E-18
4092.72077768012  4.594199172427694E-18
4095.86517891121  4.422971131267992E-18
4099.01070186773  1.377660831605789E-18
4102.15734446266  9.414835728819326E-18
4105.3051046121  4.318283566533587E-18
4108.45398023531  5.750464079107898E-18
4111.60396925469  3.716607691803846E-18
4114.75506959574  7.834354140123443E-18
4117.90727918713  3.139260439660210E-18
4121.06059596062  7.457436886304470E-18
4124.21501785112  3.358206875996871E-18
4127.37054279665  7.501553116708914E-19
4130.52716873836  2.252695083365928E-18
4133.68489362049  4.232688984698130E-18
4136.84371539042  3.511701405594354E-18
4140.00363199864  3.549599512539083E-18
4143.16464139871  8.589614086751977E-19
4146.32674154735  2.776310544074498E-18
4149.48993040434  6.941585549620476E-18
4152.65420593258  3.636320300778531E-18
4155.81956609806  2.153758698635451E-18
4158.98600886985  3.945271845976781E-18
4162.15353222014  5.392657592571041E-18
4165.32213412418  5.359117900273854E-18
4168.49181256032  3.627810266636586E-18
4171.66256551  4.671327974283975E-18
4174.83439095771  6.971518734446931E-18
4178.00728689105  4.781836408988916E-18
4181.18125130067  4.976388048290469E-18
4184.35628218031  3.188389177781572E-18
4187.53237752677  3.069085538418508E-18
4190.70953533991  5.898737444678947E-18
4193.88775362266  1.112684689312696E-18
4197.06703038101  5.604738016233206E-18
4200.247363624  6.407578012081248E-18
4203.42875136373  8.100485440141969E-18
4206.61119161537  2.633436393156736E-18
4209.79468239709  5.579821681821883E-18
4212.97922173017  4.599521252488859E-18
4216.16480763887  3.149796032327145E-18
4219.35143815055  6.477586443224674E-18
4222.53911129556  1.755389342810526E-18
4225.72782510731  2.012038464672200E-18
4228.91757762223  9.859757982338123E-18
4232.1083668798  1.119822141305202E-17
4235.3001909225  1.693092302927626E-17
4238.49304779586  1.782965807353757E-17
4241.68693554841  1.023138541613983E-17
4244.8818522317  1.230501885115002E-17
4248.07779590031  5.154028393558682E-18
4251.27476461182  8.771890572558396E-18
4254.47275642684  3.150793405350730E-18
4257.67176940895  5.718029913699387E-18
4260.87180162477  9.118369234196649E-18
4264.0728511439  6.827572764250453E-18
4267.27491603896  8.905998263344322E-19
4270.47799438555  6.091314190268030E-18
4273.68208426225  6.836018691894928E-18
4276.88718375067  5.267039463206900E-18
4280.09329093537  4.345095798908880E-18
4283.30040390391  5.412094269014506E-18
4286.50852074684  5.695955771872797E-18
4289.71763955768  8.851857431096348E-18
4292.92775843293  5.016373545510976E-18
4296.13887547206  5.728934635714674E-18
4299.35098877751  8.753224414855527E-18
4302.56409645469  7.388450850398160E-18
4305.77819661198  7.832512008899290E-18
4308.99328736073  6.846970976795435E-18
4312.20936681522  5.305327999400755E-18
4315.42643309272  8.529173446958802E-18
4318.64448431345  8.560230770237717E-18
4321.86351860055  9.968155038529522E-18
4325.08353408014  5.184947991265608E-18
4328.30452888129  8.671595750466954E-18
4331.52650113599  8.213836481021949E-18
4334.74944897918  1.066991356352359E-17
4337.97337054875  8.487248624792163E-18
4341.1982639855  5.901625545787676E-18
4344.42412743319  7.750626091340216E-18
4347.65095903848  7.905944967778686E-18
4350.87875695099  1.080760935701161E-17
4354.10751932323  7.339775407252478E-18
4357.33724431065  1.023513419867591E-17
4360.56793007163  8.779928286570577E-18
4363.79957476743  1.293451901373451E-17
4367.03217656226  9.964446787843446E-18
4370.26573362321  8.209253900428404E-18
4373.5002441203  9.350192391128921E-18
4376.73570622643  6.940109859407682E-18
4379.97211811744  1.164447046427335E-17
4383.20947797202  8.630811610365029E-18
4386.44778397179  7.576621204864173E-18
4389.68703430126  9.057659967499542E-18
4392.92722714782  1.048033121175194E-17
4396.16836070175  8.456491568075604E-18
4399.41043315621  1.470982231620195E-17
4402.65344270727  1.129733667558996E-17
4405.89738755383  7.041363383829073E-18
4409.14226589771  7.228248299623178E-18
4412.38807594359  9.779384978119409E-18
4415.63481589902  9.105531391089824E-18
4418.8824839744  9.010260036858417E-18
4422.13107838303  9.444559636950808E-18
4425.38059734105  1.195060587307616E-17
4428.63103906746  9.515916372492693E-18
4431.88240178413  7.310420421674196E-18
4435.13468371577  9.028302500379421E-18
4438.38788308995  9.213681120278067E-18
4441.64199813708  9.634977441141126E-18
4444.89702709043  9.908753544380866E-18
4448.15296818609  8.414347543046639E-18
4451.40981966303  6.391484386083416E-18
4454.66757976301  8.954289687890629E-18
4457.92624673066  9.486366999470462E-18
4461.18581881343  1.023982927583277E-17
4464.44629426158  7.109003596878759E-18
4467.70767132824  9.267346944059285E-18
4470.96994826933  6.419200726868233E-18
4474.23312334359  1.030337990793399E-17
4477.49719481259  9.468959810659898E-18
4480.76216094072  8.297222077031580E-18
4484.02801999517  6.670583810155239E-18
4487.29477024595  1.055391885340589E-17
4490.56240996586  1.107043607048299E-17
4493.83093743054  7.478401778929626E-18
4497.10035091837  9.042350508722412E-18
4500.3706487106  9.142253247203504E-18
4503.64182909122  7.187110953399690E-18
4506.91389034704  8.341662355440993E-18
4510.18683076766  6.945254922817762E-18
4513.46064864545  1.036104101407384E-17
4516.73534227559  5.351170348948445E-18
4520.01090995603  6.778963909144080E-18
4523.28734998748  6.325823202649266E-18
4526.56466067345  8.670871140250360E-18
4529.84284032023  8.363836586121699E-18
4533.12188723686  9.465493096712688E-18
4536.40179973515  7.363997737129869E-18
4539.68257612969  1.150280006794201E-17
4542.96421473781  7.123886230459812E-18
4546.24671387963  1.061187857174687E-17
4549.530071878  7.597641518590370E-18
4552.81428705854  1.162408873398004E-17
4556.09935774961  1.063626964646922E-17
4559.38528228233  7.161325252164575E-18
4562.67205899055  1.325028528640928E-17
4565.95968621087  9.111501980751231E-18
4569.24816228264  6.851106466267895E-18
4572.53748554795  1.001058361368920E-17
4575.82765435159  9.827300242282156E-18
4579.11866704113  6.863974501467073E-18
4582.41052196682  8.763107568814309E-18
4585.70321748168  1.102878835382156E-17
4588.99675194143  9.171341880624543E-18
4592.29112370451  1.079018810613064E-17
4595.58633113208  1.012950240727228E-17
4598.88237258804  1.150397962749551E-17
4602.17924643895  9.720273824365756E-18
4605.47695105414  9.968581036544987E-18
4608.77548480559  1.021484428543060E-17
4612.07484606802  1.053500454151925E-17
4615.37503321885  1.314101307312980E-17
4618.67604463818  5.980751988823273E-18
4621.97787870882  1.127396137865982E-17
4625.28053381626  1.166507305179021E-17
4628.5840083487  1.227467869346219E-17
4631.88830069701  1.045350409012562E-17
4635.19340925475  9.305525465231669E-18
4638.49933241817  1.083162323737464E-17
4641.80606858618  1.019518551099267E-17
4645.11361616037  8.311842494358455E-18
4648.42197354503  9.604190605922514E-18
4651.73113914709  8.529252029116991E-18
4655.04111137615  7.088467183810904E-18
4658.3518886445  9.742989858347689E-18
4661.66346936706  6.810783065767158E-18
4664.97585196144  9.484606759126950E-18
4668.28903484788  9.841852003618189E-18
4671.60301644929  8.358579853328926E-18
4674.91779519123  1.076824548602144E-17
4678.23336950189  7.175715713281160E-18
4681.54973781214  1.044938555785573E-17
4684.86689855546  1.192410962369486E-17
4688.18485016798  9.689654079630882E-18
4691.50359108848  6.357344574251822E-18
4694.82311975837  1.103547693625466E-17
4698.14343462167  9.419603597870082E-18
4701.46453412504  1.248267491284987E-17
4704.78641671779  9.436014034042521E-18
4708.10908085183  9.014539869347764E-18
4711.43252498169  7.225412724483347E-18
4714.75674756452  8.048545942299153E-18
4718.08174706008  9.253091313382546E-18
4721.40752193077  7.143629377320227E-18
4724.73407064156  9.387609906137756E-18
4728.06139166006  9.365103976031413E-18
4731.38948345645  7.083576064848879E-18
4734.71834450354  1.183703728369508E-17
4738.04797327673  1.035840313510040E-17
4741.37836825401  9.754227934149833E-18
4744.70952791597  9.431873167896082E-18
4748.04145074578  9.261526074088749E-18
4751.37413522921  9.381999967223421E-18
4754.70757985459  9.261625335762255E-18
4758.04178311287  9.406769890666321E-18
4761.37674349755  8.482856295739505E-18
4764.7124595047  9.566745793953467E-18
4768.04892963299  9.148362803207820E-18
4771.38615238365  9.459946850705518E-18
4774.72412626046  5.888573049311895E-18
4778.06284976979  8.853759946505222E-18
4781.40232142055  9.057324132170846E-18
4784.74253972424  9.664913934690034E-18
4788.08350319488  1.004894742331880E-17
4791.42521034906  7.747610190826847E-18
4794.76765970593  6.755351211378142E-18
4798.11084978717  1.165307810572758E-17
4801.45477911703  6.975692687817875E-18
4804.79944622227  8.711713182995165E-18
4808.14484963221  1.017604951470187E-17
4811.49098787871  8.352380134637842E-18
4814.83785949616  1.170499030661018E-17
4818.18546302147  6.984719709842666E-18
4821.5337969941  1.020509927063411E-17
4824.88285995601  8.005023007189061E-18
4828.23265045171  8.369627677590186E-18
4831.58316702821  6.491228719477204E-18
4834.93440823504  1.151466018356479E-17
4838.28637262426  9.266147532171082E-18
4841.63905875042  8.069439697391628E-18
4844.9924651706  9.387879567017447E-18
4848.34659044437  7.991545753468733E-18
4851.70143313382  9.128341723661586E-18
4855.05699180353  1.210437213150487E-17
4858.41326502056  9.216311554625987E-18
4861.77025135451  6.403546747365971E-18
4865.12794937743  7.050206771757876E-18
4868.48635766388  1.227100022127816E-17
4871.84547479091  8.658084582341516E-18
4875.20529933804  1.169299536054755E-17
4878.56582988728  8.932547245489672E-18
4881.92706502312  7.933111233456152E-18
4885.28900333252  9.043896509287273E-18
4888.65164340491  1.062252438623042E-17
4892.01498383222  8.445725812403226E-18
4895.37902320879  8.779736380668463E-18
4898.74376013148  1.081806078405122E-17
4902.10919319959  9.172734852776081E-18
4905.47532101487  1.015268331675846E-17
4908.84214218154  9.053285836420364E-18
4912.20965530627  8.671474982097524E-18
4915.57785899818  9.148970780958048E-18
4918.94675186883  1.070435240114662E-17
4922.31633253224  8.231729224852081E-18
4925.68659960486  9.482663711868063E-18
4929.05755170558  1.001660797009043E-17
4932.42918745575  1.409116400990618E-17
4935.80150547911  1.139971351128320E-17
4939.17450440188  1.126845814604451E-17
4942.54818285267  1.108852320175707E-17
4945.92253946253  8.425695633870255E-18
4949.29757286494  1.291375429881760E-17
4952.6732816958  1.148797037392015E-17
4956.04966459341  9.287284478363650E-18
4959.42672019849  1.075662856149875E-17
4962.80444715418  1.228571162847242E-17
4966.18284410604  1.292613719258751E-17
4969.56190970201  1.048823244096305E-17
4972.94164259245  1.091708257517994E-17
4976.32204143011  1.052838544225760E-17
4979.70310487015  1.082903085333490E-17
4983.08483157011  1.198917316913645E-17
4986.46722018994  1.189266931579233E-17
4989.85026939198  1.079406179293922E-17
4993.23397784093  9.751338592270187E-18
4996.61834420389  1.087502623129591E-17
5000.00336715036  9.703346400310472E-18
5003.38904535218  1.052124770075188E-17
5006.77537748361  9.377674639800382E-18
5010.16236222123  1.071405936563493E-17
5013.54999824405  1.261635639882518E-17
5016.9382842334  1.315092517841002E-17
5020.32721887298  1.350265312821553E-17
5023.71680084889  1.053920413748918E-17
5027.10702884954  1.278677297580397E-17
5030.49790156572  1.186951570326636E-17
5033.88941769057  1.138687484099576E-17
5037.2815759196  1.256964054655064E-17
5040.67437495062  1.399751392967538E-17
5044.06781348384  1.686804572219365E-17
5047.46189022176  1.644778172273506E-17
5050.85660386927  1.318353098379564E-17
5054.25195313355  1.078213467568682E-17
5057.64793672416  1.140165159545841E-17
5061.04455335295  1.226724399411656E-17
5064.44180173411  1.144393954991396E-17
5067.83968058418  1.198066809807818E-17
5071.23818862199  1.146795425745760E-17
5074.6373245687  1.394920327317984E-17
5078.03708714781  1.301340061130880E-17
5081.43747508509  1.342829786295314E-17
5084.83848710866  1.230010953421452E-17
5088.24012194893  1.299214620546924E-17
5091.64237833862  1.532896038725299E-17
5095.04525501276  1.198386515114569E-17
5098.44875070868  1.349702168260527E-17
5101.85286416598  1.338444488277864E-17
5105.2575941266  1.302131259386786E-17
5108.66293933474  1.176706607567922E-17
5112.06889853689  1.361036197013729E-17
5115.47547048185  1.481737895689099E-17
5118.88265392068  1.266765400451266E-17
5122.29044760673  1.182338135896245E-17
5125.69885029563  1.373518187021032E-17
5129.10786074529  1.341757263913078E-17
5132.51747771587  1.442966616889759E-17
5135.92769996983  1.321670258072024E-17
5139.33852627187  1.419246054771943E-17
5142.74995538898  1.309420540380726E-17
5146.16198609039  1.299365994599022E-17
5149.5746171476  9.964019962647368E-18
5152.98784733435  1.585391567375874E-17
5156.40167542667  1.342850383092567E-17
5159.8161002028  1.141118567919869E-17
5163.23112044325  1.166681757570208E-17
5166.64673493077  1.252217609582173E-17
5170.06294245034  1.314865539480918E-17
5173.4797417892  9.251905963564757E-18
5176.89713173681  1.200601208486619E-17
5180.31511108488  1.155123562871005E-17
5183.73367862733  1.129000785536274E-17
5187.15283316032  1.201917997303742E-17
5190.57257348224  1.306386607330004E-17
5193.99289839369  1.085471812007712E-17
5197.41380669751  1.288880984026544E-17
5200.83529719872  1.244115540918338E-17
5204.2573687046  1.096445438168024E-17
5207.68002002461  1.036062576940633E-17
5211.10324997042  1.148033466968568E-17
5214.52705735593  1.277148254218092E-17
5217.95144099721  1.330904985148627E-17
5221.37639971255  1.131368011013278E-17
5224.80193232244  1.157693861188391E-17
5228.22803764956  1.049015894460969E-17
5231.65471451877  9.953410544110765E-18
5235.08196175713  1.211153055252590E-17
5238.50977819391  1.008146968346255E-17
5241.93816266051  1.076816111359896E-17
5245.36711399055  1.130652996091787E-17
5248.79663101982  1.046275610527703E-17
5252.22671258629  8.919986507888054E-18
5255.65735753008  9.805595023008763E-18
5259.08856469351  9.604349424600124E-18
5262.52033292104  1.248450629072606E-17
5265.95266105932  1.170153351883032E-17
5269.38554795714  8.958752327295352E-18
5272.81899246546  1.227821406340024E-17
5276.25299343739  9.843173011056437E-18
5279.68754972819  9.819687699104830E-18
5283.12266019528  1.107779632357348E-17
5286.55832369822  1.016500830788551E-17
5289.99453909872  1.145432480250456E-17
5293.43130526063  1.136064080786864E-17
5296.86862104993  9.725155844341045E-18
5300.30648533475  1.087985365735077E-17
5303.74489698535  8.040890385729973E-18
5307.18385487411  1.295244153606670E-17
5310.62335787555  8.654673289495345E-18
5314.06340486632  1.231724044470049E-17
5317.50399472517  1.251492006748841E-17
5320.94512633298  9.178096637506651E-18
5324.38679857277  1.080297549122009E-17
5327.82901032964  1.125350189338893E-17
5331.27176049082  9.922899160036134E-18
5334.71504794563  1.051184017564532E-17
5338.15887158553  1.037611059047333E-17
5341.60323030404  1.004660071192099E-17
5345.04812299683  1.092097528714262E-17
5348.49354856161  1.154867715907542E-17
5351.93950589822  1.392419925762358E-17
5355.3859939086  1.136809370518774E-17
5358.83301149676  1.137340172317850E-17
5362.28055756879  1.197987731341258E-17
5365.72863103288  1.014777565418419E-17
5369.1772307993  1.221778521093079E-17
5372.62635578037  1.375331945950176E-17
5376.07600489054  1.136977453619245E-17
5379.52617704628  1.059215858594360E-17
5382.97687116615  1.036605786448897E-17
5386.42808617078  8.743387583011045E-18
5389.87982098285  1.308595345001643E-17
5393.33207452713  1.059258706550090E-17
5396.78484573041  9.500091580193942E-18
5400.23813352156  1.136665275656068E-17
5403.6919368315  9.206244766571218E-18
5407.14625459319  1.208058241708785E-17
5410.60108574166  1.153911825991676E-17
5414.05642921395  1.225521761519065E-17
5417.51228394917  1.204491356189395E-17
5420.96864888846  1.112482236857774E-17
5424.42552297499  1.187079038859031E-17
5427.88290515398  1.183052323637123E-17
5431.34079437265  8.458300612075255E-18
5434.79918958029  1.457143169099937E-17
5438.25808972817  1.066799864040553E-17
5441.71749376961  9.025266747531352E-18
5445.17740065996  1.206061841300388E-17
5448.63780935655  1.124110162882616E-17
5452.09871881874  9.556746834708924E-18
5455.56012800792  1.026882195630275E-17
5459.02203588747  8.815881691895192E-18
5462.48444142278  1.031686377909922E-17
5465.94734358123  1.043969265543783E-17
5469.41074133221  1.105124878899421E-17
5472.87463364713  9.631463577899001E-18
5476.33901949934  1.216539738119597E-17
5479.80389786424  1.115751420074706E-17
5483.26926771918  1.093515233566117E-17
5486.73512804352  1.011865062481620E-17
5490.20147781858  9.875467796531731E-18
5493.66831602767  1.026057661995682E-17
5497.13564165609  1.125257379674165E-17
5500.60345369109  1.031136220084512E-17
5504.07175112192  9.360782784511439E-18
5507.54053293978  1.082392880331668E-17
5511.00979813785  1.095269270055035E-17
5514.47954571126  1.133991000735683E-17
5517.9497746571  1.089761653382473E-17
5521.42048397444  1.279959013939548E-17
5524.89167266428  1.427868254604951E-17
5528.36333972958  1.316136337055983E-17
5531.83548417526  1.101547157314006E-17
5535.30810500818  9.498532344739279E-18
5538.78120123714  9.374255075148088E-18
5542.25477187288  9.139291940610563E-18
5545.7288159281  9.671470995405741E-18
5549.20333241741  1.182515566137637E-17
5552.67832035737  1.115531886340134E-17
5556.15377876645  1.110446710806403E-17
5559.62970666507  1.068808010413647E-17
5563.10610307556  1.142824297061015E-17
5566.58296702219  9.980761271064830E-18
5570.06029753112  1.050296700921446E-17
5573.53809363046  1.102363253706351E-17
5577.01635435021  1.154264618522930E-17
5580.49507872228  1.089164594416333E-17
5583.9742657805  1.024271448180935E-17
5587.4539145606  9.595735165701000E-18
5590.93402410023  1.262436516151592E-17
5594.4145934389  1.041434866864982E-17
5597.89562161805  1.007242198192245E-17
5601.377107681  1.183123957478170E-17
5604.85905067298  1.167552282446859E-17
5608.34144964107  1.142109364857585E-17
5611.82430363428  1.129866678201494E-17
5615.30761170348  1.293995359035899E-17
5618.79137290141  1.158770602191751E-17
5622.27558628271  1.242592701410628E-17
5625.76025090389  9.098486293812710E-18
5629.24536582332  1.012340774051899E-17
5632.73093010125  1.074553855102625E-17
5636.21694279979  1.220663564345419E-17
5639.70340298292  1.382487802711311E-17
5643.19030971646  8.889626497865521E-18
5646.67766206813  9.397019912786159E-18
5650.16545910746  1.179636729451769E-17
5653.65369990587  1.005433898655142E-17
5657.14238353659  1.179317851325629E-17
5660.63150907474  1.111846962147333E-17
5664.12107559724  1.041949373205989E-17
5667.6110821829  1.099588310905420E-17
5671.10152791232  1.229123057751937E-17
5674.59241186797  1.068604689419082E-17
5678.08373313415  9.882653514512981E-18
5681.57549079696  1.255625428269769E-17
5685.06768394436  1.075762614131748E-17
5688.56031166612  1.689695403024116E-17
5692.05337305383  1.539945933649966E-17
5695.54686720092  1.626874509659286E-17
5699.04079320261  1.199221553942942E-17
5702.53515015594  1.203516192965256E-17
5706.02993715977  1.108476780177608E-17
5709.52515331476  1.189777053862995E-17
5713.02079772338  1.080002990105879E-17
5716.51686948989  1.357223721570472E-17
5720.01336772037  9.413708281644417E-18
5723.51029152268  1.287775043547561E-17
5727.00764000648  1.298836350852804E-17
5730.50541228322  1.121384354610069E-17
5734.00360746615  1.165824053993052E-17
5737.50222467027  1.169077686214468E-17
5741.00126301242  1.111992215062897E-17
5744.50072161116  1.085395876827480E-17
5748.00059958687  1.082061594496340E-17
5751.50089606168  1.098419421981821E-17
5755.00161015951  1.372322911035892E-17
5758.50274100604  1.254796841450175E-17
5762.00428772871  1.579649610435776E-17
5765.50624945673  1.147430783174262E-17
5769.00862532107  1.163706967933284E-17
5772.51141445446  1.158548421479219E-17
5776.01461599139  1.433109105529964E-17
5779.51822906808  1.423643346908275E-17
5783.02225282252  1.208146253725960E-17
5786.52668639445  1.261676585322839E-17
5790.03152892533  1.254069336101434E-17
5793.53677955839  1.148264250359470E-17
5797.04243743857  1.254212272911283E-17
5800.54850171257  1.251830158183253E-17
5804.05497152881  1.455461510914617E-17
5807.56184603745  1.223836132866805E-17
5811.06912439036  1.355595085662416E-17
5814.57680574114  1.207572273098910E-17
5818.08488924512  1.307937653696602E-17
5821.59337405936  1.326961070706036E-17
5825.10225934259  1.267467594073262E-17
5828.61154425532  1.459181507565391E-17
5832.1212279597  1.204572585325547E-17
5835.63130961964  1.547492798686654E-17
5839.14178840073  1.397513207666092E-17
5842.65266347028  1.444791873629418E-17
5846.16393399727  1.431067127469816E-17
5849.67559915241  1.438909130549063E-17
5853.18765810809  1.312950368208674E-17
5856.70011003838  1.469912356215919E-17
5860.21295411905  1.361675359473049E-17
5863.72618952755  1.378613206004052E-17
5867.23981544303  1.516198074571936E-17
5870.75383104629  1.162458917825064E-17
5874.26823551983  1.358346701970074E-17
5877.78302804781  1.322479157993039E-17
5881.29820781608  1.513917041314760E-17
5884.81377401214  1.291202549133736E-17
5888.32972582516  1.723255774836617E-17
5891.84606244599  1.334265654541308E-17
5895.36278306711  1.113048028396760E-17
5898.87988688269  1.124397442709355E-17
5902.39737308852  1.516212632950717E-17
5905.91524088208  1.380412654708599E-17
5909.43348946247  1.378757879893187E-17
5912.95211803045  1.493064976125155E-17
5916.47112578843  1.299537882730310E-17
5919.99051194043  1.551156877928019E-17
5923.51027569214  1.252890107420179E-17
5927.03041625088  1.351046915782355E-17
5930.5509328256  1.489285753342523E-17
5934.07182462686  1.349677104687967E-17
5937.59309086688  1.195419914565709E-17
5941.11473075949  1.390861682924431E-17
5944.63674352012  1.165972698349128E-17
5948.15912836586  1.409359261218464E-17
5951.68188451539  1.292215845384113E-17
5955.205011189  1.484459816212766E-17
5958.7285076086  1.432204169939831E-17
5962.25237299771  1.256107840003010E-17
5965.77660658144  1.242449351010473E-17
5969.30120758652  1.364312907574236E-17
5972.82617524127  1.432085055931624E-17
5976.3515087756  1.541167017670217E-17
5979.87720742104  1.525769546875909E-17
5983.40327041067  1.386096460851635E-17
5986.92969697919  1.350172255002641E-17
5990.45648636288  1.492097009372345E-17
5993.98363779959  1.494953429463614E-17
5997.51115052876  1.376668587102001E-17
6001.0390237914  1.454485437791804E-17
6004.5672568301  1.179203865837220E-17
6008.09584888902  1.414181062445158E-17
6011.62479921389  1.439912500632090E-17
6015.154107052  1.428203593625279E-17
6018.68377165221  1.393226923167965E-17
6022.21379226494  1.437768779356598E-17
6025.74416814215  1.339913643763820E-17
6029.27489853739  1.369715637745126E-17
6032.80598270573  1.526800379355273E-17
6036.3374199038  1.504655265432126E-17
6039.86920938977  1.471385068578508E-17
6043.40135042337  1.320328405682340E-17
6046.93384226585  1.133350762941568E-17
6050.46668418002  1.554088571455030E-17
6053.99987543022  1.521487563716967E-17
6057.53341528229  1.278598632704143E-17
6061.06730300364  1.340002648397731E-17
6064.6015378632  1.396419013151807E-17
6068.1361191314  1.371610625810423E-17
6071.67104608022  1.253543828258279E-17
6075.20631798314  1.311970324618921E-17
6078.74193411517  1.444912807434973E-17
6082.27789375281  1.498283493173630E-17
6085.8141961741  1.439354980899230E-17
6089.35084065856  1.367075111793734E-17
6092.88782648722  1.223905864192443E-17
6096.42515294265  1.463992059135754E-17
6099.96281930885  1.214996880841063E-17
6103.50082487138  1.417141210985240E-17
6107.03916891726  1.350787511942258E-17
6110.57785073499  1.306689438152260E-17
6114.1168696146  1.390116558628643E-17
6117.65622484757  1.369290053319967E-17
6121.19591572687  1.155604320243021E-17
6124.73594154695  1.353562951051557E-17
6128.27630160375  1.347073719146079E-17
6131.81699519467  1.323091354364390E-17
6135.35802161857  1.376940481369347E-17
6138.89938017581  1.195775354074923E-17
6142.44107016819  1.237715809955138E-17
6145.98309089898  1.230081760081886E-17
6149.52544167291  1.430961744659776E-17
6153.06812179617  1.324251227019312E-17
6156.6111305764  1.207765916080308E-17
6160.1544673227  1.468170313845882E-17
6163.6981313456  1.328062296255527E-17
6167.24212195711  1.321693915437543E-17
6170.78643847064  1.233538382425623E-17
6174.33108020108  1.178443190545916E-17
6177.87604646473  1.133244387514793E-17
6181.42133657934  1.246987760159306E-17
6184.96694986409  1.345471883889870E-17
6188.51288563958  1.120663880296536E-17
6192.05914322785  1.223312610257120E-17
6195.60572195236  1.112700695257549E-17
6199.15262113798  1.092426581161936E-17
6202.699840111  1.130927371900971E-17
6206.24737819916  1.100556525812413E-17
6209.79523473156  1.096585893436036E-17
6213.34340903875  1.015941077668036E-17
6216.89190045266  1.171435233678306E-17
6220.44070830665  9.799673237003496E-18
6223.98983193545  1.273360346039029E-17
6227.53927067523  1.197835199236303E-17
6231.08902386351  1.237920868028990E-17
6234.63909083924  1.035364271067516E-17
6238.18947094275  1.148235629910276E-17
6241.74016351574  9.559916590816229E-18
6245.29116790132  1.147409607350580E-17
6248.84248344397  1.173205731061414E-17
6252.39410948954  9.938915031056387E-18
6255.94604538529  1.294344677408580E-17
6259.4982904798  1.051450121567590E-17
6263.05084412308  1.063543171250870E-17
6266.60370566647  1.137953113151751E-17
6270.15687446268  9.466144087854766E-18
6273.71034986579  1.125483365417515E-17
6277.26413123124  1.081861251351979E-17
6280.81821791583  9.595861724334719E-18
6284.37260927769  8.686709994619524E-18
6287.92730467635  1.054110748007867E-17
6291.48230347264  1.166668936270714E-17
6295.03760502875  9.045622008045059E-18
6298.59320870824  8.859109323526601E-18
6302.14911387596  1.239145012617508E-17
6305.70531989816  1.082424478631067E-17
6309.26182614236  1.083497083731364E-17
6312.81863197747  1.144478492849999E-17
6316.37573677368  1.214854274903459E-17
6319.93313990254  9.120096387315658E-18
6323.49084073691  1.072822896952796E-17
6327.04883865097  1.234162159325549E-17
6330.60713302023  9.566336339550254E-18
6334.1657232215  1.156511571938869E-17
6337.72460863291  1.107155276430993E-17
6341.2837886339  9.585968644208584E-18
6344.84326260522  1.008948589077880E-17
6348.40302992891  8.760394416405137E-18
6351.96308998833  9.198227732074354E-18
6355.52344216813  1.283189236949628E-17
6359.08408585425  1.210563606348085E-17
6362.64502043394  9.554303343179443E-18
6366.20624529571  9.278298815369488E-18
6369.76775982939  1.320333368766016E-17
6373.32956342609  9.950344185580030E-18
6376.89165547818  8.903069837180733E-18
6380.45403537932  1.127475464486726E-17
6384.01670252446  1.184229236212663E-17
6387.5796563098  8.871275495976028E-18
6391.14289613284  1.044709509473957E-17
6394.70642139231  1.118526280157576E-17
6398.27023148825  1.103211527424524E-17
6401.83432582191  1.026426253676636E-17
6405.39870379586  9.524571163241834E-18
6408.96336481388  9.578663812219129E-18
6412.52830828101  1.119698891393931E-17
6416.09353360357  1.267616569301583E-17
6419.65904018909  1.215870714440164E-17
6423.22482744639  9.969283312885046E-18
6426.79089478548  1.096443287498432E-17
6430.35724161765  1.304538437687377E-17
6433.92386735543  1.068982628240958E-17
6437.49077141254  9.562626434502952E-18
6441.05795320399  1.015529555313291E-17
6444.62541214598  1.071765346539647E-17
6448.19314765594  1.201559910816568E-17
6451.76115915254  1.086016593159140E-17
6455.32944605566  1.084227815084493E-17
6458.89800778639  1.109841462752198E-17
6462.46684376706  1.173033098467574E-17
6466.0359534212  1.163489502150243E-17
6469.60533617352  8.900316980102157E-18
6473.17499144998  1.161352811909958E-17
6476.74491867773  9.438072886587168E-18
6480.31511728512  1.179863376939608E-17
6483.88558670168  1.183142320887768E-17
6487.45632635817  1.137008142019971E-17
6491.02733568652  1.091308398409886E-17
6494.59861411985  9.601718990252209E-18
6498.17016109248  1.297696495968706E-17
6501.74197603991  1.288827217286728E-17
6505.3140583988  1.071396506704510E-17
6508.88640760703  1.136579827898791E-17
6512.45902310362  1.029329574908635E-17
6516.03190432879  1.121561784851462E-17
6519.6050507239  9.860203832688291E-18
6523.17846173151  1.140877362053249E-17
6526.75213679533  9.332529603509074E-18
6530.32607536023  1.110883296733709E-17
6533.90027687224  1.266787238019437E-17
6537.47474077855  1.021742839766422E-17
6541.04946652751  1.141575585208305E-17
6544.62445356861  1.228165182602601E-17
6548.19970135249  1.152882813309660E-17
6551.77520933094  9.001704507782781E-18
6555.35097695689  1.008013461395389E-17
6558.92700368442  9.359056458573038E-18
6562.50328896872  9.798358847010149E-18
6566.07983226615  9.740473574924303E-18
6569.65663303418  1.227789394450318E-17
6573.2336907314  1.084910073653727E-17
6576.81100481756  1.205631128355431E-17
6580.3885747535  8.629483985481883E-18
6583.96640000119  1.074145227880023E-17
6587.54448002373  9.664337389803085E-18
6591.12281428532  9.929127830048662E-18
6594.70140225128  8.991861885674012E-18
6598.28024338804  8.565326202811043E-18
6601.85933716312  1.032051743586486E-17
6605.43868304518  8.757820230338872E-18
6609.01828050394  9.348288221358824E-18
6612.59812901025  9.633687866566155E-18
6616.17822803603  9.952384012970588E-18
6619.75857705431  9.217788072019395E-18
6623.33917553921  8.699710792307023E-18
6626.92002296592  1.121641194190267E-17
6630.50111881074  9.802163877827895E-18
6634.08246255104  1.082235964169466E-17
6637.66405366525  8.215856456077801E-18
6641.2458916329  9.413558561953545E-18
6644.82797593459  9.453435284923504E-18
6648.41030605199  9.405706963579191E-18
6651.99288146782  1.000192799575945E-17
6655.57570166589  9.128187868067652E-18
6659.15876613106  9.201004577390692E-18
6662.74207434925  1.021181928593049E-17
6666.32562580743  1.022313842543267E-17
6669.90941999363  9.556180215989327E-18
6673.49345639694  9.521257477707949E-18
6677.07773450749  9.299124741651734E-18
6680.66225381645  8.862844871172891E-18
6684.24701381603  9.745248061419959E-18
6687.8320139995  9.466699126045790E-18
6691.41725386116  8.969378289444206E-18
6695.00273289632  1.011618728095201E-17
6698.58845060134  9.187021089135484E-18
6702.17440647363  1.015064927963220E-17
6705.76060001159  9.677505277974315E-18
6709.34703071465  8.173298840742560E-18
6712.93369808329  8.774807211398261E-18
6716.52060161896  1.065156752471777E-17
6720.10774082417  7.940977721081530E-18
6723.69511520242  9.811699615929404E-18
6727.28272425821  8.061990935975588E-18
6730.87056749707  9.568756670022581E-18
6734.45864442552  1.079469293174660E-17
6738.04695455107  7.857547457318819E-18
6741.63549738225  9.555395221588012E-18
6745.22427242858  8.174481709018513E-18
6748.81327920057  1.031440457113810E-17
6752.4025172097  1.021600068392695E-17
6755.99198596847  9.550354382935113E-18
6759.58168499035  7.835269001880930E-18
6763.17161378979  1.052421810633156E-17
6766.7617718822  9.851407594054402E-18
6770.35215878401  8.051302935280791E-18
6773.94277401259  9.113097612152845E-18
6777.53361708628  1.024937576728224E-17
6781.12468752441  9.370019083231204E-18
6784.71598484724  9.026467813780779E-18
6788.30750857604  1.027654699604338E-17
6791.89925823298  8.569530761864649E-18
6795.49123334124  7.975560488131147E-18
6799.08343342492  8.158742943503465E-18
6802.67585800909  7.753861194715910E-18
6806.26850661976  7.019767352396537E-18
6809.86137878387  7.804320039262258E-18
6813.45447402934  7.281324343627643E-18
6817.04779188498  9.911808322383022E-18
6820.64133188059  7.137480943827121E-18
6824.23509354687  8.393564630156244E-18
6827.82907641545  8.989351392514915E-18
6831.42328001891  7.631652703836713E-18
6835.01770389073  1.013207576615793E-17
6838.61234756534  8.989168585599539E-18
6842.20721057806  6.817414159147690E-18
6845.80229246517  6.824933644506103E-18
6849.39759276381  8.007440028938940E-18
6852.99311101208  9.352319072483794E-18
6856.58884674897  7.195924562826442E-18
6860.18479951436  8.505118207565145E-18
6863.78096884905  7.844233158179168E-18
6867.37735429476  1.085581578874998E-17
6870.97395539407  5.970886619247660E-18
6874.57077169048  7.396826054100259E-18
6878.16780272837  8.087407714657503E-18
6881.76504805301  7.271164084163652E-18
6885.36250721057  9.740490118536552E-18
6888.9601797481  7.547513546289044E-18
6892.55806521352  7.670925584959507E-18
6896.15616315563  6.349374689049875E-18
6899.75447312412  8.316355591780544E-18
6903.35299466953  6.209541460859010E-18
6906.9517273433  9.182500547087883E-18
6910.5506706977  9.260203412289278E-18
6914.14982428591  7.574598748266481E-18
6917.74918766193  6.703005154264257E-18
6921.34876038064  7.647053979661837E-18
6924.94854199777  5.605548653233507E-18
6928.54853206991  1.026212427488291E-17
6932.1487301545  8.756353639112813E-18
6935.74913580981  9.778750530589581E-18
6939.34974859497  9.472875683679722E-18
6942.95056806997  8.265259818162533E-18
6946.55159379559  1.059029577520413E-17
6950.15282533351  7.401890880990920E-18
6953.75426224618  8.050675105195860E-18
6957.35590409694  8.558148756635921E-18
6960.95775044991  8.358964492313763E-18
6964.55980087006  9.664947021914535E-18
6968.16205492319  9.686525682554208E-18
6971.76451217589  7.622679448551739E-18
6975.3671721956  7.393186459405026E-18
6978.97003455056  7.496143148707665E-18
6982.57309880981  1.121508845292259E-17
6986.17636454322  8.709277136091197E-18
6989.77983132146  7.223822056165407E-18
6993.38349871599  9.381460645464036E-18
6996.98736629909  7.849848887357788E-18
7000.59143364382  8.354184215553818E-18
7004.19570032404  8.527170842695809E-18
7007.80016591442  8.222655880712986E-18
7011.40482999039  9.290389714383174E-18
7015.00969212819  7.817162018272143E-18
7018.61475190484  7.891878761462221E-18
7022.22000889812  7.140378557512895E-18
7025.82546268661  6.620070785278770E-18
7029.43111284966  9.677032130663937E-18
7033.0369589674  6.887138040160398E-18
7036.64300062071  7.962471182118108E-18
7040.24923739126  9.179616995472523E-18
7043.85566886146  9.681338432932886E-18
7047.46229461452  8.235196765979903E-18
7051.06911423435  7.420342798915141E-18
7054.67612730568  1.003010424896485E-17
7058.28333341394  8.941291371744970E-18
7061.89073214535  8.972308163173872E-18
7065.49832308685  9.609286865676455E-18
7069.10610582614  8.965010775809927E-18
7072.71407995166  9.006662628374423E-18
7076.32224505259  9.107931042046839E-18
7079.93060071883  8.686314602286724E-18
7083.53914654104  8.932988959936773E-18
7087.14788211059  7.411502719708787E-18
7090.75680701959  8.489484493987891E-18
7094.36592086088  9.075278087366310E-18
7097.975223228  8.444923447209049E-18
7101.58471371523  8.415694193083876E-18
7105.19439191756  7.829499417108372E-18
7108.8042574307  7.911979250347258E-18
7112.41430985106  8.497191335755049E-18
7116.02454877577  9.327259635826500E-18
7119.63497380266  8.878921953558471E-18
7123.24558453026  7.787431492695763E-18
7126.85638055781  9.330489776118520E-18
7130.46736148525  8.992501296287514E-18
7134.07852691319  8.033344844182265E-18
7137.68987644295  9.793195585626596E-18
7141.30140967655  7.512864604790423E-18
7144.91312621668  8.614400347011976E-18
7148.52502566672  7.870165270382702E-18
7152.13710763072  6.216640324875938E-18
7155.74937171342  9.030153730590317E-18
7159.36181752024  8.281952322923851E-18
7162.97444465726  1.006984365995312E-17
7166.58725273123  8.923387874566870E-18
7170.20024134957  7.140775604206921E-18
7173.81341012038  9.789383937363950E-18
7177.42675865239  7.498960525874021E-18
7181.04028655502  6.700892121389490E-18
7184.65399343831  8.982145822198965E-18
7188.26787891299  8.047496250101822E-18
7191.88194259043  8.311741578323726E-18
7195.49618408263  9.189058434984202E-18
7199.11060300225  8.602466612314675E-18
7202.72519896258  9.970500095566114E-18
7206.33997157757  1.034323016112434E-17
7209.95492046179  9.983467806029107E-18
7213.57004523044  8.662727547119775E-18
7217.18534549936  9.089417085576679E-18
7220.80082088503  9.467049023444900E-18
7224.41647100453  6.828579443055931E-18
7228.03229547556  8.272194073237564E-18
7231.64829391648  9.679318457877032E-18
7235.26446594622  9.383411137348439E-18
7238.88081118435  1.000079310395903E-17
7242.49732925105  8.088672473814098E-18
7246.11401976709  1.237780164606795E-17
7249.73088235387  7.995357401731379E-18
7253.34791663339  8.125575482481927E-18
7256.96512222822  9.486880678630861E-18
7260.58249876157  8.469547786864142E-18
7264.20004585721  8.353649029697498E-18
7267.81776313952  9.342348237380081E-18
7271.43565023347  8.688781254873358E-18
7275.05370676461  7.272560365037643E-18
7278.67193235907  1.042339057992563E-17
7282.29032664357  6.636795550083980E-18
7285.9088892454  1.016412984207498E-17
7289.52761979243  8.193453096367415E-18
7293.1465179131  8.292494739830841E-18
7296.76558323642  9.193984295531954E-18
7300.38481539196  9.351415791254884E-18
7304.00421400987  7.039228430668071E-18
7307.62377872085  7.606030784362882E-18
7311.24350915616  6.683673116168278E-18
7314.86340494761  8.335386536133553E-18
7318.48346572758  1.120141267585525E-17
7322.10369112898  7.660276461753499E-18
7325.72408078527  5.570395958741842E-18
7329.34463433048  8.112459706689286E-18
7332.96535139914  9.160508296141934E-18
7336.58623162636  8.990671572772550E-18
7340.20727464775  1.198616471324859E-17
7343.82848009949  8.563006788373444E-18
7347.44984761825  8.589198635289324E-18
7351.07137684126  7.394811042128079E-18
7354.69306740626  8.808515648540407E-18
7358.31491895153  8.819690031435388E-18
7361.93693111583  1.002179273816991E-17
7365.55910353848  9.776164763994740E-18
7369.18143585929  1.094243731531592E-17
7372.80392771859  6.861753521522371E-18
7376.42657875722  7.675960633348117E-18
7380.0493886165  8.462548184520715E-18
7383.6723569383  8.420009594339566E-18
7387.29548336495  7.673159799794011E-18
7390.91876753929  9.500201595215413E-18
7394.54220910465  7.584299095309889E-18
7398.16580770487  7.419249266145346E-18
7401.78956298426  8.727680250359275E-18
7405.41347458762  9.673743260548427E-18
7409.03754216023  1.109188403658587E-17
7412.66176534786  7.951771600894735E-18
7416.28614379675  7.771376744186721E-18
7419.91067715362  9.839706297109229E-18
7423.53536506567  6.567109305789145E-18
7427.16020718054  7.466968488502921E-18
7430.78520314637  7.745984780923178E-18
7434.41035261174  7.475820148237848E-18
7438.03565522571  6.566444666166958E-18
7441.66111063778  8.496413785979250E-18
7445.28671849792  9.806135171948762E-18
7448.91247845654  6.558740719531945E-18
7452.53839016451  6.316669208400444E-18
7456.16445327314  1.145001022842948E-17
7459.7906674342  1.248206279919658E-17
7463.41703229988  1.011339968228771E-17
7467.04354752282  8.931510788182141E-18
7470.67021275609  6.617609509366118E-18
7474.2970276532  1.175741453229195E-17
7477.92399186809  7.624910354663795E-18
7481.55110505513  8.730046814091791E-18
7485.1783668691  7.506921312089231E-18
7488.80577696521  6.011258823404536E-18
7492.4333349991  7.516839207633739E-18
7496.06104062681  6.641391365567324E-18
7499.68889350481  6.560487311395350E-18
7503.31689328997  7.792588136634417E-18
7506.94503963957  7.279519435531054E-18
7510.57333221129  7.396582035819556E-18
7514.20177066322  5.323591733735621E-18
7517.83035465386  8.777238295218554E-18
7521.45908384208  8.026174842632654E-18
7525.08795788716  9.206675727670358E-18
7528.71697644878  6.288049172796417E-18
7532.34613918699  7.985115251386747E-18
7535.97544576224  6.438701923399474E-18
7539.60489583537  6.069251215379710E-18
7543.23448906756  8.988176796045088E-18
7546.86422512042  8.103922375587124E-18
7550.49410365591  9.147945076998482E-18
7554.12412433634  6.095347109344533E-18
7557.75428682444  8.112368716821904E-18
7561.38459078326  1.046636757583144E-17
7565.01503587624  5.180439856927194E-18
7568.64562176716  7.185512013275627E-18
7572.27634812019  7.819777563369036E-18
7575.90721459982  8.986782996712936E-18
7579.53822087091  5.357885814751456E-18
7583.16936659868  6.362313034601121E-18
7586.80065144868  6.148070774408049E-18
7590.4320750868  6.652988437755319E-18
7594.06363717929  5.563269797764698E-18
7597.69533739271  8.297383377251028E-18
7601.327175394  -2.120996142523758E-18
7604.9591508504  2.778441981717895E-18
7608.59126342948  1.289727603383492E-18
7612.22351279914  6.227369271011058E-18
7615.85589862763  6.159004447744775E-18
7619.48842058349  3.851385192090787E-18
7623.12107833559  6.188373908983777E-18
7626.75387155311  4.568595037337032E-18
7630.38679990557  4.744159572858043E-18
7634.01986306276  5.338161693045130E-18
7637.65306069481  4.264787728368252E-18
7641.28639247214  8.432803596873922E-18
7644.91985806549  8.126977553620204E-18
7648.55345714587  6.073909896589608E-18
7652.1871893846  8.900057245389813E-18
7655.82105445331  9.645551290911392E-18
7659.45505202391  7.363942316028827E-18
7663.08918176858  6.599098448028101E-18
7666.72344335982  4.999119798704040E-18
7670.35783647038  6.293482922240278E-18
7673.99236077332  6.852791019585358E-18
7677.62701594194  6.256746176875573E-18
7681.26180164987  8.065940723400528E-18
7684.89671757095  4.345067261177748E-18
7688.53176337933  7.129437439550655E-18
7692.16693874941  6.339864179957045E-18
7695.80224335587  7.169793927275891E-18
7699.43767687362  7.715623116539421E-18
7703.07323897786  5.836255529929141E-18
7706.70892934402  7.973340335367056E-18
7710.3447476478  9.295877230566851E-18
7713.98069356514  7.016442086334074E-18
7717.61676677223  1.281264925331615E-18
7721.25296694551  8.334360004993374E-18
7724.88929376164  6.880070195416437E-18
7728.52574689755  6.425296220802135E-18
7732.16232603037  5.988927428407441E-18
7735.7990308375  7.664701050850045E-18
7739.43586099653  7.907473597550682E-18
7743.07281618532  7.473068118339885E-18
7746.70989608192  5.983480857664085E-18
7750.34710036461  7.122370008397000E-18
7753.98442871191  5.794429142255398E-18
7757.62188080253  6.873080519240365E-18
7761.2594563154  4.568544992909973E-18
7764.89715492967  3.798074642382662E-18
7768.53497632469  6.128310256754769E-18
7772.17292018001  6.336899564641655E-18
7775.8109861754  8.833480786607871E-18
7779.4491739908  9.565190694401868E-18
7783.08748330638  6.449902776074056E-18
7786.72591380248  5.053051561052189E-18
7790.36446515964  6.877145284770449E-18
7794.00313705859  8.228973059051057E-18
7797.64192918024  7.758385045485962E-18
7801.28084120569  7.495983502849441E-18
7804.91987281622  8.217155956820123E-18
7808.55902369327  8.400857054436510E-18
7812.19829351847  7.400403610249552E-18
7815.83768197362  8.113553239459081E-18
7819.4771887407  6.486073729899775E-18
7823.11681350182  7.711547597661372E-18
7826.75655593929  7.019263599403493E-18
7830.39641573558  7.666789681896740E-18
7834.03639257327  5.727160333300749E-18
7837.67648613516  8.949649204654207E-18
7841.31669610417  7.052661016635321E-18
7844.95702216335  8.102911560878586E-18
7848.59746399594  8.789850318018148E-18
7852.23802128528  1.035630954097003E-17
7855.8786937149  4.607043219389111E-18
7859.51948096841  7.626462145492944E-18
7863.16038272961  7.964194199334056E-18
7866.80139868239  6.995660000624291E-18
7870.4425285108  6.974920928306362E-18
7874.083771899  5.308279379826343E-18
7877.72512853129  1.002041051936634E-17
7881.36659809207  8.900857129042151E-18
7885.00818026587  4.877298841941824E-18
7888.64987473733  6.277567553664452E-18
7892.29168119123  6.899763711440101E-18
7895.93359931242  6.321835364916146E-18
7899.57562878588  8.013643883533088E-18
7903.2177692967  6.876364012681895E-18
7906.86002053005  4.902393847365456E-18
7910.50238217123  4.828886442230933E-18
7914.1448539056  9.909240753761658E-18
7917.78743541865  5.022031047310533E-18
7921.43012639593  4.592831842875144E-18
7925.0729265231  6.688565062310919E-18
7928.71583548589  5.848852663477712E-18
7932.35885297013  7.329998959592711E-18
7936.00197866171  4.347802333873153E-18
7939.64521224662  7.458027493261832E-18
7943.28855341089  8.530967601707429E-18
7946.93200184065  7.027489910595332E-18
7950.5755572221  6.441056079422801E-18
7954.21921924148  6.284312797969516E-18
7957.86298758513  6.559892154944618E-18
7961.50686193941  9.730528382419578E-18
7965.15084199076  7.647423729395650E-18
7968.79492742569  9.152854393933983E-18
7972.43911793071  8.311332951101121E-18
7976.08341319245  4.386918464269868E-18
7979.72781289753  7.829558974112477E-18
7983.37231673263  9.432015442961441E-18
7987.01692438448  7.055310476137330E-18
7990.66163553983  6.669713202560529E-18
7994.3064498855  6.724913859968334E-18
7997.95136710829  7.638969943535357E-18
8001.59638689509  6.887207109741546E-18
8005.24150893276  7.591431873731934E-18
8008.88673290822  6.929878048820706E-18
8012.5320585084  6.614456296871068E-18
8016.17748542025  7.668949450476116E-18
8019.82301333074  7.950783947243344E-18
8023.46864192684  7.660439416334172E-18
8027.11437089554  9.793690239632901E-18
8030.76019992384  1.006454722249094E-17
8034.40612869873  5.611895610073629E-18
8038.05215690722  7.436577872797721E-18
8041.69828423632  5.729485538002634E-18
8045.34451037301  5.100973029069530E-18
8048.9908350043  8.365463650386594E-18
8052.63725781715  4.406463087783270E-18
8056.28377849854  6.550142590654762E-18
8059.93039673543  7.408706849238358E-18
8063.57711221475  7.327357771896831E-18
8067.22392462342  4.060087823721591E-18
8070.87083364833  8.005435770314726E-18
8074.51783897635  6.432623800258435E-18
8078.16494029432  6.266580113587910E-18
8081.81213728905  6.486766080072482E-18
8085.45942964729  4.780914102605918E-18
8089.10681705581  4.588544979350587E-18
8092.75429920128  4.341581935666755E-18
8096.40187577036  6.786635182144897E-18
8100.04954644966  5.802498702721158E-18
8103.69731092573  4.893529779921338E-18
8107.3451688851  5.706108586711273E-18
8110.9931200142  4.339512743364454E-18
8114.64116399944  5.188056536007582E-18
8118.28930052715  6.500248710466789E-18
8121.93752928362  6.134516592890757E-18
8125.58584995504  6.276093104222577E-18
8129.23426222758  5.442333510667607E-18
8132.88276578729  6.370001264804496E-18
8136.53136032018  5.663857028202677E-18
8140.18004551216  4.914447523251578E-18
8143.82882104909  5.251871452314516E-18
8147.47768661674  5.356419223525400E-18
8151.12664190077  4.638541016344211E-18
8154.77568658677  6.449802273629630E-18
8158.42482036025  6.360022571484962E-18
8162.07404290662  4.884319950981173E-18
8165.72335391119  5.060560293062639E-18
8169.37275305918  4.211519364871366E-18
8173.02224003569  5.938715497273941E-18
8176.67181452573  7.010448335615516E-18
8180.32147621421  5.777854510731366E-18
8183.97122478593  4.615794790269922E-18
8187.62105992556  5.291262620264904E-18
8191.27098131767  6.322344494583173E-18
8194.9209886467  6.551296507609274E-18
8198.57108159698  4.808791743610180E-18
8202.22125985273  4.906315924239877E-18
8205.871523098  4.555770842710317E-18
8209.52187101676  5.774004398570237E-18
8213.17230329283  6.736153590131706E-18
8216.82281960986  5.258311466973548E-18
8220.47341965144  4.871753423115267E-18
8224.12410310094  6.223945570455700E-18
8227.77486964164  5.414005883410117E-18
8231.42571895665  5.364278266525266E-18
8235.07665072893  4.687616814906370E-18
8238.72766464132  5.238843771257113E-18
8242.37876037646  7.111541386998071E-18
8246.02993761686  5.296519353057678E-18
8249.68119604489  4.880980622848297E-18
8253.3325353427  5.056626222069338E-18
8256.98395519232  6.914466846828231E-18
8260.63545527561  4.998875366833029E-18
8264.28703527424  5.390858474738740E-18
8267.93869486973  7.525393909528764E-18
8271.5904337434  3.154254329033652E-18
8275.2422515764  4.322115894311544E-18
8278.8941480497  6.010151228564327E-18
8282.54612284409  2.863710861187158E-18
8286.19817564016  4.344355058670339E-18
8289.85030611832  4.264920904446872E-18
8293.50251395879  5.544174333323912E-18
8297.15479884159  9.814982695780628E-18
8300.80716044653  5.738531171591207E-18
8304.45959845323  5.996772409336895E-18
8308.11211254111  5.255195064015754E-18
8311.76470238938  2.813066934978752E-18
8315.41736767702  3.504375894089584E-18
8319.07010808284  3.849476472827321E-18
8322.72292328539  4.823190890123198E-18
8326.37581296304  6.518102163217827E-18
8330.02877679391  5.065223110175601E-18
8333.68181445591  4.913080607289336E-18
8337.33492562672  6.470931775196685E-18
8340.98810998379  1.856063239804716E-20
8344.64136720435  1.700980400646508E-18
8348.29469696538  1.243333524367231E-17
8351.94809894363  5.389721928577091E-18
8355.6015728156  9.428176497738583E-18
8359.25511825756  5.923399834642215E-18
8362.90873494554  4.690315905245130E-18
8366.5624225553  6.634127479018191E-18
8370.21618076235  3.739354331468442E-18
8373.87000924196  4.986858914074471E-18
8377.52390766915  5.001774221289721E-18
8381.17787571867  5.098995240224915E-18
8384.83191306498  4.673575010417975E-18
8388.48601938232  3.446765245967104E-18
8392.14019434463  4.434251600076530E-20
8395.7944376256  5.738502220269769E-18
8399.44874889864  5.430122670465101E-18
8403.10312783687  2.300237082277260E-18
8406.75757411315  4.700978263340939E-18
8410.41208740005  5.259721396327645E-18
8414.06666736985  1.020359462909988E-17
8417.72131369456  1.101956053370307E-18
8421.37602604586  6.689956380101231E-18
8425.03080409519  5.866200295284174E-18
8428.68564751366  8.167297645398488E-18
8432.34055597208  6.752506123661268E-18
8435.99552914098  5.508315640179430E-18
8439.65056669056  5.260041101634396E-18
8443.30566829074  5.559812182804225E-18
8446.96083361111  5.184233307216362E-18
8450.61606232095  5.183502906735477E-18
8454.27135408924  5.113281476584319E-18
8457.92670858462  4.184428786219949E-18
8461.58212547542  3.329816176217673E-18
8465.23760442965  1.527792251627785E-18
8468.89314511498  7.940373879234368E-18
8472.54874719876  4.020722711960498E-18
8476.20441034802  5.297287390256434E-18
8479.86013422943  6.347628097186468E-18
8483.51591850935  5.520881754455030E-18
8487.17176285377  4.206835454652786E-18
8490.82766692835  5.740068073169331E-18
8494.4836303984  5.982950221301132E-18
8498.13965292891  8.388834811413667E-18
8501.79573418448  3.448305249472524E-18
8505.45187382936  1.116996905923027E-17
8509.10807152747  4.839310158720019E-18
8512.76432694235  5.051897644097678E-18
8516.42063973717  4.460252988656369E-18
8520.07700957476  5.921636285576252E-18
8523.73343611755  4.602709620159944E-18
8527.38991902762  5.630768562929637E-18
8531.04645796669  7.730571924569479E-18
8534.70305259605  4.828284254744994E-18
8538.35970257668  6.022206558811675E-18
8542.01640756913  8.284861517138200E-18
8545.67316723357  1.502388707835669E-18
8549.3299812298  3.520242872599577E-18
8552.98684921722  4.169666093827715E-18
8556.64377085483  8.136321385819600E-18
8560.30074580125  5.282707918369880E-18
8563.95777371469  3.979120903823062E-18
8567.61485425295  7.931820004519956E-18
8571.27198707344  8.320748748013812E-18
8574.92917183316  3.375492262462238E-18
8578.5864081887  5.130932683675589E-18
8582.24369579624  5.647228216348523E-18
8585.90103431152  5.195253007336793E-18
8589.55842338991  4.513884070851856E-18
8593.2158626863  7.470387225974600E-18
8596.87335185521  5.427574540588130E-18
8600.5308905507  4.794209376591485E-18
8604.18847842642  7.356046877082009E-18
8607.84611513556  4.052712267789762E-18
8611.50380033089  4.778758056339300E-18
8615.16153366477  8.160434527856136E-18
8618.81931478907  7.191578555888088E-18
8622.47714335526  3.293142710169827E-18
8626.13501901433  5.900420343635186E-18
8629.79294141684  5.176454914326219E-19
8633.4509102129  1.108970276131057E-17
8637.10892505215  2.765251966465277E-18
8640.76698558378  4.048173114178377E-18
8644.42509145654  6.936268846233291E-18
8648.08324231867  7.267261446033629E-18
8651.74143781799  4.999793537312963E-18
8655.39967760184  7.779670057008177E-18
8659.05796131708  6.268593884789170E-18
8662.71628861009  2.710077572041918E-18
8666.37465912678  5.772435236948226E-18
8670.0330725126  2.980434937809975E-18
8673.69152841249  5.095659220814489E-18
8677.35002647092  1.874969053703029E-18
8681.00856633186  3.381233309503662E-18
8684.6671476388  4.159274637382518E-18
8688.32577003473  4.899906928853815E-18
8691.98443316216  5.650053451730699E-18
8695.64313666307  2.500900345534662E-18
8699.30188017897  3.100242536961236E-18
8702.96066335084  7.481738625520666E-18
8706.61948581917  4.460939962155094E-18
8710.27834722393  4.788260707216308E-18
8713.93724720459  3.902694791897144E-18
8717.59618540008  5.923514399157054E-18
8721.25516144883  5.179716487481515E-18
8724.91417498876  5.111556391416840E-18
8728.57322565723  5.886649027207098E-18
8732.2323130911  4.196060186403363E-18
8735.8914369267  3.595560976094980E-18
8739.55059679982  3.971693235512642E-18
8743.20979234572  5.094238951702736E-18
8746.86902319911  3.610422102980108E-18
8750.52828899416  3.703174692246292E-18
8754.18758936452  4.151198459471856E-18
8757.84692394328  3.928302649300561E-18
8761.50629236296  1.829711520848415E-18
8765.16569425556  1.926897177812424E-18
8768.8251292525  6.393905957326666E-18
8772.48459698467  6.558178650305716E-18
8776.14409708237  6.952979135377780E-18
8779.80362917536  3.924162662033521E-19
8783.46319289282  3.354487251577373E-18
8787.12278786337  1.326399104877382E-18
8790.78241371504  4.395734968828765E-18
8794.44207007532  5.565933732927424E-18
8798.1017565711  5.024846356525357E-18
8801.76147282868  5.720944484587718E-18
8805.4212184738  4.601969293511711E-18
8809.08099313161  5.069110859054600E-18
8812.74079642666  4.614563945518443E-18
8816.40062798292  2.229796449263775E-18
8820.06048742376  6.181781693092035E-18
8823.72037437196  5.457006453963380E-18
8827.3802884497  4.041213630094662E-18
8831.04022927855  -5.586883839699131E-19
8834.70019647949  4.540833201618528E-18
8838.36018967286  6.241754769043969E-18
8842.02020847843  5.414925294660969E-18
8845.68025251534  4.697997518003604E-18
8849.34032140211  2.302625152705701E-18
8853.00041475664  3.435976536032728E-18
8856.66053219621  2.940536087758633E-18
8860.32067333749  4.129224820089691E-18
8863.98083779651  8.015231243128578E-19
8867.64102518866  6.267959540656917E-19
8871.30123512873  2.039089752244522E-18
8874.96146723083  3.639605862171592E-18
8878.62172110847  2.727044493971453E-18
8882.28199637449  4.920566591832941E-18
8885.94229264112  5.254729361330888E-18
8889.60260951991  3.230721799990198E-18
8893.26294662178  3.610118527695301E-18
8896.92330355699  4.160226308677261E-18
8900.58367993514  5.140666945124112E-18
8904.2440753652  4.079938090471332E-18
8907.90448945544  3.458900192348410E-18
8911.56492181349  4.713673831382402E-18
8915.22537204632  1.334072445829731E-18
8918.88583976021  -3.792482746345439E-19
8922.54632456079  4.500096624401823E-18
8926.20682605299  7.779681637536752E-18
8929.86734384109  3.811630891851487E-18
8933.52787752868  4.730749734357641E-18
8937.18842671865  4.160321020857399E-18
8940.84899101323  5.226811188476609E-18
8944.50957001395  3.696933614524578E-18
8948.17016332165  5.209517737000269E-18
8951.83077053648  4.665301963521526E-18
8955.49139125789  5.386974034582189E-18
8959.15202508462  5.527574059200891E-18
8962.81267161472  -6.744602206113169E-19
8966.47333044555  2.418832034650519E-18
8970.13400117372  2.178988948089238E-18
8973.79468339518  3.930478547901881E-18
8977.45537670512  2.620657486668557E-18
8981.11608069804  2.654880223356561E-18
8984.77679496773  1.074114498120267E-18
8988.43751910722  2.594983868406443E-18
8992.09825270886  5.163782920932212E-18
8995.75899536425  4.098528974738461E-18
8999.41974666426  1.500856562546068E-18
9003.08050619902  3.844319828888665E-18
9006.74127355795  6.693732873187841E-18
9010.4020483297  5.015102582499788E-18
9014.06283010221  3.814557870449007E-18
9017.72361846265  4.638330498878317E-18
9021.38441299746  2.668653814531334E-18
9025.04521329232  3.285057226477275E-18
9028.70601893216  4.283401773692532E-18
9032.36682950116  3.801559140713042E-18
9036.02764458274  3.881918496451650E-18
9039.68846375956  -3.057058177215622E-19
9043.34928661351  3.708767673958069E-18
9047.01011272572  1.983310481998234E-18
9050.67094167655  7.172090697644223E-19
9054.33177304559  3.964427694602284E-18
9057.99260641165  2.078534066549266E-18
9061.65344135277  5.069248584626590E-18
9065.3142774462  2.622906797549243E-18
9068.97511426841  2.952093662072376E-18
9072.63595139509  2.154266173941253E-18
9076.29678840115  4.608243872048231E-18
9079.95762486068  3.369230918815518E-18
9083.618460347  5.122097981143215E-18
9087.27929443263  4.140557608071974E-18
9090.94012668928  4.840855745694574E-18
9094.60095668788  7.762323355779905E-19
9098.26178399851  1.084220267061404E-18
9101.9226081905  1.903783890341314E-18
9105.58342883232  3.687143518384708E-18
9109.24424549166  3.408299072736704E-18
9112.90505773537  5.010764020186947E-18
9116.5658651295  3.923034335979211E-18
9120.22666723927  4.733986078504254E-18
9123.88746362907  4.456715550766785E-18
9127.54825386246  3.021129949200899E-18
9131.20903750219  1.638269046674296E-18
9134.86981411016  4.166478966927550E-18
9138.53058324743  5.431421344026809E-18
9142.19134447425  4.571408692190631E-18
9145.85209734998  5.675178649246691E-18
9149.51284143319  6.333517636707231E-18
9153.17357628156  4.230088328852264E-18
9156.83430145195  6.115048483584014E-18
9160.49501650034  2.321775211066916E-18
9164.15572098189  5.410175623583690E-18
9167.81641445086  6.301504506230513E-18
9171.47709646068  1.896076841779004E-18
9175.13776656391  2.626127838854524E-18
9178.79842431224  5.032691751045115E-18
9182.45906925649  4.072840467225320E-18
9186.11970094661  5.258721334967068E-18
9189.78031893167  5.244106707904482E-18
9193.44092275987  2.641013781158028E-18
9197.10151197853  4.449372254878847E-18
9200.76208613408  6.109311158855346E-18
9204.42264477207  6.492722607663475E-18
9208.08318743716  4.802994448287104E-18
9211.74371367312  8.714766306636096E-18
9215.40422302281  9.076877027490375E-18
9219.06471502822  1.013207411179671E-17
9222.72518923043  8.853736785448070E-18
9226.3856451696  1.125406437620547E-17
9230.046082385  1.044704877262526E-17
9233.706500415  4.971612321023894E-18
9237.36689879704  2.277202635458284E-19
9241.02727706767  3.836127018511632E-18
9244.6876347625  6.587779722116231E-18
9248.34797141622  5.027726185827959E-18
9252.00828656263  5.323633092766248E-18
9255.66857973456  5.293839287873005E-18
9259.32885046395  9.146696861454138E-18
9262.98909828179  4.207779681322016E-18
9266.64932271815  2.319504600285458E-18
9270.30952330214  3.690361250967539E-18
9273.96969956196  7.778453274327111E-18
9277.62985102485  5.852558019031643E-18
9281.28997721711  7.001264149274338E-18
9284.9500776641  8.124888095392897E-18
9288.61015189022  3.101534386282891E-18
9292.27019941892  -1.054414985037164E-18
9295.9302197727  3.149845042778438E-18
9299.5902124731  -5.944466884073023E-18
9303.25017704068  2.470699360984891E-18
9306.91011299507  -2.366903372873727E-17
9310.57001985492  3.106375543535919E-17
9314.22989713789  -2.352154246243538E-18
9317.88974436069  2.813043732562570E-17
9321.54956103906  1.839288695528737E-19
9325.20934668774  1.703231221131811E-17
9328.86910082051  1.130484995709377E-17
9332.52882295015  1.173472000500595E-17
9336.18851258846  7.177925939877902E-18
9339.84816924627  -7.367403032916596E-19
9343.50779243339  7.883505212121345E-18
9347.16738165865  1.209170055170117E-17
9350.82693642987  9.743460524116230E-18
9354.48645625389  -3.944809865604669E-18
9358.14594063654  1.395221917369321E-17
9361.80538908264  5.416801340290239E-18
9365.46480109599  6.261656320991687E-18
9369.12417617941  5.212738778305552E-18
9372.78351383467  -3.618333258358564E-18
9376.44281356257  -2.730234185131519E-17
9380.10207486284  2.166841635357774E-17
9383.7612972342  -4.220799917753906E-18
9387.42048017438  5.052894810326112E-18
9391.07962318005  4.222472476952488E-18
9394.73872574685  7.345407680043349E-18
9398.39778736939  5.321720651190027E-18
9402.05680754126  1.575088205665913E-17
9405.71578575498  1.259393897704438E-17
9409.37472150207  8.468177148589141E-18
9413.03361427296  4.370532843515803E-18
9416.69246355706  2.490386673153960E-18
9420.35126884273  -1.836776056869924E-18
9424.01002961727  -1.276827308140422E-18
9427.66874536692  -6.528610872514856E-19
9431.32741557688  -6.134244864059532E-18
9434.98603973125  7.665999724411753E-18
9438.64461731313  7.511326876031687E-18
9442.30314780448  5.183848668231524E-18
9445.96163068624  6.101285025371744E-18
9449.62006543827  5.354540696354291E-18
9453.27845153934  1.161090512937717E-17
9456.93678846715  1.949677938677287E-17
9460.59507569832  5.401154391823186E-18
9464.25331270839  6.751048217831643E-18
9467.91149897181  -1.077156144630202E-18
9471.56963396194  1.427862464340663E-17
9475.22771715104  1.473747992716327E-17
9478.8857480103  3.122834080260978E-18
9482.54372600979  5.772524572454380E-18
9486.20165061848  7.001551180946893E-18
9489.85952130425  4.732103001839778E-18
9493.51733753387  1.134301607055697E-17
9497.175098773  1.463840023339167E-17
9500.83280448618  4.898297235381788E-18
9504.49045413686  7.525797573667690E-18
9508.14804718734  4.303079986874861E-18
9511.80558309883  7.339708405622859E-18
9515.4630613314  4.767550586219819E-18
9519.12048134399  3.563441863102275E-19
9522.77784259445  -6.462787768475795E-18
9526.43514453944  3.077619147207911E-18
9530.09238663454  -1.516865454229901E-19
9533.74956833416  1.003237982282998E-17
9537.40668909159  6.733084750059134E-18
9541.06374835896  5.866093588985155E-18
9544.72074558727  5.380515821949682E-18
9548.37768022637  5.358288238119463E-18
9552.03455172496  8.373037316075127E-18
9555.69135953058  4.648102810635018E-18
9559.34810308963  1.213311417624925E-18
9563.00478184732  -2.227446015553206E-18
9566.66139524773  4.579826909284585E-18
9570.31794273377  7.572669763078008E-18
9573.97442374717  1.048300672744325E-18
9577.6308377285  5.568684935644776E-18
9581.28718411716  1.133373613805989E-18
9584.94346235137  4.391794280390562E-18
9588.59967186816  3.728420244541410E-18
9592.25581210341  2.291542173268409E-18
9595.91188249178  3.062198639433545E-18
9599.56788246677  3.269195417846111E-18
9603.22381146068  3.355544801990522E-18
9606.87966890463  3.335047886796917E-18
9610.53545422852  2.191684929721008E-18
9614.19116686107  2.391520185185243E-18
9617.8468062298  5.362681807943038E-18
9621.50237176103  2.068813453580849E-18
9625.15786287986  8.193911354426770E-18
9628.8132790102  4.459503149431089E-18
9632.46861957472  1.557395184594680E-18
9636.12388399491  3.049500383055090E-18
9639.77907169102  2.076698759565164E-18
9643.43418208208  4.098814352049791E-18
9647.08921458592  2.570773119057628E-18
9650.74416861912  3.724972142157983E-18
9654.39904359704  3.523600812296236E-18
9658.05383893381  5.240738842040471E-18
9661.70855404232  5.085107808318340E-19
9665.36318833424  3.253901830596983E-19
9669.01774121999  4.322426500631558E-18
9672.67221210874  6.753219980529900E-18
9676.32660040843  5.075587683250891E-18
9679.98090552574  -1.128776764346879E-18
9683.6351268661  5.755135581617292E-18
9687.28926383372  -3.358345221954320E-18
9690.94331583148  9.210641231526937E-18
9694.59728226109  6.114825558408930E-18
9698.25116252293  -9.243046445614009E-19
9701.90495601615  6.216024075319587E-18
9705.55866213861  9.339003118982915E-18
9709.21228028694  4.855651525311310E-18
9712.86580985645  1.401521394042279E-17
9716.5192502412  8.575141527959598E-18
