3614.30456969616  4.099797216126910E-13
3617.245076136  3.492653960642488E-14
3620.18707321423  -4.690158224768043E-15
3623.13055831225  -7.654505284823698E-14
3626.07552881507  -1.141669495486469E-13
3629.02198211127  5.907011262507727E-14
3631.96991559301  -2.131634305917521E-14
3634.91932665602  -4.434359102785043E-14
3637.87021269963  3.444186523642360E-15
3640.82257112673  -3.921493866936542E-14
3643.77639934377  -3.093485957303931E-14
3646.73169476079  2.840395392576366E-14
3649.68845479136  -6.285020467527166E-15
3652.64667685264  9.694734232523934E-15
3655.60635836535  -9.279708417160060E-15
3658.56749675374  -2.102201605066329E-14
3661.53008944564  -1.051702873552073E-14
3664.49413387242  -1.172262428187493E-14
3667.45962746899  7.070511388965758E-15
3670.42656767381  4.718796726352066E-16
3673.39495192889  -6.647806796418551E-15
3676.36477767977  -5.613899746275112E-15
3679.33604237553  -2.535960263448824E-16
3682.30874346879  -5.354728416722505E-15
3685.28287841567  2.310294645613840E-15
3688.25844467587  1.149985609905471E-15
3691.23543971257  -4.209224352261839E-15
3694.21386099249  -3.407614817353472E-15
3697.19370598587  -1.166346263039924E-15
3700.17497216647  -5.187245650853096E-16
3703.15765701155  -2.481613440480857E-19
3706.14175800189  1.598431851357091E-15
3709.1272726218  -4.312102856452978E-16
3712.11419835905  -1.978168791830692E-15
3715.10253270495  -7.080752864331010E-16
3718.09227315429  -1.159152835735367E-15
3721.08341720537  6.786103983299129E-16
3724.07596235998  -2.050569568271964E-15
3727.0699061234  -9.269906340136198E-16
3730.06524600441  5.113236147086751E-16
3733.06197951525  -7.870600499733804E-16
3736.06010417166  3.961530742661000E-16
3739.05961749287  6.885886185021360E-17
3742.06051700158  -5.842669686922226E-16
3745.06280022395  -3.180556306776287E-16
3748.06646468963  -9.970227622272338E-17
3751.07150793175  7.863738738767656E-17
3754.07792748686  2.235270978711835E-16
3757.08572089504  -2.612701448470064E-16
3760.09488569977  7.205790676864608E-17
3763.10541944802  1.488036512094221E-16
3766.11731969022  -3.668710923399596E-16
3769.13058398023  1.026952803767362E-16
3772.14520987538  -1.415991065974322E-16
3775.16119493643  -2.088696824098705E-16
3778.17853672761  2.449146268497954E-16
3781.19723281656  2.994734284982087E-17
3784.21728077438  3.732576413529183E-16
3787.23867817559  1.624055047997786E-16
3790.26142259817  1.594007480636227E-16
3793.28551162351  8.417412412652270E-17
3796.31094283642  -3.191756795491397E-17
3799.33771382515  3.589787834445789E-17
3802.36582218137  3.920378672622609E-18
3805.39526550016  -1.083068273301817E-16
3808.42604138004  -3.535509897011285E-17
3811.45814742291  -2.848717716276266E-17
3814.4915812341  -5.933966074350845E-17
3817.52634042235  -4.541965694595174E-17
3820.5624225998  -5.591521241687772E-17
3823.59982538199  -7.692859933262573E-18
3826.63854638787  -9.967006911839300E-18
3829.67858323978  -4.083542199118287E-17
3832.71993356345  2.289913702796476E-17
3835.762594988  3.175724711731140E-17
3838.80656514595  5.328084151642396E-18
3841.85184167319  3.423362403922570E-17
3844.89842220902  -3.790920439982753E-17
3847.94630439609  2.278223986379876E-17
3850.99548588045  4.351370046573156E-17
3854.0459643115  3.097088952234909E-17
3857.09773734204  3.703103306559429E-17
3860.15080262821  5.372017368336311E-18
3863.20515782955  -6.810986552197848E-19
3866.26080060893  -7.064573244636696E-18
3869.3177286326  -2.337164244618975E-17
3872.37593957017  -9.582296789469463E-18
3875.43543109459  -6.958862871074869E-18
3878.49620088218  -9.071385375403634E-18
3881.55824661258  -1.870965292743120E-18
3884.62156596882  -2.062989068092710E-18
3887.68615663724  -5.168802666479490E-18
3890.75201630753  1.338728459382154E-17
3893.81914267272  -1.608005858142461E-17
3896.88753342918  3.018383047822733E-17
3899.9571862766  1.434729552349956E-17
3903.02809891802  1.194140100721967E-17
3906.10026905979  1.098443079347340E-17
3909.17369441159  1.431437042639749E-17
3912.24837268642  3.699613927863434E-17
3915.3243016006  1.825378955595016E-18
3918.40147887377  -5.039770349137038E-18
3921.47990222887  1.653384821110998E-17
3924.55956939216  3.638289042335194E-19
3927.64047809322  8.576892669316372E-18
3930.72262606491  8.030726817543534E-18
3933.80601104341  -2.650178942345116E-18
3936.8906307682  8.397141359124923E-18
3939.97648298203  3.635919169880231E-19
3943.06356543098  -3.644006214876189E-17
3946.1518758644  1.001689334740176E-17
3949.24141203493  1.191400514722344E-19
3952.3321716985  5.163308119260607E-18
3955.42415261432  5.908114777693153E-18
3958.51735254488  -3.022260084712800E-18
3961.61176925595  3.865423274266423E-18
3964.70740051656  5.437620649127588E-18
3967.80424409903  8.387030730497688E-18
3970.90229777895  4.670099611074334E-18
3974.00155933515  8.867558973483829E-18
3977.10202654975  1.522248735316639E-17
3980.20369720812  6.576633359964503E-19
3983.30656909888  1.388145056356684E-17
3986.41064001392  6.209495965925317E-18
3989.51590774837  -5.060566910507540E-19
3992.62237010061  -3.563327401985014E-18
3995.73002487228  -6.712546372437325E-19
3998.83886986824  -1.487496768472724E-18
4001.94890289661  6.160231156593192E-18
4005.06012176874  -3.058778712889732E-19
4008.17252429922  1.225991993017786E-18
4011.28610830586  1.408078640873625E-18
4014.40087160971  4.943049774472438E-18
4017.51681203505  6.527476187509584E-18
4020.63392740937  -1.991800185591686E-20
4023.75221556341  1.148343494262153E-17
4026.87167433108  1.461711191314700E-17
4029.99230154955  8.561931453577125E-18
4033.11409505919  1.504515802780849E-17
4036.23705270357  7.509613784983091E-18
4039.36117232947  8.862194707211424E-18
4042.48645178688  8.842493746562249E-18
4045.612888929  8.588631189389111E-18
4048.74048161221  8.545074339873906E-18
4051.86922769609  6.255132761090789E-18
4054.99912504343  8.318396246351710E-18
4058.13017152019  8.160851426884864E-18
4061.26236499553  8.275543327537791E-18
4064.39570334179  1.051472786316374E-17
4067.53018443449  1.477324225376639E-17
4070.66580615233  4.805245206733860E-18
4073.8025663772  1.380483047778728E-17
4076.94046299415  8.125611051248267E-18
4080.07949389139  1.021958072161808E-17
4083.21965696032  1.224526745960225E-17
4086.3609500955  5.201176034112979E-18
4089.50337119465  3.858388103156660E-18
4092.64691815865  7.390800043337809E-18
4095.79158889154  8.290468147330084E-18
4098.93738130049  1.684985271180116E-17
4102.08429329586  2.220467092725097E-18
4105.23232279114  1.022336093701745E-17
4108.38146770296  9.527650756662373E-18
4111.53172595111  1.347378948792111E-17
4114.6830954585  9.450312678111114E-18
4117.83557415119  4.032613019675642E-18
4120.98915995836  9.692988444680084E-18
4124.14385081236  1.100248483752298E-17
4127.29964464863  6.194485532939626E-18
4130.45653940574  6.752936257579794E-18
4133.6145330254  6.933658264220072E-18
4136.77362345243  9.603217014341540E-18
4139.93380863479  8.986524916361817E-18
4143.09508652351  8.142210911780979E-18
4146.25745507277  8.418990507824901E-18
4149.42091223986  8.025115224267976E-18
4152.58545598515  9.866683138426422E-18
4155.75108427213  8.150174179538030E-18
4158.9177950674  3.141976073611221E-18
4162.08558634064  1.849725238487197E-17
4165.25445606463  1.523815746269059E-17
4168.42440221527  1.422053671207071E-17
4171.5954227715  7.834714790870517E-18
4174.7675157154  1.276509670785201E-17
4177.94067903208  6.493684205125569E-18
4181.11491070979  1.048445222556368E-17
4184.29020873981  1.021475743146628E-17
4187.46657111653  8.730217213297976E-18
4190.64399583739  1.081446502992845E-17
4193.8224809029  1.212434109867251E-17
4197.00202431667  1.185162047789439E-17
4200.18262408534  9.251908445106595E-18
4203.36427821863  1.148389154631965E-17
4206.5469847293  1.100146409664709E-17
4209.73074163319  1.327916629749657E-17
4212.91554694919  5.742705952142763E-18
4216.10139869923  8.710819000752996E-18
4219.28829490829  1.161252723055839E-17
4222.4762336044  9.415489201503245E-18
4225.66521281863  1.298972173909385E-17
4228.8552305851  1.682780834847662E-17
4232.04628494095  1.068950616351252E-17
4235.23837392636  1.808006715165330E-17
4238.43149558455  1.551195755416809E-17
4241.62564796177  1.399103048803419E-17
4244.82082910728  1.295133807712955E-17
4248.01703707337  1.468309776497158E-17
4251.21426991535  1.200326584523251E-17
4254.41252569155  9.276815680531178E-18
4257.61180246333  1.275358566244773E-17
4260.81209829503  1.168716291004844E-17
4264.01341125401  8.945835074849723E-18
4267.21573941066  1.500806559478039E-17
4270.41908083835  1.603975668761981E-17
4273.62343361345  1.644034371466698E-17
4276.82879581534  1.961481475146174E-17
4280.03516552638  1.242695685396891E-17
4283.24254083194  1.784653255803366E-17
4286.45091982038  1.243254363182610E-17
4289.66030058301  1.599951765954155E-17
4292.87068121418  1.536280200047376E-17
4296.08205981119  1.605885132487998E-17
4299.29443447431  1.367610876676484E-17
4302.5078033068  1.400096823591340E-17
4305.7221644149  1.365228348358148E-17
4308.9375159078  1.232411679713265E-17
4312.15385589767  1.533390361859360E-17
4315.37118249965  1.684820662238218E-17
4318.58949383183  1.384191960209294E-17
4321.80878801526  1.215996611329394E-17
4325.02906317396  1.650892195053130E-17
4328.25031743488  1.268295022839998E-17
4331.47254892794  1.729108408542675E-17
4334.69575578599  1.316767062273055E-17
4337.91993614485  1.629976767828605E-17
4341.14508814327  1.500575279778769E-17
4344.37120992293  1.808484990995508E-17
4347.59829962846  1.848986069891820E-17
4350.8263554074  1.834147773191599E-17
4354.05537541027  1.495666790023880E-17
4357.28535779046  1.683637628526144E-17
4360.51630070433  1.706508676154869E-17
4363.74820231114  2.123371474370764E-17
4366.98106077307  1.791567493107574E-17
4370.21487425523  1.350342985081072E-17
4373.44964092564  1.581689272390209E-17
4376.68535895522  1.441476368298183E-17
4379.92202651781  1.476805914004813E-17
4383.15964179016  1.694629369941872E-17
4386.39820295191  1.762531633809615E-17
4389.6377081856  1.198457900801433E-17
4392.87815567669  1.400302956999989E-17
4396.11954361351  1.240055242163561E-17
4399.36187018729  1.312272493696686E-17
4402.60513359215  1.843969550348931E-17
4405.8493320251  1.742653987381598E-17
4409.09446368603  1.575044695965693E-17
4412.34052677772  1.523418699575034E-17
4415.5875195058  1.089704743356330E-17
4418.83544007881  1.058589765588719E-17
4422.08428670814  1.074041499431209E-17
4425.33405760806  1.182695643356990E-17
4428.5847509957  1.153077035317487E-17
4431.83636509106  1.031933291322769E-17
4435.088898117  8.591239289860491E-18
4438.34234829924  7.896701224433405E-18
4441.59671386635  8.067371745860246E-18
4444.85199304975  9.260564063036349E-18
4448.10818408373  1.066419360958778E-17
4451.36528520541  7.787902985644917E-18
4454.62329465475  6.820565303691211E-18
4457.88221067456  6.038877556877069E-18
4461.1420315105  6.458050505107703E-18
4464.40275541105  5.350925503487129E-18
4467.66438062753  5.221344351808245E-18
4470.92690541409  6.650931239571899E-18
4474.1903280277  4.270525053096918E-18
4477.45464672817  6.290154761045672E-18
4480.71985977813  7.639300815780378E-18
4483.98596544301  8.046516868256558E-18
4487.25296199107  4.892821299726686E-18
4490.52084769341  6.846831596862221E-18
4493.78962082389  9.276383892251427E-18
4497.05927965921  9.135719347544945E-18
4500.32982247887  6.819059007795750E-18
4503.60124756518  9.911058896748050E-18
4506.87355320324  9.286207489206109E-18
4510.14673768094  8.594052531123786E-18
4513.42079928899  7.781720637746697E-18
4516.69573632086  7.808069648978960E-18
4519.97154707283  5.491563992004316E-18
4523.24822984396  7.791775845272892E-18
4526.52578293609  1.346573212836938E-18
4529.80420465386  6.197593664091295E-18
4533.08349330465  5.248621046097489E-18
4536.36364719864  7.971603256080693E-18
4539.6446646488  5.694207525648166E-18
4542.92654397083  6.923126600661049E-18
4546.20928348321  8.365231212634466E-18
4549.4928815072  6.044726964578738E-18
4552.7773363668  7.428976082968357E-18
4556.06264638878  9.922981878097390E-18
4559.34880990266  6.916131134220687E-18
4562.63582524073  8.638818718694542E-18
4565.92369073799  8.885578275947684E-18
4569.21240473223  9.599697360835129E-18
4572.50196556396  1.233011964683794E-17
4575.79237157643  1.066661642160195E-17
4579.08362111564  8.632054862825697E-18
4582.37571253033  1.080794022925664E-17
4585.66864417196  1.013168699127003E-17
4588.96241439472  8.466988490048901E-18
4592.25702155553  1.100806996101894E-17
4595.55246401405  9.319860505247214E-18
4598.84874013263  1.285902472076864E-17
4602.14584827638  8.959368576851701E-18
4605.44378681308  1.005166967471471E-17
4608.74255411327  1.219918605485754E-17
4612.04214855016  1.039733025472715E-17
4615.34256849969  9.878964288980995E-18
4618.64381234051  8.610826099585134E-18
4621.94587845396  1.116479752604059E-17
4625.24876522407  8.107590094423187E-18
4628.5524710376  1.241073418779552E-17
4631.85699428397  1.035325393578726E-17
4635.16233335531  1.044592132545035E-17
4638.46848664643  1.063390142837548E-17
4641.77545255483  9.425749549821350E-18
4645.0832294807  1.064811900874404E-17
4648.39181582689  7.410840975218745E-18
4651.70120999894  9.019729600510922E-18
4655.01141040507  1.191971894900343E-17
4658.32241545616  1.210307014922071E-17
4661.63422356576  1.163759990210549E-17
4664.9468331501  1.251660999747986E-17
4668.26024262806  1.146737523102881E-17
4671.57445042118  1.103491776216057E-17
4674.88945495366  1.340896665203778E-17
4678.20525465236  1.275086837413549E-17
4681.52184794678  1.611104807589330E-17
4684.8392332691  1.502611136702385E-17
4688.1574090541  1.559928301143531E-17
4691.47637373924  1.448869874049305E-17
4694.7961257646  1.337788864924355E-17
4698.11666357292  1.422131591620773E-17
4701.43798560955  1.326751876729121E-17
4704.76009032249  1.936670027236523E-17
4708.08297616237  1.593357316674760E-17
4711.40664158244  1.667325295974354E-17
4714.73108503856  1.747117784839179E-17
4718.05630498925  1.564961529734794E-17
4721.38229989562  1.476332766694433E-17
4724.70906822139  1.495374464395403E-17
4728.03660843292  1.875174608085249E-17
4731.36491899915  1.648610500051464E-17
4734.69399839166  1.684132944276941E-17
4738.02384508461  1.644257710232088E-17
4741.35445755477  1.827018965236494E-17
4744.6858342815  1.724215138911056E-17
4748.01797374678  1.703709662398111E-17
4751.35087443515  1.906717651819856E-17
4754.68453483378  1.431482868445685E-17
4758.01895343239  1.469986140726558E-17
4761.35412872331  1.746285806579073E-17
4764.69005920145  1.567068524191089E-17
4768.02674336428  1.467345945647411E-17
4771.36417971187  1.683460942747303E-17
4774.70236674686  1.752558482600186E-17
4778.04130297445  1.603776979978845E-17
4781.38098690241  1.654561733686538E-17
4784.72141704109  1.724540220891789E-17
4788.06259190338  1.518978063174604E-17
4791.40451000476  1.733664188484372E-17
4794.74716986325  1.743580429667657E-17
4798.09056999941  1.571057685413188E-17
4801.43470893637  1.869601726862356E-17
4804.77958519982  1.562868101040546E-17
4808.12519731796  2.003816909768883E-17
4811.47154382158  1.706200799530876E-17
4814.81862324396  1.712950427893187E-17
4818.16643412096  1.528463508694872E-17
4821.51497499096  1.575476318809323E-17
4824.86424439487  1.438779759501260E-17
4828.21424087611  1.398425422445616E-17
4831.56496298067  1.499755874663974E-17
4834.91640925704  1.382136085514854E-17
4838.26857825621  1.550362784539968E-17
4841.62146853173  1.531301896248787E-17
4844.97507863964  1.700937780165446E-17
4848.32940713849  1.771682898362412E-17
4851.68445258935  1.714574183435628E-17
4855.0402135558  1.603840176577644E-17
4858.39668860393  1.619038131408203E-17
4861.75387630229  1.599818424439411E-17
4865.11177522199  1.735527660968331E-17
4868.47038393658  1.990051631759266E-17
4871.82970102214  1.576476545606023E-17
4875.18972505723  1.904955426242873E-17
4878.5504546229  1.802808050451557E-17
4881.91188830267  1.461936680749682E-17
4885.27402468255  1.914033568029520E-17
4888.63686235105  1.977424388836399E-17
4892.00039989912  1.895273111736817E-17
4895.36463592022  1.925255431091659E-17
4898.72956901024  1.731406647156592E-17
4902.09519776757  1.672931760730116E-17
4905.46152079307  2.001468874882090E-17
4908.82853669003  1.827309305631500E-17
4912.19624406422  1.924501704117501E-17
4915.56464152388  1.955724794391173E-17
4918.93372767967  2.061264437874569E-17
4922.30350114474  1.968132503579468E-17
4925.67396053465  1.960008762783584E-17
4929.04510446743  2.082064225249459E-17
4932.41693156355  1.938539786293138E-17
4935.78944044592  1.695359108678266E-17
4939.16262973988  1.776792393006152E-17
4942.53649807321  1.995684400858507E-17
4945.91104407612  1.880067712280745E-17
4949.28626638125  2.339682182403587E-17
4952.66216362367  1.894960768337517E-17
4956.03873444087  2.083916778949333E-17
4959.41597747276  1.993824071660874E-17
4962.79389136166  1.708117377010162E-17
4966.17247475232  1.918014457445492E-17
4969.5517262919  1.877886271569320E-17
4972.93164462995  1.680077608605839E-17
4976.31222841845  1.862337095850670E-17
4979.69347631178  1.760130163055251E-17
4983.07538696671  1.923021878001643E-17
4986.45795904242  2.034643449656897E-17
4989.84119120048  1.722604452822293E-17
4993.22508210484  1.859743884630317E-17
4996.60963042187  1.744306859681602E-17
4999.99483482029  1.870015151732511E-17
5003.38069397125  2.028877669915157E-17
5006.76720654823  1.637395419870348E-17
5010.15437122713  1.913749679643292E-17
5013.54218668621  1.995344760498993E-17
5016.9306516061  1.750043688101902E-17
5020.3197646698  1.936626848408548E-17
5023.70952456269  2.020072497730653E-17
5027.0999299725  1.577722114172405E-17
5030.49097958933  2.118971700692595E-17
5033.88267210563  1.582367229620258E-17
5037.27500621623  1.820210937922937E-17
5040.66798061829  1.635591338954370E-17
5044.06159401133  1.932539252693556E-17
5047.45584509722  1.801019851403339E-17
5050.85073258016  1.917764814336623E-17
5054.24625516671  1.683106744009008E-17
5057.64241156577  2.066172762193335E-17
5061.03920048857  1.989610909928897E-17
5064.43662064867  1.981736315933515E-17
5067.83467076197  1.966436452451489E-17
5071.23334954669  1.905288449157486E-17
5074.63265572339  1.867319039243955E-17
5078.03258801493  1.866781537281918E-17
5081.43314514652  1.661825868389856E-17
5084.83432584566  1.728965968041193E-17
5088.23612884219  1.773250074750954E-17
5091.63855286823  1.809191734110873E-17
5095.04159665823  1.933431615138378E-17
5098.44525894896  1.837552614028989E-17
5101.84953847946  1.684911817541722E-17
5105.25443399109  1.524397419675806E-17
5108.65994422751  1.761961540931443E-17
5112.06606793466  1.500839481266419E-17
5115.4728038608  1.564880796907009E-17
5118.88015075644  1.438831871879851E-17
5122.28810737442  1.499386124930163E-17
5125.69667246982  1.352953980684596E-17
5129.10584480005  1.512122886566132E-17
5132.51562312475  1.558438383424201E-17
5135.92600620587  1.549462977469633E-17
5139.33699280762  1.447729357420717E-17
5142.74858169647  1.463755154608318E-17
5146.16077164117  1.496709864776309E-17
5149.57356141274  1.382501368473357E-17
5152.98694978446  1.406194633630959E-17
5156.40093553184  1.656999104079487E-17
5159.81551743268  1.410273792103703E-17
5163.23069426702  1.308397731553304E-17
5166.64646481716  1.412803972161380E-17
5170.06282786763  1.311848729068876E-17
5173.47978220522  1.352598458457320E-17
5176.89732661896  1.201370072865987E-17
5180.3154599001  1.199432981307510E-17
5183.73418084216  1.254849119264888E-17
5187.15348824086  1.069750996311958E-17
5190.57338089418  1.206076399679169E-17
5193.99385760231  1.181115232078646E-17
5197.41491716768  1.306699943346039E-17
5200.83655839492  1.353156970806916E-17
5204.25878009089  1.414931646132989E-17
5207.68158106468  1.057534034972917E-17
5211.10496012759  9.225651250922323E-18
5214.52891609311  9.077924238145866E-18
5217.95344777696  1.046073861176301E-17
5221.37855399706  1.306131091238787E-17
5224.80423357354  1.149772862360644E-17
5228.23048532871  1.180114922563886E-17
5231.6573080871  1.103152549446849E-17
5235.08470067542  1.241273265615545E-17
5238.51266192258  1.280195422158615E-17
5241.94119065968  1.069600945748841E-17
5245.37028571999  1.467980062304995E-17
5248.79994593898  1.238649365994465E-17
5252.23017015431  1.099479288500685E-17
5255.66095720579  1.385871219570837E-17
5259.09230593543  1.196909749566978E-17
5262.52421518739  1.441616161821705E-17
5265.95668380802  1.239342377911662E-17
5269.38971064583  1.255226313624212E-17
5272.82329455149  1.288005578784280E-17
5276.25743437782  1.216768618995090E-17
5279.69212897984  1.293308799127479E-17
5283.12737721467  1.251735280566993E-17
5286.56317794163  1.337927748549203E-17
5289.99953002216  1.167927822444958E-17
5293.43643231986  1.377140659077585E-17
5296.87388370047  1.483497308851999E-17
5300.31188303188  1.401945241388152E-17
5303.7504291841  1.299787360403056E-17
5307.18952102931  1.446008160002116E-17
5310.62915744178  1.552570198722627E-17
5314.06933729794  1.457129437901769E-17
5317.51005947635  1.547903245706603E-17
5320.95132285767  1.555608763984780E-17
5324.39312632471  1.664725301872977E-17
5327.83546876238  1.541033179847105E-17
5331.27834905771  1.592166176592683E-17
5334.72176609985  1.596929082559764E-17
5338.16571878006  1.322703985683532E-17
5341.61020599171  1.459779393712144E-17
5345.05522663027  1.484104128549368E-17
5348.5007795933  1.697186350651396E-17
5351.94686378049  1.482962784740168E-17
5355.3934780936  1.461162108824088E-17
5358.84062143651  1.567194751952565E-17
5362.28829271516  1.513194581767756E-17
5365.7364908376  1.567119478516822E-17
5369.18521471397  1.568082813058202E-17
5372.63446325648  1.591471675750384E-17
5376.08423537942  1.354639774772979E-17
5379.53452999916  1.616519862751347E-17
5382.98534603416  1.553449326277649E-17
5386.43668240492  1.805096362898123E-17
5389.88853803405  1.571782295629784E-17
5393.34091184618  1.417976497967797E-17
5396.79380276805  1.660670793382488E-17
5400.24720972842  1.699769139396031E-17
5403.70113165814  1.731140129563227E-17
5407.1555674901  1.450054892994848E-17
5410.61051615923  1.505238593200098E-17
5414.06597660255  1.696517326971963E-17
5417.52194775907  1.876286669700765E-17
5420.9784285699  1.570772969846347E-17
5424.43541797815  1.533849943407695E-17
5427.89291492899  1.782002638248501E-17
5431.35091836963  1.780394930009943E-17
5434.80942724928  1.690455251134807E-17
5438.26844051922  1.732262944526707E-17
5441.72795713273  1.846617686361958E-17
5445.18797604514  1.411883981884099E-17
5448.64849621377  1.770157577312864E-17
5452.10951659799  1.811835734220838E-17
5455.57103615915  1.711461668226714E-17
5459.03305386066  1.484875722624758E-17
5462.4955686679  1.636070276529038E-17
5465.95857954828  1.898543783878852E-17
5469.4220854712  1.655621021178974E-17
5472.88608540807  1.842805045482578E-17
5476.35057833232  1.875876388116938E-17
5479.81556321933  1.971596239676472E-17
5483.28103904652  1.523336808694391E-17
5486.74700479327  1.683588824870004E-17
5490.21345944096  1.547389070237840E-17
5493.68040197296  1.621458461880534E-17
5497.14783137461  1.863777217297125E-17
5500.61574663325  1.907830375179862E-17
5504.08414673817  1.430816326308090E-17
5507.55303068066  1.569167577713504E-17
5511.02239745397  1.551178550060068E-17
5514.49224605331  1.463494592715365E-17
5517.96257547587  1.552930187725211E-17
5521.4333847208  1.511530625247544E-17
5524.90467278921  1.393512631351541E-17
5528.37643868415  1.563051900572654E-17
5531.84868141067  1.921807411426293E-17
5535.32139997572  1.497169611760766E-17
5538.79459338823  1.471310622323378E-17
5542.26826065907  1.727179092481956E-17
5545.74240080104  1.608497368862440E-17
5549.21701282891  1.652670137061752E-17
5552.69209575936  1.672239410557409E-17
5556.16764861102  1.725771231079391E-17
5559.64367040445  1.818443087517789E-17
5563.12016016213  1.633364734181499E-17
5566.59711690849  1.735508139505875E-17
5570.07453966985  1.799190955068985E-17
5573.55242747449  1.669058404793775E-17
5577.03077935258  1.706818041703963E-17
5580.50959433621  1.935123364927172E-17
5583.9888714594  1.645617264286880E-17
5587.46860975805  1.609414381289517E-17
5590.94880827001  1.629853352481212E-17
5594.42946603498  1.525897428998610E-17
5597.91058209462  1.569226803845362E-17
5601.39215549244  1.694997465314458E-17
5604.87418527388  1.849440853792602E-17
5608.35667048625  1.543849233524481E-17
5611.83961017876  1.758055594078968E-17
5615.32300340252  1.963963513292200E-17
5618.80684921051  1.740562874793064E-17
5622.29114665759  1.619056991126170E-17
5625.77589480052  1.602535712751648E-17
5629.2610926979  1.699896194338119E-17
5632.74673941023  1.366226507203315E-17
5636.2328339999  1.435263083845052E-17
5639.71937553112  1.375844797929960E-17
5643.20636307  1.559007318249515E-17
5646.6937956845  1.618302271535276E-17
5650.18167244445  1.576778797401850E-17
5653.66999242153  1.749006569049883E-17
5657.15875468927  1.428431564602099E-17
5660.64795832306  1.509968411942677E-17
5664.13760240014  1.085218032995781E-17
5667.62768599958  1.494716524936179E-17
5671.11820820231  1.287278900616152E-17
5674.60916809109  1.199208484489263E-17
5678.10056475053  1.352921968794890E-17
5681.59239726707  1.324402104763042E-17
5685.08466472897  1.246216579674223E-17
5688.57736622634  1.354711904922394E-17
5692.07050085109  1.477453430988320E-17
5695.56406769698  1.283471801846877E-17
5699.05806585957  1.564462574389302E-17
5702.55249443627  1.263952738214402E-17
5706.04735252625  1.422337890465543E-17
5709.54263923055  1.180107147066128E-17
5713.03835365199  1.494959219727902E-17
5716.5344948952  1.506270418296197E-17
5720.03106206662  1.316468036481617E-17
5723.52805427448  1.348393403095346E-17
5727.02547062882  1.463580454062948E-17
5730.52331024148  1.182782580039369E-17
5734.02157222607  1.273975602978645E-17
5737.52025569802  1.376220586082242E-17
5741.01935977452  1.228538158340801E-17
5744.51888357457  1.326016926754868E-17
5748.01882621892  1.277408154366556E-17
5751.51918683014  1.303861142201818E-17
5755.01996453255  1.214928142132160E-17
5758.52115845224  1.423922272210828E-17
5762.02276771708  1.202801757070194E-17
5765.52479145671  1.185085947173084E-17
5769.02722880252  1.178315804731583E-17
5772.5300788877  1.411078969711962E-17
5776.03334084715  1.404047603633016E-17
5779.53701381755  1.201488773283888E-17
5783.04109693735  1.258037817808219E-17
5786.54558934672  1.506652906611441E-17
5790.05049018761  1.413357852299546E-17
5793.55579860368  1.308698577142090E-17
5797.06151374037  1.435048513194156E-17
5800.56763474483  1.178143585728049E-17
5804.07416076596  1.292011449054751E-17
5807.58109095439  1.484897560192929E-17
5811.0884244625  1.459306411837886E-17
5814.59616044437  1.460941086164414E-17
5818.10429805583  1.279960171992405E-17
5821.61283645441  1.443480626922399E-17
5825.12177479939  1.417948373826970E-17
5828.63111225174  1.150516415013268E-17
5832.14084797416  1.487854069138316E-17
5835.65098113106  1.441895417996502E-17
5839.16151088855  1.343630248974081E-17
5842.67243641447  1.351213592675784E-17
5846.18375687833  1.417906187615729E-17
5849.69547145137  1.279175012154970E-17
5853.20757930652  1.261214274078483E-17
5856.72007961839  1.287109659462823E-17
5860.2329715633  1.257822254540587E-17
5863.74625431926  9.231717793534787E-18
5867.25992706596  1.271855952658978E-17
5870.77398898477  1.172344139735379E-17
5874.28843925875  1.153052798925539E-17
5877.80327707264  1.082243326076918E-17
5881.31850161285  8.749866888749174E-18
5884.83411206746  1.065150631335245E-17
5888.35010762624  1.119010015379797E-17
5891.86648748059  6.951771451683452E-18
5895.38325082362  9.345729751724196E-18
5898.90039685006  1.125437374175457E-17
5902.41792475633  1.144485689321328E-17
5905.93583374049  1.033365058245037E-17
5909.45412300227  1.056242888754783E-17
5912.97279174302  9.813592205170927E-18
5916.49183916576  8.025709967128399E-18
5920.01126447517  1.062139445751367E-17
5923.53106687753  9.043782358362740E-18
5927.0512455808  1.277198546799336E-17
5930.57179979456  9.446034499982991E-18
5934.09272873002  9.402568640335166E-18
5937.61403160002  1.084146006921912E-17
5941.13570761905  1.059369300597989E-17
5944.65775600319  9.700003763455145E-18
5948.18017597018  1.095134274179066E-17
5951.70296673936  1.303893733117953E-17
5955.22612753169  1.011015547992528E-17
5958.74965756973  1.192924310657637E-17
5962.27355607769  1.151654698254203E-17
5965.79782228134  1.150373064613113E-17
5969.3224554081  1.230477731441115E-17
5972.84745468697  1.193307626153494E-17
5976.37281934855  1.114063392598669E-17
5979.89854862505  1.066517133707182E-17
5983.42464175026  1.134789726335165E-17
5986.95109795958  1.178081878054353E-17
5990.47791648997  1.115179755553370E-17
5994.00509658002  1.152391219871620E-17
5997.53263746987  1.052780724300943E-17
6001.06053840124  1.130330809243198E-17
6004.58879861746  1.036148355570155E-17
6008.1174173634  1.265711655068934E-17
6011.64639388551  1.029797510981157E-17
6015.17572743183  1.205778366504466E-17
6018.70541725195  1.314084184674300E-17
6022.23546259703  1.296542909886439E-17
6025.76586271979  1.159254833722340E-17
6029.2966168745  9.367804720731399E-18
6032.827724317  1.132157968498266E-17
6036.35918430468  1.114077950977450E-17
6039.89099609647  1.122738366554757E-17
6043.42315895286  9.587429445170354E-18
6046.95567213588  9.941471019149174E-18
6050.4885349091  1.081667691088642E-17
6054.02174653763  1.074671562903791E-17
6057.55530628812  1.214069776810513E-17
6061.08921342875  1.253068861150551E-17
6064.62346722923  1.113447308478439E-17
6068.15806696081  8.322347688137877E-18
6071.69301189623  1.096865315046956E-17
6075.2283013098  1.334567161874583E-17
6078.76393447733  1.164542006761656E-17
6082.29991067612  1.167926333519856E-17
6085.83622918502  1.160997041528499E-17
6089.37288928439  1.268534822499578E-17
6092.90989025607  1.090198322027840E-17
6096.44723138343  1.086312723818434E-17
6099.98491195134  1.040520087825559E-17
6103.52293124616  1.176707186594351E-17
6107.06128855576  1.124830306323904E-17
6110.59998316949  1.173365046047392E-17
6114.13901437821  1.075135528509372E-17
6117.67838147425  1.127268917487771E-17
6121.21808375144  9.649045301818816E-18
6124.75812050508  1.036084497226866E-17
6128.29849103197  1.244400835511608E-17
6131.83919463037  1.165800644781717E-17
6135.38023060003  1.130904128125759E-17
6138.92159824215  1.138592027456887E-17
6142.46329685942  1.226039990172830E-17
6146.00532575599  1.255704837608574E-17
6149.54768423747  1.175392962037127E-17
6153.09037161095  1.346165226679312E-17
6156.63338718494  1.297751586197502E-17
6160.17673026945  1.231770697456597E-17
6163.7204001759  1.396184921038455E-17
6167.2643962172  1.224178502922340E-17
6170.80871770768  1.376056473448712E-17
6174.35336396312  1.440744644328319E-17
6177.89833430075  1.253620259746879E-17
6181.44362803923  1.320849694904371E-17
6184.98924449865  1.316662589361689E-17
6188.53518300056  1.468536754857243E-17
6192.08144286791  1.634136328256889E-17
6195.6280234251  1.457042914809696E-17
6199.17492399793  1.409276046848841E-17
6202.72214391364  1.341273445972796E-17
6206.2696825009  1.308219970439667E-17
6209.81753908976  1.331053381350519E-17
6213.36571301173  1.345253508208156E-17
6216.91420359969  1.189718820347871E-17
6220.46301018794  1.264727227421935E-17
6224.01213211221  1.145664256258093E-17
6227.56156870961  1.405249827935301E-17
6231.11131931863  1.377286821891823E-17
6234.6613832792  1.413242708758278E-17
6238.21175993262  1.267735931463974E-17
6241.76244862158  1.272967352530005E-17
6245.31344869016  1.321016619951985E-17
6248.86475948384  1.405224681644679E-17
6252.41638034946  1.310363029970669E-17
6255.96831063526  1.159599106293284E-17
6259.52054969085  1.154797405555475E-17
6263.0730968672  1.237644341550213E-17
6266.62595151669  1.421119453423253E-17
6270.17911299302  1.289709736282261E-17
6273.7325806513  1.240353606210508E-17
6277.28635384797  1.376354589341476E-17
6280.84043194086  1.391489513009358E-17
6284.39481428913  1.504207429848490E-17
6287.94950025331  1.406365529145512E-17
6291.50448919528  1.193745701005902E-17
6295.05978047828  1.487822967147284E-17
6298.61537346688  9.952429507904275E-18
6302.17126752699  1.175916980955179E-17
6305.72746202588  1.407128520542531E-17
6309.28395633216  1.328388453571057E-17
6312.84074981575  1.298108762786002E-17
6316.39784184792  1.210266317635933E-17
6319.95523180127  1.288567068984081E-17
6323.51291904974  1.303593466555597E-17
6327.07090296855  1.176213856077024E-17
6330.62918293429  1.453685057831098E-17
6334.18775832485  1.396928556409140E-17
6337.74662851943  1.352840987812921E-17
6341.30579289855  1.159430361448323E-17
6344.86525084405  1.306827163724250E-17
6348.42500173905  1.261207656633583E-17
6351.985044968  1.140145968955630E-17
6355.54537991665  1.105346728739708E-17
6359.10600597203  9.724763760730697E-18
6362.66692252249  1.202502483124572E-17
6366.22812895766  1.023657018421931E-17
6369.78962466847  1.332569189823022E-17
6373.35140904712  1.151488600387202E-17
6376.91348148712  1.177688305518900E-17
6380.47584138325  1.134716603569015E-17
6384.03848813156  1.148774041770986E-17
6387.6014211294  9.841199358114884E-18
6391.16463977537  1.107735047322332E-17
6394.72814346935  1.015426902199273E-17
6398.29193161251  8.877141860880257E-18
6401.85600360725  1.142471256375578E-17
6405.42035885725  1.119878224150733E-17
6408.98499676746  1.019117120347995E-17
6412.54991674408  1.118747716407557E-17
6416.11511819455  9.583717058581216E-18
6419.68060052758  1.084652903201285E-17
6423.24636315312  1.057708487364105E-17
6426.81240548237  1.195688086520299E-17
6430.37872692778  1.037645552478876E-17
6433.94532690303  1.188940939699826E-17
6437.51220482304  1.156776435171008E-17
6441.07936010397  1.237431342542481E-17
6444.6467921632  1.161319062940966E-17
6448.21450041936  1.180933748652252E-17
6451.78248429229  9.465607247637219E-18
6455.35074320306  1.226184498625843E-17
6458.91927657395  1.239211104348450E-17
6462.48808382849  1.074565352913139E-17
6466.05716439139  1.121974465259065E-17
6469.62651768859  1.107273315104405E-17
6473.19614314723  1.097824596403334E-17
6476.76604019568  1.140696126781039E-17
6480.33620826349  1.108038209016833E-17
6483.90664678142  1.040709429467773E-17
6487.47735518143  1.110220394190809E-17
6491.04833289668  1.157192258864939E-17
6494.61957936152  1.139113233960857E-17
6498.19109401147  1.131877967860917E-17
6501.76287628328  1.308758547736500E-17
6505.33492561485  1.109949575258259E-17
6508.90724144528  1.256704733533028E-17
6512.47982321484  1.384243410843394E-17
6516.05267036497  1.017251662630565E-17
6519.62578233831  1.190840559976555E-17
6523.19915857865  1.081198596963263E-17
6526.77279853095  1.302030756942361E-17
6530.34670164133  9.888962421044922E-18
6533.9208673571  1.384175003006736E-17
6537.49529512669  1.087440832737833E-17
6541.06998439972  1.340934715511955E-17
6544.64493462695  1.115847869334129E-17
6548.2201452603  9.624067756042165E-18
6551.79561575281  1.227821158185840E-17
6555.37134555871  1.158687387822128E-17
6558.94733413333  1.110206414838456E-17
6562.52358093319  1.167343584778312E-17
6566.10008541589  1.202539623534076E-17
6569.6768470402  9.830389761870041E-18
6573.25386526603  1.086407353280510E-17
6576.83113955439  1.101332752099233E-17
6580.40866936743  9.894645151853161E-18
6583.98645416843  1.048481783939443E-17
6587.56449342178  1.122924399474521E-17
6591.142786593  1.167584294336565E-17
6594.72133314871  1.209658588039891E-17
6598.30013255665  1.050487035180394E-17
6601.87918428568  1.062877621730010E-17
6605.45848780575  1.074837660770792E-17
6609.03804258792  1.046676048662240E-17
6612.61784810436  8.817100956118096E-18
6616.19790382831  1.115307968548316E-17
6619.77820923415  9.912882002818118E-18
6623.35876379731  1.121018327189015E-17
6626.93956699434  9.891950197417465E-18
6630.52061830287  1.270632717969135E-17
6634.1019172016  1.161375311222619E-17
6637.68346317032  9.950691601437302E-18
6641.26525568991  1.012843865300454E-17
6644.84729424232  1.087213440787442E-17
6648.42957831057  1.047248705800311E-17
6652.01210737874  1.034666130630521E-17
6655.594880932  1.162377936843095E-17
6659.17789845656  1.172276889951578E-17
6662.76115943973  1.013430005482509E-17
6666.34466336984  1.111809408147523E-17
6669.92840973629  1.055222975059506E-17
6673.51239802954  1.157927126121131E-17
6677.09662774111  1.091292020233758E-17
6680.68109836353  1.242787088854579E-17
6684.26580939042  1.094326201438664E-17
6687.85076031641  1.178050362473015E-17
6691.4359506372  1.099441734500875E-17
6695.02137984949  1.303546648132926E-17
6698.60704745105  1.096487624379265E-17
6702.19295294066  1.306060201860291E-17
6705.77909581813  1.333518958602356E-17
6709.36547558432  1.215644728696815E-17
6712.95209174107  1.297793524254558E-17
6716.53894379127  1.382950610264035E-17
6720.12603123884  1.156747566567630E-17
6723.71335358867  1.253866263261052E-17
6727.3009103467  1.345928901178305E-17
6730.88870101988  1.303368887019288E-17
6734.47672511614  1.315384595315295E-17
6738.06498214442  1.302747343507016E-17
6741.65347161468  1.296977841452520E-17
6745.24219303787  1.421185627872257E-17
6748.83114592593  1.170732461029880E-17
6752.42032979178  1.204816934478496E-17
6756.00974414936  1.172792802499627E-17
6759.59938851357  1.336503922560815E-17
6763.18926240031  1.380936177318285E-17
6766.77936532646  1.263104299060106E-17
6770.36969680986  1.382833150617053E-17
6773.96025636935  1.461673141006523E-17
6777.55104352474  1.289757051013300E-17
6781.14205779679  1.413335518423006E-17
6784.73329870725  1.026975584321432E-17
6788.32476577882  1.314231257387212E-17
6791.91645853516  1.464311019979954E-17
6795.50837650091  1.480794909790789E-17
6799.10051920165  1.462992494083545E-17
6802.69288616391  1.341959344136725E-17
6806.28547691517  1.181585318820760E-17
6809.87829098387  1.374060321194499E-17
6813.47132789939  1.390862840977288E-17
6817.06458719205  1.369550697930982E-17
6820.65806839312  1.323098881707964E-17
6824.25177103478  1.274668366741658E-17
6827.84569465017  1.318513075110031E-17
6831.43983877334  1.675816635834456E-17
6835.0342029393  1.126662842252954E-17
6838.62878668396  1.265913900728703E-17
6842.22358954415  1.361273928721776E-17
6845.81861105764  1.348072291581553E-17
6849.41385076309  1.187619932261579E-17
6853.0093082001  1.212430801144801E-17
6856.60498290917  1.380880921653366E-17
6860.20087443172  1.315172837078481E-17
6863.79698231005  1.300507751998529E-17
6867.39330608738  9.925232636544144E-18
6870.98984530785  1.147640804331789E-17
6874.58659951645  1.343095145835821E-17
6878.18356825911  1.354341162571847E-17
6881.78075108263  1.322832198678478E-17
6885.37814753471  1.463752011321991E-17
6888.97575716391  1.109174010715929E-17
6892.57357951971  1.174750408137295E-17
6896.17161415245  1.253261676951337E-17
6899.76986061336  1.147693495736808E-17
6903.36831845452  1.101998301620093E-17
6906.96698722892  1.222974045232402E-17
6910.56586649038  1.362428838293023E-17
6914.16495579363  1.259995175291703E-17
6917.76425469422  1.613091695420682E-17
6921.36376274859  1.278913953953648E-17
6924.96347951404  1.351936548531156E-17
6928.5634045487  1.405796098011831E-17
6932.16353741158  1.299501900373664E-17
6935.76387766253  1.174889788070511E-17
6939.36442486225  1.065272723193657E-17
6942.96517857227  1.143303565507928E-17
6946.56613835498  1.081664713238437E-17
6950.16730377361  1.250614450836984E-17
6953.7686743922  1.259074936860237E-17
6957.37024977566  1.217395373745222E-17
6960.97202948971  1.208695005344328E-17
6964.57401310089  1.388987787964753E-17
6968.17620017659  1.259137471714546E-17
6971.778590285  1.323276973693847E-17
6975.38118299514  1.355139474581022E-17
6978.98397787685  1.403766527660871E-17
6982.58697450076  1.055175246738161E-17
6986.19017243835  1.075708185647442E-17
6989.79357126188  1.236812611444292E-17
6993.39717054442  1.071415118268292E-17
6997.00096985985  1.065992535762701E-17
7000.60496878284  1.188006225607642E-17
7004.20916688888  1.349917566092036E-17
7007.81356375422  1.199167373612819E-17
7011.41815895592  1.241313714747498E-17
7015.02295207184  1.212749844707063E-17
7018.62794268061  1.209784402211060E-17
7022.23313036164  1.283712594123191E-17
7025.83851469513  1.195077048201806E-17
7029.44409526206  1.347472337483268E-17
7033.04987164418  1.027256163985210E-17
7036.65584342401  1.273842096027779E-17
7040.26201018484  1.206095424833258E-17
7043.86837151073  1.176996120782316E-17
7047.47492698651  1.129449200146339E-17
7051.08167619775  1.429367436747142E-17
7054.6886187308  1.307778504146748E-17
7058.29575417275  1.439528192519498E-17
7061.90308211145  1.216822882043274E-17
7065.5106021355  1.293364137510459E-17
7069.11831383425  1.246702382847976E-17
7072.72621679778  1.330683879770892E-17
7076.33431061693  1.214275744783039E-17
7079.94259488327  1.207247521990421E-17
7083.55106918909  1.190769836034181E-17
7087.15973312745  1.303453259441769E-17
7090.76858629211  1.253318338823297E-17
7094.37762827757  1.220168331312683E-17
7097.98685867903  1.459921999649748E-17
7101.59627709247  1.402706743860068E-17
7105.20588311452  1.262542891578366E-17
7108.81567634257  1.215176048161742E-17
7112.42565637471  1.235984272778881E-17
7116.03582280975  1.206802416102807E-17
7119.6461752472  1.208143027721571E-17
7123.25671328726  1.240483225412496E-17
7126.86743653086  1.286076924468051E-17
7130.47834457961  1.115635697507009E-17
7134.08943703584  1.039137786303922E-17
7137.70071350254  1.113616466913706E-17
7141.31217358342  1.111389448550530E-17
7144.92381688286  1.177820985289153E-17
7148.53564300594  1.323499567996685E-17
7152.14765155842  1.186574541403435E-17
7155.75984214673  1.279110988375558E-17
7159.37221437798  1.238782376636964E-17
7162.98476785996  1.062068887245117E-17
7166.59750220113  1.304801563840230E-17
7170.21041701062  9.944075810898105E-18
7173.82351189823  9.756167672686272E-18
7177.43678647441  1.119794182600498E-17
7181.05024035028  1.187913415942913E-17
7184.66387313761  1.237885381980712E-17
7188.27768444885  1.023243510833716E-17
7191.89167389706  1.162470084763333E-17
7195.50584109598  1.029511058335030E-17
7199.12018566  1.051023958116003E-17
7202.73470720413  1.185363466268596E-17
7206.34940534404  1.089346905023339E-17
7209.96427969603  1.292445718876342E-17
7213.57932987704  1.301345685959045E-17
7217.19455550463  1.433703021209777E-17
7220.80995619702  1.302299425205318E-17
7224.42553157301  1.170594983612074E-17
7228.04128125207  1.221684801529677E-17
7231.65720485427  1.162940088787386E-17
7235.2733020003  1.023229862353608E-17
7238.88957231146  1.106672533825508E-17
7242.50601540968  9.862848329106624E-18
7246.12263091749  1.109919383165901E-17
7249.73941845802  1.171306855247237E-17
7253.35637765502  1.209244997733615E-17
7256.97350813282  1.133815638445822E-17
7260.59080951639  1.230771215122449E-17
7264.20828143124  1.181522287658083E-17
7267.82592350353  1.106622737552632E-17
7271.44373535997  1.215120709778762E-17
7275.06171662788  1.017355473797440E-17
7278.67986693515  9.737216137672067E-18
7282.29818591026  9.211574291257896E-18
7285.91667318228  1.093009826211847E-17
7289.53532838083  1.072405253461518E-17
7293.15415113614  1.104230365785006E-17
7296.77314107897  1.151943301569922E-17
7300.39229784069  1.134720574035956E-17
7304.0116210532  1.151533019986096E-17
7307.63111034899  1.231347677291338E-17
7311.2507653611  1.158436917532647E-17
7314.87058572311  9.797897280228347E-18
7318.49057106919  1.304228244957670E-17
7322.11072103403  9.875464487809281E-18
7325.73103525288  1.063685446316229E-17
7329.35151336155  1.158404740206819E-17
7332.97215499637  1.234548204517428E-17
7336.59295979422  1.103623628805698E-17
7340.21392739253  1.096637261352076E-17
7343.83505742924  1.286666704244802E-17
7347.45634954285  1.059669815314529E-17
7351.07780337237  1.068731496206986E-17
7354.69941855733  1.112944796256313E-17
7358.32119473782  1.161377875482518E-17
7361.94313155441  1.031391570739608E-17
7365.56522864821  9.771407648291946E-18
7369.18748566084  1.209877542748034E-17
7372.80990223443  1.143812198866587E-17
7376.43247801164  9.206913128506160E-18
7380.0552126356  9.523562002894523E-18
7383.67810574997  9.073382189402339E-18
7387.30115699891  1.147916420911891E-17
7390.92436602708  9.859540433837022E-18
7394.54773247962  1.011943975512057E-17
7398.17125600218  8.051633807525814E-18
7401.79493624089  9.232767485732118E-18
7405.41877284238  8.896240634043495E-18
7409.04276545375  8.574611305186950E-18
7412.6669137226  9.388776230801456E-18
7416.29121729698  1.051399911704408E-17
7419.91567582544  8.350601696320852E-18
7423.54028895701  1.006209628633595E-17
7427.16505634116  8.790780896207271E-18
7430.78997762786  9.167866067690594E-18
7434.41505246753  9.113009931007914E-18
7438.04028051106  8.861197127392683E-18
7441.66566140978  7.188973764139160E-18
7445.2911948155  8.183608819897422E-18
7448.91688038048  9.860615768633341E-18
7452.54271775741  7.451085793561286E-18
7456.16870659946  7.866227063486337E-18
7459.79484656022  8.616349184535152E-18
7463.42113729375  1.142569773586532E-17
7467.04757845452  8.256596755607263E-18
7470.67416969745  8.044787233595711E-18
7474.30091067791  9.355282033437960E-18
7477.92780105167  9.202771435179107E-18
7481.55484047495  8.436745939673350E-18
7485.1820286044  1.036421242454236E-17
7488.80936509709  1.066252849501471E-17
7492.43684961049  9.682154033016864E-18
7496.06448180252  9.903233768153301E-18
7499.6922613315  9.897779339194123E-18
7503.32018785614  9.430391687419000E-18
7506.94826103561  8.874833199790622E-18
7510.57648052944  1.077950341415829E-17
7514.20484599759  9.743960968386826E-18
7517.83335710041  6.958827302308532E-18
7521.46201349864  7.789848514445641E-18
7525.09081485345  7.590398725146856E-18
7528.71976082636  1.118762440222460E-17
7532.34885107931  9.013501757679012E-18
7535.97808527461  1.062358483177572E-17
7539.60746307497  9.409918967258313E-18
7543.23698414346  9.176357076678453E-18
7546.86664814355  1.090435474709459E-17
7550.49645473908  1.035041008884130E-17
7554.12640359425  1.069187686314809E-17
7557.75649437365  1.204494499475722E-17
7561.38672674222  1.157065617513157E-17
7565.01710036528  1.044528108765624E-17
7568.6476149085  1.113695049071899E-17
7572.27827003792  1.012426387245298E-17
7575.90906541993  1.131011992477635E-17
7579.54000072128  1.047203045430498E-17
7583.17107560905  9.263573346104816E-18
7586.8022897507  1.025762772107307E-17
7590.43364281401  9.917902989136313E-18
7594.06513446712  8.110664724760047E-18
7597.69676437849  8.655525285526275E-18
7601.32853221693  6.466240006762284E-18
7604.96043765159  5.954044394795467E-18
7608.59248035193  6.175902920478621E-18
7612.22465998777  1.087608502247998E-17
7615.85697622923  1.108337152090209E-17
7619.48942874676  9.254228686724806E-18
7623.12201721114  9.550147587781976E-18
7626.75474129344  8.161832463091350E-18
7630.38760066508  1.104478189096527E-17
7634.02059499776  9.224117658066649E-18
7637.65372396352  1.080663576543064E-17
7641.28698723469  6.909354457052345E-18
7644.92038448389  1.114888587977751E-17
7648.55391538406  1.166665710266325E-17
7652.18757960844  1.138760027839297E-17
7655.82137683055  1.305453464880983E-17
7659.45530672422  1.192982709608883E-17
7663.08936896354  9.680741208530623E-18
7666.72356322293  1.260863466780700E-17
7670.35788917705  9.863519999764015E-18
7673.99234650087  1.042633865162877E-17
7677.62693486963  1.072091834727422E-17
7681.26165395884  1.156417686939344E-17
7684.89650344429  1.105001380833967E-17
7688.53148300205  1.039090306136761E-17
7692.16659230843  1.041112266426086E-17
7695.80183104002  1.258540660902589E-17
7699.43719887367  1.035352028794450E-17
7703.07269548651  1.021783371616437E-17
7706.70832055588  1.450814906541662E-17
7710.34407375942  1.070695719289555E-17
7713.97995477498  8.535840522695979E-18
7717.6159632807  1.147178741241617E-17
7721.25209895492  1.571440339164555E-17
7724.88836147626  9.361170732218724E-18
7728.52475052356  9.924936505884854E-18
7732.16126577589  1.162027129545311E-17
7735.79790691258  1.004623261654840E-17
7739.43467361317  1.236414158543225E-17
7743.07156555742  1.052705202711017E-17
7746.70858242535  1.230221305451224E-17
7750.34572389717  1.007098268765660E-17
7753.98298965331  8.438822990191470E-18
7757.62037937445  1.123563231061595E-17
7761.25789274145  1.086443418355217E-17
7764.89552943539  1.086586686037311E-17
7768.53328913757  1.227494587280004E-17
7772.17117152948  7.804444943534755E-18
7775.80917629282  1.189855966893433E-17
7779.44730310951  1.207113684167310E-17
7783.08555166163  9.766113692371607E-18
7786.72392163147  1.109292380261585E-17
7790.36241270153  1.262730247987109E-17
7794.00102455448  9.382517782286880E-18
7797.63975687317  1.275581243265672E-17
7801.27860934066  9.833922650266256E-18
7804.91758164017  1.062526152687736E-17
7808.55667345509  1.144282533762885E-17
7812.19588446902  8.559815525570215E-18
7815.83521436569  1.480765627597104E-17
7819.47466282904  1.134517749349758E-17
7823.11422954313  1.304358029595779E-17
7826.75391419224  1.138450745008263E-17
7830.39371646076  1.208396144989012E-17
7834.03363603327  1.056148672883013E-17
7837.6736725945  9.352552337416536E-18
7841.31382582931  9.092195585254245E-18
7844.95409542276  8.635831769502612E-18
7848.59448105999  6.925064684836259E-18
7852.23498242635  9.847931781120454E-18
7855.87559920729  4.527858873710634E-18
7859.51633108841  1.008065325619796E-17
7863.15717775545  9.244342224043572E-18
7866.79813889429  9.380802209696447E-18
7870.43921419091  1.247738012974892E-17
7874.08040333145  9.621951828035255E-18
7877.72170600217  1.133935331480459E-17
7881.36312188943  8.880901396764311E-18
7885.00465067975  9.815494720579797E-18
7888.64629205971  1.125717292094745E-17
7892.28804571607  9.904329782464932E-18
7895.92991133564  1.187821847049103E-17
7899.57188860537  1.121815481145332E-17
7903.21397721232  1.240088412106124E-17
7906.85617684364  1.073723696639866E-17
7910.49848718658  1.309807247317095E-17
7914.14090792849  1.135705828863567E-17
7917.78343875681  1.061941584148845E-17
7921.42607935908  1.085854548477140E-17
7925.06882942293  9.715969176458031E-18
7928.71168863606  1.104699294474262E-17
7932.35465668627  1.014421712318898E-17
7935.99773326143  1.028118003465429E-17
7939.6409180495  9.931953479021141E-18
7943.28421073849  9.976377213818301E-18
7946.9276110165  1.037821576513227E-17
7950.57111857171  1.032721511728470E-17
7954.21473309235  1.159923609247589E-17
7957.85845426671  9.306265791879903E-18
7961.50228178315  8.859744598237043E-18
7965.14621533009  8.646987954424117E-18
7968.79025459599  9.875308977854121E-18
7972.43439926938  1.053553145556945E-17
7976.07864903884  1.019478598275680E-17
7979.72300359298  7.612454668999969E-18
7983.36746262047  8.710029870448618E-18
7987.01202581001  8.376061488394622E-18
7990.65669285035  1.315962380973163E-17
7994.30146343026  1.033908681343607E-17
7997.94633723856  8.427138236858546E-18
8001.59131396409  9.602584221172937E-18
8005.23639329572  1.022612537462460E-17
8008.88157492234  1.056570783149599E-17
8012.52685853287  8.569159357769613E-18
8016.17224381625  8.925220906804288E-18
8019.81773046142  7.436381003811931E-18
8023.46331815734  7.607465115545051E-18
8027.10900659301  1.168350098147666E-17
8030.75479545739  9.994260031481086E-18
8034.40068443947  8.163347857973548E-18
8038.04667322826  8.993163040777558E-18
8041.69276151272  1.117689586967979E-17
8045.33894898185  1.107131784501597E-17
8048.98523532464  9.530942935500332E-18
8052.63162023004  1.286022661419867E-17
8056.27810338702  8.287758303643361E-18
8059.92468448453  8.602855387202573E-18
8063.57136321149  7.020110632350748E-18
8067.21813925681  1.071012529464163E-17
8070.86501230937  1.160443244108395E-17
8074.51198205804  9.230941070939600E-18
8078.15904819164  1.058581659218716E-17
8081.80621039897  1.677964203499797E-18
8085.45346836879  9.655286379540529E-18
8089.10082178984  1.125977936705760E-17
8092.7482703508  8.230648099791476E-18
8096.39581374032  1.212094055917431E-17
8100.04345164699  1.168566902186217E-17
8103.69118375938  9.914852347037218E-18
8107.33900976599  7.807947226248302E-18
8110.98692935525  9.830810796801829E-18
8114.63494221557  8.517340628296230E-18
8118.28304803528  8.092236795073590E-18
8121.93124650265  9.206104973047695E-18
8125.57953730588  7.743519782697772E-18
8129.22792013311  8.187327823931461E-18
8132.87639467242  8.858302822429362E-18
8136.52496061179  8.178321481421985E-18
8140.17361763915  7.188624693920663E-18
8143.82236544234  7.979291072693763E-18
8147.47120370911  9.846947436191515E-18
8151.12013212715  7.914256478573618E-18
8154.76915038403  9.328727881413783E-18
8158.41825816726  9.009910139459307E-18
8162.06745516424  8.695044666471609E-18
8165.71674106229  9.137554861324201E-18
8169.36611554862  8.752589140145087E-18
8173.01557831032  9.794859045838439E-18
8176.66512903443  9.422238995301677E-18
8180.31476740782  8.888931666150977E-18
8183.9644931173  9.015132957846965E-18
8187.61430584955  8.870154666246023E-18
8191.26420529112  8.237653492399187E-18
8194.91419112846  8.321216105059905E-18
8198.56426304791  8.953354973798443E-18
8202.21442073566  9.823266082434734E-18
8205.86466387778  9.534313696496486E-18
8209.51499216024  8.827812945050659E-18
8213.16540526883  8.984607511701923E-18
8216.81590288926  8.135236124855932E-18
8220.46648470704  1.066830469723217E-17
8224.1171504076  6.381250921135217E-18
8227.7678996762  7.598446365326385E-18
8231.41873219794  8.725599891118706E-18
8235.0696476578  1.168941449567581E-17
8238.72064574059  9.248603031378834E-18
8242.37172613098  8.216906975455746E-18
8246.02288851346  8.859641200660473E-18
8249.67413257239  8.835882919106724E-18
8253.32545799195  8.632459354145236E-18
8256.97686445616  8.921147042287467E-18
8260.62835164886  8.985535608349206E-18
8264.27991925374  8.169509526356456E-18
8267.9315669543  8.575389682143363E-18
8271.58329443388  8.459411515637913E-18
8275.23510137561  9.139860213691386E-18
8278.88698746248  6.185397299549505E-18
8282.53895237727  1.021037006549730E-17
8286.19099580257  1.079763934908851E-17
8289.84311742078  6.920713714814231E-18
8293.49531691413  9.562392342389600E-18
8297.14759396462  1.083652759122647E-17
8300.79994825408  3.102545614581737E-18
8304.45237946413  6.787994239891323E-18
8308.10488727618  1.042348239697363E-17
8311.75747137144  7.254187029271617E-18
8315.41013143089  6.975362642753466E-18
8319.06286713532  8.228434564472284E-18
8322.71567816532  7.627166903374838E-18
8326.36856420122  9.342593082841396E-18
8330.02152492315  9.540958438357126E-18
8333.67456001102  7.748235539369936E-18
8337.3276691445  1.050837015297566E-17
8340.98085200306  9.286180192245893E-18
8344.6341082659  1.086167222748686E-17
8348.28743761201  1.142702784229031E-17
8351.94083972013  1.079081510903495E-17
8355.59431426878  7.696870932052845E-18
8359.2478609362  8.426670879812455E-18
8362.90147940042  7.839619971902960E-18
8366.55516933921  7.332798138785592E-18
8370.20893043007  9.690668203061871E-18
8373.86276235027  7.217384109457906E-18
8377.51666477681  9.247310148081414E-18
8381.17063738643  7.256514715515339E-18
8384.82467985562  9.617019350042601E-18
8388.4787918606  9.650467225291796E-18
8392.1329730773  1.081724849268969E-17
8395.7872231814  6.333856367168072E-18
8399.44154184831  5.801951936336261E-18
8403.09592875315  8.318764341724296E-18
8406.75038357076  8.933893895526910E-18
8410.40490597571  9.193776673198206E-18
8414.05949564228  8.836503304566139E-18
8417.71415224446  1.049172479750925E-17
8421.36887545594  9.151397728875274E-18
8425.02366495013  1.192749610112266E-17
8428.67852040015  4.610037613206553E-18
8432.33344147879  6.810651957640068E-18
8435.98842785858  8.952214291733733E-18
8439.64347921172  7.906306445706370E-18
8443.2985952101  1.000709456586546E-17
8446.9537755253  1.078025945723816E-17
8450.60901982861  5.084492696135329E-18
8454.26432779098  8.219208191919868E-18
8457.91969908305  7.892631495819645E-18
8461.57513337514  8.580408186919720E-18
8465.23063033724  9.115850469231423E-18
8468.88618963902  1.903785131112233E-18
8472.54181094982  8.524800143060231E-18
8476.19749393864  6.847332454723121E-18
8479.85323827414  8.201236865931543E-18
8483.50904362467  8.846692515351568E-18
8487.16490965821  7.387004938687415E-18
8490.82083604241  7.081773638294126E-18
8494.47682244457  6.720461560321268E-18
8498.13286853164  9.393000642189763E-18
8501.78897397022  5.639115228900603E-18
8505.44513842655  6.934822107341935E-18
8509.10136156652  1.062615322757769E-17
8512.75764305566  6.392689174645602E-18
8516.41398255913  6.855466121686355E-18
8520.07037974172  8.766504799590066E-18
8523.72683426787  9.702178421285548E-18
8527.38334580163  1.015860923866680E-17
8531.03991400668  8.983834097829184E-18
8534.69653854633  8.700594221201228E-18
8538.3532190835  8.281409692442016E-18
8542.00995528074  8.363116938988779E-18
8545.6667468002  8.540495895183426E-18
8549.32359330366  4.261672152591070E-18
8552.98049445248  7.177202156841916E-18
8556.63744990766  9.286686426780777E-18
8560.29445932978  8.757917010470539E-18
8563.95152237902  6.464751081659690E-18
8567.60863871518  7.939935473509713E-18
8571.26580799763  7.364240101049345E-18
8574.92302988535  7.093789263872070E-18
8578.58030403689  7.699750347765142E-18
8582.23763011042  7.681525904509374E-18
8585.89500776365  8.315650833898649E-18
8589.5524366539  7.418329441304187E-18
8593.20991643807  7.665347078908448E-18
8596.86744677262  8.792131682147569E-18
8600.52502731358  7.473990424722881E-18
8604.18265771658  7.211387877197507E-18
8607.84033763678  9.788626239922853E-18
8611.49806672893  6.998114245501736E-18
8615.15584464733  8.075069488640664E-18
8618.81367104584  7.078728786459318E-18
8622.47154557788  9.631474331246964E-18
8626.12946789642  1.115095548567012E-17
8629.78743765397  6.430208432869779E-18
8633.44545450261  8.600494613734348E-18
8637.10351809395  9.036613183993743E-18
8640.76162807914  7.623580248238809E-18
8644.41978410887  1.025266215585591E-17
8648.07798583339  9.064518949138832E-18
8651.73623290245  6.222424798899522E-18
8655.39452496534  3.153843633859520E-18
8659.05286167089  8.605735630095484E-18
8662.71124266745  9.156165597926033E-18
8666.36966760288  2.124543092990385E-18
8670.02813612459  9.780797802605651E-18
8673.68664787946  9.238143332533100E-18
8677.34520251393  7.847576622215106E-18
8681.00379967393  5.909113598282812E-18
8684.66243900489  9.069477069730474E-18
8688.32112015177  9.326739339221205E-18
8691.97984275901  7.724204288214046E-18
8695.63860647056  8.032618579604442E-18
8699.29741092988  7.875666848636795E-18
8702.95625577989  7.366062379938799E-18
8706.61514066305  8.334891054946634E-18
8710.27406522125  6.150066761226140E-18
8713.93302909592  8.685708278897724E-18
8717.59203192795  7.719974086561451E-18
8721.2510733577  8.751450112441599E-18
8724.91015302504  8.865552233317776E-18
8728.56927056928  7.259032653299951E-18
8732.22842562921  8.343024721909866E-18
8735.88761784312  7.992162003025088E-18
8739.54684684873  8.518525978114016E-18
8743.20611228323  7.433441203914919E-18
8746.86541378329  7.706348767511475E-18
8750.52475098503  7.785382566318467E-18
8754.18412352401  7.192854895573259E-18
8757.84353103526  5.806145328451599E-18
8761.50297315325  6.852098255822345E-18
8765.16244951192  5.407509620469431E-18
8768.82195974461  1.058794244636142E-17
8772.48150348415  1.110533399334599E-17
8776.14108036277  2.657446964797312E-18
8779.80069001217  6.346172259308374E-18
8783.46033206345  8.938308558456103E-18
8787.12000614716  7.857753425291345E-18
8790.77971189327  8.161167409878856E-18
8794.4394489312  7.330928710601223E-18
8798.09921688974  7.671048834870775E-18
8801.75901539715  8.302985871539851E-18
8805.41884408108  9.599647729998375E-18
8809.0787025686  8.305075329767159E-18
8812.73859048619  8.540952498881553E-18
8816.39850745974  9.328828797448514E-18
8820.05845311455  6.189726762875608E-18
8823.7184270753  9.767887994785535E-18
8827.37842896611  5.171219688229372E-18
8831.03845841045  7.954859466121398E-18
8834.69851503122  8.140256283993519E-18
8838.35859845069  7.842729343825545E-18
8842.01870829054  1.025110705630432E-17
8845.67884417182  9.789015841991364E-18
8849.33900571495  9.482749738651769E-18
8852.99919253977  7.649799392114902E-18
8856.65940426546  9.800013208235256E-18
8860.31964051059  8.789745266080355E-18
8863.9799008931  8.738289668895880E-18
8867.64018503029  7.589188559910692E-18
8871.30049253886  6.252197510687144E-18
8874.96082303482  6.915834176380782E-18
8878.62117613359  8.600626135451745E-18
8882.28155144991  2.886792508999837E-18
8885.94194859791  6.721187824899090E-18
8889.60236719105  3.282370750642856E-18
8893.26280684213  5.420138600471585E-18
8896.92326716333  1.046994182325828E-17
8900.58374776614  8.331404488664722E-18
8904.24424826142  6.961030911460373E-18
8907.90476825934  7.829194187462340E-18
8911.56530736943  9.198111099607984E-18
8915.22586520053  1.053007537224905E-17
8918.88644136084  1.181569685107183E-17
8922.54703545785  8.596232979218473E-18
8926.20764709842  8.105549439852019E-18
8929.86827588868  8.062732916985048E-18
8933.52892143411  6.303279635825049E-18
8937.18958333951  8.257426417761655E-18
8940.85026120898  3.982861000962722E-18
8944.51095464594  8.975248790251495E-18
8948.17166325309  8.850129450796726E-18
8951.83238663248  5.341974168488386E-18
8955.49312438543  7.044141883506637E-18
8959.15387611257  8.144729676746205E-18
8962.81464141383  4.921761867818080E-18
8966.47541988841  5.889779905825610E-18
8970.13621113483  8.714967311524947E-18
8973.7970147509  6.143832714539634E-18
8977.45783033368  4.677850707004261E-18
8981.11865747955  7.148116004962716E-18
8984.77949578415  7.006559759555903E-18
8988.44034484241  6.112729069146416E-18
8992.10120424851  7.645725527598079E-18
8995.76207359593  4.857032916934273E-18
8999.42295247741  7.471880286980257E-18
9003.08384048494  6.965166814523136E-18
9006.74473720979  8.443480017040144E-18
9010.40564224248  6.599851182385525E-18
9014.06655517281  7.388706449207439E-18
9017.7274755898  6.782295379061141E-18
9021.38840308174  6.994343956269721E-18
9025.04933723618  9.155269761322637E-18
9028.7102776399  8.249455705379093E-18
9032.37122387892  5.715961134987392E-18
9036.03217553852  6.659100475301472E-18
9039.6931322032  3.239732278402738E-18
9043.35409345671  9.150614388835188E-18
9047.01505888201  6.210814078231424E-18
9050.67602806132  3.213928792784454E-18
9054.33700057606  6.215664251753127E-18
9057.99797600688  6.283889281495889E-18
9061.65895393367  5.326451710703523E-18
9065.31993393552  9.096743424262060E-18
9068.98091559073  5.344828355192000E-18
9072.64189847684  7.208763233113879E-18
9076.30288217056  6.517831261567216E-18
9079.96386624785  6.813633116567709E-18
9083.62485028384  6.572232448912993E-18
9087.28583385289  8.423471345203099E-18
9090.94681652853  4.656010657291024E-18
9094.60779788351  8.043118810300191E-18
9098.26877748977  3.527756154103396E-18
9101.92975491842  5.143962432684524E-18
9105.59072973978  8.179292591461120E-18
9109.25170152336  8.164864080036359E-18
9112.91266983781  7.133030712131587E-18
9116.57363425102  7.194759065343356E-18
9120.23459433  5.569387211984833E-18
9123.89554964098  6.758352636230791E-18
9127.55649974932  6.533115491335664E-18
9131.21744421959  6.475642982375482E-18
9134.87838261549  5.895937438305455E-18
9138.5393144999  7.018202326677586E-18
9142.20023943485  6.678054491857512E-18
9145.86115698155  6.162169654358711E-18
9149.52206670032  6.499387201858814E-18
9153.18296815069  8.213151575474753E-18
9156.84386089129  7.470790062932914E-18
9160.50474447991  6.269337520159856E-18
9164.1656184735  5.914919992592628E-18
9167.82648242813  7.129537528404775E-18
9171.48733589901  5.203368476326550E-18
9175.14817844049  6.228370573142553E-18
9178.80900960607  6.259939921220642E-18
9182.46982894833  4.925534225001629E-18
9186.13063601903  6.153822988387743E-18
9189.79143036902  6.445651481315839E-18
9193.45221154828  5.987240393548139E-18
9197.11297910591  8.988514285735011E-18
9200.77373259013  6.902280408453793E-18
9204.43447154826  6.604625668881181E-18
9208.09519552673  8.249073547936093E-18
9211.7559040711  6.626434699321447E-18
9215.41659672601  8.123070779587116E-18
9219.0772730352  5.754523881554307E-18
9222.73793254153  7.527623988460208E-18
9226.39857478692  7.296402191833259E-18
9230.05919931243  6.012196432628864E-18
9233.71980565818  5.954803746597790E-18
9237.38039336337  8.276384570220757E-18
9241.04096196631  6.487576303482477E-18
9244.70151100437  7.066180456566888E-18
9248.36204001401  7.465266150802284E-18
9252.02254853077  7.473609921641106E-18
9255.68303608925  8.168513600898942E-18
9259.34350222313  9.905880746113469E-18
9263.00394646516  8.688248550558872E-18
9266.66436834714  4.041759569298947E-18
9270.32476739996  8.380503448284033E-18
9273.98514315353  5.136194793142344E-18
9277.64549513686  7.667605281980717E-18
9281.30582287797  7.998807572066336E-18
9284.96612590398  4.256533293035583E-18
9288.62640374101  9.500611876799238E-18
9292.28665591426  8.342633465480130E-18
9295.94688194795  1.027120754518935E-17
9299.60708136536  3.881802277575586E-18
9303.26725368879  3.891466642262349E-18
9306.92739843959  1.449249219078221E-17
9310.58751513812  7.291426700448752E-18
9314.24760330379  -3.572077047085961E-20
9317.90766245502  2.415610993345238E-18
9321.56769210928  1.207032951339525E-17
9325.22769178301  1.458442463047105E-18
9328.88766099173  3.704255403716592E-18
9332.54759924992  6.057335678655883E-18
9336.20750607111  2.027179798989831E-18
9339.86738096781  7.583844973153598E-18
9343.52722345157  5.325169994344371E-18
9347.18703303291  4.409065811580669E-18
9350.84680922136  6.385064223759085E-18
9354.50655152548  -2.253070158074933E-19
9358.16625945277  3.959149041523277E-19
9361.82593250977  7.821938986309637E-18
9365.48557020197  9.828270525140681E-18
9369.1451720339  1.434284363744279E-17
9372.80473750901  5.693843462781067E-19
9376.46426612977  7.203263309221013E-18
9380.12375739764  1.041454471045499E-17
9383.78321081302  9.827870996904819E-18
9387.4426258753  1.059315037549805E-17
9391.10200208285  5.406353635563388E-18
9394.76133893299  8.626408527964407E-18
9398.42063592202  5.990755083970878E-18
9402.07989254518  3.578843655915284E-18
9405.7391082967  4.672156809257754E-18
9409.39828266974  5.645238846975333E-18
9413.05741515642  9.818447755366616E-18
9416.71650524782  7.675209553351919E-18
9420.37555243396  1.127812064957489E-18
9424.0345562038  5.677166777848961E-18
9427.69351604525  2.852109032710642E-18
9431.35243144517  8.986184945130062E-18
9435.01130188933  1.020591879982600E-18
9438.67012686245  5.019793110163270E-18
9442.32890584819  -5.055491330268915E-18
9445.98763832912  6.322032647492239E-18
9449.64632378674  7.519003939296792E-18
9453.30496170148  2.730053363449615E-18
9456.96355155269  4.101127562632797E-18
9460.62209281863  7.976720195349948E-18
9464.28058497648  7.254328477156361E-18
9467.93902750231  6.623428311385124E-18
9471.59741987115  6.189069154288628E-18
9475.25576155688  1.096974585605874E-17
9478.91405203232  1.396648969362097E-17
9482.57229076917  7.845650118568469E-18
9486.23047723804  1.082329187424501E-17
9489.88861090842  6.120356501574766E-18
9493.54669124871  5.524321585032333E-18
9497.20471772619  9.764654545771065E-18
9500.86268980703  -6.707262239286759E-18
9504.52060695628  8.942125996983035E-18
9508.17846863787  5.978152573748326E-18
9511.83627431462  7.444888556412041E-18
9515.4940234482  1.708215956259663E-18
9519.15171549917  3.690859213696296E-18
9522.80934992697  1.155200904258278E-17
9526.46692618989  6.839873767139730E-18
9530.12444374509  1.036011457178777E-17
9533.78190204858  8.864660532617445E-18
9537.43930055525  9.002068467252302E-18
9541.09663871883  7.167285915658629E-18
9544.75391599191  1.380378078558995E-17
9548.41113182592  8.027151742936080E-18
9552.06828567116  1.113320005382167E-17
9555.72537697675  6.997368128589215E-18
9559.38240519067  1.362792053299995E-17
9563.03936975972  1.160583451222222E-17
9566.69627012954  9.832201287411532E-18
9570.35310574463  1.539224797591942E-17
9574.0098760483  8.537451043348617E-18
9577.66658048268  7.152486827319446E-18
9581.32321848873  6.831827781321425E-18
9584.97978950624  6.252350952690772E-18
9588.63629297383  7.060281831618773E-18
9592.29272832891  9.622080041030200E-18
9595.94909500771  1.063719526157467E-17
9599.60539244529  6.747647264743129E-18
9603.26162007551  1.156101124918920E-17
9606.91777733102  9.610620280823891E-18
9610.57386364328  9.975122380829059E-18
9614.22987844257  7.595969786572399E-18
9617.88582115795  1.057643470967958E-17
9621.54169121726  5.994411635868668E-18
9625.19748804717  1.113316034915227E-17
9628.8532110731  6.897845066009283E-18
9632.50885971928  6.950626633715679E-18
9636.16443340871  4.148441880080524E-18
9639.81993156319  1.269095071928460E-17
9643.47535360326  1.026051623577211E-17
9647.13069894828  2.856137195498622E-18
9650.78596701636  6.068883947187735E-18
9654.44115722437  1.249389396349793E-17
9658.09626898797  5.235778653497296E-18
9661.75130172156  1.122603122524605E-17
9665.40625483831  1.638154109928181E-17
9669.06112775015  4.523751921969307E-18
9672.71591986777  2.958109043563954E-17
9676.37063060061  2.265877323120788E-17
9680.02525935686  7.083478457536597E-18
9683.67980554344  1.306423168713079E-17
9687.33426856604  4.801625050783021E-18
9690.98864782908  9.198551986874475E-18
9694.64294273571  8.360082840501936E-18
9698.29715268784  1.478558332321659E-19
9701.95127708608  1.802591329131068E-17
9705.6053153298  6.311511323690870E-18
9709.25926681708  3.255910483618203E-18
9712.91313094473  1.442769086159481E-17
9716.56690710828  1.405302726135473E-18
