9098.58842381705  3.085925488124016E-18
9095.04073274438  8.091420367809000E-18
9091.49388499767  1.815667400254306E-17
9087.94787894655  3.224012370020719E-21
9084.40271296296  -2.762850454351882E-18
9080.85838542116  1.019174940272812E-17
9077.31489469767  7.603162949179163E-18
9073.77223917136  1.599668870184662E-17
9070.23041722336  1.819772697634407E-17
9066.68942723714  3.039620082869420E-17
9063.14926759843  2.321747914106702E-17
9059.6099366953  1.716606731636793E-17
9056.0714329181  1.722440505624885E-17
9052.53375465948  1.641531322933113E-17
9048.99690031441  2.053096525633975E-17
9045.46086828014  2.283504045665925E-17
9041.92565695624  2.281493169596809E-17
9038.39126474456  2.560414667118871E-17
9034.85769004928  1.919986456025819E-17
9031.32493127685  -3.143410818383694E-18
9027.79298683605  -1.278518065312480E-17
9024.26185513795  -1.175911107972830E-17
9020.73153459591  -1.729498837791800E-17
9017.20202362562  -2.013108795025813E-17
9013.67332064503  -2.366685483160622E-19
9010.14542407444  -3.322809400667374E-20
9006.61833233641  7.747165788042753E-19
9003.09204385583  -1.000799701991375E-17
8999.56655705987  -3.398155894552364E-17
8996.04187037803  -3.526742775134957E-17
8992.51798224207  -2.959476538552627E-17
8988.9948910861  -2.321800357357537E-17
8985.47259534649  1.298389177013658E-17
8981.95109346193  -6.056947317358289E-18
8978.43038387342  -5.187374939182838E-18
8974.91046502424  -6.808758851410665E-19
8971.39133535999  -2.252476170016816E-17
8967.87299332857  -1.801779864950153E-17
8964.35543738017  1.843162552943324E-17
8960.83866596728  5.540208581313148E-17
8957.32267754472  6.172988184154169E-17
8953.80747056958  5.196731758117855E-17
8950.29304350126  4.051197782806238E-17
8946.77939480148  1.979730568384196E-17
8943.26652293423  4.486336144039759E-17
8939.75442636582  6.607042277040754E-17
8936.24310356486  7.031857093357367E-17
8932.73255300227  3.075852578932712E-17
8929.22277315126  3.512655558430934E-17
8925.71376248733  -2.558676222984500E-18
8922.20551948832  8.336655793084728E-20
8918.69804263433  -1.924779471367196E-17
8915.19133040778  -2.245504526378097E-17
8911.6853812934  -2.305897644645083E-17
8908.1801937782  -4.337849944897099E-17
8904.67576635152  -3.725769378832362E-17
8901.17209750498  -2.267073260850416E-17
8897.6691857325  -2.585821188761193E-17
8894.16702953031  -4.758557065009835E-18
8890.66562739695  7.449555509428064E-18
8887.16497783325  -3.541452610686049E-18
8883.66507934233  -9.029156150771578E-18
8880.16593042963  4.555035892736064E-18
8876.6675296029  1.087973288898134E-17
8873.16987537218  -1.144544998171248E-17
8869.67296624979  -3.858127210391461E-17
8866.17680075038  -4.563531616653413E-17
8862.6813773909  -6.363967643980411E-17
8859.18669469059  -9.852855987306982E-18
8855.692751171  -2.145097538595592E-17
8852.19954535597  -4.794891387006534E-17
8848.70707577166  -3.827986072359009E-17
8845.21534094651  -7.507053826423360E-17
8841.72433941128  -6.510497064666013E-17
8838.23406969903  -6.805165930381495E-17
8834.74453034511  -4.020401517728644E-17
8831.25571988717  -1.057314418520285E-17
8827.76763686519  -5.403255430579071E-18
8824.28027982141  -1.513130227116099E-17
8820.7936473004  -1.761974114076754E-17
8817.30773784903  -9.508547847596071E-18
8813.82255001646  -2.206947818229652E-17
8810.33808235416  -1.125073580142056E-17
8806.8543334159  -2.813453228324814E-18
8803.37130175774  -1.154518562970983E-17
8799.88898593807  2.094416844208958E-17
8796.40738451755  -4.431943766167506E-19
8792.92649605916  -1.431797031642332E-17
8789.44631912818  -1.031277998841504E-17
8785.96685229218  -4.467425802620061E-17
8782.48809412105  -3.762057130560573E-17
8779.01004318697  -4.369231853848382E-17
8775.53269806442  -2.109151247024243E-17
8772.05605733019  -6.532526125149220E-18
8768.58011956336  -7.941904163367590E-18
8765.10488334532  1.054506471212912E-17
8761.63034725977  -3.182918412005299E-18
8758.15650989269  7.055940787764093E-18
8754.68336983237  3.736881061436909E-18
8751.21092566942  5.318671663452155E-18
8747.73917599672  1.167143324352013E-17
8744.26811940949  1.521862607406699E-17
8740.7977545052  9.759519408528337E-18
8737.32807988368  1.471908177597887E-17
8733.85909414701  1.336182232020593E-17
8730.39079589961  3.985412284465777E-19
8726.92318374817  -9.074035868881406E-19
8723.45625630172  7.927955416698107E-18
8719.99001217155  -1.322620957429546E-18
8716.52444997128  -6.349221764034127E-19
8713.05956831682  1.356306078418179E-19
8709.59536582639  -4.457508816974224E-18
8706.13184112049  4.255277219275422E-18
8702.66899282195  4.905399821711474E-18
8699.20681955589  -6.412723075491328E-18
8695.74531994973  1.537974100505762E-17
8692.28449263318  5.673630787525452E-19
8688.82433623828  2.614297294938638E-18
8685.36484939935  9.599849562067836E-18
8681.90603075301  2.708540711822826E-17
8678.44787893819  -1.582568069072985E-17
8674.99039259613  -4.233156755334530E-18
8671.53357037035  -2.018371648955121E-17
8668.07741090669  -1.303356127758340E-18
8664.62191285329  -7.751967778293776E-18
8661.16707486057  -4.507366714805552E-18
8657.71289558129  -1.440148412542790E-17
8654.25937367047  -1.148397922746459E-17
8650.80650778546  -5.932926473756988E-18
8647.35429658591  1.814071603416569E-17
8643.90273873375  7.149344368172356E-18
8640.45183289324  2.976341758625848E-17
8637.00157773092  2.455526841958168E-17
8633.55197191564  1.340964245859824E-17
8630.10301411855  3.189744761369424E-17
8626.65470301311  5.478255896719255E-18
8623.20703727506  9.863524962847691E-18
8619.76001558247  1.555708356530531E-17
8616.3136366157  1.504017323064209E-18
8612.86789905739  4.313950380894728E-18
8609.42280159252  9.863058432982212E-18
8605.97834290834  1.713802258487994E-17
8602.53452169442  3.143313417866567E-18
8599.09133664262  5.223102937790534E-18
8595.64878644711  -2.437158014326479E-18
8592.20686980437  -2.947093768859800E-18
8588.76558541315  1.848604946424585E-18
8585.32493197454  -1.974266089180579E-18
8581.8849081919  3.702280251510181E-19
8578.44551277092  3.598425916146558E-18
8575.00674441956  -8.187972197628640E-18
8571.5686018481  1.376662796837713E-17
8568.13108376913  3.613209701644411E-18
8564.69418889754  1.424670208920698E-17
8561.25791595049  1.280118411643586E-17
8557.82226364747  7.192008689806615E-18
8554.38723071028  2.353767248438017E-18
8550.952815863  -3.672857282025304E-18
8547.51901783202  -2.373656547772913E-19
8544.08583534603  -1.627173866322969E-18
8540.65326713603  5.877041737982601E-19
8537.2213119353  -1.983032962902722E-18
8533.78996847944  9.716417508350037E-18
8530.35923550636  -1.406812372112413E-17
8526.92911175625  -6.910681668345187E-18
8523.49959597161  3.616347197707825E-18
8520.07068689725  5.523391834023822E-18
8516.64238328027  1.488452782465682E-17
8513.21468387007  1.610017065083822E-17
8509.78758741836  -5.184337118383237E-18
8506.36109267916  -6.122061734407545E-18
8502.93519840876  -6.692966076760007E-18
8499.50990336579  -9.122921209107525E-18
8496.08520631116  4.136364215956637E-18
8492.66110600808  1.497085901082775E-17
8489.23760122206  1.442626769735091E-18
8485.81469072094  -1.763399015399938E-17
8482.39237327483  -2.061483144428527E-17
8478.97064765614  5.538367525423789E-18
8475.54951263961  3.286299651757329E-18
8472.12896700226  1.940863502069922E-17
8468.70900952341  1.790753878257067E-17
8465.2896389847  7.520879157745450E-18
8461.87085417005  -3.742519538082376E-18
8458.45265386569  7.469158862764960E-18
8455.03503686017  3.992819345639186E-17
8451.6180019443  5.291710290412417E-17
8448.20154791123  4.782426436919850E-17
8444.7856735564  3.692116362791253E-17
8441.37037767755  3.539829103297791E-17
8437.95565907471  3.437666011074837E-17
8434.54151655024  5.113777123207361E-17
8431.12794890877  3.078482682408387E-17
8427.71495495724  1.591886258673395E-17
8424.30253350492  1.930758663706974E-18
8420.89068336334  1.927778001087701E-17
8417.47940334636  5.543644937731878E-18
8414.06869227013  -1.011888058102649E-17
8410.65854895311  -9.303943068719854E-18
8407.24897221604  -3.205944597357907E-17
8403.83996088199  -3.363720034779537E-17
8400.43151377631  -2.913400593199953E-17
8397.02362972667  -1.563757320199040E-17
8393.61630756303  -4.540733526354715E-19
8390.20954611765  7.279712995794389E-18
8386.80334422509  1.406506646158014E-17
8383.39770072223  3.448726739353650E-17
8379.99261444823  1.678093864060814E-17
8376.58808424456  -4.107057620444189E-18
8373.184108955  3.634144402177210E-18
8369.78068742561  1.200894857604075E-17
8366.37781850477  2.643570141482093E-17
8362.97550104316  1.845491397239906E-17
8359.57373389376  2.996280450983071E-17
8356.17251591185  -1.588931073216989E-17
8352.77184595499  -5.953758852048014E-17
8349.37172288309  -6.150784671279775E-17
8345.97214555833  -4.032440635235985E-17
8342.57311284518  -2.639634581563688E-17
8339.17462361044  -1.539282927709489E-18
8335.7766767232  -2.273804939393435E-18
8332.37927105485  4.831415960544119E-18
8328.98240547908  -8.821446963056450E-19
8325.58607887188  -5.114861805144601E-18
8322.19029011156  8.988012057856220E-20
8318.7950380787  1.273084398586681E-17
8315.40032165621  1.596188425039284E-17
8312.00613972929  2.373196893846275E-17
8308.61249118543  8.156815612676215E-18
8305.21937491445  1.539240348587458E-17
8301.82678980845  1.282347663394417E-17
8298.43473476184  1.895733975415101E-18
8295.04320867132  7.899367227547662E-18
8291.6522104359  -7.250622708012124E-18
8288.26173895691  7.508054239335697E-19
8284.87179313794  9.344115095168493E-18
8281.48237188491  1.185010508301219E-17
8278.09347410605  1.644533657684435E-17
8274.70509871187  1.359099519045559E-17
8271.31724461519  1.760647316374219E-18
8267.92991073113  1.173626186966775E-18
8264.54309597711  7.585928641116622E-18
8261.15679927287  5.053173570192541E-18
8257.77101954041  2.243295623270335E-18
8254.38575570409  5.335637964996230E-18
8251.00100669051  -5.947169076339080E-19
8247.61677142862  7.548850787146812E-19
8244.23304884965  4.115315364499307E-18
8240.84983788712  1.508101010350807E-18
8237.46713747689  7.669318373029315E-18
8234.08494655707  6.503227387852595E-18
8230.70326406813  6.052009049101348E-18
8227.32208895278  1.872299493712137E-17
8223.94142015609  1.254529331240075E-17
8220.56125662538  6.697221093830979E-18
8217.18159731031  3.828962393636005E-18
8213.80244116282  2.176536771163324E-18
8210.42378713717  1.357495284965573E-17
8207.0456341899  1.022157339971372E-17
8203.66798127986  1.042028038082243E-17
8200.29082736821  1.068835141937739E-17
8196.91417141841  4.527807588512656E-18
8193.53801239621  2.461591482055223E-18
8190.16234926966  1.071028674995744E-19
8186.78718100913  7.621896935692262E-18
8183.41250658729  1.440847711032643E-17
8180.03832497909  8.699122666891495E-18
8176.66463516179  1.070260870441536E-17
8173.29143611498  6.051011055692303E-18
8169.9187268205  8.966225904129768E-18
8166.54650626254  1.642274131123185E-17
8163.17477342756  8.558047013420576E-18
8159.80352730434  6.130335608484605E-18
8156.43276688396  1.208679619784934E-17
8153.06249115978  9.355519434273761E-18
8149.69269912748  5.427782369717033E-19
8146.32338978505  8.951710538740687E-18
8142.95456213277  3.747258869401999E-18
8139.58621517322  8.928374119299341E-18
8136.21834791127  1.043539317740893E-18
8132.85095935413  -4.971613458397237E-19
8129.48404851128  1.375616351324288E-19
8126.11761439449  4.768102315688391E-18
8122.75165601787  7.551541088691564E-18
8119.38617239781  7.820988555785813E-18
8116.02116255301  -1.464329921056951E-18
8112.65662550444  6.292453909558261E-18
8109.29256027543  7.919155042161158E-18
8105.92896589156  7.611414075789380E-18
8102.56584138072  8.253110189325353E-18
8099.20318577314  1.393157109124266E-17
8095.8409981013  2.987095396102252E-18
8092.47927740001  9.187155092394718E-18
8089.11802270638  1.704547761794750E-17
8085.75723305983  5.072187143752683E-18
8082.39690750205  8.740183912498627E-18
8079.03704507706  8.375818297294532E-18
8075.67764483117  1.394248325788345E-17
8072.318705813  1.703351658628998E-17
8068.96022707346  1.422229529805299E-17
8065.60220766578  1.040436128993385E-17
8062.24464664547  1.199431905972714E-17
8058.88754307034  1.044442412854163E-17
8055.53089600054  1.335247435210347E-17
8052.17470449847  8.993099347870391E-18
8048.81896762887  7.349605621652056E-18
8045.46368445876  1.300753011050151E-17
8042.10885405748  7.591633705801398E-18
8038.75447549665  1.332112172534587E-17
8035.4005478502  1.476508294420416E-17
8032.04707019437  1.315491963358804E-17
8028.6940416077  8.068784570346487E-18
8025.34146117102  -2.100395235217518E-19
8021.98932796747  -4.144131028318204E-18
8018.63764108249  -7.161629964822725E-19
8015.28639960382  6.869423140161963E-18
8011.93560262152  5.251470269717428E-18
8008.58524922791  -1.022841170183770E-17
8005.23533851765  -1.070265916243272E-17
8001.8858695877  -6.414650406318576E-18
7998.53684153729  6.351903793772755E-18
7995.18825346798  3.977287871585645E-18
7991.84010448362  4.012095218171570E-18
7988.49239369037  2.014132017443542E-17
7985.14512019668  1.008811938840687E-17
7981.79828311332  1.868719290584884E-17
7978.45188155334  2.277545201969215E-17
7975.1059146321  2.798771227401335E-17
7971.76038146727  7.731477687340227E-18
7968.41528117881  7.563970304575786E-18
7965.07061288899  2.031386219199815E-18
7961.72637572237  4.056115702420111E-18
7958.38256880582  1.240197103638614E-17
7955.03919126852  3.577049087576350E-18
7951.69624224194  5.112818669031595E-18
7948.35372085985  9.817556054666281E-18
7945.01162625833  1.287303343803253E-18
7941.66995757576  2.192349155752888E-18
7938.32871395281  8.191045173604274E-18
7934.98789453246  6.888269623238372E-18
7931.64749846  9.196438540409401E-18
7928.30752488301  4.896041513851356E-18
7924.96797295138  2.819234352266916E-17
7921.62884181729  1.267048213502697E-17
7918.29013063524  -6.988850029436295E-19
7914.951838562  -1.186880846384263E-17
7911.61396475668  -1.060209219791975E-17
7908.27650838067  -1.925900631969451E-18
7904.93946859766  7.794082852001301E-18
7901.60284457365  1.820206388429568E-18
7898.26663547694  6.247101250933204E-18
7894.93084047813  1.347371256012414E-17
7891.59545875012  1.195591389106692E-17
7888.26048946811  2.026699372490059E-17
7884.9259318096  1.268959745180246E-17
7881.59178495441  2.394920807401510E-17
7878.25804808464  1.467577225346681E-17
7874.9247203847  8.058244634981337E-18
7871.59180104131  1.318995734997456E-17
7868.25928924347  1.663163750312599E-17
7864.9271841825  2.107134746126961E-17
7861.59548505201  8.210471510290084E-18
7858.26419104793  1.756970663987543E-17
7854.93330136847  1.097151436820838E-17
7851.60281521416  1.628824505235319E-17
7848.27273178781  2.775650205791497E-17
7844.94305029454  8.081971483671807E-18
7841.6137699418  2.176555879035474E-17
7838.2848899393  1.178251615516049E-17
7834.95640949906  7.137317162065835E-18
7831.62832783544  1.799753437885521E-17
7828.30064416504  1.397562507630601E-17
7824.97335770681  9.847987202221496E-18
7821.64646768198  8.139727715582095E-18
7818.3199733141  2.308667707080401E-18
7814.99387382899  7.316008853892603E-18
7811.6681684548  1.851750672935095E-17
7808.34285642197  1.075145620112845E-17
7805.01793696325  1.074536815182006E-17
7801.69340931367  1.762433199316721E-17
7798.36927271059  1.142531640560294E-17
7795.04552639365  2.289026799743696E-17
7791.7221696048  1.752480231314238E-17
7788.3992015883  1.557052525025930E-17
7785.07662159069  9.162045197720058E-18
7781.75442886084  8.050474100307013E-18
7778.4326226499  -2.304293576001221E-18
7775.11120221132  1.090027840103593E-17
7771.79016680086  8.952949655298292E-18
7768.4695156766  9.993566026947151E-18
7765.14924809888  1.025071083679090E-17
7761.82936333037  -1.431643568959189E-18
7758.50986063604  5.134939960153102E-18
7755.19073928316  1.166745781349620E-17
7751.87199854129  1.194789272066699E-17
7748.55363768232  2.804023493418801E-17
7745.23565598039  2.635644758597099E-18
7741.91805271201  1.747746442104720E-17
7738.60082715592  1.453257074582163E-17
7735.28397859323  2.055550605075296E-17
7731.96750630729  1.320174715524528E-17
7728.6514095838  3.152136829383577E-17
7725.33568771074  2.242504176860244E-17
7722.02033997839  2.429122740497108E-17
7718.70536567932  2.726507240163600E-17
7715.39076410844  3.556658589168550E-17
7712.07653456293  3.588293946259518E-17
7708.76267634228  4.325151399005431E-17
7705.44918874828  3.035149667966938E-17
7702.13607108503  1.929728658408223E-17
7698.82332265891  1.791025855242474E-17
7695.51094277863  5.293443481949900E-18
7692.19893075518  9.470448735762492E-18
7688.88728590186  1.176562595423277E-17
7685.57600753428  1.325769186161408E-17
7682.26509497034  9.564605877708791E-18
7678.95454753023  1.276062993254423E-17
7675.64436453648  7.374947126898232E-18
7672.33454531387  7.861066283644621E-18
7669.02508918954  1.300288300982018E-17
7665.71599549287  9.441770383925279E-18
7662.4072635556  1.173617915160649E-17
7659.09889271172  1.451502128194571E-17
7655.79088229757  5.968691695492251E-18
7652.48323165174  1.764866599242729E-17
7649.17594011518  5.975589554620331E-18
7645.86900703108  3.080847839933859E-18
7642.56243174498  7.693234646080061E-18
7639.2562136047  8.893344674718946E-18
7635.95035196037  9.028249560820217E-18
7632.64484616441  3.003727775172797E-19
7629.33969557154  1.840835363007967E-17
7626.03489953881  8.580578586125909E-18
7622.73045742554  9.605155925697363E-18
7619.42636859337  8.292096038775589E-18
7616.12263240623  6.812382005891224E-18
7612.81924823035  -1.535250939211176E-18
7609.51621543428  -1.303038800595849E-18
7606.21353338886  8.160284808165265E-18
7602.91120146722  3.853733144259519E-18
7599.60921904481  1.811376152672503E-17
7596.30758549937  1.103664656964081E-17
7593.00630021096  6.691068110844502E-18
7589.70536256191  8.742481820240300E-18
7586.40477193688  8.855011470772014E-18
7583.10452772282  1.127731394168250E-17
7579.80462930899  1.376719872299979E-17
7576.50507608692  1.157111195164908E-17
7573.20586745049  2.292696297018074E-18
7569.90700279585  9.319095363180602E-18
7566.60848152146  9.760243191564320E-18
7563.31030302807  8.215528892555230E-18
7560.01246671876  7.677516560080331E-18
7556.71497199887  7.917867121947413E-18
7553.4178182761  7.970584996746641E-18
7550.12100496039  8.270873892979929E-18
7546.82453146401  9.917474509579013E-18
7543.52839720154  1.121989023637846E-17
7540.23260158985  5.232741659878309E-18
7536.93714404811  1.306619541390499E-17
7533.6420239978  1.000668180273980E-17
7530.3472408627  1.383734363894429E-17
7527.05279406887  8.232503465905432E-18
7523.75868304471  9.087606387215798E-18
7520.46490722089  7.342123773011516E-18
7517.1714660304  4.482530616913647E-18
7513.87835890852  9.561617274155636E-18
7510.58558529284  8.470738099765604E-18
7507.29314462325  9.294371761852005E-18
7504.00103634193  9.604054121121443E-18
7500.70925989338  5.907634185757261E-18
7497.41781472439  8.772268594098333E-18
7494.12670028405  9.102153185468155E-18
7490.83591602377  1.096617739889619E-17
7487.54546139723  1.314333745065108E-17
7484.25533586044  1.306143085357668E-17
7480.9655388717  8.214396482296645E-18
7477.67606989161  7.189165670041273E-18
7474.38692838308  8.712685120214915E-18
7471.0981138113  6.639103797583310E-18
7467.8096256438  1.249133218514085E-17
7464.52146335037  1.159493392611000E-17
7461.23362640312  1.345109909653816E-17
7457.94611427648  1.185913293221760E-17
7454.65892644715  1.204577465691161E-17
7451.37206239415  1.564427998239698E-17
7448.0855215988  7.121630508929381E-18
7444.79930354471  1.087178202893348E-17
7441.5134077178  1.186230186114429E-17
7438.2278336063  8.275209973750932E-18
7434.94258070073  6.984087743854674E-18
7431.65764849391  6.785617336401151E-18
7428.37303648098  1.110611981492791E-17
7425.08874415935  5.341667284481131E-18
7421.80477102876  8.056010420146829E-18
7418.52111659125  1.155093122624463E-17
7415.23778035114  1.250940442716391E-17
7411.95476181506  1.049788481153093E-17
7408.67206049196  5.395183802161779E-18
7405.38967589308  9.604801065214580E-18
7402.10760753194  8.775636873552649E-18
7398.8258549244  9.229337994912473E-18
7395.54441758859  7.225100877392414E-18
7392.26329504496  5.234876199449002E-18
7388.98248681626  1.163020159870681E-17
7385.70199242754  6.477121154130114E-18
7382.42181140613  8.530142075456097E-18
7379.1419432817  9.095003036253249E-18
7375.86238758619  6.805945713544949E-18
7372.58314385386  5.535901286427462E-18
7369.30421162127  1.461450960293991E-17
7366.02559042727  1.382482426037330E-17
7362.74727981302  1.416476488644993E-17
7359.46927932198  1.496848500246973E-17
7356.19158849991  1.430114380840278E-17
7352.91420689488  9.105022675013103E-18
7349.63713405726  1.114839949757734E-17
7346.3603695397  1.810993664357259E-17
7343.08391289718  2.382504164662599E-17
7339.80776368696  1.487284141696267E-17
7336.53192146863  2.889872929600985E-17
7333.25638580404  9.960626867774680E-18
7329.98115625738  1.660215182301093E-17
7326.70623239513  1.777755065803041E-17
7323.43161378606  1.240785725362506E-17
7320.15730000125  1.326323562607941E-17
7316.88329061408  1.332780286315346E-17
7313.60958520023  1.134410960332677E-17
7310.3361833377  4.727058854464430E-18
7307.06308460676  1.268882734665217E-17
7303.79028859  1.102768158616196E-17
7300.51779487232  1.002021778628361E-17
7297.2456030409  1.673613688427105E-17
7293.97371268523  1.602103924471895E-17
7290.70212339712  1.084080328781276E-17
7287.43083477065  1.490256863381660E-17
7284.15984640222  7.214086967536269E-18
7280.88915789054  9.562589211375385E-18
7277.6187688366  1.992626975878388E-17
7274.34867884371  1.841977864870025E-17
7271.07888751746  1.361000793683512E-17
7267.80939446577  1.064199125476625E-17
7264.54019929884  9.526912084375362E-18
7261.27130162918  1.389764675996063E-17
7258.00270107159  1.300206327383314E-17
7254.7343972432  1.233127604533429E-17
7251.46638976342  1.508478990531713E-17
7248.19867825395  1.390535773763085E-17
7244.93126233882  9.868859450618048E-18
7241.66414164435  3.774432993295285E-18
7238.39731579915  1.220676220208791E-17
7235.13078443415  1.531156147024855E-17
7231.86454718256  1.071050497054279E-17
7228.59860367992  1.094611909622239E-17
7225.33295356405  1.002623387087871E-17
7222.06759647508  1.247622455843318E-17
7218.80253205544  1.650265192148816E-17
7215.53775994985  9.989844541371278E-18
7212.27327980536  1.101449219129480E-17
7209.00909127129  4.835839722460052E-18
7205.74519399928  8.537871251099794E-18
7202.48158764328  1.413892872719745E-17
7199.21827185951  1.314059038383679E-17
7195.95524630652  4.857293065236922E-18
7192.69251064515  9.965109359514102E-18
7189.43006453855  1.005196084229033E-17
7186.16790765215  6.951090682039322E-18
7182.90603965372  1.060151896175525E-17
7179.64446021329  2.356860076748353E-18
7176.38316900322  1.255513179860645E-17
7173.12216569816  8.177553030632921E-18
7169.86144997506  8.854428308440166E-18
7166.60102151318  3.313068250355311E-18
7163.34087999408  9.558181993071704E-18
7160.08102510161  7.280708921251903E-18
7156.82145652193  7.804066921994817E-18
7153.56217394351  8.291466554329439E-18
7150.3031770571  5.561820163741197E-18
7147.04446555578  6.838849303951083E-18
7143.78603913491  7.648990409475825E-18
7140.52789749216  5.612958123570452E-18
7137.27004032749  1.783073423551451E-18
7134.01246734318  6.509572690331487E-18
7130.75517824381  6.642019195652252E-18
7127.49817273624  4.728108546661759E-18
7124.24145052965  5.261022965021497E-18
7120.98501133552  3.369138688177219E-18
7117.72885486763  4.976845375771634E-19
7114.47298084206  5.159454698377029E-18
7111.2173889772  8.534488702779913E-19
7107.96207899372  2.758786102412103E-18
7104.70705061461  3.732952780707894E-18
7101.45230356516  3.999776430899124E-18
7098.19783757297  2.956041588340940E-18
7094.94365236791  4.976220130626122E-18
7091.68974768218  2.830669752004186E-18
7088.43612325028  3.051160534544484E-18
7085.182778809  5.606598345430837E-18
7081.92971409744  8.068485958145355E-18
7078.676928857  6.386230962013094E-18
7075.42442283137  -6.830530762120943E-19
7072.17219576656  9.839941216403193E-18
7068.92024741088  9.068261941410636E-18
7065.66857751491  1.027770670326218E-17
7062.41718583159  7.315488557287308E-18
7059.1660721161  9.784769096726517E-18
7055.91523612597  9.504927278054928E-18
7052.664677621  7.279014028176781E-18
7049.41439636331  1.470070016840671E-17
7046.16439211731  8.518518533488505E-18
7042.91466464972  1.012608697852305E-17
7039.66521372955  1.091598986959076E-17
7036.41603912813  1.002082493685322E-17
7033.16714061907  1.006112765783865E-17
7029.9185179783  1.757399639853213E-17
7026.67017098405  1.674556508889293E-17
7023.42209941683  1.708044254244012E-17
7020.17430305948  1.881073398469487E-17
7016.92678169713  1.616389829959054E-17
7013.67953511721  1.959825459559843E-17
7010.43256310944  1.470183671456836E-17
7007.18586546586  1.353658738566491E-17
7003.93944198082  1.223856895100180E-17
7000.69329245094  1.616017598683405E-17
6997.44741667517  1.392124953155922E-17
6994.20181445474  1.328749517908437E-17
6990.95648559319  1.451664751902999E-17
6987.71142989638  1.397553904952230E-17
6984.46664717244  1.983653886029535E-17
6981.22213723183  1.659964712011612E-17
6977.97789988729  1.433918253605164E-17
6974.73393495387  1.457998804725562E-17
6971.49024224892  1.746917110822574E-17
6968.2468215921  1.665869458096261E-17
6965.00367280536  1.475906768678968E-17
6961.76079571296  1.592090903156941E-17
6958.51819014145  1.364235152596655E-17
6955.2758559197  1.714011700619092E-17
6952.03379287887  1.666480082824448E-17
6948.79200085241  1.686066561676846E-17
6945.5504796761  1.606870470033671E-17
6942.309229188  1.405172403829966E-17
6939.06824922848  1.601695628121539E-17
6935.82753964021  1.663953873233710E-17
6932.58710026815  1.344529725172172E-17
6929.34693095959  1.694753281597632E-17
6926.10703156409  1.589646915319092E-17
6922.86740193353  2.228853215211282E-17
6919.62804192209  1.928963516341611E-17
6916.38895138625  1.719169833482850E-17
6913.15013018479  2.136688751360624E-17
6909.91157817878  1.256292301279609E-17
6906.67329523162  1.028485685247709E-17
6903.435281209  2.147958590898291E-17
6900.19753597888  2.003952732825464E-17
6896.96005941157  1.560567380884790E-17
6893.72285137966  1.496649811463838E-17
6890.48591175803  2.145914462168549E-17
6887.24924042389  1.096280746508065E-17
6884.01283725672  2.323568373198809E-17
6880.77670213833  1.618322620178345E-17
6877.5408349528  1.786964067562594E-17
6874.30523558655  1.679795374580836E-17
6871.06990392827  1.674119757525865E-17
6867.83483986896  1.842817949500135E-17
6864.60004330194  2.377169015147754E-17
6861.3655141228  1.946565754340618E-17
6858.13125222945  1.682388089492822E-17
6854.89725752211  2.312538416038781E-17
6851.66352990329  1.726047840276229E-17
6848.43006927779  1.755389756400832E-17
6845.19687555274  2.234621807367104E-17
6841.96394863754  2.073691833961443E-17
6838.73128844392  1.632574942132634E-17
6835.49889488589  1.878178762633919E-17
6832.26676787978  1.681662486659491E-17
6829.03490734421  1.681711786623999E-17
6825.8033132001  1.889525199096309E-17
6822.57198537068  2.340263855810334E-17
6819.34092378147  2.027168218461255E-17
6816.11012836031  1.941311503089681E-17
6812.87959903732  2.124626307360007E-17
6809.64933574494  2.070597516726004E-17
6806.4193384179  1.824511780799845E-17
6803.18960699323  2.131821455200238E-17
6799.96014141028  1.481520181751875E-17
6796.73094161068  2.113555983786087E-17
6793.50200753837  1.596857945027084E-17
6790.27333913959  1.618992636474513E-17
6787.04493636289  1.908671121554461E-17
6783.81679915911  1.884701247200022E-17
6780.58892748139  1.821023560156709E-17
6777.36132128519  1.753000362483411E-17
6774.13398052826  1.843774666596613E-17
6770.90690517064  1.741926399314797E-17
6767.68009517469  1.929473390471190E-17
6764.45355050507  2.052671023926877E-17
6761.22727112873  1.699929612434867E-17
6758.00125701492  1.790813269825048E-17
6754.77550813522  1.726477312450267E-17
6751.55002446347  1.759178409042447E-17
6748.32480597584  1.616243253554509E-17
6745.0998526508  1.683802237468043E-17
6741.8751644691  1.893758874907478E-17
6738.65074141383  1.942833515416778E-17
6735.42658347035  1.965511168218287E-17
6732.20269062632  1.561547589910665E-17
6728.97906287173  1.909513356854162E-17
6725.75570019883  1.380650055544403E-17
6722.53260260222  1.977645576932195E-17
6719.30977007876  1.528745577283753E-17
6716.08720262764  1.584817338594639E-17
6712.86490025034  1.727413680903676E-17
6709.64286295063  1.717372866320140E-17
6706.42109073461  1.809450641642603E-17
6703.19958361065  1.992911360572984E-17
6699.97834158944  1.698253248205467E-17
6696.75736468398  2.021393008860532E-17
6693.53665290955  1.854532481335110E-17
6690.31620628374  1.760231906270595E-17
6687.09602482644  1.732077325197250E-17
6683.87610855986  1.822047278882805E-17
6680.65645750848  1.722418006312223E-17
6677.43707169911  1.867892771716822E-17
6674.21795116084  1.823230643467123E-17
6670.99909592508  1.999545845394026E-17
6667.78050602553  1.925714847203871E-17
6664.56218149819  1.763918815696866E-17
6661.34412238137  1.903759157640998E-17
6658.12632871568  1.723863587150721E-17
6654.90880054402  1.939442240341433E-17
6651.69153791161  1.973867512202420E-17
6648.47454086596  1.835390529343898E-17
6645.25780945688  1.319196491732123E-17
6642.04134373649  1.719277532398605E-17
6638.82514375921  1.847878640487734E-17
6635.60920958176  1.940084297932897E-17
6632.39354126314  1.456798896528992E-17
6629.1781388647  2.018203896726895E-17
6625.96300245005  1.946271774350917E-17
6622.74813208511  2.115619799414408E-17
6619.53352783811  1.782940991935381E-17
6616.31918977959  1.822682388157124E-17
6613.10511798237  2.485422472784814E-17
6609.89131252159  1.826470709926494E-17
6606.67777347467  1.672317992715602E-17
6603.46450092136  2.044300617872330E-17
6600.25149494368  1.731758364353049E-17
6597.03875562598  1.740584546925113E-17
6593.82628305489  1.853643262176616E-17
6590.61407731937  1.840216135601410E-17
6587.40213851065  2.578607677511363E-17
6584.19046672227  1.764637801085297E-17
6580.97906205008  1.704576216807822E-17
6577.76792459223  1.584444114702255E-17
6574.55705444917  1.959695095895304E-17
6571.34645172365  2.017202015568971E-17
6568.13611652073  1.799763694925117E-17
6564.92604894775  1.639347731552096E-17
6561.71624911438  1.853281784248930E-17
6558.50671713256  1.046362299055899E-17
6555.29745311656  1.650662900587331E-17
6552.08845718295  1.895064993094699E-17
6548.87972945058  1.954756827638363E-17
6545.67127004061  1.583001677150086E-17
6542.46307907651  1.839079754875885E-17
6539.25515668405  1.856650394575491E-17
6536.0475029913  1.592674396361036E-17
6532.84011812863  2.110536443678024E-17
6529.63300222871  1.889690966091064E-17
6526.42615542651  2.286959840829049E-17
6523.21957785931  1.640734913439347E-17
6520.01326966668  2.164837542169680E-17
6516.80723099051  2.261103167497377E-17
6513.60146197497  1.767104288235808E-17
6510.39596276655  2.024270273903237E-17
6507.19073351402  2.193129269788586E-17
6503.98577436848  2.240241507012667E-17
6500.78108548331  1.830970572458782E-17
6497.57666701419  2.047258946615065E-17
6494.37251911912  2.088869936457300E-17
6491.16864195839  1.927245296773217E-17
6487.96503569459  2.265980886133479E-17
6484.76170049262  2.395084423726673E-17
6481.55863651967  2.148981978752142E-17
6478.35584394523  2.361499898240285E-17
6475.15332294112  2.330487408150569E-17
6471.95107368142  2.408548773429444E-17
6468.74909634255  2.164084973248380E-17
6465.5473911032  2.090930608799292E-17
6462.34595814438  2.151465340387148E-17
6459.1447976494  1.809833791702337E-17
6455.94390980387  1.723456283417100E-17
6452.7432947957  1.971825865014517E-17
6449.5429528151  2.268678322111015E-17
6446.34288405458  2.182346308759468E-17
6443.14308870896  2.297653300915889E-17
6439.94356697536  2.175517436494475E-17
6436.74431905319  1.717953712546275E-17
6433.54534514418  1.674048785429308E-17
6430.34664545234  2.084270977687628E-17
6427.14822018401  1.677282730752145E-17
6423.9500695478  2.039084747801816E-17
6420.75219375464  2.079285394699648E-17
6417.55459301776  2.493018637786011E-17
6414.35726755269  2.073346734209885E-17
6411.16021757726  1.520031064094384E-17
6407.96344331161  1.368196437832110E-17
6404.76694497816  2.116762632148710E-17
6401.57072280166  1.562282457166858E-17
6398.37477700915  1.447908193869150E-17
6395.17910782995  1.906722780339653E-17
6391.98371549572  2.034377759244144E-17
6388.78860024039  1.195106743985796E-17
6385.59376230022  1.329829815788431E-17
6382.39920191374  1.504924760875696E-17
6379.2049193218  1.930619366491820E-17
6376.01091476756  1.582409250395375E-17
6372.81718849646  1.208868795991025E-17
6369.62374075625  1.609313796127030E-17
6366.430571797  1.497686599643611E-17
6363.23768187105  1.663927568890231E-17
6360.04507123306  1.312219885009728E-17
6356.85274014  1.846456055270265E-17
6353.66068885111  1.932688806948306E-17
6350.46891762797  1.947549437525066E-17
6347.27742673443  9.265426230676936E-18
6344.08621643667  1.622717430772839E-17
6340.89528700315  1.451696184766276E-17
6337.70463870463  1.477144727183715E-17
6334.51427181419  1.619899391861994E-17
6331.3241866072  1.583122776391763E-17
6328.13438336133  1.910371639457748E-17
6324.94486235656  1.379401922718121E-17
6321.75562387516  1.523166244052083E-17
6318.56666820171  1.656126924841611E-17
6315.3779956231  1.939529590614119E-17
6312.18960642849  1.653058250205162E-17
6309.00150090938  2.177036636407490E-17
6305.81367935955  2.021012836651002E-17
6302.62614207509  2.301676872851470E-17
6299.43888935438  1.810733929644918E-17
6296.25192149811  2.813352105494930E-17
6293.06523880927  1.731381997174338E-17
6289.87884159316  1.837140016339448E-17
6286.69273015737  1.850404353770103E-17
6283.5069048118  1.800553817846227E-17
6280.32136586864  2.021836708541105E-17
6277.13611364239  2.330285906953351E-17
6273.95114844985  2.524993469800371E-17
6270.76647061013  2.034540548388696E-17
6267.58208044463  2.005620494376493E-17
6264.39797827705  2.418520932022138E-17
6261.2141644334  2.480136126926111E-17
6258.03063924199  2.285514590862796E-17
6254.84740303343  2.299267130290981E-17
6251.66445614063  2.127055736819076E-17
6248.4817988988  2.236894403382032E-17
6245.29943164547  2.085011138899741E-17
6242.11735472044  1.730160582281842E-17
6238.93556846584  2.145661510337231E-17
6235.75407322608  2.299051897895594E-17
6232.57286934788  2.354174883043883E-17
6229.39195718028  1.520003767134170E-17
6226.21133707459  2.324260888807638E-17
6223.03100938443  2.228401905469073E-17
6219.85097446575  2.130054762847948E-17
6216.67123267676  1.721577094501502E-17
6213.491784378  1.752318600222545E-17
6210.31262993231  2.180233524038885E-17
6207.1337697048  1.861863948540290E-17
6203.95520406293  1.270684747629664E-17
6200.77693337643  1.902197936952866E-17
6197.59895801733  1.681027873693540E-17
6194.42127835998  1.843386057144836E-17
6191.24389478103  1.749744414156280E-17
6188.06680765941  1.951457865919379E-17
6184.89001737636  1.466041978129783E-17
6181.71352431545  1.733780324642374E-17
6178.53732886251  2.196967718703078E-17
6175.3614314057  1.930905240111519E-17
6172.18583233547  1.876122557067234E-17
6169.01053204457  1.618499305957186E-17
6165.83553092805  2.051456226479281E-17
6162.66082938328  1.636465337989593E-17
6159.48642780992  1.335232711395443E-17
6156.31232660991  1.537564811538670E-17
6153.13852618753  1.945541704742277E-17
6149.96502694934  1.940680033410058E-17
6146.7918293042  1.543448712671883E-17
6143.61893366328  1.362764425467536E-17
6140.44634044004  1.280189052867899E-17
6137.27405005026  1.580990304772602E-17
6134.10206291201  1.245269375154789E-17
6130.93037944566  1.509332310051623E-17
6127.75900007389  1.345121324746270E-17
6124.58792522166  1.685470329891317E-17
6121.41715531627  1.870191837511351E-17
6118.24669078728  1.692270581707116E-17
6115.07653206658  1.675523648461490E-17
6111.90667958835  1.635259804964858E-17
6108.73713378908  2.011665033984663E-17
6105.56789510755  1.606553494422941E-17
6102.39896398485  1.809885904080928E-17
6099.23034086437  1.738995532968399E-17
6096.0620261918  1.795829954804060E-17
6092.89402041513  1.667014110627911E-17
6089.72632398465  2.070658066346843E-17
6086.55893735296  1.296249012614799E-17
6083.39186097495  2.191236349674820E-17
6080.22509530784  2.146728738763547E-17
6077.05864081111  2.074854519030447E-17
6073.89249794656  2.572237063305725E-17
6070.72666717831  1.971737191252851E-17
6067.56114897275  2.231434018722447E-17
6064.3959437986  2.123875392799932E-17
6061.23105212685  2.302168218135327E-17
6058.06647443083  2.066847907009301E-17
6054.90221118614  2.592404884692625E-17
6051.73826287069  2.524782869616415E-17
6048.57462996471  2.239705659411855E-17
6045.41131295069  2.544307475358995E-17
6042.24831231348  2.337657740572424E-17
6039.08562854018  1.951974522929979E-17
6035.92326212021  2.137723223434682E-17
6032.7612135453  2.388715629318382E-17
6029.59948330947  2.105695948169486E-17
6026.43807190905  2.517099023470287E-17
6023.27697984266  2.673399432423613E-17
6020.11620761124  2.333460791580453E-17
6016.95575571801  2.556340471729802E-17
6013.79562466851  2.811559108799159E-17
6010.63581497057  2.362205814175038E-17
6007.47632713433  2.431239661120753E-17
6004.31716167222  2.318786607513762E-17
6001.15831909899  2.388659050164484E-17
5997.99979993167  2.359075597301015E-17
5994.8416046896  2.477424463442039E-17
5991.68373389444  2.375886058017685E-17
5988.52618807012  2.749932167930489E-17
5985.36896774288  2.322022207197825E-17
5982.21207344129  2.804422856218542E-17
5979.05550569619  2.226479703161622E-17
5975.89926504073  2.378765639166104E-17
5972.74335201036  2.367083201938895E-17
5969.58776714285  2.307432726425859E-17
5966.43251097824  2.066422074429959E-17
5963.27758405889  3.084487351911031E-17
5960.12298692946  2.728507032012507E-17
5956.96872013693  2.642498446280469E-17
5953.81478423053  2.642686050843396E-17
5950.66117976185  2.556141617510546E-17
5947.50790728476  2.685195524266986E-17
5944.3549673554  2.091322196101275E-17
5941.20236053226  2.874138299989001E-17
5938.05008737611  2.624029819307875E-17
5934.89814845002  2.285496392889320E-17
5931.74654431936  2.688737511649938E-17
5928.59527555181  2.103161963080991E-17
5925.44434271735  3.172727340063492E-17
5922.29374638825  2.666681733232947E-17
5919.14348713909  2.843956464670411E-17
5915.99356554677  2.667365315291160E-17
5912.84398219046  2.400067028864448E-17
5909.69473765164  2.436922226492870E-17
5906.54583251411  2.100715493701305E-17
5903.39726736395  2.497015574505867E-17
5900.24904278956  2.801576693166870E-17
5897.10115938162  2.215177438143942E-17
5893.95361773313  2.492655174624855E-17
5890.80641843938  2.133722316247886E-17
5887.65956209797  2.806272101195965E-17
5884.51304930881  2.476418777253297E-17
5881.36688067408  2.278742132315580E-17
5878.22105679829  2.386233922044601E-17
5875.07557828824  2.234727024741021E-17
5871.93044575304  2.375976055268330E-17
5868.7856598041  2.305144083107047E-17
5865.64122105511  2.072361562100334E-17
5862.4971301221  2.518091309333106E-17
5859.35338762338  2.024895787882449E-17
5856.20999417954  2.089040335663487E-17
5853.06695041352  2.036896855081613E-17
5849.92425695052  2.401626098882987E-17
5846.78191441807  2.197126206508443E-17
5843.63992344598  2.491397032913162E-17
5840.49828466637  2.323304998891772E-17
5837.35699871367  2.206246699942453E-17
5834.2160662246  2.022499776520128E-17
5831.07548783818  2.263375267203938E-17
5827.93526419574  1.969907798610129E-17
5824.79539594092  2.103562814805834E-17
5821.65588371964  1.950819778794855E-17
5818.51672818013  1.873712979942867E-17
5815.37792997293  2.301447909257916E-17
5812.23948975088  2.188078339532215E-17
5809.1014081691  1.817529549249286E-17
5805.96368588504  2.390398776428805E-17
5802.82632355844  2.214548780878402E-17
5799.68932185134  2.172153789251589E-17
5796.55268142808  1.960889048391464E-17
5793.41640295531  2.022445678908067E-17
5790.28048710197  1.888153568204573E-17
5787.14493453932  1.985643751711093E-17
5784.0097459409  2.019163260801334E-17
5780.87492198256  2.220474537350609E-17
5777.74046334246  2.249175388500485E-17
5774.60637070106  1.949835764738162E-17
5771.47264474109  2.028962207773759E-17
5768.33928614764  2.304633712669102E-17
5765.20629560805  2.048423616917540E-17
5762.07367381198  2.449367985989343E-17
5758.9414214514  2.167777011194449E-17
5755.80953922058  2.214455474905307E-17
5752.67802781607  1.852190733020973E-17
5749.54688793675  2.187615118389186E-17
5746.41612028378  1.875464286735765E-17
5743.28572556064  2.259766774499736E-17
5740.15570447309  2.372392047110261E-17
5737.02605772922  2.195932584884529E-17
5733.89678603939  2.275272605954288E-17
5730.76789011629  2.968130502121157E-17
5727.63937067489  2.338903474574929E-17
5724.51122843247  2.320871268093518E-17
5721.38346410861  2.633688641884534E-17
5718.25607842521  2.427177377132506E-17
5715.12907210643  3.048924872143905E-17
5712.00244587878  2.664540989807659E-17
5708.87620047104  2.929819466614640E-17
5705.75033661429  2.465880496249372E-17
5702.62485504193  2.802448872404745E-17
5699.49975648966  2.222645059277949E-17
5696.37504169546  2.659682958070135E-17
5693.25071139964  2.124870160204588E-17
5690.12676634479  2.255121328179638E-17
5687.00320727581  2.685498603243425E-17
5683.8800349399  2.887609432572795E-17
5680.75725008657  1.957243497995820E-17
5677.63485346762  2.239329457669266E-17
5674.51284583715  1.756523159276152E-17
5671.39122795157  1.767810865915051E-17
5668.2700005696  2.309191643280392E-17
5665.14916445224  2.078369209453185E-17
5662.02872036281  1.734360839996264E-17
5658.90866906692  2.179172416749101E-17
5655.78901133248  1.978415516646359E-17
5652.66974792972  1.513375734321905E-17
5649.55087963114  1.942348622141700E-17
5646.43240721158  1.827116241676530E-17
5643.31433144815  1.705026037624928E-17
5640.19665312028  1.729796788248441E-17
5637.0793730097  1.798147053135943E-17
5633.96249190042  1.651856687647367E-17
5630.84601057878  1.595844648776707E-17
5627.72992983341  2.231150295772342E-17
5624.61425045524  1.983847611728995E-17
5621.4989732375  2.183007722377265E-17
5618.38409897573  1.982800566509625E-17
5615.26962846777  2.359683244178996E-17
5612.15556251375  2.359659090505110E-17
5609.04190191611  2.392747142187843E-17
5605.9286474796  2.471458009683694E-17
5602.81580001125  2.414298505867300E-17
5599.70336032042  2.442238019981381E-17
5596.59132921874  2.591389106900410E-17
5593.47970752017  2.314455489826434E-17
5590.36849604095  2.921758426109189E-17
5587.25769559965  3.647093252922237E-17
5584.1473070171  2.183991901870081E-17
5581.03733111646  2.549133577924874E-17
5577.92776872319  3.570526437574124E-17
5574.81862066505  2.779687178053001E-17
5571.70988777209  1.721107255913572E-17
5568.60157087668  2.117726462998458E-17
5565.49367081348  1.835689141545030E-17
5562.38618841944  2.396559617631100E-17
5559.27912453385  2.413056246023368E-17
5556.17247999826  2.430452846922093E-17
5553.06625565655  2.532955744940684E-17
5549.96045235488  2.849472435867160E-17
5546.85507094172  2.317987385605913E-17
5543.75011226785  2.390023401866829E-17
5540.64557718635  2.636736471569547E-17
5537.54146655259  2.642177003894431E-17
5534.43778122424  2.503787371308594E-17
5531.3345220613  2.464047794884200E-17
5528.23168992604  2.541990873335478E-17
5525.12928568304  2.538396608137813E-17
5522.02731019919  2.518868197364416E-17
5518.92576434367  2.612226944583478E-17
5515.82464898798  2.451891879474365E-17
5512.7239650059  2.761752909756117E-17
5509.62371327353  2.762135067199116E-17
5506.52389466925  2.579097037561750E-17
5503.42451007376  2.296281339151909E-17
5500.32556037006  2.900699400330324E-17
5497.22704644344  2.520843173794947E-17
5494.12896918151  2.022097932178550E-17
5491.03132947416  2.726939359315597E-17
5487.9341282136  2.468727486481657E-17
5484.83736629433  3.185542022113164E-17
5481.74104461316  2.370366116353996E-17
5478.64516406919  2.268455148781748E-17
5475.54972556384  2.452081303834639E-17
5472.45473000081  3.025229456316713E-17
5469.36017828611  3.260600390896226E-17
5466.26607132807  2.757673089538883E-17
5463.17241003729  2.705767009792813E-17
5460.07919532669  2.437377341265897E-17
5456.98642811149  2.799458779926489E-17
5453.89410930921  3.146148041748693E-17
5450.80223983967  3.350650911973444E-17
5447.710820625  3.021095538487417E-17
5444.61985258962  2.788142618274518E-17
5441.52933666026  3.147249515452369E-17
5438.43927376594  2.954329159036832E-17
5435.34966483799  2.839825524691322E-17
5432.26051081005  2.745916867801034E-17
5429.17181261806  3.150703821690390E-17
5426.08357120023  2.865696425529530E-17
5422.99578749712  3.064804423799209E-17
5419.90846245155  2.999497852693657E-17
5416.82159700867  2.360059445921585E-17
5413.73519211592  2.450915144607062E-17
5410.64924872304  2.429500596600922E-17
5407.56376778208  2.737324446470079E-17
5404.47875024738  2.482306979725695E-17
5401.39419707558  2.523056212805772E-17
5398.31010922565  2.691567461961605E-17
5395.22648765882  2.950873529309830E-17
5392.14333333865  3.264962610574586E-17
5389.060647231  3.459624016743425E-17
5385.97843030401  3.247597773411382E-17
5382.89668352816  3.232301218651806E-17
5379.81540787619  3.625835703796360E-17
5376.73460432316  3.334655224160138E-17
5373.65427384645  3.465446044766818E-17
5370.57441742571  3.027604788163719E-17
5367.4950360429  3.226400443034099E-17
5364.4161306823  4.047981373712387E-17
5361.33770233047  3.486931895741760E-17
5358.25975197628  3.778239430320069E-17
5355.1822806109  3.170467813502242E-17
5352.10528922781  3.658665178819609E-17
5349.02877882278  3.301657996908663E-17
5345.9527503939  3.635208983625565E-17
5342.87720494152  3.514428371919758E-17
5339.80214346835  3.199065763383916E-17
5336.72756697935  3.407198963881039E-17
5333.6534764818  3.390651712035283E-17
5330.57987298531  3.441676513556739E-17
5327.50675750174  3.246400346756650E-17
5324.43413104529  3.627799761442806E-17
5321.36199463245  3.475606469666929E-17
5318.290349282  3.624270016332920E-17
5315.21919601505  3.549776777344354E-17
5312.14853585498  3.547437841444298E-17
5309.07836982749  3.410823338453001E-17
5306.00869896058  3.279370773356280E-17
5302.93952428455  3.469482024411586E-17
5299.87084683199  4.213131622603293E-17
5296.80266763781  3.215426072411235E-17
5293.73498773922  3.611669077753532E-17
5290.66780817571  3.469480370050361E-17
5287.60112998909  3.394572879011030E-17
5284.53495422349  3.439401766872218E-17
5281.46928192529  3.569304857245505E-17
5278.40411414322  3.725922241809560E-17
5275.33945192829  3.092702248010418E-17
5272.27529633382  3.838264949522838E-17
5269.21164841541  3.642777355358181E-17
5266.14850923099  3.710717338661857E-17
5263.08587984078  3.104241748427778E-17
5260.02376130731  3.904907251881540E-17
5256.96215469538  3.651392606874043E-17
5253.90106107213  3.851618622459649E-17
5250.84048150699  3.877724442591823E-17
5247.78041707168  3.684761734528922E-17
5244.72086884023  4.092767579053969E-17
5241.66183788897  3.951033158943212E-17
5238.60332529654  3.882938989173357E-17
5235.54533214386  3.940746009973257E-17
5232.48785951418  4.281830957709294E-17
5229.43090849304  3.808512586378285E-17
5226.37448016826  3.714432372228954E-17
5223.31857563  3.744181757523302E-17
5220.26319597069  3.807589121942431E-17
5217.20834228508  3.301710605595621E-17
5214.15401567022  3.626636745501556E-17
5211.10021722545  3.629346258316035E-17
5208.04694805241  3.718852825422438E-17
5204.99420925507  3.578412446661960E-17
5201.94200193967  3.612162408270858E-17
5198.89032721477  3.768842327689223E-17
5195.83918619122  3.541089395679077E-17
5192.78857998217  3.115983411786845E-17
5189.73850970309  3.393360232233027E-17
5186.68897647174  3.155473675974616E-17
5183.63998140818  3.644388041446944E-17
5180.59152563476  3.664895503193359E-17
5177.54361027617  3.589996945704642E-17
5174.49623645935  3.227636581741497E-17
5171.44940531359  3.341923825638764E-17
5168.40311797045  3.531149993438640E-17
5165.3573755638  3.253340392095970E-17
5162.31217922981  3.350904360113130E-17
5159.26753010696  3.175899743148756E-17
5156.22342933603  2.905746856428122E-17
5153.17987806009  3.040951843655630E-17
5150.13687742452  3.105254879242032E-17
5147.094428577  3.115533425533616E-17
5144.05253266752  3.370599530498017E-17
5141.01119084836  3.438619584884988E-17
5137.9704042741  3.602292158329631E-17
5134.93017410164  2.911687336715234E-17
5131.89050149015  3.135021469893120E-17
5128.85138760114  3.167591541076273E-17
5125.8128335984  3.431494581960701E-17
5122.77484064801  2.993890891629528E-17
5119.73740991837  3.225686089857098E-17
5116.70054258019  2.927464648846825E-17
5113.66423980645  3.156665808673428E-17
5110.62850277246  3.424000325610971E-17
5107.59333265582  3.114483898772409E-17
5104.55873063644  3.100588257098253E-17
5101.52469789652  3.088212311645480E-17
5098.49123562056  2.847657270730973E-17
5095.45834499537  2.772664083780181E-17
5092.42602721008  2.807902639619430E-17
5089.39428345607  2.957666998244606E-17
5086.36311492708  3.167873444229031E-17
5083.3325228191  2.891278474897834E-17
5080.30250833047  2.712899622778734E-17
5077.27307266179  2.726436102630920E-17
5074.24421701599  2.620833097112603E-17
5071.21594259829  2.406459149766012E-17
5068.18825061621  2.969640933919679E-17
5065.16114227957  2.991411004153094E-17
5062.13461880051  2.978101668097115E-17
5059.10868139344  3.269237149108015E-17
5056.0833312751  2.781396794943026E-17
5053.05856966452  2.636536790169677E-17
5050.03439778303  2.822380947317068E-17
5047.01081685426  3.166357387602344E-17
5043.98782810416  2.720175007138383E-17
5040.96543276095  3.121081160465887E-17
5037.94363205518  2.389711389339774E-17
5034.92242721968  2.711632216644181E-17
5031.9018194896  2.792517080225944E-17
5028.88181010238  2.844922942498118E-17
5025.86240029777  2.611336236499882E-17
5022.84359131782  2.698541752578284E-17
5019.82538440686  2.617325685879256E-17
5016.80778081157  2.899995304192918E-17
5013.79078178087  3.136379038714443E-17
5010.77438856603  2.361803308088969E-17
5007.7586024206  2.420524363465741E-17
5004.74342460044  2.623242343364724E-17
5001.72885636371  2.987520608296135E-17
4998.71489897087  2.995417205295811E-17
4995.70155368467  2.687865497848185E-17
4992.68882177018  2.899557560212756E-17
4989.67670449477  2.789994841102147E-17
4986.6652031281  3.206826041018643E-17
4983.65431894214  2.452211502063055E-17
4980.64405321116  2.717398327258165E-17
4977.63440721172  2.653971110504334E-17
4974.62538222271  3.173119754546088E-17
4971.61697952529  3.278665022857649E-17
4968.60920040295  3.536513101658189E-17
4965.60204614145  3.113279854672777E-17
4962.59551802889  3.059923396440656E-17
4959.58961735562  3.116199802235089E-17
4956.58434541436  3.336055475501067E-17
4953.57970350006  3.424625012409571E-17
4950.57569291003  3.166858989925796E-17
4947.57231494384  3.391432570533532E-17
4944.56957090339  3.460586524104191E-17
4941.56746209286  3.695829411124882E-17
4938.56598981876  3.602796076758798E-17
4935.56515538986  3.271676008426066E-17
4932.56496011727  3.413604981416895E-17
4929.56540531438  3.742686545848051E-17
4926.56649229689  3.772044840148783E-17
4923.5682223828  3.761940332658080E-17
4920.57059689242  3.824744186102291E-17
4917.57361714834  3.331649911558611E-17
4914.57728447547  3.942877158103439E-17
4911.58160020102  4.290618924537056E-17
4908.58656565449  3.512895771680819E-17
4905.5921821677  3.460495865109056E-17
4902.59845107475  3.601701220500022E-17
4899.60537371206  3.481801721582706E-17
4896.61295141834  3.639684361611723E-17
4893.62118553461  4.209286225371658E-17
4890.63007740418  3.987581968872746E-17
4887.63962837268  3.315045087942221E-17
4884.64983978803  4.058885930291551E-17
4881.66071300044  4.621369739444345E-17
4878.67224936245  4.295555207560528E-17
4875.68445022887  4.527436101699558E-17
4872.69731695683  4.494879596278451E-17
4869.71085090577  4.254582635715062E-17
4866.72505343742  4.171791120821364E-17
4863.7399259158  4.564639046057499E-17
4860.75546970725  4.300322414866794E-17
4857.7716861804  4.716776751296212E-17
4854.7885767062  4.298925472248313E-17
4851.80614265787  4.303996751147754E-17
4848.82438541097  4.684728465643457E-17
4845.84330634332  4.310570520911836E-17
4842.86290683509  4.518440347101922E-17
4839.8831882687  4.857791193401801E-17
4836.90415202891  4.407474067927933E-17
4833.92579950276  3.986135726289758E-17
4830.94813207961  4.366636822830679E-17
4827.97115115111  5.105037794599615E-17
4824.9948581112  4.829083393934780E-17
4822.01925435614  4.614647738914493E-17
4819.0443412845  4.469511290380429E-17
4816.07012029712  4.756936700907906E-17
4813.09659279716  4.410958152668007E-17
4810.1237601901  4.529192371576130E-17
4807.15162388369  4.874332820419391E-17
4804.18018528798  4.240015985128003E-17
4801.20944581536  4.799345589169010E-17
4798.23940688049  4.442296386482945E-17
4795.27006990033  4.451885725888150E-17
4792.30143629416  4.425116837776955E-17
4789.33350748354  4.731055873902347E-17
4786.36628489236  5.244232439357590E-17
4783.39976994679  5.096083399032607E-17
4780.43396407531  4.841707824443565E-17
4777.46886870869  4.902983378988024E-17
4774.50448528001  4.905579402622460E-17
4771.54081522465  4.592909432416600E-17
4768.57785998031  4.715512157575740E-17
4765.61562098696  4.840054124962949E-17
4762.6540996869  4.772889706201603E-17
4759.6932975247  4.797423883169927E-17
4756.73321594726  4.619524134061617E-17
4753.77385640377  5.330926261509068E-17
4750.81522034573  4.748465378818628E-17
4747.85730922693  5.157789087495592E-17
4744.90012450346  4.537741779515235E-17
4741.94366763372  4.729273465118416E-17
4738.98794007842  4.928248121873354E-17
4736.03294330055  4.862706962346081E-17
4733.07867876542  5.067617136304452E-17
4730.12514794063  5.494847650881967E-17
4727.17235229608  5.217470168691294E-17
4724.22029330399  5.161817787950971E-17
4721.26897243886  5.378711492879522E-17
4718.31839117751  5.333744631292159E-17
4715.36855099905  5.339288726629733E-17
4712.41945338488  5.748219028207369E-17
4709.47109981873  5.578355173313889E-17
4706.52349178662  5.480304161352059E-17
4703.57663077686  5.695949154427898E-17
4700.63051828007  4.856974600701089E-17
4697.68515578918  5.347760710463501E-17
4694.7405447994  5.597340622733205E-17
4691.79668680827  5.098960333203067E-17
4688.85358331561  5.578704574404631E-17
4685.91123582355  4.930926863569045E-17
4682.96964583652  4.702512187068857E-17
4680.02881486125  5.143979472605142E-17
4677.08874440677  5.007132035553349E-17
4674.14943598442  4.573436939052612E-17
4671.21089110784  4.682730328155773E-17
4668.27311129297  4.803306791686404E-17
4665.33609805803  4.162986279509104E-17
4662.39985292359  4.692538043242691E-17
4659.46437741247  4.314673005877853E-17
4656.52967304982  5.091999112040065E-17
4653.59574136309  4.991356377782984E-17
4650.66258388203  4.503397571354278E-17
4647.73020213868  4.503400218332237E-17
4644.79859766741  4.849478359117888E-17
4641.86777200485  4.456697931819738E-17
4638.93772668996  4.298447030982014E-17
4636.008463264  5.121684969863369E-17
4633.07998327054  5.032860330453954E-17
4630.15228825541  5.041808770320552E-17
4627.2253797668  4.748342625215725E-17
4624.29925935515  4.951471713879146E-17
4621.37392857323  4.249522606471952E-17
4618.44938897612  4.410400963807391E-17
4615.52564212116  4.839040663276450E-17
4612.60268956805  5.008188841503946E-17
4609.68053287873  5.333034579454341E-17
4606.7591736175  5.236738844752348E-17
4603.83861335091  5.118244560259636E-17
4600.91885364785  5.120596069305003E-17
4597.99989607948  5.927280469767946E-17
4595.0817422193  5.974296754040971E-17
4592.16439364308  5.875487713765796E-17
4589.2478519289  5.415726501802287E-17
4586.33211865714  5.640751723024479E-17
4583.4171954105  6.377025186257928E-17
4580.50308377394  5.627682269346141E-17
4577.58978533478  5.609946855268513E-17
4574.67730168258  5.454832623313590E-17
4571.76563440925  5.885762620462685E-17
4568.85478510897  5.803507780350411E-17
4565.94475537825  5.573431132563484E-17
4563.03554681588  5.893323051261420E-17
4560.12716102295  6.613410244268433E-17
4557.21959960286  4.940662779378794E-17
4554.31286416132  6.292126015163446E-17
4551.40695630633  4.896983341696809E-17
4548.50187764818  6.155469822269275E-17
4545.5976297995  5.515142692647076E-17
4542.69421437518  6.174393067706529E-17
4539.79163299243  5.622433312051123E-17
4536.88988727076  5.956483915858009E-17
4533.988978832  6.277260586939132E-17
4531.08890930024  5.510144536513785E-17
4528.18968030191  5.721831304922437E-17
4525.29129346571  5.591056035311272E-17
4522.39375042268  5.960810401333906E-17
4519.49705280613  5.731351161156186E-17
4516.60120225168  5.809377453977089E-17
4513.70620039726  5.277205512935179E-17
4510.81204888309  5.482832025304020E-17
4507.91874935169  5.565118298279569E-17
4505.0263034479  4.812374676433456E-17
4502.13471281884  5.172303129395693E-17
4499.24397911395  5.481389422315727E-17
4496.35410398496  4.884772170622056E-17
4493.4650890859  4.570327070821657E-17
4490.57693607312  5.158192420762274E-17
4487.68964660524  4.879999669359870E-17
4484.80322234321  4.185052811274060E-17
4481.91766495026  4.720687992104608E-17
4479.03297609195  3.495144144863186E-17
4476.14915743611  4.054201110174297E-17
4473.26621065289  4.532938507134261E-17
4470.38413741475  3.879814231691376E-17
4467.50293939642  3.124662852518241E-17
4464.62261827495  4.432346727202912E-17
4461.74317572971  3.542841364216464E-17
4458.86461344234  3.111142089097695E-17
4455.9869330968  3.846720058872110E-17
4453.11013637935  3.181126862875601E-17
4450.23422497855  3.320819801234576E-17
4447.35920058525  2.669904594335576E-17
4444.48506489261  3.152987501925527E-17
4441.61181959611  2.886887469334158E-17
4438.73946639351  1.688138814547413E-17
4435.86800698487  2.581428694272414E-17
4432.99744307256  3.009067670636405E-17
4430.12777636125  2.404657550391872E-17
4427.25900855791  2.657189339395533E-17
4424.39114137182  2.217944522729054E-17
4421.52417651456  2.532688069294461E-17
4418.65811569999  2.377213021156343E-17
4415.79296064429  2.501740099292526E-17
4412.92871306595  1.845208832342657E-17
4410.06537468575  2.127801522859353E-17
4407.20294722676  2.408074633502328E-17
4404.34143241438  2.642044820432544E-17
4401.48083197629  2.552244769644808E-17
4398.62114764247  2.027079048391221E-17
4395.76238114523  1.781782111897194E-17
4392.90453421913  1.643387185355437E-17
4390.04760860109  2.179577900685375E-17
4387.1916060303  2.018860016388773E-17
4384.33652824824  1.762898571129343E-17
4381.48237699872  1.936797413050856E-17
4378.62915402783  2.532220712248370E-17
4375.77686108398  1.840119520905864E-17
4372.92549991787  1.245973471292194E-17
4370.0750722825  2.747117768614338E-17
4367.22557993318  2.878080973660674E-17
4364.37702462751  2.453812758292835E-17
4361.52940812541  3.053434660843545E-17
4358.68273218907  2.056426920216235E-17
4355.83699858303  2.971534184905690E-17
4352.99220907408  2.460869436098525E-17
4350.14836543134  2.502973591021964E-17
4347.30546942624  2.483259891791356E-17
4344.46352283248  2.961704632250600E-17
4341.62252742609  1.867673237982250E-17
4338.78248498538  2.466583765206164E-17
4335.943397291  1.211751437707711E-17
4333.10526612584  2.340150697502537E-17
4330.26809327515  1.828129537926908E-17
4327.43188052645  1.564777233894317E-17
4324.59662966957  3.292944145463784E-17
4321.76234249664  2.248025111140668E-17
4318.9290208021  1.569933877832973E-17
4316.09666638267  1.912573263376119E-17
4313.2652810374  1.311907789764612E-17
4310.43486656762  2.295146943659854E-17
4307.60542477697  1.638905355360502E-17
4304.77695747139  2.376970657236864E-17
4301.94946645912  1.289084884047539E-17
4299.12295355071  1.526314328027337E-17
4296.29742055901  1.977977938102319E-17
4293.47286929915  1.682332502955658E-17
4290.64930158859  2.385167355362775E-17
4287.82671924709  7.673778530892199E-18
4285.00512409668  2.257270508847173E-17
4282.18451796173  1.386168342846866E-17
4279.36490266889  1.730524210879120E-17
4276.54628004711  2.235268662606121E-17
4273.72865192766  2.167164070360547E-17
4270.9120201441  2.238626519584718E-17
4268.09638653228  2.044192918956576E-17
4265.28175293037  1.934345980587494E-17
4262.46812117884  1.621500813527896E-17
4259.65549312044  1.605917723404132E-17
4256.84387060026  2.553950912376261E-17
4254.03325546565  1.473102626402413E-17
4251.2236495663  2.481720343235272E-17
4248.41505475417  2.676927192300028E-17
4245.60747288353  2.397605008489245E-17
4242.80090581097  2.393615516394901E-17
4239.99535539535  2.690516446275295E-17
4237.19082349787  2.153392174906029E-17
4234.387311982  2.399031729609776E-17
4231.58482271353  2.536832740471719E-17
4228.78335756053  2.377747710704297E-17
4225.98291839339  3.403371102878388E-17
4223.18350708481  2.548135998106135E-17
4220.38512550976  3.478252455010363E-17
4217.58777554555  3.024984279983151E-17
4214.79145907175  2.690796033322337E-17
4211.99617797028  2.627163344904348E-17
4209.20193412531  2.534600014562316E-17
4206.40872942336  3.364972055354697E-17
4203.61656575321  3.375114282281332E-17
4200.82544500596  2.776439666968118E-17
4198.03536907503  3.554937060877705E-17
4195.24633985611  3.441822759089039E-17
4192.4583592472  3.168567614199086E-17
4189.67142914863  2.907502464560205E-17
4186.88555146298  3.784404903733795E-17
4184.10072809517  3.844369542443479E-17
4181.31696095242  2.774288501067112E-17
4178.53425194423  2.870791858102856E-17
4175.75260298243  3.741704847897072E-17
4172.97201598112  3.930298718836712E-17
4170.19249285673  4.669635066442324E-17
4167.41403552797  4.093435610116666E-17
4164.63664591587  3.804548406010687E-17
4161.86032594374  3.842194719176955E-17
4159.08507753722  3.529245823668543E-17
4156.31090262423  4.304640297664320E-17
4153.53780313499  3.821214110120160E-17
4150.76578100204  4.367091772167583E-17
4147.99483816021  4.046882546986672E-17
4145.22497654662  4.255328090883095E-17
4142.45619810072  3.844363586743069E-17
4139.68850476423  4.233567615944783E-17
4136.9218984812  4.456006739699890E-17
4134.15638119796  4.854708787567184E-17
4131.39195486316  3.552166998442388E-17
4128.62862142773  4.157866362389646E-17
4125.86638284492  3.657958104831999E-17
4123.10524107028  4.547206049211821E-17
4120.34519806164  4.313897441335524E-17
4117.58625577917  2.082183173821544E-17
4114.82841618531  4.184777525566202E-17
4112.07168124481  4.112952440361487E-17
4109.31605292473  3.297298755080508E-17
4106.56153319441  2.638347488530556E-17
4103.80812402552  2.898400169099671E-17
4101.05582739202  3.722899392979047E-17
4098.30464527016  3.135702074101129E-17
4095.5545796385  2.310368059547565E-17
4092.80563247792  4.111624650042217E-17
4090.05780577156  5.070209520344194E-17
4087.3111015049  3.922753177289004E-17
4084.56552166571  4.372488629356125E-17
4081.82106824406  2.735587532619839E-17
4079.07774323231  4.139519165530975E-17
4076.33554862514  3.169510930969641E-17
4073.59448641953  2.823259413127599E-17
4070.85455861474  5.242827886677474E-17
4068.11576721236  4.184315297039907E-17
4065.37811421627  4.606189982587261E-17
4062.64160163264  3.897485787425714E-17
4059.90623146996  3.082351902441664E-17
4057.17200573901  3.755847982010505E-17
4054.43892645288  4.378552855862874E-17
4051.70699562695  3.198122115741115E-17
4048.97621527891  3.953249010368120E-17
4046.24658742876  2.939772103744878E-17
4043.51811409878  5.032863639176403E-17
4040.79079731357  2.693563117907451E-17
4038.06463910003  2.879505378675490E-17
4035.33964148734  3.984254717576812E-17
4032.61580650702  3.985573905217712E-17
4029.89313619284  3.104283107458405E-17
4027.17163258093  3.636912975687425E-17
4024.45129770969  5.016404730220068E-17
4021.73213361981  3.531018306285122E-17
4019.0141423543  3.831361631002716E-17
4016.29732595847  3.548675965385168E-17
4013.58168647994  3.903250905422964E-17
4010.8672259686  4.044400343404523E-17
4008.15394647669  6.464393987789250E-17
4005.4418500587  3.625705671004066E-17
4002.73093877145  4.796518285835303E-17
4000.02121467407  3.829318164017465E-17
3997.31267982797  3.168885251554307E-17
3994.60533629687  8.786608597197554E-18
3991.8991861468  7.688809229802902E-17
3989.19423144607  4.205995039150431E-17
3986.49047426532  5.140615825362258E-17
3983.78791667747  4.446442215713061E-17
3981.08656075775  6.397425445396955E-17
3978.38640858369  2.787399148339955E-17
3975.68746223513  1.017905036052808E-16
3972.98972379419  9.475444575790067E-17
3970.29319534531  4.790241970219495E-17
3967.59787897523  4.798313598636788E-17
3964.90377677299  1.106544254656113E-16
3962.21089082992  7.812458834745289E-17
3959.51922323968  4.563029352585471E-17
3956.82877609819  9.173088224333767E-17
3954.13955150371  9.179780446361563E-17
3951.45155155678  9.889670818521512E-17
3948.76477836026  9.928104938503176E-17
3946.07923401928  4.862893574292273E-17
3943.39492064131  2.747315961089106E-17
3940.71184033609  1.331486823991497E-16
3938.02999521569  7.843325906483318E-17
3935.34938739445  1.077613314947050E-16
3932.67001898903  9.862069455841840E-17
3929.99189211839  9.145756853406030E-17
3927.3150089038  1.701155295579323E-16
3924.63937146881  1.758579232493938E-16
3921.9649819393  1.614572348717152E-17
3919.29184244342  6.000067731461183E-17
3916.61995511164  1.150270345324646E-16
3913.94932207674  6.295224302865825E-17
3911.27994547378  4.612988745477959E-17
3908.61182744013  9.700822837697696E-17
3905.94497011548  1.883502166184065E-16
3903.27937564179  1.047864591397193E-16
3900.61504616334  2.137831087786559E-16
3897.95198382671  1.622458787938906E-16
3895.29019078078  8.830116643056619E-17
3892.62966917673  8.082764253570879E-17
3889.97042116805  7.580868777309632E-17
3887.31244891052  6.888406769783932E-17
3884.65575456223  1.074804341935718E-16
3882.00034028356  4.250156557693413E-17
3879.34620823721  8.671959709936478E-17
3876.69336058816  8.406429439351036E-17
3874.04179950372  6.996468983263368E-17
3871.39152715347  4.892267419588522E-17
3868.74254570931  3.053967034285784E-17
3866.09485734544  2.526060698226687E-17
3863.44846423836  2.745656802216447E-17
3860.80336856687  9.581789562317844E-17
3858.15957251207  4.121158402910258E-17
3855.51707825737  1.062140736153123E-16
3852.87588798847  4.620113086657754E-17
3850.23600389339  6.645046263103891E-17
3847.59742816242  2.600340690053337E-17
3844.96016298818  7.654672478539574E-17
3842.32421056558  3.762931460468041E-18
3839.68957309185  8.528912885065846E-18
3837.05625276648  6.888237363194481E-17
3834.4242517913  9.777891917113754E-18
3831.79357237043  7.226932751576974E-17
3829.16421671029  5.043728491086165E-17
3826.53618701961  1.309168564622531E-16
3823.90948550939  4.010626889866227E-17
3821.28411439298  1.266404584268070E-17
3818.66007588599  2.179160009039913E-17
3816.03737220636  2.172506002756414E-17
3813.41600557431  6.582988526572203E-17
3810.79597821238  5.074306897469927E-19
3808.1772923454  5.752673892114334E-17
3805.5599502005  4.001667531215543E-17
3802.94395400713  8.233031868880731E-17
3800.32930599702  6.607725859098967E-17
3797.7160084042  6.669729332582473E-17
3795.10406346502  5.440207408339161E-17
3792.49347341813  8.008173076397785E-17
3789.88424050447  3.139089544145656E-17
3787.27636696728  3.272638846659077E-17
3784.66985505212  3.062717643569134E-19
3782.06470700682  3.811165189166621E-17
3779.46092508155  6.400186905153903E-17
3776.85851152875  5.527658266187249E-17
3774.25746860318  7.868022872596192E-17
3771.6577985619  5.288157715117626E-17
3769.05950366426  4.225723296759821E-17
3766.46258617192  2.471663812220097E-17
3763.86704834884  4.974937835240542E-17
3761.27289246129  6.441219034003475E-17
3758.68012077782  7.083308389202656E-17
3756.08873556931  7.450355558516528E-17
3753.49873910892  6.395987474620095E-17
3750.91013367212  2.162735345360938E-17
3748.32292153668  1.024894447531085E-16
3745.73710498267  -1.591795765114382E-17
3743.15268629246  3.999674687683780E-17
3740.56966775073  5.593986239913180E-17
3737.98805164447  5.735111855093098E-17
3735.40784026293  5.556490473618397E-17
3732.82903589771  3.554254802308471E-17
3730.25164084269  4.934196543094345E-17
3727.67565739404  9.729230866910727E-17
3725.10108785026  3.727982583279308E-17
3722.52793451214  1.405141632711179E-17
3719.95619968274  8.273213656060597E-17
3717.38588566748  2.618710386224669E-17
3714.81699477404  -1.962957496231213E-18
3712.24952931241  3.178918621512330E-17
3709.68349159488  2.469590070424427E-17
3707.11888393606  1.839688559806724E-18
3704.55570865284  3.226709477710949E-17
3701.99396806442  -1.029472594436546E-17
3699.43366449229  2.833886367893191E-17
3696.87480026027  3.075787397100443E-17
3694.31737769446  4.471329433366822E-17
3691.76139912325  4.541296670915741E-17
3689.20686687737  3.403271841204882E-17
3686.65378328982  7.601967176885655E-17
3684.1021506959  6.054040935558023E-17
3681.55197143323  2.032483019333030E-17
3679.00324784173  4.733711123668642E-17
3676.45598226361  2.992448702231542E-18
3673.91017704339  5.856205141070452E-17
3671.36583452788  2.322414621680419E-17
3668.8229570662  3.933780156598825E-17
3666.28154700978  -3.615034710229887E-17
3663.74160671235  3.015517694180850E-17
3661.20313852991  1.837493387897131E-17
3658.66614482081  -8.240635478507439E-18
3656.13062794567  9.872760434386846E-18
3653.59659026742  -1.307948634519234E-18
3651.06403415129  4.484468701088859E-17
3648.53296196481  -2.505737366884626E-17
3646.00337607782  -9.346830729119503E-18
3643.47527886246  3.755219655617210E-17
3640.94867269316  1.701525719465334E-18
3638.42355994666  -3.029106617283870E-17
3635.899943002  1.873879574118235E-17
3633.37782424053  2.372074740627285E-17
3630.85720604589  2.532648860933428E-17
3628.33809080402  1.530473557583376E-17
3625.82048090317  1.160951712030931E-17
3623.3043787339  6.044605120874507E-17
3620.78978668905  -4.718070130901999E-17
3618.27670716378  3.036522456911531E-17
3615.76514255553  -9.967746411306922E-18
3613.25509526407  1.333094730753402E-16
3610.74656769145  6.178991530167833E-17
3608.23956224203  2.126677880715261E-17
3605.73408132247  2.182880667435177E-17
3603.23012734173  -1.049200190301446E-17
3600.72770271108  -1.575758387398204E-17
3598.22680984407  3.226313423633659E-17
3595.72745115659  5.568599736041683E-17
3593.22962906679  -6.982549187915326E-18
3590.73334599515  6.645272579719485E-17
3588.23860436443  4.973942240655272E-17
3585.74540659972  -5.494153150039666E-17
3583.25375512838  -1.661912722354175E-17
3580.76365238009  -2.340982014018153E-17
3578.27510078683  -1.509618059594229E-18
3575.78810278288  1.175202048751749E-17
3573.30266080482  -8.337984710437583E-18
3570.81877729153  6.040692225704886E-17
3568.3364546842  3.670775764731876E-17
3565.85569542632  -2.444011826086939E-17
3563.37650196367  -7.661347660646753E-18
3560.89887674433  1.087844331440637E-17
3558.42282221871  -1.447698751738052E-17
3555.94834083949  -6.126587984001375E-17
3553.47543506167  4.383038821760872E-17
3551.00410734254  -1.433564551175236E-17
3548.53436014171  5.718185092782302E-17
3546.06619592106  3.253823134701456E-17
3543.5996171448  -2.050723013584315E-17
3541.13462627944  -3.577349354138706E-17
3538.67122579377  -3.750866369489465E-17
3536.2094181589  4.399399130788190E-17
3533.74920584824  -2.571299702235579E-17
3531.29059133749  -1.716105791057831E-17
3528.83357710468  2.314899851251498E-17
3526.3781656301  6.311499246853927E-17
3523.92435939637  6.653219469300404E-17
3521.47216088841  2.071501790571646E-17
3519.02157259344  5.462338791064141E-17
3516.57259700096  1.163715140477736E-16
3514.12523660281  1.803695118940459E-16
3511.6794938931  2.466955930307364E-16
3509.23537136825  8.476664352546180E-17
3506.792871527  7.707160066256269E-17
3504.35199687036  -1.090241914446122E-17
3501.91274990167  -3.194625788727977E-17
3499.47513312655  3.000664839101847E-17
3497.03914905293  -3.037351994988830E-18
3494.60480019105  4.231887446684567E-17
3492.17208905345  7.169807162165692E-18
3489.74101815495  -2.866970614545106E-17
3487.3115900127  -6.124310259466648E-17
3484.88380714613  -1.983274871872863E-17
3482.45767207698  -2.161398538772991E-18
3480.0331873293  -4.603767666881461E-17
3477.61035542943  8.499523654210205E-17
3475.18917890602  -1.331871628412457E-17
3472.76966029002  2.572313660230447E-17
3470.35180211466  2.080047691264953E-16
3467.93560691551  4.667088342772395E-17
3465.52107723041  3.628464814655298E-17
3463.10821559952  -2.188557277106883E-17
3460.69702456529  -3.653294791410671E-17
3458.28750667249  2.768043783750705E-17
3455.87966446816  4.286598051278224E-19
3453.47350050167  -1.336070331027327E-16
3451.06901732468  -1.270161506261388E-16
3448.66621749115  4.159419145835530E-17
3446.26510355735  8.891463004261511E-17
3443.86567808184  -4.362212730042502E-17
3441.4679436255  5.961391412996164E-17
3439.07190275149  1.895482785478487E-16
3436.67755802528  4.617582327573648E-18
3434.28491201465  2.574844667468736E-17
3431.89396728966  -1.112078291477439E-16
3429.50472642271  3.777322252456871E-17
3427.11719198846  5.661850784344991E-17
3424.73136656389  -7.815829761177564E-17
3422.34725272828  -4.594078734930507E-17
3419.96485306323  -6.371172056243503E-17
3417.5841701526  -1.136308860073731E-16
3415.20520658259  7.450004172192313E-17
3412.82796494168  -1.341747916772156E-17
3410.45244782067  5.138102916835769E-16
3408.07865781264  -4.790823643626243E-17
3405.70659751298  5.797872364273210E-17
3403.33626951939  5.935260975968961E-16
3400.96767643187  -1.400155057106464E-17
3398.60082085271  3.538922711869780E-16
3396.23570538651  -1.108166752884023E-17
3393.87233264016  -9.073015252082608E-17
3391.51070522289  1.511373328582261E-16
3389.15082574617  3.358581257942112E-17
3386.79269682382  -2.511125257435327E-16
3384.43632107196  1.481053916584191E-16
3382.08170110897  -2.651445000175271E-16
3379.72883955559  -1.221305572306046E-16
3377.3777390348  -3.129530777335892E-16
3375.02840217194  -3.404952672209590E-17
3372.68083159461  -5.069890824197788E-16
3370.33502993273  -6.403792833598207E-18
3367.99099981852  -1.745799755251137E-16
3365.6487438865  4.309860469074020E-17
3363.30826477348  -7.904584255671034E-18
3360.9695651186  5.004527938636135E-16
3358.63264756327  6.335266991353883E-16
3356.29751475122  -2.366050748185532E-16
3353.96416932848  -1.351550834211522E-17
3351.63261394338  -1.449513089693626E-17
3349.30285124654  -7.698646723391872E-17
3346.97488389091  1.076913453974381E-16
3344.64871453171  2.619872641159755E-16
3342.32434582649  7.066001123810088E-17
3340.00178043507  -1.259864629647430E-16
3337.68102101959  -1.681978965961854E-17
3335.36207024451  6.521291440787586E-17
3333.04493077655  -8.073193310662496E-16
3330.72960528476  -7.499168975388382E-18
3328.41609644049  -4.882644662086571E-16
3326.10440691739  3.248594492962284E-16
3323.79453939139  -2.841897446689644E-16
3321.48649654076  -3.616124603404986E-17
3319.18028104605  -1.507875082510101E-16
3316.8758955901  6.109368598277082E-16
3314.57334285807  9.680908960758848E-17
3312.27262553742  -1.669867552868975E-17
3309.97374631791  -1.025928158598981E-16
3307.67670789159  5.193294657236573E-17
3305.38151295283  1.155665415803064E-16
3303.08816419829  1.244242377484745E-15
3300.79666432694  -1.613930456561811E-17
3298.50701604004  2.699190923923016E-16
3296.21922204115  -3.733724937266100E-16
3293.93328503616  -2.657395406629732E-16
3291.64920773322  5.934765461694818E-16
3289.36699284281  -3.556106628089406E-16
3287.08664307771  -4.511983044368089E-16
3284.80816115299  -1.706101173897900E-16
3282.53154978603  -8.149738751663580E-17
3280.2568116965  -1.220774588527236E-16
3277.98394960639  -2.574758342900011E-16
3275.71296623999  -5.616273661988912E-16
3273.44386432386  -2.460908115063968E-15
3271.17664658691  -9.857722853333449E-16
3268.91131576031  -1.858199068588092E-15
3266.64787457756  3.978967974671414E-16
3264.38632577444  4.513238770712392E-16
3262.12667208904  3.147983125394030E-15
3259.86891626177  -6.657976485741523E-16
3257.61306103532  1.609192769677246E-15
3255.35910915467  1.779520136881331E-16
3253.10706336713  -2.687174438077233E-16
3250.85692642231  -1.680130190823018E-15
3248.60870107209  -5.410286366524098E-16
3246.36239007069  2.701417614722670E-15
3244.11799617461  1.658970249009421E-15
3241.87552214266  1.554057171678977E-15
3239.63497073593  2.358421893006526E-16
3237.39634471785  9.715485110363566E-17
3235.15964685413  3.610567299647391E-15
3232.92487991277  4.752280997548211E-17
3230.69204666409  -2.203589034808769E-15
3228.4611498807  1.908614469608668E-15
3226.23219233753  1.035693103816019E-14
3224.0051768118  2.534049410059377E-15
3221.78010608301  2.274447364253090E-15
3219.55698293301  6.500543765791287E-15
3217.3358101459  1.955859214549435E-14
3215.11659050812  3.294510719664842E-15
3212.8993268084  -5.275755299885249E-16
3210.68402183775  -3.278182253782383E-15
3208.47067838952  2.581029880720600E-15
3206.25929925933  -1.940306630846662E-15
3204.04988724512  6.252846344542185E-15
3201.84244514712  -1.681283426180705E-15
3199.63697576787  1.827564639742983E-15
3197.43348191221  1.261030718730091E-14
3195.23196638728  -6.892306244775294E-15
3193.03243200251  -1.380003695952009E-14
3190.83488156967  2.225574569048142E-16
3188.63931790277  -3.951091908619038E-15
3186.44574381819  2.877784909175829E-15
3184.25416213455  2.286866476622438E-14
3182.06457567282  1.988447960162096E-15
3179.87698725624  1.828580147543446E-14
3177.69139971037  3.146435342089513E-14
3175.50781586305  3.875735791873148E-14
3173.32623854446  1.256739988632480E-14
3171.14667058704  9.113358769615842E-15
3168.96911482555  -2.348838456362173E-14
3166.79357409706  2.000726041545727E-14
3164.62005124092  -5.292987253460896E-14
3162.44854909881  3.413065389665758E-14
3160.27907051468  -9.910729116381439E-16
3158.11161833481  -4.739838147080518E-14
3155.94619540776  -6.162762273019323E-15
3153.78280458441  1.880061454824847E-14
3151.62144871792  1.496489022111136E-14
3149.46213066378  -3.204140986280517E-14
3147.30485327974  -1.280438191727466E-14
3145.1496194259  -2.091276574112642E-14
3142.99643196464  -2.898942479297173E-14
3140.84529376062  1.684951311776376E-14
3138.69620768083  1.637317566954583E-14
3136.54917659457  -2.458809421530556E-14
3134.4042033734  1.868774486692799E-15
