3614.29214393116  -1.209390660533716E-13
3617.23083772756  1.560889818005146E-13
3620.17103420087  -2.332844949658706E-14
3623.11273068407  1.176324120576166E-13
3626.05592451384  -9.014910671255316E-14
3629.00061303053  3.931619637601198E-14
3631.94679357822  1.703369162300156E-13
3634.89446350466  3.044536473853520E-15
3637.84362016131  -1.656954072366940E-16
3640.79426090329  3.303772728481535E-14
3643.74638308944  -3.628180926269070E-14
3646.69998408224  1.575894633971259E-14
3649.65506124788  -1.171727272771418E-14
3652.61161195622  3.454470731819800E-14
3655.56963358077  -4.448445938324240E-15
3658.52912349874  -2.554094232997913E-15
3661.49007909099  -2.600986400474385E-15
3664.45249774205  8.139983234982038E-15
3667.4163768401  -8.100426796345260E-15
3670.38171377698  5.196738772609448E-16
3673.34850594821  2.665300976884694E-15
3676.31675075292  -4.644199064082971E-16
3679.28644559393  -3.177685394480687E-16
3682.25758787768  6.948863905212885E-15
3685.23017501426  4.422692748595920E-15
3688.2042044174  4.433767704381271E-15
3691.17967350447  3.302371555992276E-16
3694.15657969648  3.163032783284371E-17
3697.13492041805  4.675913565814949E-16
3700.11469309746  4.267718263842404E-17
3703.09589516659  -4.152840082115528E-17
3706.07852406095  -1.354372754253802E-15
3709.06257721968  -7.812202871976541E-16
3712.04805208552  -1.538482353361339E-16
3715.03494610485  4.760636448177285E-16
3718.02325672763  1.007750884490463E-15
3721.01298140744  7.222072370646509E-16
3724.00411760148  3.088345388462427E-16
3726.99666277054  3.214562297328382E-16
3729.990614379  4.097828667088261E-16
3732.98596989486  -4.412448401259582E-17
3735.9827267897  2.969708895078806E-16
3738.98088253868  6.340262897555907E-16
3741.98043462057  -1.495176205746187E-16
3744.98138051771  -1.179720225062800E-16
3747.98371771603  5.601010657674980E-17
3750.98744370504  1.328537428799378E-16
3753.99255597781  5.280698862098112E-17
3756.99905203101  2.239042657607281E-16
3760.00692936486  2.143832779438998E-17
3763.01618548315  -2.094846018597975E-16
3766.02681789324  -1.584667453467645E-17
3769.03882410606  -8.557875787033777E-18
3772.05220163607  -9.064171036973192E-17
3775.06694800133  2.468732284129209E-17
3778.08306072341  9.012650257956449E-17
3781.10053732745  -5.971964849176123E-18
3784.11937534214  -6.108245088481888E-17
3787.1395722997  -4.603411979218064E-17
3790.16112573591  2.855237553864409E-17
3793.18403319008  6.703794801556512E-19
3796.20829220505  -3.937154391753552E-17
3799.2339003272  7.116163341388771E-17
3802.26085510643  1.695528846139962E-17
3805.28915409618  -4.476583353745512E-17
3808.3187948534  -1.088470093574033E-17
3811.34977493858  2.160564823433599E-17
3814.38209191572  1.264293205754528E-17
3817.41574335231  -5.787913440570317E-18
3820.45072681939  4.309051486434943E-17
3823.48703989149  2.765760475746843E-18
3826.52468014664  2.746830406069538E-17
3829.5636451664  3.536386708460590E-17
3832.6039325358  5.959007064880481E-18
3835.64553984339  2.223071553601781E-17
3838.6884646812  1.422674056666485E-17
3841.73270464476  2.917879610780805E-18
3844.77825733308  -8.435804608136265E-18
3847.82512034867  -3.055725537550011E-18
3850.87329129751  -1.541314896884226E-18
3853.92276778907  2.853756900567939E-17
3856.97354743629  2.118194978097407E-17
3860.02562785559  2.376672375907978E-17
3863.07900666686  2.250856219505192E-17
3866.13368149344  -2.129109957152290E-18
3869.18964996218  1.300442177255468E-18
3872.24690970335  -9.233829585638636E-18
3875.30545835069  -6.972680716412416E-19
3878.36529354142  1.751148982346032E-19
3881.42641291617  -6.428735637789129E-18
3884.48881411907  5.079597234475087E-19
3887.55249479767  5.805219299755846E-18
3890.61745260296  1.908508746000217E-18
3893.68368518939  -1.710078043216096E-19
3896.75119021483  3.859753364757679E-18
3899.81996534062  -8.243440447964609E-18
3902.8900082315  1.452709067426347E-18
3905.96131655565  2.829428567495051E-18
3909.03388798469  2.219104726256222E-17
3912.10772019364  -1.192004733970662E-17
3915.18281086097  6.920871706311229E-18
3918.25915766854  8.059319969777655E-18
3921.33675830166  -6.851977073862607E-18
3924.41561044903  6.740570321012433E-18
3927.49571180276  4.834931478147471E-18
3930.57706005837  6.280133054334285E-18
3933.65965291479  1.450703733467335E-17
3936.74348807436  -8.950836208833218E-18
3939.82856324279  4.998303371439448E-18
3942.91487612921  -5.175384129023270E-18
3946.00242444613  -1.222438942094141E-18
3949.09120590947  1.904845990247832E-18
3952.1812182385  1.177738680818205E-17
3955.27245915592  5.616600820192982E-19
3958.36492638777  1.044129738582618E-17
3961.45861766349  9.035757052059750E-18
3964.5535307159  8.270744852804369E-18
3967.64966328117  1.017742098015748E-17
3970.74701309886  -4.231033382702105E-18
3973.84557791188  -2.488980879702925E-18
3976.94535546652  -7.058174175417986E-18
3980.04634351243  -5.474818961274095E-19
3983.1485398026  6.700615843064896E-18
3986.25194209339  8.827570581131178E-18
3989.3565481445  5.036669662610883E-18
3992.46235571901  7.304338162630095E-18
3995.5693625833  7.121751277298812E-18
3998.67756650712  6.763711112238910E-18
4001.78696526357  -3.183340894503161E-18
4004.89755662906  3.057725039885705E-18
4008.00933838335  -2.959905555777328E-18
4011.12230830955  1.256525400776226E-17
4014.23646419405  1.512064032665549E-18
4017.35180382661  2.478181209625433E-18
4020.4683250003  6.395622770688019E-18
4023.5860255115  2.794799685126283E-18
4026.70490315992  5.891435921411941E-18
4029.82495574857  -2.219202023375773E-19
4032.94618108379  1.679635728722613E-18
4036.06857697521  6.647241600449605E-18
4039.19214123578  3.035045195055572E-18
4042.31687168174  -1.647161341656817E-18
4045.44276613264  1.846900540772420E-18
4048.56982241132  4.846355669587439E-18
4051.69803834392  1.212854710529219E-18
4054.82741175985  2.966384447925149E-18
4057.95794049184  2.007553077800632E-18
4061.08962237589  8.781839073785572E-18
4064.22245525127  -1.726498095363156E-18
4067.35643696055  1.263921636223369E-17
4070.49156534957  5.248365447288209E-18
4073.62783826742  1.188067154568339E-20
4076.76525356651  9.600980938350657E-19
4079.90380910246  7.659411230832768E-18
4083.04350273419  5.686922959583719E-18
4086.18433232389  3.434139367892248E-18
4089.32629573697  2.085904245807114E-18
4092.46939084214  6.276412395939021E-18
4095.61361551132  3.019576297215372E-19
4098.75896761972  4.382702738277990E-18
4101.90544504577  3.890478058032773E-19
4105.05304567115  -5.532421751180759E-19
4108.20176738079  3.818356697412157E-18
4111.35160806285  1.005839734143176E-18
4114.50256560873  -6.647520670508767E-19
4117.65463791306  2.119085562103912E-18
4120.8078228737  3.320069713855113E-18
4123.96211839173  2.093108988942451E-18
4127.11752237147  3.467363490785746E-18
4130.27403272045  4.883647866733474E-18
4133.43164734941  7.204114478071331E-18
4136.59036417232  1.564819130592343E-18
4139.75018110636  6.669654059146728E-18
4142.91109607192  5.496823619929232E-18
4146.07310699258  -3.862667858097829E-20
4149.23621179514  3.036206349840444E-18
4152.40040840959  4.979205839047130E-18
4155.56569476914  4.402833419255388E-18
4158.73206881017  5.151967460137809E-20
4161.89952847225  4.143938708825784E-18
4165.06807169816  1.506859515648942E-18
4168.23769643385  8.275139663398865E-19
4171.40840062846  2.753390816866725E-18
4174.58018223431  5.975874518341354E-18
4177.75303920689  2.350825794179778E-18
4180.92696950486  1.600611649287819E-18
4184.10197109009  3.903906197904228E-18
4187.27804192755  1.471968830616302E-18
4190.45517998545  6.105251769999242E-18
4193.6333832351  -2.371987555790722E-18
4196.81264965102  5.135609149268658E-18
4199.99297721084  5.861597035175316E-18
4203.17436389539  2.556438492632391E-18
4206.35680768861  5.184792067720142E-18
4209.54030657761  6.315181110478463E-18
4212.72485855265  5.755472244126600E-18
4215.91046160713  2.173321726917484E-18
4219.09711373756  4.949713541487166E-18
4222.28481294362  3.368966221019501E-18
4225.47355722811  5.512814261940802E-18
4228.66334459698  4.707185013067230E-18
4231.85417305927  5.096792871843993E-18
4235.04604062718  6.263491834770941E-18
4238.23894531601  6.023147890348759E-18
4241.43288514419  4.515616187054543E-18
4244.62785813326  4.461784513560510E-18
4247.82386230788  2.854110189407561E-18
4251.02089569581  5.418942497305833E-18
4254.21895632792  3.789719291015265E-18
4257.4180422382  4.715372550167857E-19
4260.61815146372  2.107995758426568E-18
4263.81928204466  1.031847347257124E-17
4267.02143202429  5.619650014726007E-18
4270.22459944898  5.269611167731329E-18
4273.42878236819  6.176860795627957E-18
4276.63397883445  4.518705706642428E-18
4279.84018690339  7.169365447718591E-18
4283.04740463372  5.339869407419745E-18
4286.25563008723  2.495166122733292E-18
4289.46486132877  2.034061114505659E-18
4292.67509642628  3.540605164148488E-18
4295.88633345075  6.460015059062518E-18
4299.09857047627  1.586194408198903E-18
4302.31180557996  4.611836731038855E-18
4305.52603684201  4.697639762388673E-18
4308.74126234569  4.114297518755559E-18
4311.95748017727  3.321055713145277E-18
4315.17468842614  5.531032087751669E-19
4318.39288518469  6.524315116798713E-18
4321.61206854838  2.944780144686489E-18
4324.83223661571  8.682144578023688E-19
4328.0533874882  4.946870935312126E-18
4331.27551927043  3.255162298754149E-18
4334.49863007001  4.685663427889826E-18
4337.72271799758  5.777981896545700E-18
4340.94778116681  1.988410257269776E-18
4344.17381769439  4.324274835710309E-18
4347.40082570003  3.392188075946009E-18
4350.62880330647  1.977631266707598E-18
4353.85774863947  1.486603180766619E-19
4357.0876598278  4.868134094345042E-18
4360.31853500322  1.020087196411366E-18
4363.55037230053  6.346967179877037E-18
4366.78316985752  5.778225501236098E-18
4370.01692581498  4.845533452058562E-18
4373.25163831671  5.698391405186460E-18
4376.48730550949  6.702163084400676E-18
4379.72392554312  4.308520353763623E-18
4382.96149657036  5.411839083795534E-18
4386.20001674697  2.797311212261148E-18
4389.43948423171  1.285182142519937E-18
4392.67989718631  6.556596667384208E-18
4395.92125377546  3.136045395414369E-18
4399.16355216686  4.712249839957891E-18
4402.40679053116  1.920946233690564E-18
4405.650967042  5.456246274980445E-18
4408.89607987596  5.357012312024600E-18
4412.14212721261  4.016227812511885E-18
4415.38910723447  5.561769292133527E-18
4418.63701812702  2.548164825350482E-18
4421.88585807869  5.258289546687315E-18
4425.13562528087  5.116258499608897E-18
4428.38631792791  4.825479698878132E-18
4431.63793421708  3.083034698678295E-18
4434.89047234863  5.810253934554150E-18
4438.14393052571  5.238582795773851E-18
4441.39830695444  5.943749304891632E-18
4444.65359984386  3.629652397860741E-18
4447.90980740595  5.835667404513616E-18
4451.16692785562  4.071329208246186E-18
4454.4249594107  3.672080145839810E-18
4457.68390029195  2.466722690190042E-18
4460.94374872305  6.908181514943746E-18
4464.20450293058  5.189842418950084E-18
4467.46616114407  4.689762521415332E-18
4470.72872159593  6.224414995453325E-18
4473.9921825215  5.839969157289200E-18
4477.25654215902  4.183161545521518E-18
4480.52179874962  4.597463227124827E-18
4483.78795053735  6.283770581077986E-18
4487.05499576916  4.569557875570043E-18
4490.32293269486  4.736409304108729E-18
4493.5917595672  6.188799493408937E-18
4496.86147464177  6.098569391420733E-18
4500.13207617709  4.450219701416408E-18
4503.40356243454  3.249699597988849E-18
4506.67593167838  5.469957207223816E-18
4509.94918217575  4.494053656436818E-18
4513.22331219667  6.048952203147658E-18
4516.49832001402  6.327300960813588E-18
4519.77420390355  4.876392665580771E-18
4523.05096214389  4.382638631780518E-18
4526.32859301653  5.113407208037427E-18
4529.60709480579  5.549773105299976E-18
4532.88646579887  5.138264399034953E-18
4536.16670428585  3.449568147472739E-18
4539.4478085596  7.168750025342851E-18
4542.7297769159  6.951728438291602E-18
4546.01260765332  4.575668258754974E-18
4549.29629907332  6.969607947231936E-18
4552.58084948017  4.295001741012669E-18
4555.86625718098  7.274928583131381E-18
4559.1525204857  5.753013449755785E-18
4562.43963770712  6.794909469812266E-18
4565.72760716082  4.519060980715520E-18
4569.01642716526  5.811334646024450E-18
4572.30609604167  4.914314760763264E-18
4575.59661211413  5.854918378909563E-18
4578.88797370953  4.431745449615648E-18
4582.18017915756  6.791058530470525E-18
4585.47322679074  5.273148192030605E-18
4588.76711494438  4.825209210817827E-18
4592.0618419566  5.044692073781727E-18
4595.35740616833  2.104871704048108E-18
4598.65380592329  4.683671163384491E-18
4601.951039568  6.045557040323434E-18
4605.24910545176  4.727570052082988E-18
4608.54800192667  4.588300961069883E-18
4611.84772734763  4.725427240706168E-18
4615.14828007229  4.446193813375111E-18
4618.44965846112  5.166259086095891E-18
4621.75186087734  4.575422172522739E-18
4625.05488568695  6.710420001275181E-18
4628.35873125873  4.249228047455822E-18
4631.66339596422  4.157424234352237E-18
4634.96887817775  5.837655946706195E-18
4638.27517627638  5.873042319720905E-18
4641.58228863994  5.903469744963363E-18
4644.89021365105  6.325117617586756E-18
4648.19894969503  5.129435073176560E-18
4651.50849516  4.591110480020421E-18
4654.81884843679  5.875483743298857E-18
4658.13000791902  5.110091868142314E-18
4661.44197200301  4.787246583785320E-18
4664.75473908784  6.104486214342326E-18
4668.06830757534  4.793655992761686E-18
4671.38267587005  6.482688079652593E-18
4674.69784237925  5.914820317328816E-18
4678.01380551295  6.077541633069022E-18
4681.33056368389  7.258058234538364E-18
4684.64811530753  4.652078654249253E-18
4687.96645880204  6.913491600886030E-18
4691.28559258832  5.421924483414086E-18
4694.60551508999  5.331498339620709E-18
4697.92622473335  3.601604357650292E-18
4701.24771994744  4.266310981466268E-18
4704.569999164  5.629912430995643E-18
4707.89306081745  3.771565571701869E-18
4711.21690334494  5.361190401298606E-18
4714.54152518629  4.159866071520493E-18
4717.86692478404  6.031211246959927E-18
4721.19310058339  7.742008523718637E-18
4724.52005103226  5.809176531806300E-18
4727.84777458122  7.073378582257325E-18
4731.17626968355  6.681526168888398E-18
4734.50553479521  6.349310582552400E-18
4737.83556837481  6.016241759414555E-18
4741.16636888366  6.517136843442981E-18
4744.49793478572  5.472044183909287E-18
4747.83026454764  4.222529138824448E-18
4751.1633566387  7.133780964947171E-18
4754.49720953088  5.148528469665816E-18
4757.8318216988  7.974188195494922E-18
4761.16719161973  7.257919268195455E-18
4764.5033177736  7.026745448044034E-18
4767.840198643  6.051502814566465E-18
4771.17783271314  1.068236676764557E-17
4774.5162184719  4.419054431067553E-18
4777.85535440979  6.768373102171258E-18
4781.19523901997  6.810899698233528E-18
4784.53587079821  6.883076996943069E-18
4787.87724824293  6.794559572413155E-18
4791.21936985519  7.393618247684779E-18
4794.56223413865  6.108017034787007E-18
4797.90583959961  7.731578603374956E-18
4801.250184747  5.625521756304213E-18
4804.59526809234  7.304818754565987E-18
4807.94108814978  6.057238898524214E-18
4811.2876434361  5.687141748855739E-18
4814.63493247066  5.535292895086928E-18
4817.98295377544  8.266787620753916E-18
4821.33170587503  5.600659602223013E-18
4824.68118729659  7.096481736765930E-18
4828.03139656992  7.702772865723408E-18
4831.38233222739  1.013056037127574E-17
4834.73399280396  8.022905824851845E-18
4838.08637683718  7.870047810735720E-18
4841.43948286721  7.404601551858258E-18
4844.79330943675  8.933966687420813E-18
4848.14785509111  5.972388779240056E-18
4851.50311837817  7.506532537201328E-18
4854.85909784839  7.351791032830422E-18
4858.21579205479  7.550222562795156E-18
4861.57319955297  8.032614443701382E-18
4864.93131890107  8.972724235021987E-18
4868.29014865984  8.116766836138850E-18
4871.64968739253  6.313603677050323E-18
4875.009933665  8.634818473252234E-18
4878.37088604564  9.123311638356652E-18
4881.73254310537  7.472893583230638E-18
4885.09490341771  8.960394280811270E-18
4888.45796555868  7.267982747527774E-18
4891.82172810685  8.316103301693717E-18
4895.18618964336  7.653187523903919E-18
4898.55134875183  5.225324744915853E-18
4901.91720401847  7.289391008961260E-18
4905.28375403199  8.415522966697077E-18
4908.65099738364  9.598568259298991E-18
4912.01893266718  6.772629360013150E-18
4915.3875584789  4.783511449729335E-18
4918.7568734176  6.383560822995772E-18
4922.12687608463  7.977047758872519E-18
4925.49756508381  5.539196773987873E-18
4928.86893902149  8.075494659475516E-18
4932.24099650653  6.937352866426040E-18
4935.61373615029  7.121636299193667E-18
4938.98715656662  7.846199366495204E-18
4942.36125637189  6.788236190220495E-18
4945.73603418495  7.575605427071958E-18
4949.11148862714  6.493197409335080E-18
4952.48761832231  5.464730666523399E-18
4955.86442189677  6.387923373546376E-18
4959.24189797934  5.804216343263125E-18
4962.6200452013  7.543050906884319E-18
4965.99886219642  3.960166473676716E-18
4969.37834760094  8.006338224363018E-18
4972.75850005357  5.583336785834926E-18
4976.1393181955  6.930271373201975E-18
4979.52080067037  7.054465097551299E-18
4982.9029461243  5.165999764973855E-18
4986.28575320586  7.548383740293451E-18
4989.66922056608  8.424796488544410E-18
4993.05334685845  5.957851079974436E-18
4996.43813073889  3.509166097016880E-18
4999.82357086581  5.279690363495287E-18
5003.20966590003  5.211048434723799E-18
5006.59641450481  5.723275065963586E-18
5009.9838153459  5.626505687642845E-18
5013.37186709142  5.952352396852490E-18
5016.76056841197  6.233927158907379E-18
5020.14991798057  8.457197153138112E-18
5023.53991447266  7.595801868908052E-18
5026.93055656612  6.729776854789535E-18
5030.32184294124  7.506161133106293E-18
5033.71377228073  5.629416536218418E-18
5037.10634326972  7.232168308546067E-18
5040.49955459577  8.121035088099624E-18
5043.89340494882  7.840646503043135E-18
5047.28789302124  9.313685601974507E-18
5050.6830175078  8.257528160976999E-18
5054.07877710568  7.416446778230017E-18
5057.47517051443  9.461970961664436E-18
5060.87219643604  9.923317713426085E-18
5064.26985357485  7.014892777046761E-18
5067.66814063763  8.105444387914223E-18
5071.0670563335  1.024900767190966E-17
5074.466599374  7.347726267300336E-18
5077.86676847304  1.025313778470813E-17
5081.26756234688  9.684580153753483E-18
5084.66897971421  7.036913152133537E-18
5088.07101929604  8.152065114418325E-18
5091.47367981579  7.969813237235127E-18
5094.87695999922  8.873039872222609E-18
5098.28085857447  8.088233240908833E-18
5101.68537427205  8.437694715835949E-18
5105.09050582479  7.985761279445149E-18
5108.49625196793  8.429666100810507E-18
5111.90261143901  8.789547569913956E-18
5115.30958297795  1.025279036885086E-17
5118.71716532702  8.822336182214945E-18
5122.12535723083  9.472309064960125E-18
5125.5341574363  1.010996688274562E-17
5128.94356469274  1.220295634408955E-17
5132.35357775175  9.948205096515970E-18
5135.76419536729  8.836878844564239E-18
5139.17541629565  7.371598699778616E-18
5142.58723929543  9.984483583821319E-18
5145.99966312756  8.290954529530267E-18
5149.41268655529  1.044557556395431E-17
5152.82630834419  8.652460581356768E-18
5156.24052726216  8.668009922511538E-18
5159.65534207937  8.255532174158908E-18
5163.07075156835  8.725494839180912E-18
5166.48675450389  1.045322863898165E-17
5169.90334966312  8.682810665211949E-18
5173.32053582545  7.734178432040211E-18
5176.7383117726  8.666107407102664E-18
5180.15667628857  9.131327018492287E-18
5183.57562815966  9.873936685217897E-18
5186.99516617445  9.399357525197235E-18
5190.41528912382  1.001820773739511E-17
5193.83599580093  8.615168797801040E-18
5197.25728500121  8.753956469697634E-18
5200.67915552237  7.344309184189880E-18
5204.1016061644  7.065314398465543E-18
5207.52463572956  8.885418630089461E-18
5210.94824302238  9.353682266133279E-18
5214.37242684964  8.448587030142046E-18
5217.7971860204  9.097926292538012E-18
5221.22251934597  9.664042913505015E-18
5224.64842563993  8.439853657234710E-18
5228.07490371809  1.061392584376293E-17
5231.50195239853  1.224796572276040E-17
5234.92957050158  1.135356841363131E-17
5238.3577568498  9.342361472269882E-18
5241.786510268  8.767841523459951E-18
5245.21582958323  7.092191978109231E-18
5248.64571362477  8.463289338349561E-18
5252.07616122414  8.405446252474956E-18
5255.50717121509  8.869214161889550E-18
5258.93874243359  1.105415467448610E-17
5262.37087371785  8.739970499900589E-18
5265.80356390829  9.056876627459454E-18
5269.23681184755  9.527702041860347E-18
5272.67061638048  9.728770623617901E-18
5276.10497635415  8.675260160580565E-18
5279.53989061784  9.795534852398896E-18
5282.97535802305  1.185751744848128E-17
5286.41137742345  1.189064106893036E-17
5289.84794767495  7.782920876815511E-18
5293.28506763562  9.296083198539378E-18
5296.72273616577  8.830566629309846E-18
5300.16095212786  8.468760310920991E-18
5303.59971438656  9.603398166895690E-18
5307.03902180873  7.916963013537890E-18
5310.4788732634  9.038118652708591E-18
5313.9192676218  9.750190465579962E-18
5317.36020375732  9.743125515968149E-18
5320.80168054553  7.195894784324391E-18
5324.24369686418  8.334444377415852E-18
5327.68625159317  7.765752743201974E-18
5331.1293436146  1.010395327969235E-17
5334.5729718127  9.372652826301573E-18
5338.01713507388  7.396388475556219E-18
5341.46183228669  7.240456658283848E-18
5344.90706234185  7.974763086020644E-18
5348.35282413224  8.458911071367321E-18
5351.79911655285  1.034274543328539E-17
5355.24593850087  6.560232126176378E-18
5358.69328887559  1.011433439637990E-17
5362.14116657845  8.128231559428835E-18
5365.58957051304  9.107134467116951E-18
5369.03849958508  8.625457270259973E-18
5372.48795270241  7.478967570468613E-18
5375.93792877501  9.022804230847782E-18
5379.38842671498  7.937106515814782E-18
5382.83944543655  9.391730919949495E-18
5386.29098385605  1.039257065748252E-17
5389.74304089196  1.042112410504724E-17
5393.19561546483  8.035547626153492E-18
5396.64870649737  9.052487607129247E-18
5400.10231291435  9.563169064984787E-18
5403.5564336427  9.499033616190487E-18
5407.01106761139  1.074981672915437E-17
5410.46621375153  1.008346567028064E-17
5413.92187099632  1.116695812180058E-17
5417.37803828105  1.101593231274125E-17
5420.83471454309  1.114760540418928E-17
5424.29189872192  8.861186374044722E-18
5427.74958975909  1.175364093433749E-17
5431.20778659824  9.476939622029195E-18
5434.66648818507  9.160390836494954E-18
5438.12569346738  1.050506225770605E-17
5441.58540139502  1.088516746560581E-17
5445.04561091994  9.669822424444923E-18
5448.50632099612  9.113986831311342E-18
5451.96753057964  9.435168655456493E-18
5455.42923862862  8.362361723089520E-18
5458.89144410325  9.824405110138219E-18
5462.35414596576  9.522193018980747E-18
5465.81734318045  1.153937137718420E-17
5469.28103471365  1.076597735678182E-17
5472.74521953376  1.015724935373976E-17
5476.20989661121  1.054792592986794E-17
5479.67506491848  1.015099255958641E-17
5483.14072343007  1.141772702348276E-17
5486.60687112253  9.557641844131708E-18
5490.07350697444  1.097548069924558E-17
5493.54062996642  1.087533146094194E-17
5497.00823908109  1.011821635499461E-17
5500.47633330312  8.694932169908300E-18
5503.94491161918  1.095414936560906E-17
5507.41397301797  1.034905103109488E-17
5510.88351649021  1.092245345889725E-17
5514.35354102861  1.231032273323771E-17
5517.82404562791  1.019034485004801E-17
5521.29502928485  1.080218305219327E-17
5524.76649099817  1.005345638483783E-17
5528.23842976862  1.078097331410679E-17
5531.71084459892  1.126748620882476E-17
5535.18373449382  1.080976995277160E-17
5538.65709846004  1.066405629760610E-17
5542.1309355063  9.573716444975449E-18
5545.60524464329  1.039303553298678E-17
5549.0800248837  1.039018175987347E-17
5552.55527524219  1.127454619535290E-17
5556.0309947354  1.022099685482677E-17
5559.50718238193  1.112802107600648E-17
5562.98383720239  1.112145491630403E-17
5566.46095821931  1.055966941302436E-17
5569.93854445721  7.316575472612202E-18
5573.41659494259  8.362987071632609E-18
5576.89510870387  9.406286817188592E-18
5580.37408477145  1.079018645176941E-17
5583.85352217768  1.217013712610590E-17
5587.33341995686  8.355543273300245E-18
5590.81377714524  1.122208805526601E-17
5594.29459278102  1.176905875377486E-17
5597.77586590432  1.111828019711306E-17
5601.25759555722  1.130388877322199E-17
5604.73978078374  1.140460545742584E-17
5608.22242062981  1.143392073833471E-17
5611.70551414331  1.091887011248367E-17
5615.18906037404  9.508427906407252E-18
5618.67305837373  1.149921423998659E-17
5622.15750719602  1.199535799857651E-17
5625.64240589648  1.053875663277779E-17
5629.12775353259  1.238883209953634E-17
5632.61354916374  1.120492323037492E-17
5636.09979185124  8.998601753305093E-18
5639.58648065831  1.304168357081321E-17
5643.07361465005  1.211154709613815E-17
5646.56119289348  1.065850012543158E-17
5650.04921445752  1.127200675087236E-17
5653.53767841298  1.257152238244419E-17
5657.02658383256  1.039347145716959E-17
5660.51592979085  1.143574053568233E-17
5664.00571536433  1.171955943873908E-17
5667.49593963137  1.012931711881507E-17
5670.9866016722  1.099465805456701E-17
5674.47770056895  8.821885368781103E-18
5677.96923540562  1.074370055570515E-17
5681.46120526808  9.156756204883397E-18
5684.95360924405  1.099275471197752E-17
5688.44644642314  1.062581242916532E-17
5691.93971589683  1.070429780722619E-17
5695.43341675844  1.075803973162376E-17
5698.92754810314  1.142250978178454E-17
5702.42210902799  1.030966399904756E-17
5705.91709863188  9.370297015917023E-18
5709.41251601554  1.123199106155949E-17
5712.90836028155  1.097990776988396E-17
5716.40463053436  9.414244294681351E-18
5719.90132588022  1.153643819473209E-17
5723.39844542724  1.085965721551467E-17
5726.89598828536  1.083875684297730E-17
5730.39395356635  1.062171292204951E-17
5733.89234038382  1.007346174795243E-17
5737.39114785318  1.114246034077920E-17
5740.89037509169  1.310136713355074E-17
5744.3900212184  1.145722655209340E-17
5747.89008535421  1.116606807546147E-17
5751.39056662182  1.023027203103533E-17
5754.89146414572  9.492135757062408E-18
5758.39277705224  1.179486761606713E-17
5761.89450446949  9.794448764254614E-18
5765.39664552741  1.072646045737832E-17
5768.89919935771  1.112473220589097E-17
5772.40216509392  1.025075136864092E-17
5775.90554187134  1.030098273851881E-17
5779.40932882707  1.094219246985460E-17
5782.91352510002  9.506211062365609E-18
5786.41812983085  1.107895189488922E-17
5789.92314216201  1.188907521603079E-17
5793.42856123776  1.148411157636260E-17
5796.93438620409  1.165392265713300E-17
5800.44061620879  1.062673969863199E-17
5803.94725040142  1.086783058714731E-17
5807.4542879333  1.024901842525762E-17
5810.96172795751  1.063728956016450E-17
5814.46956962891  1.139024973789498E-17
5817.97781210409  1.265142554807497E-17
5821.48645454142  1.000849994572619E-17
5824.99549610101  1.123884094421204E-17
5828.50493594473  1.075896865545166E-17
5832.01477323619  1.198919550301299E-17
5835.52500714074  1.044374997634240E-17
5839.03563682547  1.077491752484229E-17
5842.54666145922  1.030464549427120E-17
5846.05808021256  1.011577120910390E-17
5849.5698922578  9.581086624233298E-18
5853.08209676895  9.515827864167151E-18
5856.59469292177  1.121043638915759E-17
5860.10767989375  9.116464237245937E-18
5863.62105686409  1.054600769802743E-17
5867.13482301369  1.100361972932340E-17
5870.64897752521  1.071359614449190E-17
5874.16351958297  1.080083309343358E-17
5877.67844837304  8.759611903545660E-18
5881.19376308318  1.107579785521356E-17
5884.70946290284  1.039397851888508E-17
5888.22554702318  1.146590202235785E-17
5891.74201463708  1.126001015044850E-17
5895.25886493908  1.350486252763166E-17
5898.77609712543  9.502941217404190E-18
5902.29371039406  1.168124939584930E-17
5905.8117039446  1.047089638968517E-17
5909.33007697833  1.310770416422351E-17
5912.84882869826  1.006613540926704E-17
5916.36795830904  1.214612820882655E-17
5919.88746501699  1.027233251082242E-17
5923.40734803013  1.098446636223974E-17
5926.92760655813  1.062576693423163E-17
5930.44823981232  1.016187163900270E-17
5933.9692470057  1.122986438020462E-17
5937.49062735295  1.034362389909592E-17
5941.01238007035  1.061583084071364E-17
5944.5345043759  9.099361450900790E-18
5948.0569994892  1.409330640769270E-17
5951.57986463153  1.167893494449537E-17
5955.1030990258  1.013035274894198E-17
5958.62670189656  1.079949057929941E-17
5962.15067247001  1.069724030223989E-17
5965.67500997397  9.544102551865439E-18
5969.19971363791  1.086195677761757E-17
5972.72478269292  1.054284290500380E-17
5976.25021637172  1.044831105024002E-17
5979.77601390865  1.253733004464370E-17
5983.30217453969  8.573785778935626E-18
5986.82869750241  1.041826950475332E-17
5990.35558203602  1.092218627955940E-17
5993.88282738133  9.548508115807896E-18
5997.41043278076  1.076168842530573E-17
6000.93839747834  1.044611323135246E-17
6004.46672071972  1.050926433521782E-17
6007.99540175211  1.126008459670364E-17
6011.52443982435  9.418992311397406E-18
6015.05383418689  1.134731161947796E-17
6018.58358409172  1.138849942371881E-17
6022.11368879247  1.009674357347334E-17
6025.64414754433  9.588326936134974E-18
6029.17495960409  1.180885689458663E-17
6032.7061242301  1.118920349001396E-17
6036.2376406823  1.245792980482535E-17
6039.76950822221  1.109237951777279E-17
6043.30172611291  1.113337128020847E-17
6046.83429361906  9.073520328564633E-18
6050.36721000688  1.105254001793040E-17
6053.90047454415  1.262141295390972E-17
6057.43408650023  1.156834172377765E-17
6060.968045146  1.156013361055928E-17
6064.50234975394  1.047116770492608E-17
6068.03699959804  1.202130996311474E-17
6071.57199395386  1.193224246347749E-17
6075.10733209851  1.128015861580907E-17
6078.64301331063  1.008796387845170E-17
6082.17903687041  1.102262337671620E-17
6085.71540205958  1.159841801085007E-17
6089.25210816137  1.191005747944881E-17
6092.7891544606  1.199197648423239E-17
6096.32654024357  1.069992202178578E-17
6099.86426479812  1.137084242636326E-17
6103.40232741361  9.897283858007206E-18
6106.94072738094  1.162011661267856E-17
6110.4794639925  1.052095984189871E-17
6114.01853654221  1.303708610096864E-17
6117.55794432548  1.055240428570430E-17
6121.09768663926  1.143139535592459E-17
6124.63776278198  1.194728722445860E-17
6128.17817205358  1.211242059886501E-17
6131.7189137555  9.926968888649895E-18
6135.25998719068  1.129790743021262E-17
6138.80139166354  1.202257885817440E-17
6142.34312648  1.358616941876195E-17
6145.88519094747  1.122855412611434E-17
6149.42758437484  1.173917023670148E-17
6152.97030607248  1.000819719762199E-17
6156.51335535224  1.115749600277358E-17
6160.05673152746  1.163797213338113E-17
6163.60043391293  1.130927289182910E-17
6167.14446182492  1.145725881213729E-17
6170.68881458117  1.143991531623389E-17
6174.23349150088  1.184334370868519E-17
6177.77849190471  1.123186202138394E-17
6181.32381511479  1.116872663395021E-17
6184.86946045469  1.114566649283346E-17
6188.41542724944  1.330419761001304E-17
6191.96171482552  1.224150047909269E-17
6195.50832251086  1.148705882088512E-17
6199.05524963482  1.265938385274835E-17
6202.60249552822  1.079633074935945E-17
6206.1500595233  1.014055188589476E-17
6209.69794095374  1.108169151707800E-17
6213.24613915467  9.554012175603824E-18
6216.79465346262  9.398964614406272E-18
6220.34348321558  9.394041235400358E-18
6223.89262775292  9.240818434634096E-18
6227.44208641548  1.098793638490940E-17
6230.99185854547  8.979880174501181E-18
6234.54194348655  1.092432205990101E-17
6238.09234058378  1.119008361018572E-17
6241.64304918362  1.088168255368513E-17
6245.19406863394  1.027246485972043E-17
6248.74539828404  1.339171001009870E-17
6252.29703748457  1.032938729357327E-17
6255.84898558762  1.052936647846409E-17
6259.40124194666  9.897610594349160E-18
6262.95380591654  1.192994703727765E-17
6266.50667685351  1.000489757415852E-17
6270.0598541152  1.358512138092585E-17
6273.61333706064  1.240961583960735E-17
6277.16712505021  1.104141857459463E-17
6280.7212174457  1.003014147209241E-17
6284.27561361024  1.186351698946413E-17
6287.83031290836  1.256353512644938E-17
6291.38531470595  1.056138912151785E-17
6294.94061837024  9.916105525665239E-18
6298.49622326986  1.145690477883511E-17
6302.05212877477  1.108103059976857E-17
6305.60833425632  1.096629237700134E-17
6309.16483908717  1.156688174999649E-17
6312.72164264137  1.106352332210388E-17
6316.27874429429  1.238348520405680E-17
6319.83614342265  1.122325107120726E-17
6323.39383940454  9.385282219894033E-18
6326.95183161934  9.582937854444189E-18
6330.51011944781  9.740978155097959E-18
6334.06870227202  1.093188414506097E-17
6337.62757947537  1.080604929437634E-17
6341.1867504426  1.221358975086392E-17
6344.74621455976  1.065600203998167E-17
6348.30597121424  9.463468158573157E-18
6351.86601979473  1.177466124806368E-17
6355.42635969124  1.065949274216664E-17
6358.9869902951  1.247121846136601E-17
6362.54791099894  1.149157853575211E-17
6366.10912119671  1.140931873255616E-17
6369.67062028366  1.214095253973380E-17
6373.23240765632  1.218744505324296E-17
6376.79448271254  1.306480740483713E-17
6380.35684485147  9.204833596446203E-18
6383.91949347354  1.019574137636430E-17
6387.48242798047  1.227178025259580E-17
6391.04564777527  9.712310556608711E-18
6394.60915226223  1.144673211166194E-17
6398.17294084693  1.240000317370887E-17
6401.73701293621  1.243178676156561E-17
6405.3013679382  1.265106489732790E-17
6408.86600526229  1.067730276793552E-17
6412.43092431917  1.023543363805766E-17
6415.99612452075  1.232685228341836E-17
6419.56160528023  1.172594527306798E-17
6423.12736601208  1.140815737097614E-17
6426.69340613199  1.102058437650625E-17
6430.25972505695  1.088549172040593E-17
6433.82632220516  9.777388164120706E-18
6437.39319699611  1.033116904061271E-17
6440.96034885049  1.052430330593465E-17
6444.52777719028  1.199698009975772E-17
6448.09548143865  1.003697315677149E-17
6451.66346102006  1.113794062591222E-17
6455.23171536016  1.305341795498289E-17
6458.80024388586  1.172945417322643E-17
6462.36904602528  1.075108396985280E-17
6465.93812120777  1.117276575688131E-17
6469.5074688639  1.095719421744387E-17
6473.07708842548  9.300856857854421E-18
6476.64697932552  1.047635991763108E-17
6480.21714099822  1.132666270984680E-17
6483.78757287904  1.169624700753549E-17
6487.35827440462  1.081858025347590E-17
6490.92924501279  1.182169970077712E-17
6494.50048414262  1.085516645196913E-17
6498.07199123434  1.282009511960005E-17
6501.64376572941  1.498789562272390E-17
6505.21580707047  1.086560878002199E-17
6508.78811470134  1.200752747974838E-17
6512.36068806703  1.036292946741229E-17
6515.93352661376  1.009124530394170E-17
6519.5066297889  1.122512628965592E-17
6523.07999704101  9.332867093198997E-18
6526.65362781982  1.022921489421249E-17
6530.22752157626  1.188122030893399E-17
6533.8016777624  1.019634190948901E-17
6537.37609583148  1.246099864489792E-17
6540.95077523791  1.189548090269440E-17
6544.52571543727  9.545315198643443E-18
6548.10091588629  1.076555714903064E-17
6551.67637604286  1.154771762956486E-17
6555.252095366  9.296540629418119E-18
6558.82807331592  1.025130640683194E-17
6562.40430935393  1.027736094176614E-17
6565.98080294253  9.897072926951006E-18
6569.55755354533  9.896371477791559E-18
6573.13456062709  1.021011612104925E-17
6576.7118236537  1.010137578490364E-17
6580.28934209218  1.067935169431282E-17
6583.86711541068  1.069250717477486E-17
6587.44514307849  1.134556047812119E-17
6591.02342456601  8.791503852062641E-18
6594.60195934477  1.146056008996198E-17
6598.18074688739  1.035551792912382E-17
6601.75978666765  1.053610634609517E-17
6605.33907816039  1.125795874252937E-17
6608.91862084161  9.416273368723944E-18
6612.49841418838  9.763021691241885E-18
6616.07845767889  9.477202665463988E-18
6619.65875079242  9.771618579348150E-18
6623.23929300935  9.654744576239306E-18
6626.82008381117  8.851916988100452E-18
6630.40112268043  9.731497838097491E-18
6633.98240910078  9.703613579648328E-18
6637.56394255699  8.817635314793806E-18
6641.14572253486  8.810897101523949E-18
6644.72774852131  1.057595494492430E-17
6648.3100200043  9.626417776162426E-18
6651.8925364729  1.007690695520371E-17
6655.47529741723  9.082773998077264E-18
6659.05830232849  9.851063486919581E-18
6662.64155069892  8.973129553522134E-18
6666.22504202185  8.068045070878865E-18
6669.80877579167  8.285971593520248E-18
6673.3927515038  7.557936849187825E-18
6676.97696865474  8.724549371740762E-18
6680.56142674202  7.630612110626122E-18
6684.14612526424  7.708152848427454E-18
6687.73106372101  9.601452638094965E-18
6691.31624161303  9.739144295679931E-18
6694.901658442  9.426325267527689E-18
6698.48731371067  8.820989532177707E-18
6702.07320692282  9.774779236468715E-18
6705.65933758326  8.059091667928591E-18
6709.24570519783  7.490813624020985E-18
6712.8323092734  7.474107057189250E-18
6716.41914931785  8.717020373805304E-18
6720.00622484008  7.215148240262175E-18
6723.59353535002  8.054181523812475E-18
6727.18108035858  8.820715735394951E-18
6730.76885937772  7.406346902950745E-18
6734.35687192039  8.955427888413501E-18
6737.94511750053  8.307862928431463E-18
6741.53359563309  9.282837555390566E-18
6745.12230583403  9.592237846071125E-18
6748.7112476203  9.666423539307942E-18
6752.30042050983  1.042439312282805E-17
6755.88982402155  1.084220949485410E-17
6759.47945767537  9.925309564341116E-18
6763.0693209922  1.015439392626522E-17
6766.6594134939  1.106457632302366E-17
6770.24973470334  1.099379199646566E-17
6773.84028414435  1.128763384700471E-17
6777.43106134172  1.302503904252741E-17
6781.02206582124  1.293107215212200E-17
6784.61329710964  1.247939348735987E-17
6788.20475473461  1.362409068676383E-17
6791.79643822482  1.287420100346714E-17
6795.38834710989  1.504999868875315E-17
6798.98048092039  1.351741664778838E-17
6802.57283918785  1.480887884891640E-17
6806.16542144473  1.432170090098594E-17
6809.75822722446  1.514179423005061E-17
6813.3512560614  1.551130408148418E-17
6816.94450749084  1.624699851828884E-17
6820.53798104902  1.754131780125262E-17
6824.13167627313  1.607557195378213E-17
6827.72559270125  1.906756198436401E-17
6831.31972987242  1.902391331780081E-17
6834.9140873266  1.628494956479277E-17
6838.50866460466  1.792997026642188E-17
6842.1034612484  1.577825511748974E-17
6845.69847680055  1.719949533928242E-17
6849.29371080471  1.882150883935398E-17
6852.88916280545  1.786676705017793E-17
6856.48483234818  1.748351607440863E-17
6860.08071897929  1.739155840571111E-17
6863.676822246  2.073498273698105E-17
6867.27314169649  1.927470289899831E-17
6870.86967687979  1.850178533462876E-17
6874.46642734585  1.768280373630736E-17
6878.0633926455  1.739946956108957E-17
6881.66057233045  1.773441318908577E-17
6885.25796595332  1.756841458375863E-17
6888.85557306759  1.814262020393578E-17
6892.45339322761  1.781119374790416E-17
6896.05142598864  1.721614483065189E-17
6899.64967090679  1.848188502345196E-17
6903.24812753903  1.695064301507952E-17
6906.84679544321  1.835787410601801E-17
6910.44567417806  1.844881268820087E-17
6914.04476330314  1.899208837091344E-17
6917.64406237888  2.234649766071808E-17
6921.24357096658  2.943814700834548E-17
6924.84328862838  2.849739449768892E-17
6928.44321492726  2.537513344679729E-17
6932.04334942707  1.887297932578948E-17
6935.64369169247  1.719369018574353E-17
6939.24424128901  1.638670766938782E-17
6942.84499778302  1.865003595273296E-17
6946.44596074172  1.986056349400634E-17
6950.04712973311  1.742183156176933E-17
6953.64850432607  1.584268256104027E-17
6957.25008409027  1.663736821040977E-17
6960.85186859621  1.681926191838773E-17
6964.45385741521  1.641543234333934E-17
6968.05605011944  1.541671763279996E-17
6971.65844628182  1.368250618162233E-17
6975.26104547615  1.694161185715167E-17
6978.863847277  1.573096023878641E-17
6982.46685125974  1.446609851179687E-17
6986.07005700056  1.472244840107196E-17
6989.67346407646  1.595498556408414E-17
6993.27707206521  1.468465286452318E-17
6996.88088054539  1.506367529300111E-17
7000.48488909637  1.462272681514501E-17
7004.0890972983  1.380247963048641E-17
7007.69350473213  1.552181589270850E-17
7011.29811097959  1.263866049686206E-17
7014.90291562317  1.543802911410178E-17
7018.50791824617  1.383601766842237E-17
7022.11311843262  1.510275792258301E-17
7025.71851576737  1.286293149480172E-17
7029.324109836  1.394293655285913E-17
7032.92990022486  1.311926235892272E-17
7036.5358865211  1.540822083354782E-17
7040.14206831257  1.430434665173458E-17
7043.74844518792  1.347666311336912E-17
7047.35501673654  1.379735276504980E-17
7050.96178254857  1.349101717853875E-17
7054.56874221489  1.415032893039965E-17
7058.17589532714  1.404795871215132E-17
7061.78324147769  1.311036024117042E-17
7065.39078025965  1.346320653916410E-17
7068.99851126688  1.495405566386435E-17
7072.60643409396  1.321944385727024E-17
7076.21454833619  1.399014375041754E-17
7079.82285358961  1.422175763065483E-17
7083.43134945099  1.515444016725532E-17
7087.04003551782  1.482036838762476E-17
7090.64891138829  1.539001127954308E-17
7094.25797666132  1.382946639797095E-17
7097.86723093655  1.519646259673424E-17
7101.47667381431  1.463754492863829E-17
7105.08630489566  1.511062937329207E-17
7108.69612378234  1.360209760863727E-17
7112.3061300768  1.272498754712993E-17
7115.9163233822  1.170011821280224E-17
7119.52670330238  1.246537525751894E-17
7123.13726944188  1.200649350398270E-17
7126.74802140593  1.298421933365915E-17
7130.35895880043  1.230040401051259E-17
7133.97008123199  1.147623681693109E-17
7137.58138830788  1.325811455090709E-17
7141.19287963605  1.115975751456830E-17
7144.80455482514  1.213351866756879E-17
7148.41641348445  1.191677501320335E-17
7152.02845522395  1.306048290459470E-17
7155.64067965427  1.354214438502004E-17
7159.25308638671  1.205832712270711E-17
7162.86567503324  1.266709648477979E-17
7166.47844520646  1.149793541875958E-17
7170.09139651965  1.262273561570919E-17
7173.70452858673  1.203672447382967E-17
7177.31784102227  1.114723979035854E-17
7180.9313334415  1.111318972762340E-17
7184.54500546025  1.218776848086247E-17
7188.15885669505  9.946418386392855E-18
7191.77288676302  1.074418032046044E-17
7195.38709528193  1.121393619032930E-17
7199.00148187017  1.074857347669370E-17
7202.61604614679  1.016305119855620E-17
7206.23078773144  1.098533490188292E-17
7209.84570624438  1.212553141157397E-17
7213.46080130652  1.048517600859967E-17
7217.07607253937  1.199430251611489E-17
7220.69151956505  9.899915119535737E-18
7224.3071420063  1.280457969285040E-17
7227.92293948646  1.149570120392508E-17
7231.53891162948  1.184429827511207E-17
7235.15505805992  1.090033547649819E-17
7238.77137840292  1.014326255676210E-17
7242.38787228422  1.070124054768220E-17
7246.00453933017  1.122881634236851E-17
7249.62137916769  1.511585053731850E-17
7253.23839142431  1.082013369866628E-17
7256.85557572811  1.178766535447363E-17
7260.47293170779  1.033521891689177E-17
7264.0904589926  9.394026346149331E-18
7267.70815721238  1.112906745948136E-17
7271.32602599755  1.006342391121910E-17
7274.94406497906  1.244246731763489E-17
7278.56227378849  1.120167241056759E-17
7282.18065205792  1.177623950867243E-17
7285.79919942004  1.255671419511827E-17
7289.41791550808  1.264632267087614E-17
7293.03679995581  1.094296671090795E-17
7296.65585239758  1.194981922431362E-17
7300.27507246827  1.067241247615411E-17
7303.89445980331  1.197988310367686E-17
7307.51401403868  1.049556126119027E-17
7311.1337348109  1.096837190906130E-17
7314.75362175703  1.037186880829215E-17
7318.37367451464  1.157467875445041E-17
7321.99389272187  1.156495111044679E-17
7325.61427601736  1.086763702688397E-17
7329.23482404029  1.152403627580808E-17
7332.85553643037  1.141574509873509E-17
7336.4764128278  1.141562763908810E-17
7340.09745287334  1.062895240677057E-17
7343.71865620822  1.242412789627398E-17
7347.34002247423  9.994043310160595E-18
7350.96155131362  1.141728613621627E-17
7354.58324236918  1.138507076007978E-17
7358.20509528418  1.088996594033923E-17
7361.82710970242  1.199451923743537E-17
7365.44928526816  5.935918386032593E-18
7369.07162162618  1.185410698281573E-17
7372.69411842174  1.161595672137804E-17
7376.31677530059  1.151198839018624E-17
7379.93959190898  1.067657567617709E-17
7383.56256789362  9.355775860263653E-18
7387.1857029017  1.185275536969482E-17
7390.80899658091  1.160838057414766E-17
7394.4324485794  1.173689549001696E-17
7398.05605854578  1.193824117727972E-17
7401.67982612914  1.073240457726013E-17
7405.30375097903  1.355875582608133E-17
7408.92783274547  1.037965505939812E-17
7412.55207107894  9.167405328089405E-18
7416.17646563036  9.952530423939009E-18
7419.80101605112  1.030306723366245E-17
7423.42572199305  7.759404132000629E-18
7427.05058310844  1.195453994406947E-17
7430.67559905  1.144040500715652E-17
7434.3007694709  8.331116629811553E-18
7437.92609402477  1.193423431439251E-17
7441.55157236562  1.191253736692525E-17
7445.17720414795  1.225054652627157E-17
7448.80298902665  1.197245336741491E-17
7452.42892665706  1.052655241002018E-17
7456.05501669494  1.217425731273702E-17
7459.68125879646  1.283476268622184E-17
7463.30765261821  1.117894479605708E-17
7466.93419781721  1.151402160013190E-17
7470.56089405089  9.271356288488330E-18
7474.18774097708  1.084609145346881E-17
7477.81473825401  7.882964236000739E-18
7481.44188554033  9.097565641790939E-18
7485.06918249509  1.191378640965020E-17
7488.69662877774  1.127247824382151E-17
7492.32422404809  1.180722900314112E-17
7495.9519679664  1.059872309128482E-17
7499.57986019327  1.011055418098053E-17
7503.20790038972  9.117249231647249E-18
7506.83608821712  1.137103102354292E-17
7510.46442333726  1.005339600065311E-17
7514.09290541228  9.775367361884239E-18
7517.72153410469  1.286658018848370E-17
7521.3503090774  1.107719248172632E-17
7524.97922999366  9.451838826341274E-18
7528.60829651711  1.164009302447172E-17
7532.23750831173  1.314469402685566E-17
7535.86686504188  9.913520586251006E-18
7539.49636637227  1.002913644764816E-17
7543.12601196795  1.177848530403552E-17
7546.75580149434  1.229712920246749E-17
7550.38573461721  1.007236738800202E-17
7554.01581100266  1.133737883468243E-17
7557.64603031714  1.097295697119668E-17
7561.27639222744  9.682741331251776E-18
7564.9068964007  9.969289103149336E-18
7568.53754250436  8.326693695076235E-18
7572.16833020623  1.026340226892930E-17
7575.79925917442  1.246026328133336E-17
7579.43032907738  1.033816698859491E-17
7583.06153958388  1.130613374140446E-17
7586.69289036299  1.115012995941880E-17
7590.32438108413  1.042757694100576E-17
7593.95601141702  1.196550505026947E-17
7597.58778103167  9.468135111589182E-18
7601.21968959842  1.270180994636619E-17
7604.85173678792  1.524038092417713E-17
7608.4839222711  1.013971560629547E-17
7612.1162457192  1.265170017203834E-17
7615.74870680376  1.034468269027999E-17
7619.38130519661  1.029760287853592E-17
7623.01404056987  1.261542830217790E-17
7626.64691259595  1.339790311134488E-17
7630.27992094753  8.038553600499511E-18
7633.91306529759  7.411557313629217E-18
7637.54634531938  1.282982441796490E-17
7641.17976068642  1.096497798700799E-17
7644.81331107252  1.303324301984272E-17
7648.44699615175  1.217765702505462E-17
7652.08081559843  1.200656133279292E-17
7655.71476908717  1.024234142335309E-17
7659.34885629284  1.261980160607646E-17
7662.98307689054  1.167993583303656E-17
7666.61743055566  1.024357392246579E-17
7670.25191696381  1.089516311612790E-17
7673.88653579089  1.165219963991705E-17
7677.521286713  1.186100980502748E-17
7681.15616940651  1.200782526476891E-17
7684.79118354803  9.472032786635530E-18
7688.42632881441  9.500680532790079E-18
7692.06160488273  9.190571348324565E-18
7695.69701143029  1.035887876395262E-17
7699.33254813463  9.574194555369507E-18
7702.96821467353  1.117405202273383E-17
7706.60401072496  1.219114172340046E-17
7710.23993596715  1.247980294176309E-17
7713.8759900785  1.023790773526981E-17
7717.51217273768  5.387682514776842E-18
7721.14848362353  9.866001541601676E-18
7724.78492241511  1.024508269990309E-17
7728.42148879169  1.230824402835836E-17
7732.05818243273  1.104160882613552E-17
7735.69500301792  1.228976894937699E-17
7739.3319502271  1.030489447563557E-17
7742.96902374036  9.894040482825385E-18
7746.60622323793  7.059840117171669E-18
7750.24354840026  9.233491268768101E-18
7753.88099890796  8.845793370025722E-18
7757.51857444186  1.059380550254320E-17
7761.15627468294  1.355232863272179E-17
7764.79409931236  9.730062679734709E-18
7768.43204801145  9.200002861668894E-18
7772.07012046173  1.127963170175887E-17
7775.70831634487  1.278900801781908E-17
7779.34663534271  1.144604141585045E-17
7782.98507713726  1.518638091942845E-17
7786.62364141067  1.148420091186875E-17
7790.26232784527  8.936583059698316E-18
7793.90113612352  9.446149478088138E-18
7797.54006592805  1.280295759166918E-17
7801.17911694163  1.046012318938728E-17
7804.81828884717  1.304059417394647E-17
7808.45758132772  1.195480381468487E-17
7812.09699406648  1.084361404753421E-17
7815.73652674677  1.186189902418598E-17
7819.37617905207  8.376646305087698E-18
7823.01595066596  1.238000939112285E-17
7826.65584127216  9.136785583354527E-18
7830.29585055452  9.531359007348447E-18
7833.93597819699  1.141422308640799E-17
7837.57622388367  1.028250269645377E-17
7841.21658729875  9.100020713848994E-18
7844.85706812654  1.154562982569877E-17
7848.49766605146  8.749842900511408E-18
7852.13838075804  1.545798401919901E-17
7855.77921193091  1.272118996093770E-17
7859.4201592548  1.247223093043578E-17
7863.06122241454  1.233816976855931E-17
7866.70240109506  1.125452097990360E-17
7870.34369498136  9.692039668517484E-18
7873.98510375857  9.188063336707303E-18
7877.62662711186  9.815206861726631E-18
7881.26826472651  9.372847213745522E-18
7884.91001628789  1.027422427288333E-17
7888.55188148141  1.367628578341593E-17
7892.1938599926  8.340208999104737E-18
7895.83595150702  8.628160496501797E-18
7899.47815571034  1.101043652475145E-17
7903.12047228825  1.182731212123329E-17
7906.76290092654  7.195166865385344E-18
7910.40544131104  1.252939986411115E-17
7914.04809312766  1.235730162894705E-17
7917.69085606233  1.295565347838524E-17
7921.33372980105  1.074252844077717E-17
7924.97671402988  6.796634141389439E-18
7928.61980843491  7.266561651235408E-18
7932.26301270228  9.642661121851133E-18
7935.90632651815  1.152461364787564E-17
7939.54974956874  9.541209901263341E-18
7943.1932815403  9.942658850508800E-18
7946.8369221191  8.915829925309974E-18
7950.48067099145  1.014934564298682E-17
7954.12452784368  1.306146890388486E-17
7957.76849236214  1.070593231611659E-17
7961.41256423321  1.438525980489329E-17
7965.05674314326  1.343142626002982E-17
7968.70102877871  9.151887419797908E-18
7972.34542082596  1.147106445656079E-17
7975.98991897142  1.062137956826265E-17
7979.63452290154  1.058215052771232E-17
7983.27923230272  1.139177175022208E-17
7986.9240468614  8.786563102263864E-18
7990.568966264  1.270810644518895E-17
7994.21399019693  1.098618441637202E-17
7997.85911834659  1.062599440890008E-17
8001.50435039937  8.189760562112978E-18
8005.14968604165  9.534718187816025E-18
8008.79512495979  9.332407180778419E-18
8012.44066684011  6.543435396657875E-18
8016.08631136894  8.221693869660589E-18
8019.73205823255  8.190499234399990E-18
8023.37790711719  1.029348434626602E-17
8027.02385770909  9.298681372843407E-18
8030.66990969442  1.006805529546878E-17
8034.31606275934  1.041322122147491E-17
8037.96231658994  1.037387472127760E-17
8041.60867087229  7.300600133441967E-18
8045.25512529239  9.418223860608344E-18
8048.9016795362  1.022850517324692E-17
8052.54833328963  7.402901695699460E-18
8056.19508623852  6.701266007026362E-18
8059.84193806867  9.183510534615811E-18
8063.4888884658  1.031713261279829E-17
8067.13593711558  9.381011486391422E-18
8070.78308370359  9.163128804322504E-18
8074.43032791537  9.723862961043625E-18
8078.07766943635  9.391460431889193E-18
8081.72510795192  1.135741066757663E-17
8085.37264314736  7.870240543818446E-18
8089.02027470789  7.862649507337047E-18
8092.66800231862  7.312116141929930E-18
8096.31582566459  9.140894189457078E-18
8099.96374443075  1.225579333289699E-17
8103.61175830195  7.758322179759407E-18
8107.25986696293  1.107461912284067E-17
8110.90807009836  9.353578041376099E-18
8114.55636739277  9.500454712482852E-18
8118.20475853061  8.550154883196208E-18
8121.85324319621  8.206004734982297E-18
8125.5018210738  9.673823497067843E-18
8129.15049184748  9.484501707189158E-18
8132.79925520125  9.604461093982820E-18
8136.44811081897  1.040540684622812E-17
8140.09705838439  1.069977395645614E-17
8143.74609758112  9.299224003325241E-18
8147.39522809265  1.058181469238363E-17
8151.04444960235  8.945944262690581E-18
8154.69376179344  1.121596112846883E-17
8158.34316434899  9.677464746124300E-18
8161.99265695195  8.958364379588065E-18
8165.64223928513  9.819768762804860E-18
8169.29191103117  9.546682528195994E-18
8172.94167187257  1.133537953914188E-17
8176.59152149169  8.204801187191030E-18
8180.24145957072  9.121066670174183E-18
8183.8914857917  1.022743066563121E-17
8187.5415998365  1.039663459583199E-17
8191.19180138683  7.856133805651968E-18
8194.84209012424  1.109240350601056E-17
8198.49246573009  1.151170053133308E-17
8202.14292788559  1.052628771222417E-17
8205.79347627176  1.104767123284492E-17
8209.44411056945  1.040878091594672E-17
8213.09483045932  1.030173216415378E-17
8216.74563562184  1.022478865075471E-17
8220.39652573732  1.001185168156825E-17
8224.04750048584  1.018884930750051E-17
8227.69855954732  9.191578854310654E-18
8231.34970260148  9.795995592000085E-18
8235.00092932781  9.770879079880527E-18
8238.65223940563  9.367127259809716E-18
8242.30363251404  1.009994476244392E-17
8245.95510833195  1.012883156379550E-17
8249.60666653802  1.073400269020358E-17
8253.25830681075  1.087035017929315E-17
8256.91002882838  9.193411886548069E-18
8260.56183226894  1.032165563638774E-17
8264.21371681025  1.068198791892502E-17
8267.8656821299  9.386853863057883E-18
8271.51772790524  1.055987868971933E-17
8275.1698538134  8.735067800409986E-18
8278.82205953129  8.832550208418748E-18
8282.47434473554  6.429817176440042E-18
8286.12670910258  9.970683729662098E-18
8289.77915230859  1.639171211209377E-17
8293.43167402948  1.048787758048027E-17
8297.08427394094  1.057458844255236E-17
8300.73695171839  1.051048608098257E-17
8304.38970703701  9.754247786484537E-18
8308.04253957171  9.230462133364930E-18
8311.69544899714  1.018289526145135E-17
8315.3484349877  6.907555339220044E-18
8319.00149721751  9.061398823868284E-18
8322.65463536043  9.155705685505452E-18
8326.30784909003  1.212402677003974E-17
8329.96113807964  9.933654989541162E-18
8333.61450200227  8.757785488753142E-18
8337.26794053068  8.618579263466596E-18
8340.92145333734  1.681391171418573E-17
8344.57504009442  1.338601239003943E-17
8348.2287004738  1.228255097135185E-17
8351.88243414711  1.422975315845577E-17
8355.53624078562  1.101503730331847E-17
8359.19012006035  7.341071599272348E-18
8362.844071642  9.448767504726866E-18
8366.49809520096  1.039797049252127E-17
8370.15219040733  9.617357666913136E-18
8373.80635693089  9.304896807966130E-18
8377.4605944411  1.019725098098221E-17
8381.11490260713  8.802532651169812E-18
8384.7692810978  9.616684341894515E-18
8388.42372958162  9.381865136783575E-18
8392.07824772679  9.477600539338626E-18
8395.73283520116  8.044368680205757E-18
8399.38749167227  1.031530123492210E-17
8403.0422168073  1.227395242888436E-17
8406.69701027313  7.420278278827363E-18
8410.35187173627  8.812667268034811E-18
8414.0068008629  9.095553938541209E-18
8417.66179731885  1.227287874844927E-17
8421.31686076962  6.932489871604841E-18
8424.97199088034  1.182697628590460E-17
8428.62718731579  8.927997752120630E-18
8432.2824497404  5.992756033872643E-18
8435.93777781822  1.026375961095392E-17
8439.59317121298  9.349584413378693E-18
8443.248629588  8.115291973106668E-18
8446.90415260626  9.430744066359947E-18
8450.55973993035  6.804181337298373E-18
8454.2153912225  1.190856028254009E-17
8457.87110614456  6.604078488905975E-18
8461.526884358  1.452197290781360E-17
8465.18272552389  1.575504112077905E-17
8468.83862930295  1.689769518407000E-17
8472.49459535549  1.020053571519466E-17
8476.15062334141  1.006969973052653E-17
8479.80671292026  9.618315542062472E-18
8483.46286375114  7.730067344395823E-18
8487.11907549281  1.023837261077406E-17
8490.77534780357  1.030781359601727E-17
8494.43168034135  8.672998648785846E-18
8498.08807276365  7.488389157645592E-18
8501.74452472757  8.717437272834033E-18
8505.40103588981  1.253204684207132E-17
8509.05760590661  1.253625801856983E-17
8512.71423443382  8.974075848142899E-18
8516.37092112688  9.726623262747715E-18
8520.02766564076  9.382549215150158E-18
8523.68446763003  9.452768577349784E-18
8527.34132674884  8.924042174431400E-18
8530.99824265086  9.795407466584562E-18
8534.65521498937  9.462243104085967E-18
8538.31224341718  9.816006745378969E-18
8541.96932758667  6.785242209993358E-18
8545.62646714975  1.090012868134506E-17
8549.28366175792  1.001150178416914E-17
8552.94091106219  1.075310725363111E-17
8556.59821471313  9.195113397068091E-18
8560.25557236086  9.320424642424974E-18
8563.91298365502  8.507541846759925E-18
8567.5704482448  8.332091875753754E-18
8571.22796577891  9.103431179514551E-18
8574.88553590561  8.157877712582735E-18
8578.54315827266  9.746018166570246E-18
8582.20083252736  9.467104444545942E-18
8585.85855831654  9.018846998797327E-18
8589.51633528654  9.570430056401777E-18
8593.17416308319  9.466460898029374E-18
8596.83204135187  1.036229253834063E-17
8600.48996973746  8.275139663398865E-18
8604.14794788433  1.107229474531939E-17
8607.80597543637  1.058495384280826E-17
8611.46405203697  8.593529752976653E-18
8615.122177329  8.300249558073524E-18
8618.78035095485  9.491353244202931E-18
8622.43857255638  5.407146488180520E-18
8626.09684177495  8.605091256398303E-18
8629.75515825142  5.552127674913608E-18
8633.4135216261  1.228417886279736E-17
8637.0719315388  7.169267840406307E-18
8640.73038762882  8.108015265258039E-18
8644.38888953491  9.092347786486953E-18
8648.04743689529  7.065511267451334E-18
8651.70602934769  9.712270024758694E-18
8655.36466652925  1.002093329751347E-17
8659.02334807661  9.114885149456574E-18
8662.68207362586  1.056777909174983E-17
8666.34084281255  8.811093970509736E-18
8669.99965527166  7.812680353713331E-18
8673.65851063766  1.331021948487242E-17
8677.31740854445  8.092725658815608E-18
8680.97634862536  7.314640697159441E-18
8684.63533051319  9.760039705133632E-18
8688.29435384016  1.048245872028743E-17
8691.95341823794  7.469296174746641E-18
8695.61252333762  9.814287036885470E-18
8699.27166876973  8.194127248566648E-18
8702.93085416423  9.303393820793120E-18
8706.59007915049  9.766629853073844E-18
8710.24934335732  7.413492089081977E-18
8713.90864641294  6.817893923902972E-18
8717.56798794499  8.232323140531896E-18
8721.22736758052  7.266781681278347E-18
8724.886784946  6.854013592530712E-18
8728.54623966727  7.164945821705720E-18
8732.20573136964  7.032078281453163E-18
8735.86525967776  7.035152084609411E-18
8739.52482421571  6.545768459575582E-18
8743.18442460697  8.613143859661509E-18
8746.84406047439  5.928237600454733E-18
8750.50373144022  6.905369100861067E-18
8754.16343712612  7.297439476321400E-18
8757.82317715309  1.513066699645055E-17
8761.48295114155  3.827902361681018E-18
8765.14275871128  -1.828076908560434E-19
8768.80259948144  5.784805723008955E-18
8772.46247307055  8.763205176126589E-18
8776.12237909653  4.147303265967344E-18
8779.78231717663  7.862059727560297E-18
8783.44228692749  8.389446925066955E-18
8787.10228796509  6.069417478682833E-18
8790.7623199048  8.512452818056653E-18
8794.42238236132  4.101195805033333E-18
8798.0824749487  6.233721604525159E-18
8801.74259728035  5.905227090174731E-18
8805.40274896902  6.889490541822500E-18
8809.0629296268  8.653866788398106E-18
8812.72313886515  9.191705412944372E-18
8816.38337629481  7.885898245633461E-18
8820.04364152592  5.092726451952682E-18
8823.70393416791  1.166301089052312E-17
8827.36425382954  8.628975269405161E-18
8831.02460011891  1.270364628732606E-17
8834.68497264344  6.317222592230244E-18
8838.34537100988  1.117423565682982E-17
8842.00579482426  9.106437981041182E-18
8845.66624369197  9.836791312630591E-18
8849.32671721768  8.074261333182201E-18
8852.98721500538  7.132314373721115E-18
8856.64773665838  1.066882995692114E-17
8860.30828177925  8.914289715009402E-18
8863.96884996992  9.781170861061911E-18
8867.62944083155  5.419167904022755E-18
8871.29005396465  8.529307450218032E-18
8874.95068896899  6.872885304615802E-18
8878.61134544364  6.356153847760051E-18
8882.27202298694  8.641341619562828E-18
8885.93272119655  1.136150769315060E-17
8889.59343966936  1.056604945708898E-17
8893.25417800157  4.086785077991740E-18
8896.91493578864  1.041148579654977E-17
8900.5757126253  4.192476426399477E-18
8904.23650810556  4.129517228436229E-18
8907.89732182267  8.482136648606585E-18
8911.55815336917  1.184981308825596E-17
8915.21900233685  8.862741473596322E-18
8918.87986831675  1.104321521088509E-17
8922.54075089916  1.207424786795691E-17
8926.20164967363  7.071616687552585E-18
8929.86256422894  5.492257582947939E-18
8933.52349415315  7.451336429286889E-18
8937.18443903352  8.546683206165322E-18
8940.84539845658  8.632001096085877E-18
8944.50637200808  5.329089589676954E-18
8948.167359273  8.350782848874999E-18
8951.82835983555  8.095094704089961E-18
8955.48937327919  4.657365579134387E-18
8959.15039918657  1.174800121692110E-17
8962.81143713959  1.093579009191345E-17
8966.47248671934  7.375348309495320E-18
8970.13354750615  5.339745743918168E-18
8973.79461907955  5.596341719425486E-18
8977.45570101828  8.322891145800326E-18
8981.1167929003  7.764882549197569E-18
8984.77789430275  7.623002048990635E-18
8988.43900480198  6.086574858948408E-18
8992.10012397355  7.416114251623771E-18
8995.7612513922  5.556330993196296E-18
8999.42238663187  5.813798817069246E-18
9003.08352926567  1.254100768964711E-17
9006.74467886594  1.055179796231530E-17
9010.40583500415  4.848586989289802E-18
9014.066997251  5.649661781710655E-18
9017.72816517631  7.914832196279953E-18
9021.38933834913  6.819255049600927E-18
9025.05051633766  8.183756058046455E-18
9028.71169870926  9.170483267148712E-18
9032.37288503046  8.787085053230384E-18
9036.03407486697  8.104069613736161E-18
9039.69526778362  1.012766275758996E-17
9043.35646334444  9.086517817529680E-18
9047.0176611126  1.103054776698446E-17
9050.6788606504  5.992506225327653E-18
9054.34006151932  9.655431963328338E-18
9058.00126327997  1.006274148721374E-17
9061.6624654921  7.942033203543147E-18
9065.3236677146  9.140350731794631E-18
9068.98486950549  7.928829746605579E-18
9072.64607042196  8.464233978609099E-18
9076.30727002028  6.353758746296405E-18
9079.96846785589  8.481320221341995E-18
9083.62966348331  7.413411852562559E-18
9087.29085645623  8.093225275905592E-18
9090.95204632743  8.087095867566574E-18
9094.61323264882  8.173628885806971E-18
9098.2744149714  6.898733044396859E-18
9101.93559284531  9.084921358947452E-18
9105.59676581979  9.731146286337155E-18
9109.25793344316  1.065349485554502E-17
9112.91909526288  9.384263960559980E-18
9116.58025082547  8.256744820936912E-18
9120.24139967658  8.599702174707521E-18
9123.90254136092  9.770425784904846E-18
9127.56367542233  8.446977336670020E-18
9131.22480140371  8.188504074762512E-18
9134.88591884703  6.623920897439898E-18
9138.54702729337  7.664184062967200E-18
9142.20812628289  6.559481459770486E-18
9145.8692153548  1.198061846724143E-17
9149.5302940474  8.720680648015852E-18
9153.19136189805  8.247394371292610E-18
9156.85241844319  8.242207121671292E-18
9160.51346321831  6.780538033849770E-18
9164.17449575797  7.073830222871778E-18
9167.83551559578  9.472245372052956E-18
9171.49652226441  8.819833960861970E-18
9175.15751529559  7.000663616149626E-18
9178.81849422008  7.130990057560417E-18
9182.4794585677  9.339066811890083E-18
9186.14040786731  8.850605079648943E-18
9189.80134164681  8.906794631479058E-18
9193.46225943314  1.158911553768130E-17
9197.12316075228  9.355722093523837E-18
9200.78404512921  9.381989213875458E-18
9204.44491208799  8.507383855262929E-18
9208.10576115166  9.245937855445184E-18
9211.76659184231  6.701850823719437E-18
9215.42740368104  8.261211596244697E-18
9219.08819618797  1.074387922671746E-17
9222.74896888223  1.276189386452021E-17
9226.40972128196  1.085756444856492E-17
9230.07045290433  1.166246577849944E-17
9233.73116326547  1.013453414693844E-17
9237.39185188057  8.845370680732710E-18
9241.05251826377  1.197063108852546E-17
9244.71316192823  8.180333184671713E-18
9248.37378238611  1.082078138108591E-17
9252.03437914854  1.122379701041154E-17
9255.69495172566  1.124375191550877E-17
9259.35549962657  7.593404699492875E-18
9263.01602235938  9.506784298530108E-18
9266.67651943116  9.000545627744592E-18
9270.33699034796  1.041145188214465E-17
9273.99743461481  1.032411567152947E-17
9277.65785173571  8.378703503271118E-18
9281.31824121361  8.346761096736766E-18
9284.97860255045  6.894143432768109E-18
9288.63893524711  7.099194061994493E-18
9292.29923880345  5.268971757117824E-18
9295.95951271826  5.528481889923168E-18
9299.61975648932  6.779209581786011E-18
9303.27996961331  4.110132250781049E-18
9306.94015158591  8.431096813077495E-19
9310.6003019017  3.382475527988564E-18
9314.26042005423  9.550447854344334E-18
9317.92050553598  1.751344346897080E-17
9321.58055783836  5.336334037481693E-18
9325.24057645172  9.892022162130754E-18
9328.90056086533  3.860037501298092E-18
9332.56051056741  6.230991081323122E-18
9336.22042504506  1.085330446841027E-17
9339.88030378436  4.155041540597777E-18
9343.54014627025  4.657590985851307E-18
9347.19995198663  5.258120801842355E-18
9350.85972041628  5.230441270594799E-18
9354.51945104091  4.598648576942616E-18
9358.17914334113  7.706405842973742E-18
9361.83879679645  8.739470055629993E-18
9365.49841088529  7.162995329821320E-18
9369.15798508495  3.601029880714874E-18
9372.81751887164  2.035533330559881E-17
9376.47701172046  -9.863596927560982E-18
9380.1364631054  9.787809812658261E-18
9383.79587249932  2.180830665723087E-18
9387.45523937399  6.984243253809835E-18
9391.11456320003  7.427765917732193E-18
9394.77384344697  8.172718987133162E-18
9398.43307958319  6.545973186777189E-18
9402.09227107594  1.057414920964710E-17
9405.75141739137  7.748321566153642E-18
9409.41051799445  6.143344677978229E-18
9413.06957234904  5.049481863118716E-18
9416.72857991787  6.849844602243444E-18
9420.38754016249  7.425262869198606E-18
9424.04645254334  6.095300787230230E-18
9427.7053165197  3.634696958826395E-18
9431.36413154969  6.441278591007577E-18
9435.02289709028  1.179994898657004E-17
9438.68161259728  4.609103312704673E-18
9442.34027752535  7.727658594452067E-18
9445.99889132798  8.322004408183669E-18
9449.65745345748  8.474676306661971E-18
9453.31596336501  8.136906202512678E-18
9456.97442050055  4.778269606187588E-18
9460.6328243129  5.636087334268353E-18
9464.2911742497  2.215674408255964E-18
9467.94946975739  9.405270212215764E-18
9471.60771028123  1.022757873096086E-17
9475.2658952653  5.206015040696414E-18
9478.92402415248  3.321172552406799E-18
9482.58209638447  1.085429543078411E-17
9486.24011140176  4.308630782375399E-18
9489.89806864365  6.650194221646115E-18
9493.55596754825  5.707156624547378E-18
9497.21380755243  5.251440077625070E-18
9500.8715880919  1.096577290757665E-17
9504.52930860113  1.209087833417229E-17
9508.18696851337  1.060950787211129E-17
9511.84456726068  8.419671277469030E-18
9515.50210427388  8.390724919113349E-18
9519.15957898259  1.049785255148705E-17
9522.81699081517  1.721960906305727E-17
9526.47433919879  7.721118077348611E-18
9530.13162355937  8.186878664858843E-18
9533.78884332161  8.946329728856030E-18
9537.44599790894  1.127929338488834E-17
9541.10308674359  1.316980309434971E-17
9544.76010924653  1.333268984621243E-17
9548.41706483749  2.570784037841714E-17
9552.07395293494  1.273551838350834E-17
9555.73077295611  8.344342627420818E-19
9559.38752431698  1.345743778157216E-17
9563.04420643227  6.597527218454555E-18
9566.70081871543  1.645849371166762E-17
9570.35736057867  8.273060958519518E-18
9574.0138314329  -4.821955909468656E-18
9577.67023068778  1.069056909059965E-17
9581.32655775172  1.251608970087456E-17
9584.98281203182  1.366157520340228E-17
9588.63899293394  8.847360877286511E-18
9592.29509986261  1.399599522607073E-17
9595.95113222111  1.526877307152241E-17
9599.60708941145  1.219524619359995E-17
9603.26297083432  7.856979184237998E-18
9606.91877588912  9.070635122588047E-19
9610.57450397398  9.506618862407599E-18
9614.23015448571  8.318294503136369E-18
9617.88572681983  5.901728116183634E-18
9621.54122037054  1.217833448597630E-17
9625.19663453076  1.313922057274240E-17
9628.85196869209  6.123273140414630E-18
9632.50722224481  6.970447535553675E-18
9636.16239457789  7.822048174150495E-18
9639.81748507898  8.678004745853016E-18
9643.47249313442  8.046993324289388E-18
9647.12741812921  1.285251977243152E-17
9650.78225944704  1.243960113681240E-17
9654.43701647025  1.469278570430581E-17
9658.09168857988  8.723547656018959E-18
9661.74627515559  8.071645788085307E-18
9665.40077557574  1.344067331209755E-17
9669.05518921733  2.371995000416235E-17
9672.70951545602  1.077707233033799E-17
9676.36375366612  1.041693939832833E-17
9680.0179032206  9.088062163733315E-18
9683.67196349107  2.044319477590296E-17
9687.32593384778  1.477076732937363E-17
9690.97981365963  1.941857442293965E-17
9694.63360229416  1.346091607604794E-17
9698.28729911752  5.381795883947607E-18
9701.94090349453  1.062387682653195E-17
9705.59441478861  1.353856269296769E-17
9709.24783236183  7.262845955923820E-18
9712.90115557486  9.217850110565334E-18
9716.55438378702  1.729246547704971E-17
