3614.42037301174  -3.610859441310898E-13
3617.36359256719  4.653430960878391E-13
3620.30828993433  -6.468198372744371E-14
3623.25446254739  -1.829851239065414E-13
3626.2021078441  -1.230283236397511E-13
3629.15122326561  5.796721067562183E-13
3632.10180625656  -2.744437706606040E-13
3635.05385426503  -1.971010838265966E-13
3638.00736474257  7.029088682636297E-14
3640.96233514415  2.717926286864656E-14
3643.91876292821  5.442097239429649E-14
3646.87664555664  6.292068374571385E-14
3649.83598049475  -5.100898900451755E-15
3652.79676521132  3.015313964228189E-14
3655.75899717853  7.501439824397857E-15
3658.72267387203  -3.465723733930663E-14
3661.68779277088  -1.177068577833508E-14
3664.65435135757  5.496448463742938E-15
3667.62234711803  -4.317408247318105E-14
3670.59177754161  1.880896798717429E-15
3673.56264012106  -1.034649728631591E-14
3676.53493235258  -1.498076023041112E-14
3679.50865173577  9.165922246190655E-15
3682.48379577364  9.093424113900008E-17
3685.46036197261  -7.279844993967818E-15
3688.43834784252  -8.214764385763329E-15
3691.41775089661  -3.024391277510734E-15
3694.39856865151  2.053153018761089E-15
3697.38079862727  7.527519121810870E-15
3700.36443834732  -6.998648690204229E-15
3703.3494853385  -7.381926863672063E-15
3706.33593713102  4.907007976627563E-15
3709.3237912585  6.626557916145493E-16
3712.31304525794  1.502889605401239E-15
3715.30369666973  -1.456633294970360E-16
3718.29574303762  -9.516189507530958E-17
3721.28918190876  -2.153025826538896E-15
3724.28401083368  -2.469531333983491E-15
3727.28022736624  3.883820128431628E-15
3730.27782906374  2.279681604350648E-15
3733.27681348678  -5.569849374336679E-16
3736.27717819938  -1.870712498076117E-15
3739.27892076888  2.326970236185994E-16
3742.282038766  -1.000030814450950E-15
3745.28652976482  -2.036935170087587E-16
3748.29239134277  5.194522722661194E-16
3751.29962108063  -4.176383826105606E-16
3754.30821656254  -9.116080425441710E-18
3757.31817537595  2.179974417983808E-16
3760.32949511172  -7.835758328844089E-16
3763.34217336398  -2.641676857408857E-16
3766.35620773024  -5.519455281488681E-17
3769.37159581135  -3.532233533866635E-16
3772.38833521146  4.814401335108659E-16
3775.40642353809  4.380341154172764E-16
3778.42585840206  2.130365551147696E-16
3781.44663741752  6.552004193710537E-16
3784.46875820195  2.969253813393004E-17
3787.49221837615  7.466293012814707E-17
3790.51701556423  -5.892737275038834E-16
3793.54314739362  -3.843248216405102E-17
3796.57061149506  3.995950720566066E-17
3799.5994055026  -2.056457161939430E-16
3802.6295270536  -6.010146761789019E-17
3805.66097378872  -3.156299202225944E-17
3808.69374335191  -3.142937456006355E-16
3811.72783339044  3.158340353105480E-17
3814.76324155487  -1.316505987528121E-16
3817.79996549904  9.013752724276859E-17
3820.83800288009  1.697152138461261E-16
3823.87735135847  1.113956851735772E-16
3826.91800859786  2.294194031594193E-16
3829.95997226528  -1.533955491653857E-16
3833.003240031  -1.801870358509167E-17
3836.04780956857  -2.850789969146834E-17
3839.09367855482  -1.024771627753734E-16
3842.14084466985  -5.148673888017503E-17
3845.18930559704  -1.121266613721679E-16
3848.23905902301  -4.014518278339921E-17
3851.29010263766  8.279105167255442E-17
3854.34243413417  2.164342226418884E-17
3857.39605120894  -3.192900620842436E-17
3860.45095156166  8.988259679542466E-17
3863.50713289526  4.670201850598046E-17
3866.56459291591  2.433103795349203E-18
3869.62332933305  5.629272441355714E-17
3872.68333985935  -5.455004015136511E-17
3875.74462221072  8.915907680287556E-18
3878.80717410632  3.324621068380533E-18
3881.87099326854  4.550021110272461E-17
3884.93607742303  8.521246740584826E-17
3888.00242429862  -4.147237422390585E-17
3891.07003162743  -1.839350077500067E-17
3894.13889714475  -9.031340569333206E-17
3897.20901858914  7.909652391284147E-18
3900.28039370235  -1.260405953183897E-17
3903.35302022938  3.083359077555508E-17
3906.4268959184  -1.494642409553294E-17
3909.50201852084  -4.884621623750572E-17
3912.57838579132  -1.094412228222369E-17
3915.65599548767  -2.574267295401175E-17
3918.73484537092  -5.838140260954843E-18
3921.81493320531  1.159452612606801E-17
3924.89625675827  2.286246314832661E-17
3927.97881380045  6.245688840037269E-18
3931.06260210567  -9.194480603899489E-18
3934.14761945096  3.134542366882329E-17
3937.23386361653  -1.447743398811615E-18
3940.32133238577  3.703805748335608E-17
3943.41002354527  -1.485614560347890E-17
3946.49993488479  2.901691686193142E-17
3949.59106419728  2.619031497738462E-17
3952.68340927886  2.076191573772578E-17
3955.77696792881  -3.023326279163351E-17
3958.8717379496  -1.900620503524727E-17
3961.96771714687  3.917337129510251E-17
3965.0649033294  8.265914945207676E-18
3968.16329430917  1.507769435002266E-17
3971.26288790129  2.735322834823822E-17
3974.36368192403  -1.028898861963679E-17
3977.46567419884  -8.385770934424773E-18
3980.56886255029  1.724406383068678E-17
3983.67324480612  -2.015276256384886E-18
3986.77881879721  -1.134055438105401E-17
3989.88558235759  3.500424452303419E-18
3992.99353332441  -8.767607431346601E-18
3996.102669538  -1.089762480563086E-17
3999.21298884178  -7.861456712893746E-18
4002.32448908235  1.054339711601421E-17
4005.43716810939  -1.440068506895618E-17
4008.55102377575  -1.983746199385896E-17
4011.66605393738  1.221019810355730E-18
4014.78225645337  -9.377845478446268E-20
4017.89962918593  -4.655572044771218E-19
4021.01817000037  1.439994391512733E-17
4024.13787676512  7.402899214157622E-18
4027.25874735175  8.864625791031720E-18
4030.38077963489  1.500711702541295E-18
4033.50397149233  2.361012523423369E-17
4036.62832080492  6.321652971591078E-18
4039.75382545664  9.951378988526338E-18
4042.88048333455  6.470552099295523E-19
4046.00829232883  7.052771031656790E-18
4049.13725033272  -5.891258904760855E-18
4052.26735524259  3.618640555956129E-17
4055.39860495787  -1.717452048184276E-18
4058.53099738107  2.281768413945636E-18
4061.66453041782  -2.264395346335338E-17
4064.79920197679  3.149882059110850E-18
4067.93500996975  -1.060926137228875E-17
4071.07195231154  -1.482533312566130E-17
4074.21002692008  3.929691485549037E-18
4077.34923171634  1.727599961977623E-17
4080.48956462437  -5.225154759299972E-18
4083.63102357128  7.835062206727791E-18
4086.77360648725  1.607471499466752E-17
4089.91731130552  1.457080634245628E-17
4093.06213596237  2.480067801807513E-17
4096.20807839715  5.092472921094936E-18
4099.35513655224  1.559214940583266E-17
4102.5033083731  2.651053313611615E-17
4105.65259180821  1.687685188699489E-17
4108.8029848091  -2.085690419618769E-17
4111.95448533035  -2.590769486583062E-19
4115.10709132956  5.718356236451040E-18
4118.26080076739  5.282394416917723E-18
4121.41561160749  2.762350134158380E-17
4124.57152181659  9.623524711970025E-19
4127.72852936441  -4.663375046284584E-18
4130.88663222372  2.408739190406454E-17
4134.04582837029  1.539351521661785E-17
4137.20611578292  2.583058819105573E-18
4140.36749244342  1.083712977871240E-17
4143.52995633663  9.593759858398222E-18
4146.69350545039  2.485305509446200E-18
4149.85813777554  1.335823152916684E-17
4153.02385130594  3.596045290343630E-18
4156.19064403843  1.610056604317103E-17
4159.35851397289  4.236223113865263E-18
4162.52745911217  1.148893796844169E-18
4165.69747746211  -2.357811748043095E-18
4168.86856703156  -7.915231724515816E-18
4172.04072583236  1.847363803274481E-17
4175.21395187931  4.591295354887327E-18
4178.38824319023  9.045714652273664E-18
4181.56359778589  1.851198281722032E-17
4184.74001369007  4.320926822180999E-18
4187.91748892951  1.352066415887326E-17
4191.09602153391  1.525492606806826E-17
4194.27560953597  -3.032029087747051E-18
4197.45625097135  1.374199701127714E-17
4200.63794387865  7.012027423404878E-18
4203.82068629947  7.726127483138234E-18
4207.00447627834  2.201491238600885E-17
4210.18931186278  4.532863316416580E-18
4213.37519110323  4.569822986956368E-18
4216.5621120531  1.382909995695958E-17
4219.75007276876  2.774987055094413E-18
4222.93907130951  5.418491270281684E-18
4226.1291057376  1.309247080606274E-17
4229.32017411822  1.063066384345794E-17
4232.51227451951  5.209598800700300E-18
4235.70540501253  9.194287250431305E-19
4238.89956367128  1.242120546716983E-17
4242.09474857271  2.327883939890620E-18
4245.29095779665  1.152382782629371E-17
4248.48818942592  1.948054348570968E-17
4251.68644154621  1.525242798261836E-17
4254.88571224617  1.018146506617225E-17
4258.08599961732  1.207694447675384E-17
4261.28730175415  7.727905921455220E-18
4264.48961675402  9.013093957637023E-18
4267.69294271723  7.645970373059394E-18
4270.89727774697  1.637879155092569E-17
4274.10261994933  9.350537325444355E-18
4277.30896743332  1.263673978347971E-17
4280.51631831083  5.807168964459632E-18
4283.72467069666  8.466734545600846E-18
4286.93402270851  1.352427811096951E-17
4290.14437246694  1.015084449425676E-17
4293.35571809543  9.034432735899054E-18
4296.56805772034  1.373863700362895E-17
4299.78138947091  1.069748762924304E-17
4302.99571147925  3.117672266443494E-18
4306.21102188036  4.173908134502829E-19
4309.42731881211  1.245285008868366E-17
4312.64460041525  1.210292621979413E-17
4315.86286483339  1.444386389693145E-17
4319.08211021302  1.447071087089247E-17
4322.30233470348  1.031820381169155E-17
4325.52353645698  1.466345884286835E-17
4328.74571362859  7.154237141495610E-18
4331.96886437622  3.729485653170379E-18
4335.19298686068  5.834928732226607E-18
4338.41807924557  1.060546874918019E-17
4341.64413969738  1.464296296165051E-17
4344.87116638543  1.397286891050497E-17
4348.09915748189  1.885685592128960E-17
4351.32811116177  8.756103830567823E-18
4354.55802560292  2.168313561898781E-18
4357.78889898601  4.699909545989520E-18
4361.02072949456  4.036643870800612E-18
4364.25351531492  6.271473714091772E-18
4367.48725463625  1.666085848544505E-17
4370.72194565055  1.269996781514204E-17
4373.95758655265  7.574521820469514E-18
4377.19417554017  1.178027697724231E-17
4380.43171081356  1.103300035750068E-17
4383.67019057611  1.125117172560337E-17
4386.90961303389  1.418594898193741E-17
4390.14997639578  8.442958893254237E-18
4393.39127887348  1.283739891083405E-17
4396.63351868149  7.096112814212731E-18
4399.8766940371  1.726669549224623E-17
4403.12080316042  1.581002050737300E-17
4406.36584427432  1.412309649027318E-17
4409.61181560451  2.088985576306935E-17
4412.85871537944  8.325390058430850E-18
4416.10654183039  6.866525940066495E-18
4419.35529319139  1.093748581216918E-17
4422.60496769928  7.353157535202360E-18
4425.85556359366  1.609804810538641E-17
4429.10707911693  1.057156096151042E-17
4432.35951251422  1.031584634694578E-17
4435.61286203349  9.484679551020855E-18
4438.86712592542  1.412233879283208E-17
4442.12230244347  1.498727192854203E-17
4445.37838984389  7.857105742871716E-18
4448.63538638565  1.303044632219167E-17
4451.8932903305  8.085703722595647E-18
4455.15209994295  6.265496506985464E-18
4458.41181349025  1.177908004689594E-17
4461.67242924241  8.924191066941659E-18
4464.93394547217  1.395702840177459E-17
4468.19636045503  1.726586831163368E-17
4471.45967246924  1.334380549928391E-17
4474.72387979577  1.079117824132386E-17
4477.98898071834  4.904695477419886E-18
4481.25497352339  1.478769144470646E-17
4484.52185650011  1.384687689550396E-17
4487.78962794042  1.017325281705082E-17
4491.05828613893  6.030047817428370E-18
4494.32782939302  9.783568030477091E-18
4497.59825600277  7.631248212517174E-18
4500.86956427096  1.577059377065627E-17
4504.14175250313  2.021763916647201E-17
4507.41481900748  1.201040193237701E-17
4510.68876209497  7.181084942637241E-18
4513.96358007922  1.351792040078143E-17
4517.2392712766  8.963308438109296E-18
4520.51583400616  1.629255962642826E-17
4523.79326658964  9.435205878584056E-18
4527.07156735149  1.331283006688564E-17
4530.35073461886  9.179559920010259E-18
4533.63076672157  1.340660422420833E-17
4536.91166199215  1.324790631496758E-17
4540.19341876581  1.223932085817861E-17
4543.47603538044  1.136351112459420E-17
4546.75951017662  1.171855193275299E-17
4550.04384149758  9.106846608263783E-18
4553.32902768926  1.156163080746800E-17
4556.61506710026  1.025937307216555E-17
4559.90195808185  1.023993763649301E-17
4563.18969898797  1.335992642224196E-17
4566.47828817521  1.239036321085018E-17
4569.76772400284  8.702257681413071E-18
4573.05800483278  8.573187727352745E-18
4576.34912902963  1.033268526267552E-17
4579.64109496059  1.780219236847836E-17
4582.93390099558  9.252073054048494E-18
4586.22754550711  4.197690559390705E-18
4589.52202687038  1.100065924991108E-17
4592.8173434632  1.626986675350348E-17
4596.11349366605  1.254192834166888E-17
4599.41047586202  1.327898762648426E-17
4602.70828843686  8.064842227547059E-18
4606.00692977894  1.005845751882133E-17
4609.30639827927  1.382270750518578E-17
4612.60669233146  9.540754951926436E-18
4615.90781033178  1.301012414890247E-17
4619.20975067911  1.789437503030250E-17
4622.51251177494  1.201353446535675E-17
4625.81609202339  1.569810793357826E-17
4629.12048983119  8.934286806317871E-18
4632.42570360766  1.589812186005480E-17
4635.73173176478  1.300656809944911E-17
4639.03857271709  1.096590112057160E-17
4642.34622488174  1.399534340774804E-17
4645.6546866785  1.196828272276642E-17
4648.96395652974  1.769021692895706E-17
4652.27403286039  1.047841215273082E-17
4655.58491409801  1.668060824975036E-17
4658.89659867274  1.225698530015968E-17
4662.20908501729  1.159445002545166E-17
4665.52237156699  1.603403921522584E-17
4668.83645675972  1.005937651648187E-17
4672.15133903596  1.362205582245695E-17
4675.46701683874  1.486520819427003E-17
4678.78348861371  1.644547223446481E-17
4682.10075280904  1.341809707163914E-17
4685.41880787552  1.671954198682201E-17
4688.73765226645  1.673548010286468E-17
4692.05728443775  1.501839542626995E-17
4695.37770284785  1.248433258279743E-17
4698.69890595779  1.847830002267716E-17
4702.02089223113  1.264329767137603E-17
4705.34366013398  1.935342898661743E-17
4708.66720813502  1.620202470838433E-17
4711.99153470547  1.546035141011213E-17
4715.3166383191  1.218682632214477E-17
4718.64251745222  1.177688553673084E-17
4721.96917058366  1.630985431867552E-17
4725.29659619482  1.429530887636182E-17
4728.62479276962  1.606969731707177E-17
4731.95375879449  1.518111343328771E-17
4735.28349275843  1.167756844212343E-17
4738.61399315295  1.465869759126250E-17
4741.94525847206  1.848923700473633E-17
4745.27728721232  1.456531386318893E-17
4748.6100778728  1.469993254479826E-17
4751.94362895509  1.176777993254785E-17
4755.27793896327  1.391630960894105E-17
4758.61300640397  1.568400284977300E-17
4761.94882978629  1.329694902630523E-17
4765.28540762187  1.246176957722882E-17
4768.62273842482  1.763923117036051E-17
4771.96082071175  1.410986160047233E-17
4775.29965300181  1.667860812702921E-17
4778.6392338166  1.666034397910404E-17
4781.97956168023  1.539725572734782E-17
4785.32063511929  1.779503725617978E-17
4788.66245266286  1.615250967691691E-17
4792.00501284253  1.325000983526530E-17
4795.34831419231  1.668546214558482E-17
4798.69235524876  1.762776313834808E-17
4802.03713455087  1.743927349216562E-17
4805.3826506401  1.779798367352169E-17
4808.72890206042  1.968844044342386E-17
4812.07588735822  1.497611491643992E-17
4815.4236050824  1.808457694035294E-17
4818.77205378428  1.338467732053077E-17
4822.12123201768  1.855473647436073E-17
4825.47113833885  2.108733520814904E-17
4828.82177130649  1.613117007147427E-17
4832.17312948179  1.943583602796242E-17
4835.52521142834  1.925202987840823E-17
4838.8780157122  1.969198573952926E-17
4842.2315409019  2.214257944175029E-17
4845.58578556835  2.420832405525857E-17
4848.94074828496  1.657838361528983E-17
4852.29642762754  1.757316094611345E-17
4855.65282217434  2.164300867388256E-17
4859.00993050605  2.043486837585701E-17
4862.36775120577  1.872657828353494E-17
4865.72628285905  2.101639454445527E-17
4869.08552405383  1.981861054769888E-17
4872.44547338051  1.820017046787355E-17
4875.80612943187  1.708654382663831E-17
4879.16749080313  1.769102425723491E-17
4882.52955609191  2.290791341426395E-17
4885.89232389823  2.546298664529532E-17
4889.25579282455  2.239708968134305E-17
4892.6199614757  1.840525997458872E-17
4895.98482845892  2.210138915596759E-17
4899.35039238385  1.858304259492229E-17
4902.71665186254  1.717570893358785E-17
4906.08360550941  2.020436457200176E-17
4909.45125194129  1.852987142514739E-17
4912.81958977738  2.197780175500727E-17
4916.18861763929  2.375803836264797E-17
4919.55833415098  1.802155570384375E-17
4922.92873793882  1.937796150922453E-17
4926.29982763153  1.807371771327135E-17
4929.67160186024  2.029190509622824E-17
4933.04405925842  2.056530152356682E-17
4936.41719846191  1.987906256122548E-17
4939.79101810895  1.771781332855305E-17
4943.16551684011  2.089397346815864E-17
4946.54069329833  2.240236709365114E-17
4949.91654612891  1.865134620682325E-17
4953.29307397952  2.041801870677931E-17
4956.67027550015  2.451469521053595E-17
4960.04814934318  2.086959314678425E-17
4963.42669416331  2.287395103267375E-17
4966.80590861759  1.768472941277338E-17
4970.18579136543  1.924520398399344E-17
4973.56634106855  1.879169890443879E-17
4976.94755639104  1.734874519156659E-17
4980.32943599931  2.237626789096387E-17
4983.71197856209  2.049297781388886E-17
4987.09518275045  2.137868476350246E-17
4990.4790472378  2.176266034948835E-17
4993.86357069985  2.179032126917213E-17
4997.24875181465  2.130600867488356E-17
5000.63458926255  2.124212220745364E-17
5004.02108172624  2.240417696483140E-17
5007.40822789071  1.984273444308337E-17
5010.79602644325  2.345596689219463E-17
5014.18447607348  2.414466258095525E-17
5017.57357547331  2.400999095978672E-17
5020.96332333696  2.076175526468694E-17
5024.35371836094  2.574281688343833E-17
5027.74475924408  1.857562940227259E-17
5031.13644468748  2.212308775779609E-17
5034.52877339454  1.904627531848057E-17
5037.92174407096  2.146851988674817E-17
5041.31535542471  1.831534213328176E-17
5044.70960616605  1.962439846603878E-17
5048.10449500753  2.062638053999774E-17
5051.50002066398  2.076339473666102E-17
5054.89618185248  2.208459242644909E-17
5058.29297729241  2.473212294326796E-17
5061.69040570542  1.830437206399808E-17
5065.0884658154  2.025404834831414E-17
5068.48715634855  1.965877940101893E-17
5071.8864760333  2.343940508197010E-17
5075.28642360035  2.314046697167710E-17
5078.68699778265  1.850621571398960E-17
5082.08819731542  2.119864559445785E-17
5085.49002093611  1.994079670470154E-17
5088.89246738445  1.845837489608198E-17
5092.29553540239  2.098651678072985E-17
5095.69922373414  2.243992109346105E-17
5099.10353112613  1.973983813796546E-17
5102.50845632706  2.049358992754215E-17
5105.91399808785  2.250913460403581E-17
5109.32015516164  2.337831779373305E-17
5112.72692630383  2.210228581975160E-17
5116.13431027203  2.141340649689499E-17
5119.54230582607  2.090121791596338E-17
5122.95091172802  1.994451074565190E-17
5126.36012674215  1.792605935648573E-17
5129.76994963497  1.771738484899575E-17
5133.18037917519  1.941729560171265E-17
5136.59141413373  2.139900528243044E-17
5140.00305328373  2.147780581630470E-17
5143.41529540054  2.484968516064645E-17
5146.8281392617  3.090512866365112E-17
5150.24158364695  2.734125904477458E-17
5153.65562733825  1.981486838260769E-17
5157.07026911973  2.172442475285370E-17
5160.48550777774  1.697171295964247E-17
5163.9013421008  1.937834532102875E-17
5167.31777087963  2.488217350638509E-17
5170.73479290712  2.347256675272734E-17
5174.15240697837  2.231699874571321E-17
5177.57061189063  1.896778415015541E-17
5180.98940644335  2.086382273483109E-17
5184.40878943814  2.482832901159156E-17
5187.82875967881  2.316225325465053E-17
5191.24931597129  2.130352051560099E-17
5194.67045712372  2.088560074599838E-17
5198.09218194639  2.585944934980832E-17
5201.51448925175  2.660242793908711E-17
5204.93737785441  2.738635693177097E-17
5208.36084657114  2.117519336973074E-17
5211.78489422085  2.386867707829939E-17
5215.20951962462  2.643875536564248E-17
5218.63472160567  2.934674355065837E-17
5222.06049898936  3.019338275994110E-17
5225.48685060321  2.640834324324135E-17
5228.91377527685  2.352636657976780E-17
5232.34127184208  2.525543875779964E-17
5235.76933913281  2.735188169820099E-17
5239.1979759851  2.670149439796892E-17
5242.62718123713  2.749244449969212E-17
5246.05695372922  2.932395637914376E-17
5249.48729230379  2.607251453198972E-17
5252.9181958054  2.697494872795037E-17
5256.34966308073  2.895219825080527E-17
5259.78169297857  2.737600890230794E-17
5263.21428434982  2.383798867757367E-17
5266.64743604749  2.928464213899033E-17
5270.08114692672  3.034510422789557E-17
5273.51541584473  2.666558483321677E-17
5276.95024166086  2.455097038911886E-17
5280.38562323653  2.648747961244430E-17
5283.82155943528  2.959833218832760E-17
5287.25804912274  2.630335251681244E-17
5290.69509116661  2.643600416292512E-17
5294.13268443672  2.670281954131023E-17
5297.57082780495  3.223263443279052E-17
5301.00952014529  3.214365957738187E-17
5304.44876033379  2.859081627607066E-17
5307.8885472486  2.780037571760479E-17
5311.32887976993  2.368522165332493E-17
5314.76975678007  2.534479907937374E-17
5318.21117716338  2.294308678827093E-17
5321.6531398063  2.715683250976097E-17
5325.09564359732  2.492856675822073E-17
5328.53868742699  2.280808264049615E-17
5331.98227018793  2.413534356417424E-17
5335.42639077483  2.379923195715311E-17
5338.87104808441  2.463004885567893E-17
5342.31624101546  2.666171693667247E-17
5345.7619684688  2.446721669773663E-17
5349.20822934733  2.925320265826842E-17
5352.65502255597  2.485805788280671E-17
5356.10234700168  2.932830404044334E-17
5359.55020159347  2.525126645878992E-17
5362.99858524238  3.009364793912436E-17
5366.44749686149  2.686761708038794E-17
5369.89693536591  2.908038146724894E-17
5373.34689967277  2.536035338361219E-17
5376.79738870123  2.768783283218327E-17
5380.24840137249  2.808935622768387E-17
5383.69993660973  2.466507002845319E-17
5387.15199333819  2.502825360256195E-17
5390.60457048511  2.931339824580513E-17
5394.05766697973  2.197740470831325E-17
5397.51128175332  2.675069510080357E-17
5400.96541373915  2.874592256709170E-17
5404.42006187248  2.761447845546207E-17
5407.87522509059  2.469517940275012E-17
5411.33090233275  2.485255382301079E-17
5414.78709254023  2.862447260083422E-17
5418.2437946563  2.639915492099711E-17
5421.70100762621  2.600860655786387E-17
5425.15873039721  2.552488457053266E-17
5428.61696191851  2.601453578849465E-17
5432.07570114135  2.941435398520600E-17
5435.5349470189  2.741931511609753E-17
5438.99469850633  2.588675623618991E-17
5442.4549545608  3.134637658088896E-17
5445.91571414142  2.519630857889189E-17
5449.37697620928  2.818986859827640E-17
5452.83873972744  3.008706027272598E-17
5456.30100366091  3.230904937777818E-17
5459.76376697667  2.567802051733460E-17
5463.22702864368  2.743385033382131E-17
5466.69078763281  2.752051900968217E-17
5470.15504291694  2.381459766421190E-17
5473.61979347085  2.647556159417863E-17
5477.0850382713  2.781897735521988E-17
5480.55077629699  2.887259700609808E-17
5484.01700652855  2.601312461836963E-17
5487.48372794858  2.493727366134846E-17
5490.95093954158  2.772227001544508E-17
5494.41864029401  2.964287090122990E-17
5497.88682919425  3.126567684032828E-17
5501.35550523263  2.927066609536064E-17
5504.82466740139  2.981243630935837E-17
5508.29431469469  2.731688368648386E-17
5511.76444610863  2.933604314225439E-17
5515.23506064121  2.989556134347505E-17
5518.70615729236  2.886419946851943E-17
5522.17773506393  2.983822780085778E-17
5525.64979295966  2.995948586121315E-17
5529.12232998521  3.016694275884145E-17
5532.59534514815  2.885088516937978E-17
5536.06883745795  3.220597605600917E-17
5539.54280592598  3.005533624187334E-17
5543.0172495655  3.101843917268109E-17
5546.49216739168  3.582979476259988E-17
5549.96755842158  3.244785359328701E-17
5553.44342167414  3.092288326831896E-17
5556.91975617019  3.164782766588288E-17
5560.39656093245  3.524213256821770E-17
5563.87383498552  2.918027179802085E-17
5567.35157735589  3.211125725842695E-17
5570.8297870719  2.937898043349079E-17
5574.30846316378  2.665409364014718E-17
5577.78760466365  3.194364399654410E-17
5581.26721060545  3.459720300566726E-17
5584.74728002505  3.724344642945299E-17
5588.22781196012  3.297177986711075E-17
5591.70880545023  3.371247047481524E-17
5595.19025953681  3.567757036883296E-17
5598.67217326311  3.564391073534696E-17
5602.15454567428  3.011355652210728E-17
5605.63737581727  3.541555263800067E-17
5609.12066274093  3.289871004052026E-17
5612.60440549591  2.987871002003612E-17
5616.08860313472  3.709460685875265E-17
5619.57325471172  3.523056196580931E-17
5623.0583592831  3.533364190502322E-17
5626.54391590686  3.542797027335631E-17
5630.02992364286  3.205200465678854E-17
5633.51638155279  3.534935171921683E-17
5637.00328870015  3.492752269403928E-17
5640.49064415027  3.533990531662147E-17
5643.9784469703  3.221127001192951E-17
5647.4666962292  3.213111290185067E-17
5650.95539099777  3.423918600166451E-17
5654.4445303486  3.316655774030984E-17
5657.93411335609  3.482136895166912E-17
5661.42413909647  3.643541339371935E-17
5664.91460664774  3.661276091705071E-17
5668.40551508974  3.428455520390182E-17
5671.89686350408  3.431763250223658E-17
5675.38865097418  3.569175817069947E-17
5678.88087658524  2.918986047568156E-17
5682.37353942428  3.344506945255644E-17
5685.86663858009  3.433637641491704E-17
5689.36017314324  3.567857952918028E-17
5692.8541422061  3.430941032694781E-17
5696.3485448628  3.325396426127709E-17
5699.84338020927  3.295492854367183E-17
5703.33864734321  3.532696490311868E-17
5706.83434536407  3.528790543459394E-17
5710.33047337311  3.535744816305248E-17
5713.82703047332  3.387662943046006E-17
5717.32401576948  3.402756011374894E-17
5720.82142836812  3.103874811108049E-17
5724.31926737754  3.425133563050169E-17
5727.81753190778  3.616593118503937E-17
5731.31622107064  3.379986045217024E-17
5734.81533397969  3.523108805267889E-17
5738.31486975023  3.505229130891432E-17
5741.8148274993  3.703041433449610E-17
5745.31520634571  3.470792940246360E-17
5748.81600540997  3.547183400687878E-17
5752.31722381438  3.871624481882612E-17
5755.81886068293  3.773319360036604E-17
5759.32091514137  3.778893895620722E-17
5762.82338631717  3.663622637666763E-17
5766.32627333953  3.681836493010690E-17
5769.82957533937  3.799535360626371E-17
5773.33329144934  3.677875952237786E-17
5776.83742080381  3.429556332349367E-17
5780.34196253884  3.728631423751794E-17
5783.84691579226  3.452820621641298E-17
5787.35227970355  3.619611004250776E-17
5790.85805341394  3.515656900565522E-17
5794.36423606636  3.577760959211513E-17
5797.87082680543  3.455389182879398E-17
5801.37782477747  3.619412811776008E-17
5804.88522913052  3.615671308429308E-17
5808.39303901429  3.708449209422235E-17
5811.9012535802  3.706653234876261E-17
5815.40987198136  3.681918218455210E-17
5818.91889337255  3.542323218280762E-17
5822.42831691026  3.757160883078749E-17
5825.93814175265  4.011926556044671E-17
5829.44836705955  3.722656532751202E-17
5832.95899199249  3.501520053024745E-17
5836.47001571464  3.766457731419355E-17
5839.98143739088  3.435132191422464E-17
5843.49325618774  3.737109694158218E-17
5847.00547127341  3.833576158938642E-17
5850.51808181775  3.878253507311612E-17
5854.03108699229  3.865226405280636E-17
5857.5444859702  4.066038726484419E-17
5861.05827792633  3.653324569912722E-17
5864.57246203716  3.811662821023133E-17
5868.08703748084  3.902968340525715E-17
5871.60200343714  3.574587563509515E-17
5875.1173590875  3.626425649009232E-17
5878.63310361499  3.974691517078964E-17
5882.14923620434  3.309818960832111E-17
5885.66575604189  3.525859677112996E-17
5889.18266231562  3.390752628070014E-17
5892.69995421516  3.638063087611119E-17
5896.21763093174  3.343181140169844E-17
5899.73569165825  3.559356521454453E-17
5903.25413558917  3.402980011884774E-17
5906.77296192063  3.500329905559404E-17
5910.29216985036  3.829931932031979E-17
5913.81175857771  3.471443104207827E-17
5917.33172730365  3.467967291273880E-17
5920.85207523075  3.650427452535316E-17
5924.37280156319  3.647537283475056E-17
5927.89390550676  3.214136001527896E-17
5931.41538626885  3.422228835611127E-17
5934.93724305846  3.695738090385256E-17
5938.45947508616  3.652858370919487E-17
5941.98208156413  3.932310422086442E-17
5945.50506170616  3.279486578642037E-17
5949.0284147276  3.511871060337989E-17
5952.5521398454  3.296322681957696E-17
5956.0762362781  3.315529484908931E-17
5959.60070324579  3.547244281180961E-17
5963.12553997019  3.281770920621663E-17
5966.65074567455  3.442767068476329E-17
5970.17631958372  3.339335412065963E-17
5973.7022609241  3.064575129333409E-17
5977.22856892368  3.439539409726147E-17
5980.75524281199  3.489383989949613E-17
5984.28228182015  3.191854402803679E-17
5987.80968518082  3.348347048531361E-17
5991.33745212822  3.042716716210574E-17
5994.86558189813  3.231944538371673E-17
5998.39407372788  3.640481101977734E-17
6001.92292685635  3.142310916323183E-17
6005.45214052397  3.287333875677204E-17
6008.98171397269  3.395715380873088E-17
6012.51164644604  3.242009341192974E-17
6016.04193718906  3.287156528153873E-17
6019.57258544833  3.727269884463533E-17
6023.10359047197  3.531390206688525E-17
6026.63495150963  3.729834475234692E-17
6030.16666781249  3.564166742152570E-17
6033.69873863324  3.643789493555700E-17
6037.23116322611  3.512968232702480E-17
6040.76394084685  3.557561539525213E-17
6044.2970707527  3.487814662891477E-17
6047.83055220246  3.537790930268460E-17
6051.36438445639  3.431992213817213E-17
6054.89856677631  3.978064428744710E-17
6058.43309842551  3.845262235760547E-17
6061.96797866879  3.978362213765229E-17
6065.50320677247  3.773402408970105E-17
6069.03878200436  4.040350136253218E-17
6072.57470363374  4.032214318620392E-17
6076.11097093143  4.024107286872881E-17
6079.6475831697  3.807764484232293E-17
6083.18453962233  4.315582573679416E-17
6086.72183956457  3.992116242118516E-17
6090.25948227317  3.903729015817019E-17
6093.79746702635  3.778541516679774E-17
6097.33579310381  4.046906700660557E-17
6100.87445978671  4.213029713951828E-17
6104.41346635771  3.999196577289725E-17
6107.95281210092  4.236287054926614E-17
6111.49249630192  4.157332334586183E-17
6115.03251824776  4.208291292530879E-17
6118.57287722693  3.999314698681197E-17
6122.11357252941  3.945205506091653E-17
6125.65460344661  4.420199083599204E-17
6129.19596927142  4.091717390548271E-17
6132.73766929814  4.352449020964169E-17
6136.27970282256  4.406289214418512E-17
6139.8220691419  4.402542086243647E-17
6143.36476755481  4.671053184884485E-17
6146.90779736139  4.674917110961843E-17
6150.45115786318  4.203974733222332E-17
6153.99484836315  4.293433985597697E-17
6157.5388681657  4.471687437135934E-17
6161.08321657668  4.421824328066748E-17
6164.62789290334  4.356111114972065E-17
6168.17289645436  4.322982862311562E-17
6171.71822653985  4.360207644237673E-17
6175.26388247133  4.529904077775171E-17
6178.80986356174  4.262558642053543E-17
6182.35616912544  4.704867335708917E-17
6185.90279847819  4.332498417206126E-17
6189.44975093716  4.235418515283433E-17
6192.99702582092  4.316702245356569E-17
6196.54462244947  4.293251344118446E-17
6200.09254014417  4.297334969366498E-17
6203.6407782278  4.396654876387985E-17
6207.18933602454  4.439544191148859E-17
6210.73821285996  4.467506535447846E-17
6214.28740806099  4.588694450887276E-17
6217.83692095599  4.538650685572306E-17
6221.38675087468  4.836667978407403E-17
6224.93689714816  4.488421962672372E-17
6228.48735910891  3.955038367469194E-17
6232.03813609081  4.324558145070108E-17
6235.58922742907  3.816205366075029E-17
6239.14063246031  3.504679221220208E-17
6242.6923505225  3.995972227261993E-17
6246.24438095496  4.233936869370228E-17
6249.79672309842  4.486683559897031E-17
6253.34937629492  4.375811248440628E-17
6256.90233988788  4.188316865971193E-17
6260.45561322208  4.126456329297537E-17
6264.00919564364  4.414299300598230E-17
6267.56308650003  4.396756785039451E-17
6271.11728514008  4.316533169639363E-17
6274.67179091395  4.374808374665970E-17
6278.22660317314  4.477831403853733E-17
6281.78172127051  4.294204256184106E-17
6285.33714456023  4.446818086583405E-17
6288.89287239781  4.169273183036753E-17
6292.44890414011  4.611079943496430E-17
6296.0052391453  4.020679781286707E-17
6299.56187677287  4.787573816435645E-17
6303.11881638364  3.962978308732968E-17
6306.67605733977  4.583054071726399E-17
6310.23359900471  3.996949293001540E-17
6313.79144074322  3.831551551671358E-17
6317.34958192141  3.932672396322494E-17
6320.90802190666  4.242154743319820E-17
6324.46676006767  4.171603516258437E-17
6328.02579577446  4.350546505555298E-17
6331.58512839833  4.285262764634653E-17
6335.14475731189  4.020499786785415E-17
6338.70468188905  4.592326435520874E-17
6342.26490150499  4.097429568986317E-17
6345.82541553621  4.143540917669208E-17
6349.38622336048  4.289981333720900E-17
6352.94732435686  4.453335938938077E-17
6356.5087179057  4.334945217458058E-17
6360.07040338862  4.096073323653975E-17
6363.63238018853  4.316472289146279E-17
6367.19464768959  4.399885182116126E-17
6370.75720527726  4.181400643433515E-17
6374.32005233826  4.175241456592445E-17
6377.88318826057  4.234254506725448E-17
6381.44661243345  4.562296139690503E-17
6385.01032424739  4.472251243441450E-17
6388.57432309417  4.330976735751273E-17
6392.13860836683  4.243673116052223E-17
6395.70317945963  4.520453704712876E-17
6399.26803576811  4.330768286236911E-17
6402.83317668905  3.949350673577279E-17
6406.39860162046  4.373350551554405E-17
6409.96430996162  4.284351542471865E-17
6413.53030111304  4.310183400385161E-17
6417.09657447646  4.208067622893246E-17
6420.66312945486  4.314996268061240E-17
6424.22996545245  3.995166884217611E-17
6427.79708187468  4.331528961528213E-17
6431.36447812821  4.512382407167828E-17
6434.93215362093  4.320554590905351E-17
6438.50010776196  4.057868167265866E-17
6442.06833996164  4.251380784999991E-17
6445.63684963151  4.320654183451101E-17
6449.20563618433  3.956327445735796E-17
6452.77469903409  3.975222236159978E-17
6456.34403759596  4.200321903637298E-17
6459.91365128632  4.175417480626796E-17
6463.48353952278  4.476564163155301E-17
6467.05370172413  4.457621396255593E-17
6470.62413731035  4.204998782820672E-17
6474.19484570262  4.656776709256310E-17
6477.76582632333  3.949229905207846E-17
6481.33707859603  4.259376312800929E-17
6484.90860194549  4.253947691876866E-17
6488.48039579764  4.033046131444375E-17
6492.05245957959  4.148650908621315E-17
6495.62479271965  4.336022206615602E-17
6499.19739464729  4.551985167918909E-17
6502.77026479315  4.090570918219272E-17
6506.34340258907  4.406614461835368E-17
6509.91680746802  3.944329025514592E-17
6513.49047886415  4.197528680144829E-17
6517.06441621279  4.369493573794193E-17
6520.6386189504  3.888349081251698E-17
6524.21308651463  4.126211483836223E-17
6527.78781834426  3.754238950282966E-17
6531.36281387923  4.033198663549330E-17
6534.93807256064  4.015965182667399E-17
6538.51359383072  4.092718609961705E-17
6542.08937713285  4.163674493778749E-17
6545.66542191157  4.226172621268561E-17
6549.24172761253  3.826226824632231E-17
6552.81829368252  4.026865107035134E-17
6556.39511956949  4.278732339134671E-17
6559.97220472251  4.234796806335038E-17
6563.54954859175  3.793031074033743E-17
6567.12715062854  4.393567507469692E-17
6570.70501028533  4.176451125520243E-17
6574.28312701567  4.250785876703443E-17
6577.86150027425  3.789252182123356E-17
6581.44012951685  3.922069595230790E-17
6585.01901420039  4.068318436252616E-17
6588.59815378288  4.028886074707722E-17
6592.17754772345  3.924754954371382E-17
6595.75719548232  4.225852998679870E-17
6599.33709652084  3.881959607328094E-17
6602.91725030141  3.952921777717793E-17
6606.49765628758  3.958728254745670E-17
6610.07831394396  3.931173545052550E-17
6613.65922273626  3.793115115583979E-17
6617.24038213128  4.315954804955065E-17
6620.8217915969  4.139753753952695E-17
6624.4034506021  4.026453171090082E-17
6627.98535861692  4.061227844041811E-17
6631.5675151125  3.859109239214684E-17
6635.14991956102  4.167896423625220E-17
6638.73257143576  4.020797902678180E-17
6642.31547021107  4.229339730397904E-17
6645.89861536236  4.388012162475785E-17
6649.48200636611  4.201363489464625E-17
6653.06564269985  4.047905934840522E-17
6656.64952384217  4.005519876764325E-17
6660.23364927274  4.376734382004237E-17
6663.81801847225  4.100294922628201E-17
6667.40263092247  4.564901758620044E-17
6670.9874861062  4.212504288826734E-17
6674.5725835073  4.252410128554252E-17
6678.15792261065  4.039926619779591E-17
6681.7435029022  4.312969013815994E-17
6685.32932386893  3.870699693957777E-17
6688.91538499883  4.156668273990424E-17
6692.50168578095  4.178744070178240E-17
6696.08822570536  4.343760977554404E-17
6699.67500426316  4.178399632171172E-17
6703.26202094647  4.101810317510397E-17
6706.84927524845  4.065749544142271E-17
6710.43676666325  4.255204013791211E-17
6714.02449468605  4.108200122306247E-17
6717.61245881305  4.265010074516906E-17
6721.20065854145  4.344583195083282E-17
6724.78909336948  4.454391421399695E-17
6728.37776279634  4.338816753597052E-17
6731.96666632227  4.440656914508865E-17
6735.55580344849  4.425057942517340E-17
6739.14517367721  4.314695505190516E-17
6742.73477651167  4.471376748097860E-17
6746.32461145605  4.432421173458042E-17
6749.91467801558  4.430248997169478E-17
6753.50497569643  4.118926007873100E-17
6757.09550400578  4.332249270405625E-17
6760.68626245178  4.141183783795677E-17
6764.27725054356  4.281276746698882E-17
6767.86846779123  4.492727934069077E-17
6771.45991370589  4.267610068618282E-17
6775.05158779957  4.273688522631567E-17
6778.64348958531  4.543767293969315E-17
6782.23561857709  4.294306164835574E-17
6785.82797428987  4.241798393911932E-17
6789.42055623956  4.226102476352616E-17
6793.01336394303  4.294705858507558E-17
6796.60639691811  4.180811690837377E-17
6800.19965468358  4.229997173548761E-17
6803.79313675917  4.189255550530319E-17
6807.38684266555  4.049651616805254E-17
6810.98077192434  4.049100383645049E-17
6814.57492405812  4.187562808124789E-17
6818.16929859037  3.761053925913668E-17
6821.76389504555  4.348673437776234E-17
6825.35871294902  4.002667096267752E-17
6828.95375182709  3.823523267518163E-17
6832.54901120699  3.965089273656203E-17
6836.14449061689  4.146327854589022E-17
6839.74018958585  4.455428375015592E-17
6843.3361076439  4.117053932710771E-17
6846.93224432194  4.394684532168882E-17
6850.52859915182  3.987644172854809E-17
6854.12517166629  4.068678425255199E-17
6857.721961399  3.831524751019511E-17
6861.31896788452  4.366957107163861E-17
6864.91619065832  4.210663977399927E-17
6868.51362925679  4.064193782846182E-17
6872.11128321718  4.069194585957432E-17
6875.70915207767  3.600634157509829E-17
6879.30723537733  4.082345434208045E-17
6882.9055326561  4.556586939102663E-17
6886.50404345484  4.249820060620225E-17
6890.10276731528  4.312746667667340E-17
6893.70170378002  4.120011599709015E-17
6897.30085239256  4.366977952115297E-17
6900.90021269727  4.116505677400771E-17
6904.49978423941  4.209202514693667E-17
6908.09956656508  4.569600475371591E-17
6911.69955922129  4.256032187020500E-17
6915.2997617559  4.687209345736626E-17
6918.90017371761  4.461568371266451E-17
6922.50079465602  4.350998477041997E-17
6926.10162412158  4.668835348226108E-17
6929.70266166558  5.375595999820401E-17
6933.30390684017  5.336982216209690E-17
6936.90535919837  5.141436719402154E-17
6940.50701829404  7.482281421438623E-17
6944.10888368187  1.189706875859826E-16
6947.71095491741  1.384003660814652E-16
6951.31323155704  1.081185808750993E-16
6954.91571315799  5.727716198672384E-17
6958.51839927831  4.471268222001492E-17
6962.12128947691  5.321923227722040E-17
6965.7243833135  7.178455997214426E-17
6969.32768034863  8.188746604118112E-17
6972.93118014369  6.794038696781433E-17
6976.53488226085  4.712588901290978E-17
6980.13878626315  4.723361439844379E-17
6983.74289171441  4.442284144209879E-17
6987.34719817928  4.785340097909507E-17
6990.95170522323  4.395794939423175E-17
6994.55641241252  4.393070537357670E-17
6998.16131931422  4.707581811607071E-17
7001.76642549621  4.905750132700891E-17
7005.37173052716  4.821321131066583E-17
7008.97723397657  4.703783729106473E-17
7012.5829354147  4.630458469142833E-17
7016.1888344126  4.785423146843007E-17
7019.79493054215  4.496708327176684E-17
7023.40122337599  4.817192838065454E-17
7027.00771248752  4.780452783978298E-17
7030.61439745098  4.661046615578309E-17
7034.22127784135  4.654133370890837E-17
7037.82835323439  4.596869642317259E-17
7041.43562320665  4.555900710066488E-17
7045.04308733544  5.098290647779144E-17
7048.65074519884  5.231446543193234E-17
7052.2585963757  4.709423777395105E-17
7055.86664044562  4.774840528958248E-17
7059.47487698899  4.648992939692186E-17
7063.08330558692  4.836618016698404E-17
7066.69192582131  4.646400224780200E-17
7070.3007372748  4.676191961721910E-17
7073.90973953077  4.827912767931897E-17
7077.51893217336  4.516930577047889E-17
7081.12831478745  4.560915409812030E-17
7084.73788695866  4.564555666251753E-17
7088.34764827337  4.743207157100750E-17
7091.95759831867  4.640617239681718E-17
7095.56773668239  4.980546119793650E-17
7099.1780629531  4.737945957532669E-17
7102.78857672009  5.334809378176635E-17
7106.39927757339  6.398193730749896E-17
7110.01016510375  6.852602422405695E-17
7113.62123890262  6.343807598091268E-17
7117.2324985622  5.128217711469067E-17
7120.84394367538  5.667253266361699E-17
7124.45557383577  6.113711097969639E-17
7128.06738863771  6.373071924674416E-17
7131.67938767622  4.987806780338395E-17
7135.29157054703  4.449659948295892E-17
7138.90393684659  4.495654499076290E-17
7142.51648617203  4.758845833761678E-17
7146.12921812119  4.515314597003206E-17
7149.7421322926  4.323109586381404E-17
7153.35522828548  4.652844954368723E-17
7156.96850569974  4.657210482769533E-17
7160.58196413597  4.463331258587924E-17
7164.19560319546  4.247363003328699E-17
7167.80942248017  4.470350713266048E-17
7171.42342159273  4.475420006932019E-17
7175.03760013647  4.858739142383787E-17
7178.65195771537  4.624975585170586E-17
7182.26649393409  4.670216408976827E-17
7185.88120839795  4.386109647066913E-17
7189.49610071295  4.382372114187154E-17
7193.11117048575  4.201653995295754E-17
7196.72641732365  4.369508793917464E-17
7200.34184083462  4.126265085139916E-17
7203.9574406273  4.290002178672336E-17
7207.57321631096  4.248806929805971E-17
7211.18916749552  4.222205132178511E-17
7214.80529379156  4.160642049653128E-17
7218.42159481028  4.320636316349871E-17
7222.03807016356  4.424492812722843E-17
7225.65471946389  4.249020342404009E-17
7229.27154232439  4.519514689281506E-17
7232.88853835884  4.344375407313409E-17
7236.50570718162  4.771688639952176E-17
7240.12304840776  4.285920207785510E-17
7243.74056165291  4.230059708403070E-17
7247.35824653333  4.584295504389719E-17
7250.97610266593  4.058678142521678E-17
7254.5941296682  4.036297612996198E-17
7258.21232715826  4.359242820771192E-17
7261.83069475486  4.035268600314182E-17
7265.44923207733  4.557066042113453E-17
7269.06793874562  4.513801849098969E-17
7272.68681438028  4.019906532850093E-17
7276.30585860248  5.005444917975986E-17
7279.92507103395  4.363753271215321E-17
7283.54445129706  5.053992478998968E-17
7287.16399901473  4.095508524731725E-17
7290.78371381052  4.660247889978828E-17
7294.40359530852  4.403901640298440E-17
7298.02364313345  4.371527114612094E-17
7301.6438569106  4.014512984384001E-17
7305.26423626583  4.559630302012368E-17
7308.88478082559  4.246088483440876E-17
7312.50549021689  5.306645532680430E-17
7316.12636406734  4.723272766082712E-17
7319.74740200508  4.795035647305364E-17
7323.36860365885  4.833351315023310E-17
7326.98996865793  4.674568040743346E-17
7330.61149663217  4.842740476720276E-17
7334.233187212  5.107014425391374E-17
7337.85504002837  4.847685693294364E-17
7341.4770547128  5.040318852601222E-17
7345.09923089736  5.345907164146892E-17
7348.72156821468  4.640968626005931E-17
7352.3440662979  5.311290648128283E-17
7355.96672478075  4.748771766517518E-17
7359.58954329746  4.933795525933378E-17
7363.21252148282  4.683947276272962E-17
7366.83565897214  4.987614212691794E-17
7370.45895540128  4.910114006740474E-17
7374.08241040661  4.979597839939420E-17
7377.70602362503  4.872351226543959E-17
7381.32979469399  4.958849834070875E-17
7384.95372325142  4.883341479034584E-17
7388.57780893579  4.755120874027230E-17
7392.2020513861  5.017644508522163E-17
7395.82645024183  4.992274879135162E-17
7399.451005143  5.307582232006086E-17
7403.07571573012  4.701746217821633E-17
7406.70058164422  4.991374244884216E-17
7410.32560252682  4.808730780399035E-17
7413.95077801994  4.633601093726043E-17
7417.57610776612  4.727592634113709E-17
7421.20159140835  5.003637693773681E-17
7424.82722859015  4.884658681442014E-17
7428.45301895552  4.675054422943526E-17
7432.07896214895  4.822642965685443E-17
7435.7050578154  5.034869717597968E-17
7439.33130560032  4.855065136975072E-17
7442.95770514963  5.054474559859965E-17
7446.58425610976  5.216120540803852E-17
7450.21095812756  4.795087925120076E-17
7453.83781085039  4.722156734000256E-17
7457.46481392607  4.947760981651233E-17
7461.09196700287  4.724121122518948E-17
7464.71926972955  5.025276076853577E-17
7468.3467217553  4.979666330494140E-17
7471.97432272979  4.554878314829372E-17
7475.60207230314  4.717517574252814E-17
7479.22997012591  4.793171843949159E-17
7482.85801584911  4.827584211792590E-17
7486.48620912422  4.536419944896375E-17
7490.11454960315  4.567373374290354E-17
7493.74303693824  4.801222296542769E-17
7497.37167078228  4.838504650239515E-17
7501.00045078849  4.465439907405444E-17
7504.62937661054  4.301345140976154E-17
7508.25844790252  4.322083882421839E-17
7511.88766431893  4.623943925510610E-17
7515.51702551472  4.793044458134826E-17
7519.14653114526  4.808597108012047E-17
7522.77618086634  4.992180911417576E-17
7526.40597433414  4.346287848889630E-17
7530.0359112053  4.508361978518576E-17
7533.66599113684  4.830809223564811E-17
7537.2962137862  4.608780381393533E-17
7540.92657881122  4.797106576686950E-17
7544.55708587016  4.424563619383279E-17
7548.18773462166  4.646923002927334E-17
7551.81852472478  4.465807837341907E-17
7555.44945583895  4.716828367366435E-17
7559.08052762403  4.953794106166951E-17
7562.71173974024  4.753132993579142E-17
7566.3430918482  4.623804628295456E-17
7569.9745836089  4.999562671203999E-17
7573.60621468375  4.702789127137940E-17
7577.2379847345  4.427006780040516E-17
7580.8698934233  4.568872225560300E-17
7584.50194041266  4.331415472348172E-17
7588.13412536549  4.751903472316644E-17
7591.76644794503  4.336155548130347E-17
7595.39890781492  5.644497196838119E-17
7599.03150463915  6.227779304440701E-17
7602.66423808207  4.646326109397315E-17
7606.29710780839  4.875728108676646E-17
7609.93011348318  4.854589673558976E-17
7613.56325477186  3.787480692123513E-17
7617.1965313402  4.598993511258051E-17
7620.82994285433  4.354366756496314E-17
7624.46348898071  5.174410785596478E-17
7628.09716938615  4.777067630039486E-17
7631.73098373779  4.213207723219649E-17
7635.36493170313  4.770549777684813E-17
7638.99901294998  5.051694240385050E-17
7642.63322714651  4.287980549255258E-17
7646.26757396118  4.296553449123758E-17
7649.90205306282  4.572205432556643E-17
7653.53666412054  4.505038366817338E-17
7657.17140680383  4.436893573593994E-17
7660.80628078244  4.731204766412606E-17
7664.44128572646  4.660740227879419E-17
7668.07642130631  4.821698987170398E-17
7671.71168719269  4.564287328861041E-17
7675.34708305663  4.716225187263761E-17
7678.98260856946  4.579547818545909E-17
7682.61826340281  4.441767652635403E-17
7686.25404722862  4.647300528158902E-17
7689.88995971911  5.040078639351337E-17
7693.5260005468  4.561956995639356E-17
7697.16216938452  4.476981723928520E-17
7700.79846590537  4.699762307840486E-17
7704.43488978274  4.609488778870123E-17
7708.07144069032  4.908725335928122E-17
7711.70811830205  4.511961868544406E-17
7715.34492229219  4.527195888449673E-17
7718.98185233524  4.449742004612657E-17
7722.61890810599  4.216500232929854E-17
7726.25608927951  4.842549232562655E-17
7729.89339553111  4.477684496576944E-17
7733.53082653639  4.575495295288890E-17
7737.16838197121  4.598102141429964E-17
7740.80606151169  4.403701793462445E-17
7744.44386483419  4.806930835386121E-17
7748.08179161535  5.205406897510065E-17
7751.71984153205  4.819145315183323E-17
7755.35801426141  5.167982268747961E-17
7758.99630948082  5.474720361345079E-17
7762.63472686791  4.703294369056088E-17
7766.27326610052  4.632502597872574E-17
7769.91192685677  4.903815522684252E-17
7773.55070881499  5.394812728938988E-17
7777.18961165376  4.852463157640224E-17
7780.82863505188  4.441163810788237E-17
7784.46777868838  4.492184972714999E-17
7788.10704224253  4.907426000621923E-17
7791.74642539379  5.371655311382196E-17
7795.38592782188  4.808210980102107E-17
7799.02554920671  4.998412559280306E-17
7802.66528922842  4.675828663996876E-17
7806.30514756735  5.037253321251100E-17
7809.94512390405  4.878655666300594E-17
7813.5852179193  5.070290253171978E-17
7817.22542929406  5.875906598027994E-17
7820.86575770949  5.415380740306240E-17
7824.50620284697  5.238513312602398E-17
7828.14676438806  4.408585136926713E-17
7831.78744201452  4.840699325840740E-17
7835.4282354083  5.115879816324470E-17
7839.06914425154  4.778666735599673E-17
7842.71016822655  5.387529238209336E-17
7846.35130701585  4.970175591017950E-17
7849.99256030212  5.521437867980849E-17
7853.63392776823  4.486868186609752E-17
7857.27540909723  5.368303575540133E-17
7860.9170039723  4.794577058373764E-17
7864.55871207686  4.472454398999893E-17
7868.20053309443  5.240216973792012E-17
7871.84246670874  4.784803754000328E-17
7875.48451260366  4.452115682098439E-17
7879.12667046322  4.972039063501910E-17
7882.76893997162  4.668607046377044E-17
7886.4113208132  4.558514931674401E-17
7890.05381267245  4.335671482035880E-17
7893.69641523402  4.389394546715484E-17
7897.33912818271  4.828483191682312E-17
7900.98195120344  5.177187465476695E-17
7904.62488398129  5.096983702411309E-17
7908.26792620146  5.473324742215580E-17
7911.91107754931  5.225799215715212E-17
7915.55433771032  5.362912674052003E-17
7919.19770637009  5.678278591310293E-17
7922.84118321436  4.729624520570385E-17
7926.48476792899  4.754935916442263E-17
7930.12846019996  5.079936502603326E-17
7933.77225971337  5.125366254461472E-17
7937.41616615545  4.182128562372562E-17
7941.06017921252  4.414343637479063E-17
7944.70429857103  4.611780069166896E-17
7948.34852391753  4.459574535117952E-17
7951.99285493867  4.210448248696173E-17
7955.63729132123  4.600572764483537E-17
7959.28183275205  4.375491625851938E-17
7962.92647891809  4.973995841958966E-17
7966.57122950642  5.148021077078077E-17
7970.21608420418  4.874383443872879E-17
7973.8610426986  4.637717144454108E-17
7977.50610467701  4.791770599991494E-17
7981.15126982682  4.158868243547571E-17
7984.79653783551  4.627238751326531E-17
7988.44190839066  4.504318719684416E-17
7992.08738117992  4.967326119243828E-17
7995.73295589099  4.557645730286730E-17
7999.37863221169  4.477446268560530E-17
8003.02440982985  4.719219250208958E-17
8006.67028843342  4.711015934638147E-17
8010.31626771037  4.095133646478116E-17
8013.96234734877  4.380119535943050E-17
8017.60852703671  4.427204972515282E-17
8021.25480646236  4.282098633355515E-17
8024.90118531393  3.734419041061705E-17
8028.54766327969  4.958418376663368E-17
8032.19424004795  4.942763156390189E-17
8035.84091530707  4.588388063188386E-17
8039.48768874545  4.759989989984961E-17
8043.13456005153  4.580917960512542E-17
8046.78152891377  4.986674866388179E-17
8050.4285950207  4.064129262758402E-17
8054.07575806085  4.451991605006557E-17
8057.72301772278  4.423816509854020E-17
8061.37037369511  4.658775839360728E-17
8065.01782566643  4.215758086484273E-17
8068.66537332539  4.304004692081636E-17
8072.31301636065  4.569997522065617E-17
8075.96075446088  4.780963981596856E-17
8079.60858731477  4.646948149217956E-17
8083.25651461101  4.746072510742634E-17
8086.90453603829  5.064963210027136E-17
8090.55265128533  4.588024765463353E-17
8094.20086004084  4.814092565129604E-17
8097.84916199353  4.495877837841680E-17
8101.49755683209  4.342650901172357E-17
8105.14604424523  4.583948088532446E-17
8108.79462392164  4.375206083104484E-17
8112.44329555  4.752170817090621E-17
8116.09205881896  4.440355159021406E-17
8119.74091341719  4.650594030485843E-17
8123.38985903331  4.708033783093771E-17
8127.03889535592  5.031283724206428E-17
8130.68802207361  4.493649413271461E-17
8134.33723887493  4.756333851677477E-17
8137.98654544841  5.025100052819226E-17
8141.63594148253  4.610184934073648E-17
8145.28542666577  4.839702076894247E-17
8148.93500068653  4.708900668375727E-17
8152.5846632332  5.089909984685001E-17
8156.2344139941  4.921798760073399E-17
8159.88425265754  5.122993238720181E-17
8163.53417891174  4.745080555752061E-17
8167.18419244491  4.716516354839380E-17
8170.83429294517  4.457990649681037E-17
8174.4844801006  5.029441096673904E-17
8178.13475359923  4.714964233137985E-17
8181.78511312901  4.681353899616485E-17
8185.43555837783  4.873227376248776E-17
8189.08608903353  4.727713402483142E-17
8192.73670478385  4.524871180056154E-17
8196.38740531649  4.867351085177199E-17
8200.03819031904  4.764279086897172E-17
8203.68905947904  4.692952626165704E-17
8207.34001248394  4.591680572898592E-17
8210.99104902111  5.187524245283404E-17
8214.64216877782  4.938003559145559E-17
8218.29337144128  5.019124169201898E-17
8221.94465669857  5.097284134409790E-17
8225.59602423671  5.039882432110038E-17
8229.24747374261  4.670233614333568E-17
8232.89900490308  4.583399833222446E-17
8236.55061740483  4.908431190502298E-17
8240.20231093447  4.781899688305776E-17
8243.85408517849  4.751010117255086E-17
8247.50593982327  4.746099311394480E-17
8251.15787455511  4.433053801190523E-17
8254.80988906015  4.950762323785821E-17
8258.46198302444  4.890760958256939E-17
8262.1141561339  4.922098861199634E-17
8265.76640807434  5.116392668304253E-17
8269.41873853142  5.193434947068462E-17
8273.07114719068  5.237645765575952E-17
8276.72363373755  5.428104432488533E-17
8280.3761978573  4.744739426467444E-17
8284.02883923508  4.938897245079361E-17
8287.68155755588  4.714591340117847E-17
8291.33435250458  5.635199686753022E-17
8294.98722376588  3.907370926617969E-17
8298.64017102437  5.505901099971389E-17
8302.29319396446  4.647795182165210E-17
8305.94629227042  4.624690042423132E-17
8309.59946562636  5.078235157519428E-17
8313.25271371624  4.980569280850803E-17
8316.90603622386  4.784761733225209E-17
8320.55943283284  4.881017432385555E-17
8324.21290322665  5.108855067690425E-17
8327.8664470886  4.808518691289978E-17
8331.5200641018  4.916373778744032E-17
8335.17375394922  4.591020151897530E-17
8338.82751631362  5.052488333773101E-17
8342.4813508776  4.016032018860894E-17
8346.13525732359  5.016978462692936E-17
8349.78923533381  6.211871628644571E-17
8353.44328459031  5.261967522562970E-17
8357.09740477494  4.181274911980406E-17
8360.75159556936  4.686086365337024E-17
8364.40585665504  4.620315249599463E-17
8368.06018771326  4.674062798825199E-17
8371.71458842507  4.786920012879483E-17
8375.36905847135  4.751220221130674E-17
8379.02359753276  5.140783246718237E-17
8382.67820528975  5.257013372438269E-17
8386.33288142255  4.818788304030945E-17
8389.9876256112  5.198315312682526E-17
8393.64243753551  5.281962463201848E-17
8397.29731687507  5.280355416707780E-17
8400.95226330925  4.134898203757010E-17
8404.6072765172  3.801399494854819E-17
8408.26235617783  4.570158325976697E-17
8411.91750196984  4.566156757045411E-17
8415.57271357167  4.465217230384545E-17
8419.22799066156  5.032264760412916E-17
8422.88333291749  4.793049090346255E-17
8426.5387400172  4.795339057154047E-17
8430.19421163819  4.916849242160127E-17
8433.84974745772  5.363898342469920E-17
8437.50534715279  5.035321689084667E-17
8441.16101040017  4.909821515675877E-17
8444.81673687634  4.624895514087291E-17
8448.47252625757  4.830803598736646E-17
8452.12837821983  4.472519911704408E-17
8455.78429243886  4.288432851614201E-17
8459.44026859011  5.010547960610949E-17
8463.09630634877  3.969905780926977E-17
8466.75240538978  4.410916462765134E-17
8470.40856538779  4.098411266937295E-17
8474.06478601716  4.914001093874984E-17
8477.72106695201  4.927495056643685E-17
8481.37740786615  4.672494464383797E-17
8485.03380843312  4.497491170908404E-17
8488.69026832616  4.427470662928035E-17
8492.34678721825  4.719106422773406E-17
8496.00336478206  4.509396285156512E-17
8499.66000068995  3.879100871131111E-17
8503.31669461402  4.567241687136835E-17
8506.97344622605  4.991459940795674E-17
8510.63025519751  4.292363944757299E-17
8514.2871211996  4.523624784309159E-17
8517.94404390317  4.482021569964683E-17
8521.60102297879  4.794727274373003E-17
8525.2580580967  4.816728624305689E-17
8528.91514892685  4.721863250318922E-17
8532.57229513884  4.896706401627726E-17
8536.22949640198  4.271112020459586E-17
8539.88675238523  4.523696583586328E-17
8543.54406275725  4.805520988750085E-17
8547.20142718635  4.296563706163353E-17
8550.85884534052  5.001106190227023E-17
8554.51631688742  4.552311407952498E-17
8558.17384149437  4.572648801364972E-17
8561.83141882834  4.392140786349161E-17
8565.48904855598  4.918108872796922E-17
8569.14673034358  4.603059269404871E-17
8572.80446385708  4.442799312295377E-17
8576.46224876209  5.008867460478485E-17
8580.12008472385  4.798050224329751E-17
8583.77797140725  4.348293596438949E-17
8587.43590847683  4.900885648954589E-17
8591.09389559676  4.809540093910358E-17
8594.75193243084  5.065559441812665E-17
8598.41001864254  4.771542725292122E-17
8602.06815389491  4.668923029371039E-17
8605.72633785067  4.795428392660204E-17
8609.38457017215  4.539071555067974E-17
8613.04285052131  4.312435978629265E-17
8616.70117855973  4.620975670600525E-17
8620.35955394859  4.580465658153599E-17
8624.01797634872  5.264475865052478E-17
8627.67644542054  3.907756061911173E-17
8631.33496082408  4.431933798641126E-17
8634.993522219  3.904997580004431E-17
8638.65212926453  4.687690764853132E-17
8642.31078161953  4.556552197516935E-17
8645.96947894246  4.202579444965078E-17
8649.62822089135  4.674280843634666E-17
8653.28700712386  4.051025398366582E-17
8656.94583729722  4.991138002101270E-17
8660.60471106826  4.836671948874343E-17
8664.26362809338  4.105771850900036E-17
8667.92258802857  4.768255840410080E-17
8671.58159052943  3.902987531115927E-17
8675.2406352511  3.950275130629869E-17
8678.89972184831  4.092734160957221E-17
8682.55884997537  3.929864945323490E-17
8686.21801928615  3.896917018036523E-17
8689.8772294341  4.296492568630672E-17
8693.53648007222  4.452716546095397E-17
8697.19577085308  4.310868305932355E-17
8700.85510142882  4.400553544051069E-17
8704.51447145112  4.326547349007176E-17
8708.17388057123  4.003353656176170E-17
8711.83332843994  4.204732761535677E-17
8715.49281470759  4.551373385137863E-17
8719.15233902407  4.126147956365178E-17
8722.81190103883  3.950760851085560E-17
8726.47150040083  4.158512555884172E-17
8730.13113675858  4.394747067023192E-17
8733.79080976015  4.249174859742435E-17
8737.45051905311  4.397445991925829E-17
8741.11026428458  4.312435647757019E-17
8744.7700451012  4.137070049173328E-17
8748.42986114914  4.204844596354493E-17
8752.08971207409  4.376147083769325E-17
8755.74959752126  4.311491338369730E-17
8759.40951713538  3.966576875269818E-17
8763.06947056068  3.780919826376987E-17
8766.72945744094  3.662895380472206E-17
8770.3894774194  3.431564065132155E-17
8774.04953013884  3.535543315108031E-17
8777.70961524154  3.896194393053396E-17
8781.36973236927  4.064120660080031E-17
8785.0298811633  4.500655633059785E-17
8788.69006126441  3.727552118488536E-17
8792.35027231287  4.512365863555578E-17
8796.01051394841  4.124591533324598E-17
8799.6707858103  3.961275971032334E-17
8803.33108753726  4.286347694726078E-17
8806.9914187675  4.151689970191835E-17
8810.6517791387  4.095800354051832E-17
8814.31216828805  4.260365951685788E-17
8817.97258585218  4.080533246922064E-17
8821.63303146721  3.805287574606064E-17
8825.29350476872  3.702159989788873E-17
8828.95400539177  4.158580384694403E-17
8832.61453297087  4.426337425488838E-17
8836.27508714  3.482843969154523E-17
8839.93566753259  4.509014458585758E-17
8843.59627378154  4.752448749776439E-17
8847.2569055192  4.017451791664281E-17
8850.91756237735  3.967871247492343E-17
8854.57824398725  3.883954436093326E-17
8858.23894997958  4.368176371386764E-17
8861.89967998448  3.928558330827902E-17
8865.56043363151  3.987413885772274E-17
8869.2212105497  3.635807531516809E-17
8872.88201036749  3.941097727169715E-17
8876.54283271274  4.012654144111473E-17
8880.20367721278  4.654057270274480E-17
8883.86454349433  3.725053371294135E-17
8887.52543118354  4.863271430396088E-17
8891.18633990602  3.217603873527965E-17
8894.84726928674  4.199202893704637E-17
8898.50821895013  4.333456954099952E-17
8902.16918852  4.054285151724530E-17
8905.83017761961  4.269071531324540E-17
8909.49118587159  4.458339389027289E-17
8913.152212898  4.069251495983576E-17
8916.8132583203  3.671628753379540E-17
8920.47432175933  4.409273682068603E-17
8924.13540283536  4.283856888465559E-17
8927.79650116803  2.930665176072915E-17
8931.45761637638  4.101907924822679E-17
8935.11874807884  4.371670382294188E-17
8938.77989589323  3.981593512110107E-17
8942.44105943675  3.907450335956772E-17
8946.10223832597  3.847580988453655E-17
8949.76343217687  3.775034932627041E-17
8953.42464060477  3.919031195404760E-17
8957.0858632244  3.574067101468097E-17
8960.74709964982  3.548904928978724E-17
8964.40834949449  3.631322227363302E-17
8968.06961237123  3.781661972822570E-17
8971.73088789222  4.049687020135472E-17
8975.39217566899  4.007171921883715E-17
8979.05347531244  4.215351113622896E-17
8982.71478643282  4.045540198288621E-17
8986.37610863974  3.750328371219060E-17
8990.03744154215  3.744369362086228E-17
8993.69878474834  3.809902249807374E-17
8997.36013786596  3.191958958433105E-17
9001.02150050201  3.609703696618105E-17
9004.68287226279  3.605623710964748E-17
9008.34425275399  3.596118082237534E-17
9012.00564158058  4.107532091243550E-17
9015.66703834689  3.945683616485709E-17
9019.32844265659  4.197254056181461E-17
9022.98985411264  3.732193925213938E-17
9026.65127231736  4.470605154022470E-17
9030.31269687235  4.102654041735202E-17
9033.97412737858  3.884817020036097E-17
9037.63556343629  3.732863941510106E-17
9041.29700464504  3.667867728570384E-17
9044.95845060372  3.680652962990249E-17
9048.61990091051  4.246373364443840E-17
9052.2813551629  4.134695379070810E-17
9055.94281295768  4.277203378490427E-17
9059.60427389094  4.313024269480913E-17
9063.26573755806  3.990900286618063E-17
9066.92720355373  4.484973943007006E-17
9070.58867147191  3.936414561413686E-17
9074.25014090587  4.257165093587452E-17
9077.91161144814  4.301636970296264E-17
9081.57308269056  4.388989228215333E-17
9085.23455422424  4.564297916772882E-17
9088.89602563956  4.077065705794241E-17
9092.55749652617  4.085157517418481E-17
9096.21896647302  4.089884027438609E-17
9099.88043506831  3.616730430485621E-17
9103.5419018995  4.422113841281142E-17
9107.20336655334  4.225047655635489E-17
9110.86482861581  4.471733097505746E-17
9114.52628767217  4.227533498812332E-17
9118.18774330694  4.329408070437628E-17
9121.84919510387  4.064124961419218E-17
9125.51064264599  4.044878453798578E-17
9129.17208551555  4.631718761524118E-17
9132.83352329408  3.991281451444327E-17
9136.49495556231  4.002982417517258E-17
9140.15638190026  4.430588802965115E-17
9143.81780188714  4.319673147244615E-17
9147.47921510143  4.049508349123160E-17
9151.14062112082  4.357975249200515E-17
9154.80201952224  4.131553747104334E-17
9158.46340988185  4.019942267052555E-17
9162.12479177504  3.696136129696016E-17
9165.78616477639  4.330628327277267E-17
9169.44752845973  3.654035283495027E-17
9173.10888239811  3.418613725462025E-17
9176.77022616376  4.054606428674446E-17
9180.43155932817  3.875921850600947E-17
9184.09288146199  4.369943229175177E-17
9187.7541921351  4.169089548940766E-17
9191.41549091659  4.525093195332564E-17
9195.07677737472  4.438798405108580E-17
9198.73805107699  4.562900643282158E-17
9202.39931159007  4.582113732806048E-17
9206.06055847981  4.953953255716806E-17
9209.72179131129  4.960507504018431E-17
9213.38300964873  5.057820670873864E-17
9217.04421305558  5.255594261379372E-17
9220.70540109443  5.379453308452858E-17
9224.36657332707  5.792531424494078E-17
9228.02772931448  6.002796765738117E-17
9231.68886861678  6.214577501864354E-17
9235.3499907933  5.286049397172350E-17
9239.01109540251  4.814611041937553E-17
9242.67218200204  4.963763286909440E-17
9246.33325014872  4.546089355384874E-17
9249.9942993985  4.680151179005832E-17
9253.65532930653  4.438512531488883E-17
9257.31633942706  5.091144469031174E-17
9260.97732931355  4.455234153007765E-17
9264.63829851857  4.940819612822934E-17
9268.29924659385  4.741633197831185E-17
9271.96017309027  4.390354737970535E-17
9275.62107755785  4.627587490672783E-17
9279.28195954575  4.777263175536294E-17
9282.94281860225  4.420493890769518E-17
9286.60365427478  4.500398545325404E-17
9290.26446610991  4.131700323508879E-17
9293.92525365331  3.965476394182878E-17
9297.58601644981  3.805216767945629E-17
9301.24675404333  4.760650080113778E-17
9304.90746597694  5.580908183556472E-17
9308.5681517928  4.857777296767510E-17
9312.22881103222  4.240528837107786E-17
9315.88944323559  2.528439173360022E-17
9319.55004794241  6.021569795176131E-17
9323.21062469132  3.805109234465997E-17
9326.87117302004  3.893906411479075E-17
9330.53169246539  4.157038189160357E-17
9334.1921825633  3.733586235620987E-17
9337.85264284879  4.808710597192090E-17
9341.51307285598  4.021801107325084E-17
9345.17347211807  4.012966487510773E-17
9348.83384016736  3.901296773943869E-17
9352.49417653524  3.923202501797743E-17
9356.15448075216  4.283286133842897E-17
9359.81475234767  4.460521491483204E-17
9363.4749908504  4.612942423363655E-17
9367.13519578805  6.691637045669817E-17
9370.79536668738  5.604265117077011E-17
9374.45550307425  -1.057074867014889E-17
9378.11560447355  5.002245383366631E-17
9381.77567040927  2.720109990742237E-17
9385.43570040444  1.999417797835203E-17
9389.09569398115  2.892870632140876E-17
9392.75565066055  3.772672173925343E-17
9396.41556996286  3.281758678348598E-17
9400.07545140733  4.993143087906098E-17
9403.73529451226  4.410570370396841E-17
9407.395098795  4.024826272261313E-17
9411.05486377197  4.234885810968950E-17
9414.71458895857  4.114753708863383E-17
9418.37427386931  5.052063493810495E-17
9422.03391801767  3.739656417828147E-17
9425.6935209162  3.528617497275247E-17
9429.35308207649  3.363183690870357E-17
9433.01260100912  3.088177900931997E-17
9436.67207722372  5.148282466151642E-17
9440.33151022893  4.924693230472844E-17
9443.99089953243  4.767220541155409E-17
9447.65024464089  2.566442332242546E-17
9451.30954506001  4.180770000934504E-17
9454.96880029451  4.538422052850998E-17
9458.62800984809  6.097234983656561E-17
9462.28717322348  5.063997063071674E-17
9465.9462899224  3.416464710230613E-17
9469.60535944559  5.316189211715823E-17
9473.26438129276  3.381398538831020E-17
9476.92335496265  5.176723582589176E-17
9480.58227995295  5.681922818216957E-17
9484.24115576038  2.892050068973224E-17
9487.89998188063  3.723264675937550E-17
9491.55875780836  3.997502842267461E-17
9495.21748303725  4.510238685892336E-17
9498.87615705992  4.221015646457660E-17
9502.53477936799  4.765653199330745E-17
9506.19334945205  3.137349817881335E-17
9509.85186680166  5.428129247906907E-17
9513.51033090535  4.212030479771863E-17
9517.16874125061  5.243339415168277E-17
9520.8270973239  5.631051872289436E-17
9524.48539861063  3.809781812310187E-17
9528.1436445952  3.903779308398262E-17
9531.80183476091  4.218767700424986E-17
9535.45996859008  3.779779640620644E-17
9539.11804556392  5.534200933960297E-17
9542.77606516262  5.980476124088987E-17
9546.43402686532  4.884138550272841E-17
9550.09193015007  6.107541654088972E-17
9553.7497744939  4.179179167180443E-17
9557.40755937273  2.802289061110400E-17
9561.06528426147  3.628427095219366E-17
9564.72294863391  5.673625865800806E-17
9568.3805519628  5.785283998839134E-17
9572.03809371981  5.314825025449599E-17
9575.69557337553  3.259554172857468E-17
9579.35299039947  3.671562909802781E-17
9583.01034426005  4.021510601493955E-17
9586.66763442463  3.738939086800940E-17
9590.32486035946  4.254182611170831E-17
9593.98202152971  4.163967646587837E-17
9597.63911739946  4.366740385843372E-17
9601.29614743169  4.826790780149029E-17
9604.95311108828  3.772232113839464E-17
9608.61000783001  2.689277826026057E-17
9612.26683711656  3.237364556617366E-17
9615.92359840651  3.483502735794359E-17
9619.58029115733  4.263504936674303E-17
9623.23691482536  3.995263168040913E-17
9626.89346886585  3.341252816725861E-17
9630.54995273292  3.912221513729980E-17
9634.20636587957  4.039493838883102E-17
9637.8627077577  3.478554541370068E-17
9641.51897781806  3.285545180320621E-17
9645.17517551027  3.451242361032547E-17
9648.83130028286  3.286242659013125E-17
9652.48735158317  4.028670346003968E-17
9656.14332885745  3.231027029636230E-17
9659.7992315508  3.066419411227157E-17
9663.45505910717  3.413144738124069E-17
9667.11081096938  4.138225124180697E-17
9670.76648657909  4.660053667970999E-17
9674.42208537682  3.707370896775711E-17
9678.07760680195  3.497505249203658E-17
9681.73305029268  4.400803021723815E-17
9685.38841528608  3.226977484229415E-17
9689.04370121804  4.260893692916595E-17
9692.6989075233  3.900153279465075E-17
9696.35403363545  4.319034894683968E-17
9700.00907898687  4.105554467835059E-17
9703.66404300882  4.501739901406721E-17
9707.31892513134  3.720559464462258E-17
9710.97372478335  4.108911828505289E-17
9714.62844139254  3.262471804314066E-17
9718.28307438544  3.777378169866279E-17
