3530.6748224769  -2.892047E-17
3533.45193034895  5.235001E-17
3536.229038221  9.522209E-17
3539.00614609304  8.207706E-17
3541.78325396509  -1.432306E-17
3544.56036183713  -4.328613E-17
3547.33746970918  -5.307561E-18
3550.11457758122  3.752653E-17
3552.89168545327  -5.965044E-17
3555.66879332532  -3.247211E-17
3558.44590119736  -1.026443E-17
3561.22300906941  2.106145E-17
3564.00011694145  3.730800E-17
3566.7772248135  3.649891E-17
3569.55433268555  6.116258E-17
3572.33144055759  -6.525344E-18
3575.10854842964  1.612379E-17
3577.88565630168  6.456910E-17
3580.66276417373  -3.666373E-17
3583.43987204577  -1.079028E-17
3586.21697991782  -1.216235E-17
3588.99408778987  -2.779023E-18
3591.77119566191  -2.646660E-17
3594.54830353396  -1.781668E-17
3597.325411406  6.153714E-18
3600.10251927805  -9.926270E-18
3602.8796271501  -2.906612E-17
3605.65673502214  -9.958676E-18
3608.43384289419  2.453398E-17
3611.21095076623  2.221089E-18
3613.98805863828  -8.563710E-18
3616.76516651032  1.030404E-17
3619.54227438237  2.260828E-17
3622.31938225442  -1.532256E-17
3625.09649012646  1.434231E-17
3627.87359799851  5.925297E-17
3630.65070587055  3.511564E-17
3633.4278137426  1.588263E-18
3636.20492161464  -1.376724E-17
3638.98202948669  -1.812450E-17
3641.75913735874  -9.241231E-19
3644.53624523078  -3.437511E-18
3647.31335310283  6.802440E-19
3650.09046097487  6.877617E-18
3652.86756884692  8.158189E-18
3655.64467671897  1.834925E-18
3658.42178459101  8.007766E-18
3661.19889246306  9.420720E-18
3663.9760003351  1.821243E-17
3666.75310820715  5.207554E-18
3669.53021607919  2.760833E-18
3672.30732395124  1.176778E-17
3675.08443182329  8.068229E-18
3677.86153969533  5.341761E-18
3680.63864756738  -3.346586E-18
3683.41575543942  1.225626E-18
3686.19286331147  1.784100E-17
3688.96997118351  1.691199E-17
3691.74707905556  2.635907E-17
3694.52418692761  6.765934E-18
3697.30129479965  -5.806737E-19
3700.0784026717  -7.096124E-19
3702.85551054374  1.559984E-17
3705.63261841579  6.335409E-18
3708.40972628784  -3.984325E-18
3711.18683415988  1.022992E-17
3713.96394203193  2.234651E-17
3716.74104990397  1.214217E-17
3719.51815777602  1.028428E-17
3722.29526564806  5.390768E-18
3725.07237352011  1.178877E-17
3727.84948139216  6.518337E-18
3730.6265892642  -2.460196E-18
3733.40369713625  7.370713E-18
3736.18080500829  8.185937E-18
3738.95791288034  -5.519369E-19
3741.73502075239  7.423470E-18
3744.51212862443  1.090306E-17
3747.28923649648  1.226341E-17
3750.06634436852  5.467544E-18
3752.84345224057  2.423648E-17
3755.62056011261  1.151927E-17
3758.39766798466  1.289262E-18
3761.17477585671  -5.465189E-18
3763.95188372875  -4.469365E-18
3766.7289916008  6.973046E-18
3769.50609947284  1.163357E-17
3772.28320734489  4.862204E-18
3775.06031521693  1.828333E-17
3777.83742308898  1.357353E-17
3780.61453096103  1.557020E-17
3783.39163883307  8.579397E-18
3786.16874670512  1.081762E-17
3788.94585457716  5.719735E-18
3791.72296244921  8.087217E-18
3794.50007032126  -2.779121E-18
3797.2771781933  7.752885E-18
3800.05428606535  1.009448E-18
3802.83139393739  -1.450780E-18
3805.60850180944  7.327154E-18
3808.38560968148  1.056867E-17
3811.16271755353  1.244091E-17
3813.93982542558  3.345962E-18
3816.71693329762  1.695236E-19
3819.49404116967  1.005209E-17
3822.27114904171  3.151007E-18
3825.04825691376  4.455651E-18
3827.82536478581  -3.339768E-19
3830.60247265785  1.107824E-17
3833.3795805299  1.216648E-17
3836.15668840194  8.413879E-18
3838.93379627399  8.307669E-18
3841.71090414603  1.032121E-17
3844.48801201808  -3.489044E-18
3847.26511989013  3.067997E-18
3850.04222776217  1.073391E-17
3852.81933563422  4.319724E-18
3855.59644350626  3.875534E-18
3858.37355137831  -3.440262E-18
3861.15065925035  5.824068E-18
3863.9277671224  1.420234E-17
3866.70487499445  8.226088E-18
3869.48198286649  4.178469E-18
3872.25909073854  7.280176E-18
3875.03619861058  1.049358E-17
3877.81330648263  7.499032E-18
3880.59041435468  -2.628647E-18
3883.36752222672  6.487619E-18
3886.14463009877  1.160116E-17
3888.92173797081  1.735500E-18
3891.69884584286  2.179245E-18
3894.4759537149  1.020106E-17
3897.25306158695  1.278515E-17
3900.030169459  1.595594E-17
3902.80727733104  7.299387E-18
3905.58438520309  7.363293E-18
3908.36149307513  3.672492E-18
3911.13860094718  8.525958E-18
3913.91570881923  -3.938657E-18
3916.69281669127  1.795170E-18
3919.46992456332  9.363893E-18
3922.24703243536  3.192648E-18
3925.02414030741  8.616496E-18
3927.80124817945  1.030801E-17
3930.5783560515  -2.244413E-19
3933.35546392355  1.111768E-17
3936.13257179559  8.191551E-18
3938.90967966764  5.993824E-18
3941.68678753968  5.380915E-18
3944.46389541173  7.588658E-18
3947.24100328377  1.415796E-17
3950.01811115582  1.405724E-17
3952.79521902787  6.602788E-18
3955.57232689991  8.158567E-18
3958.34943477196  6.544006E-19
3961.126542644  3.238139E-18
3963.90365051605  3.854524E-18
3966.6807583881  9.750543E-18
3969.45786626014  9.544141E-18
3972.23497413219  9.683982E-18
3975.01208200423  7.548586E-18
3977.78918987628  2.531676E-18
3980.56629774832  6.629051E-18
3983.34340562037  9.286573E-18
3986.12051349242  -2.240244E-18
3988.89762136446  5.147798E-18
3991.67472923651  3.738581E-18
3994.45183710855  2.899395E-19
3997.2289449806  -2.894308E-19
4000.00605285265  5.580441E-18
4002.78316072469  8.071346E-18
4005.56026859674  3.483793E-18
4008.33737646878  4.466114E-18
4011.11448434083  3.761402E-18
4013.89159221287  8.851886E-18
4016.66870008492  9.832728E-18
4019.44580795697  1.046635E-17
4022.22291582901  6.531522E-18
4025.00002370106  1.094348E-17
4027.7771315731  1.090767E-17
4030.55423944515  1.732978E-17
4033.3313473172  1.340077E-17
4036.10845518924  1.110413E-17
4038.88556306129  4.849190E-18
4041.66267093333  5.153976E-18
4044.43977880538  5.883386E-18
4047.21688667742  1.070351E-17
4049.99399454947  1.680228E-17
4052.77110242152  -4.942506E-20
4055.54821029356  9.713381E-18
4058.32531816561  1.452617E-17
4061.10242603765  4.077789E-18
4063.8795339097  1.363040E-17
4066.65664178174  8.972278E-18
4069.43374965379  5.639619E-18
4072.21085752584  1.240680E-17
4074.98796539788  8.779243E-18
4077.76507326993  1.257129E-17
4080.54218114197  9.408651E-18
4083.31928901402  3.461814E-18
4086.09639688607  5.653837E-18
4088.87350475811  1.341183E-17
4091.65061263016  9.447162E-18
4094.4277205022  4.287004E-18
4097.20482837425  4.183157E-18
4099.98193624629  9.862408E-18
4102.75904411834  1.930418E-17
4105.53615199039  1.087322E-17
4108.31325986243  3.128895E-18
4111.09036773448  3.815055E-18
4113.86747560652  1.843242E-17
4116.64458347857  1.257216E-17
4119.42169135061  1.332389E-17
4122.19879922266  1.466001E-17
4124.97590709471  2.141627E-17
4127.75301496675  1.549135E-17
4130.5301228388  8.502944E-18
4133.30723071084  1.057938E-17
4136.08433858289  9.739954E-18
4138.86144645494  6.684576E-18
4141.63855432698  1.699833E-17
4144.41566219903  2.095197E-17
4147.19277007107  1.351859E-17
4149.96987794312  9.873799E-18
4152.74698581516  1.130118E-17
4155.52409368721  7.170188E-18
4158.30120155926  1.301930E-17
4161.0783094313  1.394039E-17
4163.85541730335  1.414361E-17
4166.63252517539  6.847411E-18
4169.40963304744  9.114960E-18
4172.18674091948  9.107475E-18
4174.96384879153  9.930024E-18
4177.74095666358  1.298059E-17
4180.51806453562  1.186693E-17
4183.29517240767  1.486715E-17
4186.07228027971  8.871171E-18
4188.84938815176  -2.159557E-19
4191.62649602381  1.245641E-17
4194.40360389585  1.233554E-17
4197.1807117679  1.351740E-17
4199.95781963994  9.263179E-18
4202.73492751199  1.291779E-17
4205.51203538403  8.897647E-18
4208.28914325608  8.781508E-18
4211.06625112813  8.990136E-18
4213.84335900017  7.470991E-18
4216.62046687222  1.175117E-17
4219.39757474426  1.079745E-17
4222.17468261631  1.103350E-17
4224.95179048836  1.270531E-17
4227.7288983604  1.168367E-17
4230.50600623245  1.656168E-17
4233.28311410449  1.102771E-17
4236.06022197654  1.324439E-17
4238.83732984858  1.469086E-17
4241.61443772063  7.210530E-18
4244.39154559267  1.446245E-17
4247.16865346472  1.947637E-17
4249.94576133677  1.579138E-17
4252.72286920881  1.553527E-17
4255.49997708086  1.379939E-17
4258.2770849529  1.686341E-17
4261.05419282495  1.929014E-17
4263.831300697  1.656644E-17
4266.60840856904  1.822262E-17
4269.38551644109  2.049145E-17
4272.16262431313  1.597023E-17
4274.93973218518  1.175120E-17
4277.71684005722  1.232058E-17
4280.49394792927  2.020022E-17
4283.27105580132  1.766150E-17
4286.04816367336  1.814197E-17
4288.82527154541  1.598572E-17
4291.60237941745  1.479934E-17
4294.3794872895  1.105505E-17
4297.15659516155  1.170842E-17
4299.93370303359  1.876897E-17
4302.71081090564  1.618374E-17
4305.48791877768  1.346887E-17
4308.26502664973  1.621100E-17
4311.04213452177  1.691239E-17
4313.81924239382  1.208850E-17
4316.59635026587  1.979999E-17
4319.37345813791  1.500507E-17
4322.15056600996  1.344693E-17
4324.927673882  1.792826E-17
4327.70478175405  1.662312E-17
4330.4818896261  9.107498E-18
4333.25899749814  1.289771E-17
4336.03610537019  1.345779E-17
4338.81321324223  8.930806E-18
4341.59032111428  1.848769E-17
4344.36742898633  2.478132E-17
4347.14453685837  1.918047E-17
4349.92164473042  1.193123E-17
4352.69875260246  1.716097E-17
4355.47586047451  1.309312E-17
4358.25296834655  1.040971E-17
4361.0300762186  9.744163E-18
4363.80718409064  1.329274E-17
4366.58429196269  1.248463E-17
4369.36139983474  1.324495E-17
4372.13850770678  1.014966E-17
4374.91561557883  8.720343E-18
4377.69272345087  1.199079E-17
4380.46983132292  1.359303E-17
4383.24693919497  1.508800E-17
4386.02404706701  1.458354E-17
4388.80115493906  1.151352E-17
4391.5782628111  9.595749E-18
4394.35537068315  1.252592E-17
4397.13247855519  1.326925E-17
4399.90958642724  1.246813E-17
4402.68669429929  1.363840E-17
4405.46380217133  1.523546E-17
4408.24091004338  1.699174E-17
4411.01801791542  1.229961E-17
4413.79512578747  1.118703E-17
4416.57223365952  1.410179E-17
4419.34934153156  1.045859E-17
4422.12644940361  9.935964E-18
4424.90355727565  1.413238E-17
4427.6806651477  1.417313E-17
4430.45777301975  1.334535E-17
4433.23488089179  1.291554E-17
4436.01198876384  1.053251E-17
4438.78909663588  7.039848E-18
4441.56620450793  5.053273E-18
4444.34331237997  5.527166E-18
4447.12042025202  3.155792E-18
4449.89752812407  5.436889E-18
4452.67463599611  8.700286E-18
4455.45174386816  7.704108E-18
4458.2288517402  1.050266E-17
4461.00595961225  1.331703E-17
4463.7830674843  1.436113E-17
4466.56017535634  1.141623E-17
4469.33728322839  1.117727E-17
4472.11439110043  1.520922E-17
4474.89149897248  1.205907E-17
4477.66860684452  8.634504E-18
4480.44571471657  6.584419E-18
4483.22282258861  6.785430E-18
4485.99993046066  8.437820E-18
4488.77703833271  5.166822E-18
4491.55414620475  6.035564E-18
4494.3312540768  1.084283E-17
4497.10836194884  1.225772E-17
4499.88546982089  9.452231E-18
4502.66257769294  5.321884E-18
4505.43968556498  9.082580E-18
4508.21679343703  7.790315E-18
4510.99390130907  8.139334E-18
4513.77100918112  6.838784E-18
4516.54811705316  5.086542E-18
4519.32522492521  9.107718E-18
4522.10233279726  1.002869E-17
4524.8794406693  4.881091E-18
4527.65654854135  9.552039E-18
4530.43365641339  9.124938E-18
4533.21076428544  7.409580E-18
4535.98787215749  8.755569E-18
4538.76498002953  1.362675E-17
4541.54208790158  1.009901E-17
4544.31919577362  1.049647E-17
4547.09630364567  7.991126E-18
4549.87341151771  6.549589E-18
4552.65051938976  9.098639E-18
4555.42762726181  9.902614E-18
4558.20473513385  1.150153E-17
4560.9818430059  1.528632E-17
4563.75895087794  1.314996E-17
4566.53605874999  1.429177E-17
4569.31316662203  1.534886E-17
4572.09027449408  9.871264E-18
4574.86738236613  7.501598E-18
4577.64449023817  1.098496E-17
4580.42159811022  1.071184E-17
4583.19870598226  7.670246E-18
4585.97581385431  6.995950E-18
4588.75292172636  1.316027E-17
4591.5300295984  1.089148E-17
4594.30713747045  8.107315E-18
4597.08424534249  8.316999E-18
4599.86135321454  1.235011E-17
4602.63846108658  2.284933E-17
4605.41556895863  1.749369E-17
4608.19267683068  1.460084E-17
4610.96978470272  1.618174E-17
4613.74689257477  1.704677E-17
4616.52400044681  1.505649E-17
4619.30110831886  1.842292E-17
4622.0782161909  1.533120E-17
4624.85532406295  1.642709E-17
4627.632431935  1.867659E-17
4630.40953980704  2.016259E-17
4633.18664767909  1.995121E-17
4635.96375555113  1.449802E-17
4638.74086342318  2.537911E-17
4641.51797129523  2.363095E-17
4644.29507916727  1.553837E-17
4647.07218703932  1.955050E-17
4649.84929491136  1.816052E-17
4652.62640278341  1.333049E-17
4655.40351065545  2.195151E-17
4658.1806185275  2.235487E-17
4660.95772639955  2.407944E-17
4663.73483427159  2.403899E-17
4666.51194214364  1.960356E-17
4669.28905001568  1.859114E-17
4672.06615788773  2.083736E-17
4674.84326575977  1.927304E-17
4677.62037363182  1.847959E-17
4680.39748150387  2.116639E-17
4683.17458937591  2.583876E-17
4685.95169724796  2.966246E-17
4688.72880512001  2.251693E-17
4691.50591299205  1.947955E-17
4694.2830208641  2.358491E-17
4697.06012873614  1.990210E-17
4699.83723660819  2.333204E-17
4702.61434448023  2.014230E-17
4705.39145235228  2.533300E-17
4708.16856022432  2.378621E-17
4710.94566809637  2.357348E-17
4713.72277596842  2.465732E-17
4716.49988384046  3.039643E-17
4719.27699171251  2.052179E-17
4722.05409958455  2.830618E-17
4724.8312074566  2.512013E-17
4727.60831532865  2.279301E-17
4730.38542320069  2.115537E-17
4733.16253107274  1.721289E-17
4735.93963894478  1.623895E-17
4738.71674681683  1.744805E-17
4741.49385468887  2.124074E-17
4744.27096256092  2.361341E-17
4747.04807043297  2.089956E-17
4749.82517830501  2.283510E-17
4752.60228617706  1.978841E-17
4755.3793940491  1.458189E-17
4758.15650192115  1.744866E-17
4760.9336097932  2.410034E-17
4763.71071766524  2.137633E-17
4766.48782553729  1.525057E-17
4769.26493340933  1.734625E-17
4772.04204128138  2.326725E-17
4774.81914915342  2.064203E-17
4777.59625702547  1.776498E-17
4780.37336489752  2.070057E-17
4783.15047276956  1.858902E-17
4785.92758064161  1.689787E-17
4788.70468851365  1.982198E-17
4791.4817963857  1.811273E-17
4794.25890425774  1.937083E-17
4797.03601212979  2.106908E-17
4799.81312000184  2.030388E-17
4802.59022787388  1.776128E-17
4805.36733574593  1.964894E-17
4808.14444361797  1.582861E-17
4810.92155149002  2.029613E-17
4813.69865936207  1.705694E-17
4816.47576723411  1.402630E-17
4819.25287510616  2.083854E-17
4822.0299829782  2.241827E-17
4824.80709085025  1.835390E-17
4827.58419872229  1.834131E-17
4830.36130659434  2.040821E-17
4833.13841446639  2.658789E-17
4835.91552233843  2.053602E-17
4838.69263021048  1.825840E-17
4841.46973808252  1.587814E-17
4844.24684595457  1.498852E-17
4847.02395382662  1.982209E-17
4849.80106169866  1.594513E-17
4852.57816957071  2.181532E-17
4855.35527744275  2.072770E-17
4858.1323853148  1.651307E-17
4860.90949318684  2.605323E-17
4863.68660105889  2.224659E-17
4866.46370893094  2.463333E-17
4869.24081680298  2.310763E-17
4872.01792467503  2.560307E-17
4874.79503254707  2.902129E-17
4877.57214041912  2.603375E-17
4880.34924829116  1.718714E-17
4883.12635616321  2.236542E-17
4885.90346403526  2.805994E-17
4888.6805719073  1.954479E-17
4891.45767977935  1.802147E-17
4894.23478765139  2.019981E-17
4897.01189552344  2.626120E-17
4899.78900339549  2.366962E-17
4902.56611126753  2.217956E-17
4905.34321913958  2.149765E-17
4908.12032701162  1.894872E-17
4910.89743488367  1.014277E-17
4913.67454275571  1.561088E-17
4916.45165062776  2.248011E-17
4919.22875849981  1.928601E-17
4922.00586637185  2.199219E-17
4924.7829742439  2.573025E-17
4927.56008211594  2.290778E-17
4930.33718998799  2.080963E-17
4933.11429786004  1.982411E-17
4935.89140573208  1.865186E-17
4938.66851360413  1.958792E-17
4941.44562147617  2.244109E-17
4944.22272934822  1.789409E-17
4946.99983722026  1.510476E-17
4949.77694509231  1.588246E-17
4952.55405296436  1.953761E-17
4955.3311608364  1.688395E-17
4958.10826870845  2.051368E-17
4960.88537658049  2.574905E-17
4963.66248445254  1.913182E-17
4966.43959232459  2.063389E-17
4969.21670019663  2.292585E-17
4971.99380806868  2.336644E-17
4974.77091594072  1.918705E-17
4977.54802381277  1.913763E-17
4980.32513168481  1.903010E-17
4983.10223955686  1.900105E-17
4985.8793474289  2.300133E-17
4988.65645530095  2.147651E-17
4991.433563173  1.479628E-17
4994.21067104504  1.333467E-17
4996.98777891709  1.566923E-17
4999.76488678914  1.479798E-17
5002.54199466118  1.453674E-17
5005.31910253323  1.810863E-17
5008.09621040527  1.582392E-17
5010.87331827732  1.297781E-17
5013.65042614937  1.107832E-17
5016.42753402141  1.350972E-17
5019.20464189346  2.032973E-17
5021.9817497655  2.298604E-17
5024.75885763755  2.178737E-17
5027.53596550959  1.944527E-17
5030.31307338164  1.224757E-17
5033.09018125368  1.025052E-17
5035.86728912573  1.617823E-17
5038.64439699778  1.849549E-17
5041.42150486982  1.640771E-17
5044.19861274187  8.628616E-18
5046.97572061391  1.278134E-17
5049.75282848596  1.865514E-17
5052.52993635801  2.021487E-17
5055.30704423005  2.280214E-17
5058.0841521021  1.537247E-17
5060.86125997414  1.364191E-17
5063.63836784619  1.910459E-17
5066.41547571823  1.879713E-17
5069.19258359028  1.817216E-17
5071.96969146233  1.791815E-17
5074.74679933437  1.801239E-17
5077.52390720642  1.212008E-17
5080.30101507846  7.395955E-18
5083.07812295051  1.164041E-17
5085.85523082255  1.153841E-17
5088.6323386946  7.557414E-18
5091.40944656665  1.186349E-17
5094.18655443869  1.770874E-17
5096.96366231074  1.854443E-17
5099.74077018278  8.225242E-18
5102.51787805483  8.834062E-18
5105.29498592687  1.403135E-17
5108.07209379892  1.130641E-17
5110.84920167097  1.288670E-17
5113.62630954301  1.237211E-17
5116.40341741506  9.250844E-18
5119.1805252871  1.276855E-17
5121.95763315915  1.141423E-17
5124.7347410312  8.747868E-18
5127.51184890324  1.080020E-17
5130.28895677529  1.008861E-17
5133.06606464733  1.363247E-17
5135.84317251938  1.445493E-17
5138.62028039143  1.419898E-17
5141.39738826347  1.146857E-17
5144.17449613552  1.380968E-17
5146.95160400756  1.613052E-17
5149.72871187961  1.385639E-17
5152.50581975165  1.442388E-17
5155.2829276237  9.313621E-18
5158.06003549575  9.092227E-18
5160.83714336779  1.240399E-17
5163.61425123984  1.269826E-17
5166.39135911188  1.023821E-17
5169.16846698393  6.882080E-18
5171.94557485597  1.421338E-17
5174.72268272802  1.237751E-17
5177.49979060007  1.166991E-17
5180.27689847211  1.390969E-17
5183.05400634416  1.121282E-17
5185.8311142162  1.208014E-17
5188.60822208825  1.579760E-17
5191.3853299603  1.059779E-17
5194.16243783234  1.017361E-17
5196.93954570439  1.668711E-17
5199.71665357643  1.783416E-17
5202.49376144848  1.583316E-17
5205.27086932052  1.693571E-17
5208.04797719257  1.549148E-17
5210.82508506462  1.644850E-17
5213.60219293666  1.638660E-17
5216.37930080871  1.628261E-17
5219.15640868075  1.469808E-17
5221.9335165528  1.612056E-17
5224.71062442485  1.119282E-17
5227.48773229689  1.293739E-17
5230.26484016894  1.932004E-17
5233.04194804098  1.550622E-17
5235.81905591303  1.704253E-17
5238.59616378507  9.966124E-18
5241.37327165712  1.564756E-17
5244.15037952917  1.682984E-17
5246.92748740121  9.566752E-18
5249.70459527326  1.650937E-17
5252.4817031453  1.617295E-17
5255.25881101735  1.649423E-17
5258.03591888939  1.152067E-17
5260.81302676144  1.541875E-17
5263.59013463349  1.902857E-17
5266.36724250553  1.046567E-17
5269.14435037758  1.546496E-17
5271.92145824963  2.192084E-17
5274.69856612167  1.280870E-17
5277.47567399372  1.767474E-17
5280.25278186576  1.872237E-17
5283.02988973781  1.590194E-17
5285.80699760985  1.147141E-17
5288.5841054819  1.176972E-17
5291.36121335394  1.379425E-17
5294.13832122599  1.760156E-17
5296.91542909804  1.807402E-17
5299.69253697008  1.789220E-17
5302.46964484213  1.345342E-17
5305.24675271417  1.239026E-17
5308.02386058622  1.433271E-17
5310.80096845827  1.383369E-17
5313.57807633031  8.853430E-18
5316.35518420236  1.861516E-17
5319.1322920744  1.519661E-17
5321.90939994645  1.752722E-17
5324.68650781849  1.908991E-17
5327.46361569054  1.419794E-17
5330.24072356259  1.305705E-17
5333.01783143463  1.696780E-17
5335.79493930668  1.452149E-17
5338.57204717872  1.211822E-17
5341.34915505077  1.429283E-17
5344.12626292282  1.715694E-17
5346.90337079486  1.491385E-17
5349.68047866691  1.498801E-17
5352.45758653895  1.718612E-17
5355.234694411  1.998296E-17
5358.01180228304  1.968854E-17
5360.78891015509  2.040362E-17
5363.56601802714  2.222607E-17
5366.34312589918  2.456705E-17
5369.12023377123  1.552353E-17
5371.89734164327  1.390547E-17
5374.67444951532  1.669092E-17
5377.45155738736  1.626444E-17
5380.22866525941  1.898724E-17
5383.00577313146  1.879579E-17
5385.7828810035  1.945553E-17
5388.55998887555  1.769429E-17
5391.33709674759  1.646299E-17
5394.11420461964  1.439679E-17
5396.89131249168  1.483840E-17
5399.66842036373  1.905869E-17
5402.44552823578  1.566806E-17
5405.22263610782  1.945090E-17
5407.99974397987  1.678298E-17
5410.77685185191  1.527172E-17
5413.55395972396  1.710200E-17
5416.33106759601  1.851263E-17
5419.10817546805  2.148357E-17
5421.8852833401  1.995452E-17
5424.66239121214  1.994501E-17
5427.43949908419  1.875306E-17
5430.21660695623  2.097925E-17
5432.99371482828  1.751198E-17
5435.77082270033  1.523520E-17
5438.54793057237  1.448358E-17
5441.32503844442  1.820184E-17
5444.10214631646  1.825249E-17
5446.87925418851  1.915775E-17
5449.65636206056  2.129695E-17
5452.4334699326  1.601556E-17
5455.21057780465  1.241997E-17
5457.98768567669  1.289615E-17
5460.76479354874  1.446096E-17
5463.54190142078  2.127900E-17
5466.31900929283  1.613144E-17
5469.09611716487  1.819102E-17
5471.87322503692  1.964168E-17
5474.65033290897  1.506041E-17
5477.42744078101  1.849841E-17
5480.20454865306  1.398519E-17
5482.98165652511  1.475105E-17
5485.75876439715  1.683269E-17
5488.5358722692  1.152186E-17
5491.31298014124  1.785781E-17
5494.09008801329  1.479108E-17
5496.86719588533  1.787424E-17
5499.64430375738  1.851616E-17
5502.42141162943  1.449859E-17
5505.19851950147  1.484759E-17
5507.97562737352  1.549107E-17
5510.75273524556  1.287856E-17
5513.52984311761  1.401893E-17
5516.30695098965  1.754897E-17
5519.0840588617  1.366323E-17
5521.86116673374  1.537163E-17
5524.63827460579  1.664783E-17
5527.41538247784  1.627583E-17
5530.19249034988  1.546058E-17
5532.96959822193  1.566401E-17
5535.74670609398  1.531483E-17
5538.52381396602  1.627524E-17
5541.30092183807  1.379009E-17
5544.07802971011  1.360361E-17
5546.85513758216  1.569344E-17
5549.6322454542  1.605519E-17
5552.40935332625  1.720253E-17
5555.18646119829  1.332477E-17
5557.96356907034  1.711476E-17
5560.74067694239  1.895342E-17
5563.51778481443  1.671584E-17
5566.29489268648  1.260927E-17
5569.07200055852  1.406486E-17
5571.84910843057  1.492351E-17
5574.62621630262  9.647591E-18
5577.40332417466  6.904032E-18
5580.18043204671  1.427016E-17
5582.95753991875  1.445213E-17
5585.7346477908  9.635349E-18
5588.51175566285  1.160288E-17
5591.28886353489  1.590852E-17
5594.06597140694  1.458797E-17
5596.84307927898  1.407148E-17
5599.62018715103  1.224673E-17
5602.39729502307  1.632985E-17
5605.17440289512  1.625080E-17
5607.95151076716  1.096324E-17
5610.72861863921  1.646934E-17
5613.50572651126  2.170995E-17
5616.2828343833  1.451512E-17
5619.05994225535  1.165884E-17
5621.8370501274  1.435583E-17
5624.61415799944  1.470206E-17
5627.39126587149  1.542111E-17
5630.16837374353  1.458102E-17
5632.94548161558  1.623071E-17
5635.72258948762  1.090869E-17
5638.49969735967  9.746910E-18
5641.27680523172  1.444033E-17
5644.05391310376  9.643287E-18
5646.83102097581  6.528573E-18
5649.60812884785  8.450607E-18
5652.3852367199  9.037511E-18
5655.16234459194  1.001724E-17
5657.93945246399  1.417333E-17
5660.71656033604  1.396237E-17
5663.49366820808  1.336600E-17
5666.27077608013  9.398539E-18
5669.04788395217  1.193511E-17
5671.82499182422  1.594789E-17
5674.60209969627  1.201306E-17
5677.37920756831  1.198085E-17
5680.15631544036  7.047756E-18
5682.9334233124  1.030927E-17
5685.71053118445  1.341938E-17
5688.48763905649  8.791880E-18
5691.26474692854  1.388230E-17
5694.04185480059  1.729055E-17
5696.81896267263  1.617337E-17
5699.59607054468  1.223011E-17
5702.37317841672  7.561337E-18
5705.15028628877  9.627246E-18
5707.92739416082  1.314655E-17
5710.70450203286  1.210354E-17
5713.48160990491  1.473991E-17
5716.25871777695  1.731088E-17
5719.035825649  1.316337E-17
5721.81293352104  1.536431E-17
5724.59004139309  1.297070E-17
5727.36714926514  1.126245E-17
5730.14425713718  1.490830E-17
5732.92136500923  1.460957E-17
5735.69847288127  1.384509E-17
5738.47558075332  1.432120E-17
5741.25268862537  1.616867E-17
5744.02979649741  1.443700E-17
5746.80690436946  9.618436E-18
5749.5840122415  1.190098E-17
5752.36112011355  1.906316E-17
5755.13822798559  1.639823E-17
5757.91533585764  1.203726E-17
5760.69244372969  1.030526E-17
5763.46955160173  1.362188E-17
5766.24665947378  1.096626E-17
5769.02376734582  8.869593E-18
5771.80087521787  1.114430E-17
5774.57798308992  7.743209E-18
5777.35509096196  8.963380E-18
5780.13219883401  1.430396E-17
5782.90930670605  1.054636E-17
5785.6864145781  9.274529E-18
5788.46352245014  1.258184E-17
5791.24063032219  1.191470E-17
5794.01773819423  1.246046E-17
5796.79484606628  9.842427E-18
5799.57195393833  8.179518E-18
5802.34906181037  1.137054E-17
5805.12616968242  1.222863E-17
5807.90327755446  1.141925E-17
5810.68038542651  5.976405E-18
5813.45749329856  6.353857E-18
5816.2346011706  7.875795E-18
5819.01170904265  4.456692E-18
5821.78881691469  1.184663E-17
5824.56592478674  1.460004E-17
5827.34303265878  1.480965E-17
5830.12014053083  9.433841E-18
5832.89724840288  1.055732E-17
5835.67435627492  1.469454E-17
5838.45146414697  1.330632E-17
5841.22857201901  1.120369E-17
5844.00567989106  1.181273E-17
5846.78278776311  3.751267E-18
5849.55989563515  4.886124E-18
5852.3370035072  5.380498E-18
5855.11411137924  3.222759E-18
5857.89121925129  9.157488E-18
5860.66832712333  1.502516E-17
5863.44543499538  1.515715E-17
5866.22254286742  1.225586E-17
5868.99965073947  1.052928E-17
5871.77675861152  1.229310E-17
5874.55386648356  1.553322E-17
5877.33097435561  9.255981E-18
5880.10808222766  9.318668E-18
5882.8851900997  1.658867E-17
5885.66229797175  1.090377E-17
5888.43940584379  8.742922E-18
5891.21651371584  1.331438E-17
5893.99362158788  9.628887E-18
5896.77072945993  6.824652E-18
5899.54783733197  1.086481E-17
5902.32494520402  1.145979E-17
5905.10205307607  1.082595E-17
5907.87916094811  8.545504E-18
5910.65626882016  1.141262E-17
5913.4333766922  1.214642E-17
5916.21048456425  8.080355E-18
5918.9875924363  9.974593E-18
5921.76470030834  1.050742E-17
5924.54180818039  1.517354E-17
5927.31891605243  6.214194E-18
5930.09602392448  8.252551E-18
5932.87313179652  1.060141E-17
5935.65023966857  1.267118E-17
5938.42734754062  1.337954E-17
5941.20445541266  1.190821E-17
5943.98156328471  9.967406E-18
5946.75867115675  9.702875E-18
5949.5357790288  7.194489E-18
5952.31288690085  7.191067E-18
5955.08999477289  7.567154E-18
5957.86710264494  9.297899E-18
5960.64421051698  1.572103E-17
5963.42131838903  1.219425E-17
5966.19842626107  1.572555E-17
5968.97553413312  1.356270E-17
5971.75264200517  8.606373E-18
5974.52974987721  9.929107E-18
5977.30685774926  1.552437E-17
5980.0839656213  1.690555E-17
5982.86107349335  1.345611E-17
5985.6381813654  1.277972E-17
5988.41528923744  2.042036E-17
5991.19239710949  1.572626E-17
5993.96950498153  8.564626E-18
5996.74661285358  1.192109E-17
5999.52372072562  1.759158E-17
6002.30082859767  1.004715E-17
6005.07793646972  6.912056E-18
6007.85504434176  7.917657E-18
6010.63215221381  1.227997E-17
6013.40926008585  1.687751E-17
6016.1863679579  1.537724E-17
6018.96347582994  1.187753E-17
6021.74058370199  1.079081E-17
6024.51769157404  1.209802E-17
6027.29479944608  1.351351E-17
6030.07190731813  1.510196E-17
6032.84901519017  1.512694E-17
6035.62612306222  9.320824E-18
6038.40323093427  1.079931E-17
6041.18033880631  1.010289E-17
6043.95744667836  1.039990E-17
6046.7345545504  1.694278E-17
6049.51166242245  1.947501E-17
6052.28877029449  1.526597E-17
6055.06587816654  1.417003E-17
6057.84298603859  1.256602E-17
6060.62009391063  1.506458E-17
6063.39720178268  1.488429E-17
6066.17430965472  1.547290E-17
6068.95141752677  1.301570E-17
6071.72852539881  1.238477E-17
6074.50563327086  1.165446E-17
6077.28274114291  1.277428E-17
6080.05984901495  1.826803E-17
6082.836956887  1.369055E-17
6085.61406475904  1.621916E-17
6088.39117263109  1.856398E-17
6091.16828050314  1.549074E-17
6093.94538837518  1.562852E-17
6096.72249624723  1.675312E-17
6099.49960411927  1.933368E-17
6102.27671199132  1.690055E-17
6105.05381986336  6.321923E-18
6107.83092773541  9.249036E-18
6110.60803560746  1.226255E-17
6113.3851434795  1.421691E-17
6116.16225135155  1.956366E-17
6118.93935922359  1.806582E-17
6121.71646709564  1.807414E-17
6124.49357496769  7.385557E-18
6127.27068283973  1.292690E-17
6130.04779071178  1.570779E-17
6132.82489858382  1.479600E-17
6135.60200645587  1.261851E-17
6138.37911432792  1.670013E-17
6141.15622219996  1.606715E-17
6143.93333007201  1.495695E-17
6146.71043794405  1.466732E-17
6149.4875458161  1.135204E-17
6152.26465368814  8.328667E-18
6155.04176156019  1.553140E-17
6157.81886943223  1.406442E-17
6160.59597730428  1.111103E-17
6163.37308517633  1.206276E-17
6166.15019304837  1.522658E-17
6168.92730092042  1.085114E-17
6171.70440879246  1.278572E-17
6174.48151666451  1.093985E-17
6177.25862453656  1.228093E-17
6180.0357324086  1.067279E-17
6182.81284028065  8.497781E-18
6185.58994815269  4.844718E-18
6188.36705602474  1.164902E-17
6191.14416389678  1.097618E-17
6193.92127176883  1.527484E-17
6196.69837964088  9.470197E-18
6199.47548751292  1.175329E-17
6202.25259538497  1.476784E-17
6205.02970325701  1.284627E-17
6207.80681112906  1.345838E-17
6210.58391900111  1.394794E-17
6213.36102687315  1.404140E-17
6216.1381347452  1.925724E-17
6218.91524261724  1.553325E-17
6221.69235048929  1.420317E-17
6224.46945836133  1.550859E-17
6227.24656623338  1.827028E-17
6230.02367410543  1.543696E-17
6232.80078197747  1.058927E-17
6235.57788984952  8.258644E-18
6238.35499772156  1.101521E-17
6241.13210559361  2.016025E-17
6243.90921346566  1.019781E-17
6246.6863213377  1.104929E-17
6249.46342920975  1.461718E-17
6252.24053708179  1.514344E-17
6255.01764495384  1.496342E-17
6257.79475282588  1.176493E-17
6260.57186069793  1.236744E-17
6263.34896856998  1.125453E-17
6266.12607644202  8.155106E-18
6268.90318431407  9.638596E-18
6271.68029218611  1.148773E-17
6274.45740005816  1.029615E-17
6277.23450793021  1.272462E-17
6280.01161580225  1.080303E-17
6282.7887236743  9.030682E-18
6285.56583154634  1.269101E-17
6288.34293941839  1.304867E-17
6291.12004729043  1.355958E-17
6293.89715516248  7.429448E-18
6296.67426303453  1.203546E-17
6299.45137090657  1.512358E-17
6302.22847877862  1.276736E-17
6305.00558665066  8.349363E-18
6307.78269452271  1.304360E-17
6310.55980239475  1.578048E-17
6313.3369102668  9.137649E-18
6316.11401813885  9.927882E-18
6318.89112601089  1.318603E-17
6321.66823388294  1.372638E-17
6324.44534175498  1.426173E-17
6327.22244962703  7.694063E-18
6329.99955749907  6.982847E-18
6332.77666537112  1.203721E-17
6335.55377324317  1.456365E-17
6338.33088111521  9.557720E-18
6341.10798898726  1.060997E-17
6343.8850968593  1.064430E-17
6346.66220473135  1.035504E-17
6349.4393126034  1.294615E-17
6352.21642047544  8.116977E-18
6354.99352834749  1.118962E-17
6357.77063621953  1.217383E-17
6360.54774409158  7.875343E-18
6363.32485196362  1.269489E-17
6366.10195983567  1.275822E-17
6368.87906770772  1.569542E-17
6371.65617557976  1.799194E-17
6374.43328345181  1.192401E-17
6377.21039132386  7.634580E-18
6379.9874991959  1.132074E-17
6382.76460706795  1.072187E-17
6385.54171493999  1.162970E-17
6388.31882281204  8.532675E-18
6391.09593068408  1.172734E-17
6393.87303855613  1.200405E-17
6396.65014642817  1.733799E-17
6399.42725430022  1.052958E-17
6402.20436217227  1.143231E-17
6404.98147004431  1.198030E-17
6407.75857791636  1.151281E-17
6410.5356857884  6.867716E-18
6413.31279366045  6.179492E-18
6416.08990153249  1.047001E-17
6418.86700940454  8.960393E-18
6421.64411727659  9.333123E-18
6424.42122514863  8.905341E-18
6427.19833302068  1.266796E-17
6429.97544089272  1.737865E-17
6432.75254876477  1.543049E-17
6435.52965663682  1.139444E-17
6438.30676450886  1.284302E-17
6441.08387238091  9.541117E-18
6443.86098025295  9.061285E-18
6446.638088125  9.609811E-18
6449.41519599704  1.138886E-17
6452.19230386909  1.206048E-17
6454.96941174114  1.346245E-17
6457.74651961318  6.842091E-18
6460.52362748523  1.003017E-17
6463.30073535727  1.600232E-17
6466.07784322932  5.285458E-18
6468.85495110136  9.931106E-18
6471.63205897341  1.379475E-17
6474.40916684546  1.269381E-17
6477.1862747175  1.056055E-17
6479.96338258955  7.781673E-18
6482.74049046159  1.440792E-17
6485.51759833364  1.220067E-17
6488.29470620569  1.058841E-17
6491.07181407773  7.115758E-18
6493.84892194978  1.048298E-17
6496.62602982182  1.590268E-17
6499.40313769387  1.039648E-17
6502.18024556591  1.212853E-17
6504.95735343796  1.272810E-17
6507.73446131001  1.045380E-17
6510.51156918205  1.295330E-17
6513.2886770541  4.682419E-18
6516.06578492614  9.889274E-18
6518.84289279819  5.693344E-18
6521.62000067023  6.001422E-18
6524.39710854228  6.442136E-18
6527.17421641433  7.675583E-18
6529.95132428637  8.536840E-18
6532.72843215842  6.569072E-18
6535.50554003047  2.193372E-18
6538.28264790251  9.322819E-18
6541.05975577456  1.410397E-17
6543.8368636466  1.174837E-17
6546.61397151865  1.112443E-17
6549.39107939069  1.272213E-17
6552.16818726274  9.155563E-18
6554.94529513478  1.145019E-17
6557.72240300683  9.422702E-18
6560.49951087888  1.169133E-17
6563.27661875092  1.111050E-17
6566.05372662297  1.488832E-17
6568.83083449501  1.160956E-17
6571.60794236706  1.472861E-17
6574.38505023911  6.282227E-18
6577.16215811115  7.357480E-18
6579.9392659832  1.149331E-17
6582.71637385524  1.197033E-17
6585.49348172729  1.670817E-17
6588.27058959934  3.898795E-18
6591.04769747138  7.878569E-18
6593.82480534343  1.563552E-17
6596.60191321547  1.707520E-17
6599.37902108752  1.291522E-17
6602.15612895956  1.018238E-17
6604.93323683161  6.693109E-18
6607.71034470366  4.127680E-18
6610.4874525757  1.203968E-17
6613.26456044775  1.030566E-17
6616.04166831979  1.364623E-17
6618.81877619184  1.409632E-17
6621.59588406388  1.433206E-17
6624.37299193593  1.373099E-17
6627.15009980797  1.304951E-17
6629.92720768002  1.029023E-17
6632.70431555207  1.474399E-17
6635.48142342411  1.294439E-17
6638.25853129616  1.515430E-17
6641.03563916821  1.493883E-17
6643.81274704025  1.191476E-17
6646.5898549123  7.025331E-18
6649.36696278434  3.945927E-18
6652.14407065639  9.202882E-18
6654.92117852843  1.553123E-17
6657.69828640048  1.042540E-17
6660.47539427253  1.173948E-17
6663.25250214457  1.202941E-17
6666.02961001662  1.353548E-17
6668.80671788866  1.131547E-17
6671.58382576071  1.397617E-17
6674.36093363275  1.978476E-17
6677.1380415048  1.237503E-17
6679.91514937685  1.578600E-17
6682.69225724889  1.586188E-17
6685.46936512094  1.623710E-17
6688.24647299298  1.792061E-17
6691.02358086503  1.320027E-17
6693.80068873708  8.234527E-18
6696.57779660912  9.112887E-18
6699.35490448117  1.053452E-17
6702.13201235321  1.019707E-17
6704.90912022526  1.342437E-17
6707.6862280973  1.438793E-17
6710.46333596935  1.727900E-17
6713.2404438414  1.604271E-17
6716.01755171344  1.409604E-17
6718.79465958549  1.867603E-17
6721.57176745753  1.826972E-17
6724.34887532958  1.594935E-17
6727.12598320162  1.534290E-17
6729.90309107367  1.123952E-17
6732.68019894572  1.007333E-17
6735.45730681776  1.000123E-17
6738.23441468981  1.406106E-17
6741.01152256185  1.031700E-17
6743.7886304339  9.631902E-18
6746.56573830595  1.617650E-17
6749.34284617799  1.434500E-17
6752.11995405004  1.333603E-17
6754.89706192208  1.300818E-17
6757.67416979413  7.555773E-18
6760.45127766617  1.105486E-17
6763.22838553822  1.104557E-17
6766.00549341027  9.501947E-18
6768.78260128231  1.559984E-17
6771.55970915436  1.680126E-17
6774.3368170264  1.946349E-17
6777.11392489845  1.413875E-17
6779.8910327705  1.005326E-17
6782.66814064254  1.534387E-17
6785.44524851459  1.396139E-17
6788.22235638663  1.125035E-17
6790.99946425868  1.496093E-17
6793.77657213072  1.219981E-17
6796.55368000277  1.382852E-17
6799.33078787482  1.291161E-17
6802.10789574686  9.498374E-18
6804.88500361891  1.715328E-17
6807.66211149095  1.488559E-17
6810.439219363  1.323649E-17
6813.21632723505  1.278888E-17
6815.99343510709  1.340190E-17
6818.77054297914  1.069529E-17
6821.54765085118  1.221594E-17
6824.32475872323  1.320098E-17
6827.10186659527  1.166740E-17
6829.87897446732  1.150538E-17
6832.65608233937  1.426516E-17
6835.43319021141  1.479673E-17
6838.21029808346  9.615562E-18
6840.9874059555  7.141211E-18
6843.76451382755  1.178558E-17
6846.5416216996  1.699211E-17
6849.31872957164  1.458465E-17
6852.09583744368  1.096887E-17
6854.87294531573  1.114335E-17
6857.65005318778  1.256796E-17
6860.42716105982  1.594062E-17
6863.20426893187  1.256236E-17
6865.98137680391  1.339306E-17
6868.75848467596  1.137369E-17
6871.53559254801  4.322852E-18
6874.31270042005  7.916779E-18
6877.0898082921  1.256321E-17
6879.86691616415  7.798080E-18
6882.64402403619  6.560740E-18
6885.42113190824  6.582376E-18
6888.19823978028  4.234842E-18
6890.97534765233  7.622629E-18
6893.75245552437  8.097690E-18
6896.52956339642  1.277586E-17
6899.30667126847  9.375409E-18
6902.08377914051  1.967519E-18
6904.86088701256  1.148226E-17
6907.6379948846  1.175470E-17
6910.41510275665  5.033968E-18
6913.19221062869  5.842104E-18
6915.96931850074  1.368745E-17
6918.74642637279  1.678021E-17
6921.52353424483  1.199486E-17
6924.30064211688  1.166366E-17
6927.07774998892  1.360995E-17
6929.85485786097  1.255281E-17
6932.63196573301  6.874352E-18
6935.40907360506  9.964356E-18
6938.18618147711  1.598933E-17
6940.96328934915  1.377687E-17
6943.7403972212  1.239889E-17
6946.51750509324  1.161259E-17
6949.29461296529  1.164408E-17
6952.07172083733  1.400790E-17
6954.84882870938  1.397059E-17
6957.62593658143  1.270372E-17
6960.40304445347  1.315403E-17
6963.18015232552  1.188331E-17
6965.95726019756  1.129500E-17
6968.73436806961  1.773811E-17
6971.51147594166  1.443404E-17
6974.2885838137  7.964887E-18
6977.06569168575  1.395300E-17
6979.84279955779  1.276444E-17
6982.61990742984  1.241014E-17
6985.39701530188  1.336264E-17
6988.17412317393  1.286832E-17
6990.95123104598  1.445249E-17
6993.72833891802  1.525394E-17
6996.50544679007  1.285230E-17
6999.28255466211  1.077457E-17
7002.05966253416  9.453256E-18
7004.83677040621  1.468755E-17
7007.61387827825  1.785000E-17
7010.3909861503  6.803312E-18
7013.16809402234  7.812422E-18
7015.94520189439  1.590903E-17
7018.72230976643  1.050839E-17
7021.49941763848  1.136271E-17
7024.27652551053  1.206170E-17
7027.05363338257  1.748726E-17
7029.83074125462  1.567435E-17
7032.60784912666  1.124137E-17
7035.38495699871  1.187597E-17
7038.16206487076  1.413656E-17
7040.9391727428  1.122581E-17
7043.71628061485  1.531529E-17
7046.49338848689  1.388529E-17
7049.27049635894  8.123568E-18
7052.04760423098  6.520033E-18
7054.82471210303  1.190405E-17
7057.60181997507  1.178137E-17
7060.37892784712  1.137450E-17
7063.15603571917  1.155519E-17
7065.93314359121  1.387985E-17
7068.71025146326  6.641407E-18
7071.4873593353  1.125195E-17
7074.26446720735  1.578408E-17
7077.0415750794  1.328590E-17
7079.81868295144  1.608235E-17
7082.59579082349  1.879770E-17
7085.37289869553  1.264168E-17
7088.15000656758  1.121529E-17
7090.92711443962  9.616435E-18
7093.70422231167  1.299500E-17
7096.48133018372  1.451169E-17
7099.25843805576  1.624320E-17
7102.03554592781  1.417207E-17
7104.81265379986  8.427793E-18
7107.5897616719  6.055197E-18
7110.36686954395  9.536944E-18
7113.14397741599  1.092549E-17
7115.92108528804  1.339880E-17
7118.69819316008  1.185149E-17
7121.47530103213  1.065583E-17
7124.25240890417  7.959076E-18
7127.02951677622  1.195370E-17
7129.80662464827  1.544931E-17
7132.58373252031  1.339162E-17
7135.36084039236  7.821783E-18
7138.1379482644  1.044790E-17
7140.91505613645  1.344150E-17
7143.6921640085  1.856778E-17
7146.46927188054  1.996402E-17
7149.24637975259  1.178503E-17
7152.02348762463  1.435454E-17
7154.80059549668  1.411427E-17
7157.57770336873  1.920564E-17
7160.35481124077  1.863658E-17
7163.13191911282  1.538474E-17
7165.90902698486  1.482793E-17
7168.68613485691  9.042988E-18
7171.46324272895  1.325770E-17
7174.240350601  1.274136E-17
7177.01745847304  5.229729E-18
7179.79456634509  6.047934E-18
7182.57167421714  1.338002E-17
7185.34878208918  8.540803E-18
7188.12588996123  1.082629E-17
7190.90299783327  1.717035E-17
7193.68010570532  1.009858E-17
7196.45721357737  1.352435E-17
7199.23432144941  1.125582E-17
7202.01142932146  1.141945E-17
7204.7885371935  9.833467E-18
7207.56564506555  4.180239E-18
7210.3427529376  6.069913E-18
7213.11986080964  9.240263E-18
7215.89696868169  1.167129E-17
7218.67407655373  1.671329E-17
7221.45118442578  9.919846E-18
7224.22829229782  7.771063E-18
7227.00540016987  1.347040E-17
7229.78250804191  9.970713E-18
7232.55961591396  1.241211E-17
7235.33672378601  1.379326E-17
7238.11383165805  5.561583E-18
7240.8909395301  2.003949E-17
7243.66804740214  1.107763E-17
7246.44515527419  1.445533E-17
7249.22226314624  1.222831E-17
7251.99937101828  1.045970E-17
7254.77647889033  1.146107E-17
7257.55358676237  9.820661E-18
7260.33069463442  7.022486E-18
7263.10780250647  5.238855E-18
7265.88491037851  7.478535E-18
7268.66201825056  1.045533E-17
7271.4391261226  4.197412E-18
7274.21623399465  -6.608382E-18
7276.99334186669  -3.733278E-18
7279.77044973874  9.568393E-18
7282.54755761079  1.548410E-17
7285.32466548283  2.055151E-17
7288.10177335488  1.859404E-18
7290.87888122692  -1.422974E-18
7293.65598909897  1.279108E-17
7296.43309697102  5.791194E-18
7299.21020484306  7.117415E-18
7301.98731271511  1.546900E-17
7304.76442058715  7.479866E-18
7307.5415284592  4.494874E-18
7310.31863633124  7.276443E-18
7313.09574420329  4.389465E-18
7315.87285207534  -7.046253E-19
7318.64995994738  4.761727E-18
7321.42706781943  1.362020E-17
7324.20417569147  1.281028E-17
7326.98128356352  8.221228E-18
7329.75839143556  7.355603E-18
7332.53549930761  4.381034E-18
7335.31260717966  5.918369E-18
7338.0897150517  1.718736E-17
7340.86682292375  1.748923E-17
7343.64393079579  1.565387E-17
7346.42103866784  9.900435E-18
7349.19814653988  3.490207E-18
7351.97525441193  6.608671E-18
7354.75236228398  8.538248E-18
7357.52947015602  -4.835664E-19
7360.30657802807  1.652402E-18
7363.08368590011  4.690405E-18
7365.86079377216  2.295757E-20
7368.6379016442  3.802697E-18
7371.41500951625  1.144391E-17
7374.1921173883  5.648889E-18
7376.96922526034  5.574076E-18
7379.74633313239  4.336155E-18
7382.52344100444  2.945997E-18
7385.30054887648  8.361297E-18
7388.07765674853  1.701736E-18
7390.85476462057  -2.493271E-18
7393.63187249262  7.023122E-18
7396.40898036466  8.395331E-18
7399.18608823671  8.430432E-18
7401.96319610875  1.123908E-17
7404.7403039808  3.216266E-18
7407.51741185285  6.366759E-18
7410.29451972489  8.426646E-18
7413.07162759694  7.866129E-18
7415.84873546898  8.466383E-18
7418.62584334103  7.252338E-18
7421.40295121308  1.047958E-17
7424.18005908512  6.207052E-18
7426.95716695717  4.368733E-18
7429.73427482921  1.092697E-17
7432.51138270126  1.117680E-17
7435.2884905733  1.367015E-17
7438.06559844535  1.174876E-17
7440.8427063174  5.711232E-18
7443.61981418944  1.297377E-17
7446.39692206149  1.318345E-17
7449.17402993353  1.087804E-17
7451.95113780558  8.426296E-18
7454.72824567762  1.628999E-17
7457.50535354967  1.673311E-17
7460.28246142172  8.969012E-18
7463.05956929376  4.903970E-18
7465.83667716581  3.704085E-18
7468.61378503785  8.357763E-18
7471.3908929099  1.167892E-17
7474.16800078195  1.225340E-17
7476.94510865399  7.176965E-18
7479.72221652604  8.838433E-18
7482.49932439808  7.312311E-18
7485.27643227013  1.031412E-17
7488.05354014218  8.604845E-18
7490.83064801422  1.231875E-17
7493.60775588627  1.333754E-17
7496.38486375831  1.087048E-17
7499.16197163036  1.124326E-17
7501.93907950241  1.334868E-17
7504.71618737445  1.125716E-17
7507.4932952465  5.415477E-18
7510.27040311854  1.539163E-17
7513.04751099059  1.513900E-17
7515.82461886263  1.538660E-17
7518.60172673468  2.469583E-17
7521.37883460672  7.850619E-18
7524.15594247877  5.754057E-18
7526.93305035082  2.306082E-17
7529.71015822287  2.110343E-17
7532.48726609491  8.859372E-18
7535.26437396695  5.123950E-18
7538.041481839  1.141566E-17
7540.81858971105  8.609237E-18
7543.59569758309  1.197246E-17
7546.37280545514  1.262097E-17
7549.14991332718  7.209714E-18
7551.92702119923  8.050584E-18
7554.70412907127  1.437426E-17
7557.48123694332  1.273646E-17
7560.25834481537  9.384616E-18
7563.03545268741  2.334898E-18
7565.81256055946  1.466273E-18
7568.5896684315  7.476833E-18
7571.36677630355  1.484921E-17
7574.1438841756  7.986869E-18
7576.92099204764  8.116790E-18
7579.69809991969  6.666756E-18
7582.47520779173  6.984729E-18
7585.25231566378  1.363225E-17
7588.02942353582  1.502580E-17
7590.80653140787  1.711713E-17
7593.58363927992  7.563296E-18
7596.36074715196  -3.286368E-18
7599.13785502401  -1.444315E-18
7601.91496289605  8.070178E-18
7604.6920707681  -8.622025E-19
7607.46917864015  7.066059E-18
7610.24628651219  8.128002E-18
7613.02339438424  4.512038E-18
7615.80050225628  1.095724E-17
7618.57761012833  8.012848E-18
7621.35471800037  6.093771E-18
7624.13182587242  1.991139E-18
7626.90893374446  1.087113E-17
7629.68604161651  -2.285626E-18
7632.46314948856  6.558787E-18
7635.2402573606  9.040698E-18
7638.01736523265  1.075360E-17
7640.79447310469  9.609314E-18
7643.57158097674  9.877058E-18
7646.34868884879  5.456956E-18
7649.12579672083  1.212378E-17
7651.90290459288  1.941870E-17
7654.68001246492  1.311744E-17
7657.45712033697  1.556087E-17
7660.23422820902  2.876853E-18
7663.01133608106  -4.391157E-18
7665.78844395311  -1.857839E-18
7668.56555182515  8.500123E-18
7671.3426596972  9.300992E-18
7674.11976756924  1.044672E-17
7676.89687544129  1.131986E-17
7679.67398331333  1.560991E-17
7682.45109118538  1.237533E-17
7685.22819905743  1.166099E-17
7688.00530692947  8.498200E-18
7690.78241480152  1.020512E-17
7693.55952267356  5.242041E-18
7696.33663054561  7.322476E-18
7699.11373841766  3.474057E-18
7701.8908462897  6.393027E-18
7704.66795416175  1.481963E-17
7707.44506203379  1.875240E-17
7710.22216990584  -3.465348E-19
7712.99927777789  1.473424E-17
7715.77638564993  1.002239E-17
7718.55349352198  4.861733E-18
7721.33060139402  -2.321794E-18
7724.10770926607  9.485252E-18
7726.88481713811  1.947939E-18
7729.66192501016  2.319762E-18
7732.43903288221  1.511469E-17
7735.21614075425  1.708658E-17
7737.9932486263  1.153007E-17
7740.77035649834  4.477154E-18
7743.54746437039  8.564152E-18
7746.32457224243  7.838244E-18
7749.10168011448  -1.108485E-17
7751.87878798653  -9.472160E-18
7754.65589585857  3.075670E-18
7757.43300373062  -1.681427E-18
7760.21011160266  -1.357177E-18
7762.98721947471  1.660909E-17
7765.76432734675  1.887453E-17
7768.5414352188  1.797725E-17
7771.31854309085  -1.133198E-18
7774.09565096289  9.282843E-18
7776.87275883494  9.831175E-18
7779.64986670698  2.992499E-18
7782.42697457903  6.253245E-19
7785.20408245108  1.732399E-18
7787.98119032312  5.757769E-18
7790.75829819517  1.195503E-17
7793.53540606721  2.902158E-17
7796.31251393926  1.612301E-17
7799.08962181131  1.281356E-17
7801.86672968335  1.274188E-17
7804.6438375554  1.028322E-17
7807.42094542744  1.611316E-17
7810.19805329949  8.253668E-18
7812.97516117153  1.616891E-18
7815.75226904358  1.667019E-17
7818.52937691563  5.724336E-18
7821.30648478767  -4.429681E-18
7824.08359265972  2.301627E-18
7826.86070053176  1.554850E-17
7829.63780840381  2.098536E-17
7832.41491627585  1.624528E-17
7835.1920241479  8.124597E-18
7837.96913201995  1.014132E-17
7840.74623989199  3.050426E-18
7843.52334776404  1.327885E-17
7846.30045563609  2.073430E-17
7849.07756350813  2.660873E-18
7851.85467138018  -5.708549E-18
7854.63177925222  -1.125065E-17
7857.40888712427  1.706849E-17
7860.18599499631  2.859566E-17
7862.96310286836  1.960343E-17
7865.7402107404  1.139969E-17
7868.51731861245  1.241783E-17
7871.29442648449  2.695024E-17
7874.07153435654  2.511091E-17
7876.84864222859  1.998193E-17
7879.62575010063  6.351587E-18
7882.40285797268  -3.039699E-18
7885.17996584473  1.570112E-17
7887.95707371677  3.769376E-18
7890.73418158882  -5.281312E-18
7893.51128946086  2.806862E-18
7896.28839733291  -1.453853E-20
7899.06550520495  7.611642E-18
7901.842613077  1.428447E-18
7904.61972094905  2.098273E-18
7907.39682882109  6.671147E-18
7910.17393669314  1.583858E-17
7912.95104456518  2.106069E-17
7915.72815243723  1.136818E-17
7918.50526030927  1.959844E-17
7921.28236818132  2.020835E-17
7924.05947605337  1.321350E-17
7926.83658392541  1.388678E-17
7929.61369179746  1.585636E-17
7932.3907996695  1.339952E-17
7935.16790754155  1.692467E-17
7937.9450154136  1.664967E-17
7940.72212328564  1.002145E-17
7943.49923115769  6.248429E-18
7946.27633902973  1.074347E-18
7949.05344690178  2.363919E-17
7951.83055477382  2.405574E-17
7954.60766264587  1.245701E-17
7957.38477051792  2.741254E-18
7960.16187838996  2.905996E-19
7962.93898626201  1.081417E-17
7965.71609413406  1.537213E-17
7968.4932020061  -1.099177E-17
7971.27030987815  7.402996E-18
7974.04741775019  1.669317E-17
7976.82452562224  1.952778E-17
7979.60163349428  4.781603E-18
7982.37874136633  2.950705E-18
7985.15584923837  2.268410E-17
7987.93295711042  2.493638E-17
7990.71006498247  2.213252E-17
7993.48717285451  1.305440E-17
7996.26428072656  -1.580976E-18
7999.0413885986  6.317611E-18
8001.81849647065  4.831468E-18
8004.59560434269  8.965207E-19
8007.37271221474  -1.753444E-18
8010.14982008679  5.200678E-18
8012.92692795883  3.277915E-18
8015.70403583088  6.040956E-18
8018.48114370292  2.760045E-17
8021.25825157497  6.920749E-18
8024.03535944702  7.069022E-18
8026.81246731906  2.278776E-17
8029.58957519111  6.386759E-18
8032.36668306315  -1.384798E-17
8035.1437909352  -4.020136E-18
8037.92089880725  1.355337E-17
8040.69800667929  -1.194841E-17
8043.47511455134  3.094936E-18
8046.25222242338  1.734687E-17
8049.02933029543  -2.697614E-17
8051.80643816747  -2.480161E-17
8054.58354603952  1.594089E-17
8057.36065391156  1.632803E-17
8060.13776178361  2.728396E-17
8062.91486965566  2.920229E-18
8065.6919775277  1.049967E-17
8068.46908539975  2.691422E-17
8071.24619327179  2.376793E-18
8074.02330114384  -2.083403E-18
8076.80040901589  6.306073E-18
8079.57751688793  1.013774E-17
8082.35462475998  3.585578E-18
8085.13173263202  1.344429E-17
8087.90884050407  1.305514E-17
8090.68594837612  -1.976694E-18
8093.46305624816  1.498845E-17
8096.24016412021  3.216079E-18
8099.01727199225  1.227749E-18
8101.7943798643  5.714415E-18
8104.57148773634  7.010728E-18
8107.34859560839  1.390085E-17
8110.12570348044  1.078338E-17
8112.90281135248  3.296098E-18
8115.67991922453  1.078758E-18
8118.45702709657  1.782908E-17
8121.23413496862  2.354967E-17
8124.01124284066  2.606443E-17
8126.78835071271  5.841105E-18
8129.56545858475  1.256637E-17
8132.3425664568  1.729540E-17
8135.11967432885  -1.169901E-17
8137.89678220089  5.752204E-18
8140.67389007294  4.740177E-18
8143.45099794499  -6.491162E-18
8146.22810581703  2.435297E-17
8149.00521368908  1.523398E-17
8151.78232156112  2.966438E-18
8154.55942943317  7.137425E-18
8157.33653730521  1.999788E-17
8160.11364517726  1.835227E-18
8162.89075304931  -5.583678E-18
8165.66786092135  1.124686E-17
8168.4449687934  1.462988E-17
8171.22207666544  2.064846E-17
8173.99918453749  -1.293612E-17
8176.77629240953  -7.982624E-18
8179.55340028158  6.772787E-18
8182.33050815362  -1.953612E-18
8185.10761602567  -5.806923E-18
8187.88472389772  1.898205E-18
8190.66183176976  1.955053E-17
8193.43893964181  1.809640E-17
8196.21604751386  7.323827E-19
8198.9931553859  -2.214123E-18
8201.77026325795  -6.142978E-18
8204.54737112999  -5.239337E-18
8207.32447900204  6.914227E-18
8210.10158687408  3.213288E-17
8212.87869474613  6.596864E-18
8215.65580261818  3.016249E-17
8218.43291049022  8.985334E-18
8221.21001836227  -3.930960E-17
8223.98712623431  1.273986E-17
8226.76423410636  3.049374E-17
8229.54134197841  1.157955E-17
8232.31844985045  8.535133E-18
8235.0955577225  -1.386483E-18
8237.87266559454  -4.486705E-18
8240.64977346659  3.632271E-18
8243.42688133863  -2.114897E-18
8246.20398921068  1.026557E-17
8248.98109708272  -8.203530E-18
8251.75820495477  1.065162E-17
8254.53531282682  2.392045E-17
8257.31242069886  1.713926E-17
8260.08952857091  7.493365E-18
8262.86663644295  -1.184642E-17
8265.643744315  -1.126626E-17
8268.42085218705  -4.766505E-17
8271.19796005909  1.024843E-17
8273.97506793114  -1.941583E-17
8276.75217580318  1.076735E-17
8279.52928367523  4.105076E-17
8282.30639154728  -3.967612E-18
8285.08349941932  8.209908E-18
8287.86060729137  5.538857E-17
8290.63771516341  -4.564672E-18
8293.41482303546  5.848851E-18
8296.1919309075  -1.905320E-17
8298.96903877955  2.113918E-18
8301.7461466516  -3.168110E-17
8304.52325452364  5.971820E-18
8307.30036239569  -5.321729E-18
8310.07747026773  -1.960094E-17
8312.85457813978  9.233125E-19
8315.63168601182  -4.613923E-18
8318.40879388387  1.682990E-17
8321.18590175592  -1.313195E-17
8323.96300962796  -1.986134E-17
8326.74011750001  1.061085E-17
8329.51722537205  -2.666320E-17
8332.2943332441  1.805453E-17
8335.07144111615  7.658299E-17
8337.84854898819  4.235821E-17
8340.62565686024  9.043204E-17
8343.40276473228  -1.436810E-17
8346.17987260433  3.542463E-17
8348.95698047638  4.108087E-17
8351.73408834842  -8.870820E-18
8354.51119622046  -1.556564E-17
8357.28830409251  1.071488E-17
8360.06541196456  3.318658E-17
8362.8425198366  9.778182E-18
8365.61962770865  6.975537E-17
8368.39673558069  3.189130E-17
8371.17384345274  3.176806E-17
8373.95095132479  2.080889E-17
8376.72805919683  -1.432503E-17
8379.50516706888  5.353482E-17
8382.28227494092  1.177706E-17
8385.05938281297  2.914451E-17
8387.83649068501  3.214893E-17
8390.61359855706  -1.081007E-17
8393.39070642911  -3.762657E-17
8396.16781430115  -3.820814E-18
8398.9449221732  1.572068E-16
8401.72203004525  1.173965E-16
8404.49913791729  -5.308233E-17
8407.27624578934  2.713238E-17
8410.05335366138  9.083032E-18
8412.83046153343  -1.059102E-16
8415.60756940548  -1.355149E-17
8418.38467727752  -4.048214E-17
8421.16178514956  3.171197E-17
8423.93889302161  2.518520E-18
8426.71600089365  -3.604413E-17
8429.4931087657  4.067097E-17
8432.27021663775  -9.318559E-18
8435.04732450979  -5.392516E-18
