4275.  9.255549E-17
4279.51142631994  9.473939E-17
4284.02285263987  6.779964E-17
4288.53427895981  3.939988E-17
4293.04570527975  2.461397E-17
4297.55713159969  6.665836E-17
4302.06855791962  5.323273E-17
4306.57998423956  4.017086E-17
4311.0914105595  3.660843E-17
4315.60283687943  1.599964E-17
4320.11426319937  3.372633E-17
4324.62568951931  8.410092E-17
4329.13711583925  7.916274E-17
4333.64854215918  3.523238E-17
4338.15996847912  3.104116E-17
4342.67139479906  1.680970E-17
4347.18282111899  4.067647E-17
4351.69424743893  7.150235E-17
4356.20567375887  5.377425E-17
4360.7171000788  3.943598E-17
4365.22852639874  2.879432E-17
4369.73995271868  4.990070E-17
4374.25137903862  5.839870E-17
4378.76280535855  3.726961E-17
4383.27423167849  5.527876E-17
4387.78565799843  5.535052E-17
4392.29708431836  3.193779E-17
4396.8085106383  2.900436E-17
4401.31993695824  5.564345E-17
4405.83136327817  6.316615E-17
4410.34278959811  5.626062E-17
4414.85421591805  3.340837E-17
4419.36564223798  3.498268E-17
4423.87706855792  5.401277E-17
4428.38849487786  3.879972E-17
4432.8999211978  3.910642E-17
4437.41134751773  5.031347E-17
4441.92277383767  3.591483E-17
4446.43420015761  2.306753E-17
4450.94562647754  2.861717E-17
4455.45705279748  4.725488E-17
4459.96847911742  4.003554E-17
4464.47990543736  4.049828E-17
4468.99133175729  2.137969E-17
4473.50275807723  1.417397E-17
4478.01418439717  2.929251E-17
4482.5256107171  2.703956E-17
4487.03703703704  3.053414E-17
4491.54846335698  2.080882E-17
4496.05988967691  1.336956E-17
4500.57131599685  2.365320E-17
4505.08274231679  2.322278E-17
4509.59416863673  2.796442E-17
4514.10559495666  3.529788E-17
4518.6170212766  2.138825E-17
4523.12844759654  3.026891E-17
4527.63987391647  3.238754E-17
4532.15130023641  3.290743E-17
4536.66272655635  2.171025E-17
4541.17415287629  2.217877E-17
4545.68557919622  4.356840E-17
4550.19700551616  3.189323E-17
4554.70843183609  1.571510E-17
4559.21985815603  6.934189E-18
4563.73128447597  1.495789E-17
4568.24271079591  2.664417E-17
4572.75413711584  4.389873E-17
4577.26556343578  5.260543E-17
4581.77698975572  4.057523E-17
4586.28841607566  3.931273E-17
4590.79984239559  4.181681E-17
4595.31126871553  4.552777E-17
4599.82269503547  4.429544E-17
4604.3341213554  5.310190E-17
4608.84554767534  7.313728E-17
4613.35697399528  6.981185E-17
4617.86840031521  6.390705E-17
4622.37982663515  5.907916E-17
4626.89125295509  6.360548E-17
4631.40267927503  8.599593E-17
4635.91410559496  6.909651E-17
4640.4255319149  8.510534E-17
4644.93695823484  8.627445E-17
4649.44838455477  6.163865E-17
4653.95981087471  7.584855E-17
4658.47123719465  9.010007E-17
4662.98266351458  9.837333E-17
4667.49408983452  8.137414E-17
4672.00551615446  9.244447E-17
4676.51694247439  1.021485E-16
4681.02836879433  9.917536E-17
4685.53979511427  1.016580E-16
4690.05122143421  9.335604E-17
4694.56264775414  9.304389E-17
4699.07407407408  9.912950E-17
4703.58550039402  9.581685E-17
4708.09692671396  9.368296E-17
4712.60835303389  8.881163E-17
4717.11977935383  8.701233E-17
4721.63120567376  8.728252E-17
4726.1426319937  8.463126E-17
4730.65405831364  7.750000E-17
4735.16548463358  8.204288E-17
4739.67691095351  7.966945E-17
4744.18833727345  7.256110E-17
4748.69976359339  6.618271E-17
4753.21118991332  6.044837E-17
4757.72261623326  7.117016E-17
4762.2340425532  7.193920E-17
4766.74546887314  6.129621E-17
4771.25689519307  6.004281E-17
4775.76832151301  6.438997E-17
4780.27974783295  7.059260E-17
4784.79117415288  6.990458E-17
4789.30260047282  7.161446E-17
4793.81402679276  6.482164E-17
4798.32545311269  5.283503E-17
4802.83687943263  6.458910E-17
4807.34830575257  7.937258E-17
4811.85973207251  7.295657E-17
4816.37115839244  6.873228E-17
4820.88258471238  6.199600E-17
4825.39401103232  5.957801E-17
4829.90543735225  7.119022E-17
4834.41686367219  6.745965E-17
4838.92828999213  6.605305E-17
4843.43971631206  6.821367E-17
4847.951142632  6.367984E-17
4852.46256895194  7.436552E-17
4856.97399527188  7.157307E-17
4861.48542159181  7.026605E-17
4865.99684791175  7.131807E-17
4870.50827423169  6.899252E-17
4875.01970055162  6.430419E-17
4879.53112687156  6.709104E-17
4884.0425531915  7.505171E-17
4888.55397951143  7.588318E-17
4893.06540583137  8.080835E-17
4897.57683215131  8.318709E-17
4902.08825847125  8.297141E-17
4906.59968479118  8.569199E-17
4911.11111111112  8.073895E-17
4915.62253743106  7.889687E-17
4920.13396375099  8.210122E-17
4924.64539007093  7.934619E-17
4929.15681639087  7.868657E-17
4933.6682427108  8.068919E-17
4938.17966903074  8.146402E-17
4942.69109535068  8.425555E-17
4947.20252167062  8.531126E-17
4951.71394799055  7.566960E-17
4956.22537431049  7.828447E-17
4960.73680063043  9.448494E-17
4965.24822695036  9.615872E-17
4969.7596532703  8.485315E-17
4974.27107959024  8.157012E-17
4978.78250591018  8.382988E-17
4983.29393223011  7.888956E-17
4987.80535855005  7.273920E-17
4992.31678486999  7.344862E-17
4996.82821118992  7.994366E-17
5001.33963750986  8.134012E-17
5005.8510638298  7.756092E-17
5010.36249014973  7.338200E-17
5014.87391646967  7.055549E-17
5019.38534278961  7.534028E-17
5023.89676910955  8.003869E-17
5028.40819542948  7.343530E-17
5032.91962174942  3.760709E-17
5037.43104806936  4.039963E-17
5041.94247438929  7.408065E-17
5046.45390070923  8.144275E-17
5050.96532702917  7.750768E-17
5055.4767533491  7.547079E-17
5059.98817966904  7.499083E-17
5064.49960598898  7.158688E-17
5069.01103230892  6.776776E-17
5073.52245862885  7.269910E-17
5078.03388494879  7.758621E-17
5082.54531126873  7.405405E-17
5087.05673758866  7.194760E-17
5091.5681639086  6.823074E-17
5096.07959022854  6.516242E-17
5100.59101654848  6.178535E-17
5105.10244286841  6.396618E-17
5109.61386918835  6.675443E-17
5114.12529550829  7.052614E-17
5118.63672182822  6.831131E-17
5123.14814814816  6.050640E-17
5127.6595744681  5.785449E-17
5132.17100078803  5.607443E-17
5136.68242710797  5.921758E-17
5141.19385342791  5.872923E-17
5145.70527974785  5.943553E-17
5150.21670606778  5.558503E-17
5154.72813238772  4.375777E-17
5159.23955870766  3.674978E-17
5163.75098502759  3.962263E-17
5168.26241134753  4.747858E-17
5172.77383766747  4.737354E-17
5177.2852639874  4.295249E-17
5181.79669030734  4.823456E-17
5186.30811662728  4.415302E-17
5190.81954294722  4.271170E-17
5195.33096926715  3.956480E-17
5199.84239558709  3.786595E-17
5204.35382190703  4.618974E-17
5208.86524822696  4.893762E-17
5213.3766745469  4.706610E-17
5217.88810086684  3.646581E-17
5222.39952718677  4.056689E-17
5226.91095350671  4.772755E-17
5231.42237982665  4.399182E-17
5235.93380614659  4.235485E-17
5240.44523246652  3.956169E-17
5244.95665878646  3.797628E-17
5249.4680851064  4.281103E-17
5253.97951142633  4.724118E-17
5258.49093774627  4.767827E-17
5263.00236406621  4.968512E-17
5267.51379038615  4.727346E-17
5272.02521670608  4.629734E-17
5276.53664302602  4.318880E-17
5281.04806934596  4.645706E-17
5285.55949566589  5.451753E-17
5290.07092198583  5.311760E-17
5294.58234830577  5.256597E-17
5299.0937746257  5.681730E-17
5303.60520094564  5.568551E-17
5308.11662726558  4.650817E-17
5312.62805358552  4.990394E-17
5317.13947990545  6.129590E-17
5321.65090622539  6.366376E-17
5326.16233254533  6.488337E-17
5330.67375886526  6.016966E-17
5335.1851851852  6.105857E-17
5339.69661150514  6.260064E-17
5344.20803782507  6.529285E-17
5348.71946414501  6.981459E-17
5353.23089046495  6.175929E-17
5357.74231678488  7.110732E-17
5362.25374310482  8.197315E-17
5366.76516942476  7.722611E-17
5371.2765957447  7.868198E-17
5375.78802206463  7.737258E-17
5380.29944838457  7.568239E-17
5384.81087470451  7.947964E-17
5389.32230102444  8.636229E-17
5393.83372734438  8.371053E-17
5398.34515366432  8.121857E-17
5402.85657998425  8.580993E-17
5407.36800630419  8.188991E-17
5411.87943262413  8.708175E-17
5416.39085894407  8.754326E-17
5420.902285264  9.052970E-17
5425.41371158394  8.952989E-17
5429.92513790388  8.482193E-17
5434.43656422381  9.072768E-17
5438.94799054375  8.998867E-17
5443.45941686369  8.650358E-17
5447.97084318362  8.285068E-17
5452.48226950356  8.736193E-17
5456.9936958235  9.761062E-17
5461.50512214344  9.545877E-17
5466.01654846337  9.374828E-17
5470.52797478331  9.293042E-17
5475.03940110325  9.114629E-17
5479.55082742318  9.452360E-17
5484.06225374312  8.808607E-17
5488.57368006306  8.707624E-17
5493.08510638299  8.971775E-17
5497.59653270293  8.758192E-17
5502.10795902287  8.618091E-17
5506.61938534281  7.925746E-17
5511.13081166274  7.644809E-17
5515.64223798268  8.351227E-17
5520.15366430262  8.633395E-17
5524.66509062256  8.392600E-17
5529.17651694249  8.402022E-17
5533.68794326243  8.224720E-17
5538.19936958236  7.880692E-17
5542.7107959023  7.091959E-17
5547.22222222224  7.545816E-17
5551.73364854218  7.846118E-17
5556.24507486211  7.695676E-17
5560.75650118205  7.345931E-17
5565.26792750199  7.872088E-17
5569.77935382192  8.680570E-17
5574.29078014186  7.157004E-17
5578.8022064618  6.559551E-17
5583.31363278174  6.145633E-17
5587.82505910167  5.890605E-17
5592.33648542161  7.559285E-17
5596.84791174155  7.034194E-17
5601.35933806148  6.445874E-17
5605.87076438142  5.888686E-17
5610.38219070136  6.309769E-17
5614.8936170213  5.849837E-17
5619.40504334123  5.073768E-17
5623.91646966117  5.104716E-17
5628.42789598111  5.134592E-17
5632.93932230104  5.586882E-17
5637.45074862098  5.758294E-17
5641.96217494092  5.856171E-17
5646.47360126085  5.670321E-17
5650.98502758079  5.373912E-17
5655.49645390073  4.936798E-17
5660.00788022066  4.570113E-17
5664.5193065406  5.236683E-17
5669.03073286054  4.854831E-17
5673.54215918048  4.633906E-17
5678.05358550041  4.754135E-17
5682.56501182035  4.768839E-17
5687.07643814029  4.201711E-17
5691.58786446022  4.312760E-17
5696.09929078016  4.909073E-17
5700.6107171001  5.383480E-17
5705.12214342003  6.164010E-17
5709.63356973997  5.791397E-17
5714.14499605991  5.016406E-17
5718.65642237985  5.272199E-17
5723.16784869978  5.120450E-17
5727.67927501972  4.240520E-17
5732.19070133966  4.803651E-17
5736.70212765959  5.172239E-17
5741.21355397953  4.975387E-17
5745.72498029947  4.242694E-17
5750.23640661941  3.406846E-17
5754.74783293934  3.809145E-17
5759.25925925928  4.442951E-17
5763.77068557922  4.883988E-17
5768.28211189915  4.745673E-17
5772.79353821909  4.671559E-17
5777.30496453903  4.066498E-17
5781.81639085897  3.797237E-17
5786.3278171789  4.731875E-17
5790.83924349884  4.389847E-17
5795.35066981878  3.933615E-17
5799.86209613871  4.278451E-17
5804.37352245865  4.768050E-17
5808.88494877859  5.020910E-17
5813.39637509852  4.431520E-17
5817.90780141846  3.881147E-17
5822.4192277384  4.224675E-17
5826.93065405833  4.611442E-17
5831.44208037827  5.304563E-17
5835.95350669821  4.891898E-17
5840.46493301815  4.351085E-17
5844.97635933808  4.729642E-17
5849.48778565802  5.384840E-17
5853.99921197796  5.544552E-17
5858.51063829789  5.567845E-17
5863.02206461783  5.634205E-17
5867.53349093777  5.451167E-17
5872.04491725771  5.060189E-17
5876.55634357764  5.412083E-17
5881.06776989758  5.334784E-17
5885.57919621752  4.561198E-17
5890.09062253745  4.140597E-17
5894.60204885739  4.928964E-17
5899.11347517733  5.623081E-17
5903.62490149726  5.124278E-17
5908.1363278172  4.018860E-17
5912.64775413714  4.438580E-17
5917.15918045708  4.162539E-17
5921.67060677701  3.638602E-17
5926.18203309695  4.450106E-17
5930.69345941689  4.579968E-17
5935.20488573682  4.609595E-17
5939.71631205676  4.540396E-17
5944.2277383767  4.651284E-17
5948.73916469663  4.880879E-17
5953.25059101657  4.245140E-17
5957.76201733651  4.225870E-17
5962.27344365645  4.427719E-17
5966.78486997638  4.885224E-17
5971.29629629632  4.841816E-17
5975.80772261626  4.629980E-17
5980.31914893619  4.623508E-17
5984.83057525613  4.647298E-17
5989.34200157607  5.079577E-17
5993.853427896  4.939747E-17
5998.36485421594  5.088406E-17
6002.87628053588  5.270235E-17
6007.38770685581  4.544007E-17
6011.89913317575  4.593760E-17
6016.41055949569  4.988959E-17
6020.92198581563  5.029409E-17
6025.43341213556  5.126229E-17
6029.9448384555  4.491785E-17
6034.45626477544  4.273906E-17
6038.96769109537  4.711635E-17
6043.47911741531  4.780861E-17
6047.99054373525  4.513310E-17
6052.50197005518  4.829651E-17
6057.01339637512  5.782280E-17
6061.52482269506  5.545626E-17
6066.036249015  5.102739E-17
6070.54767533493  5.883276E-17
6075.05910165487  5.567638E-17
6079.57052797481  4.953965E-17
6084.08195429475  4.844169E-17
6088.59338061468  5.213625E-17
6093.10480693462  5.354150E-17
6097.61623325456  5.473697E-17
6102.12765957449  5.337028E-17
6106.63908589443  4.704456E-17
6111.15051221437  5.211178E-17
6115.6619385343  5.808341E-17
6120.17336485424  5.737341E-17
6124.68479117418  6.045613E-17
6129.19621749412  6.716772E-17
6133.70764381405  6.515452E-17
6138.21907013399  6.910898E-17
6142.73049645393  7.044059E-17
6147.24192277386  6.711720E-17
6151.7533490938  6.234218E-17
6156.26477541374  6.688937E-17
6160.77620173367  7.142954E-17
6165.28762805361  6.891970E-17
6169.79905437355  7.242343E-17
6174.31048069349  7.367439E-17
6178.82190701342  6.949834E-17
6183.33333333336  6.796893E-17
6187.8447596533  6.474245E-17
6192.35618597323  6.274577E-17
6196.86761229317  6.798645E-17
6201.37903861311  7.473159E-17
6205.89046493304  7.290587E-17
6210.40189125298  7.192836E-17
6214.91331757292  6.928558E-17
6219.42474389285  6.515897E-17
6223.93617021279  6.800372E-17
6228.44759653273  6.841905E-17
6232.95902285267  6.996145E-17
6237.4704491726  7.258873E-17
6241.98187549254  6.668209E-17
6246.49330181248  6.650408E-17
6251.00472813241  7.476363E-17
6255.51615445235  7.761587E-17
6260.02758077229  7.078137E-17
6264.53900709222  6.694880E-17
6269.05043341216  6.637776E-17
6273.5618597321  6.948837E-17
6278.07328605204  7.453029E-17
6282.58471237197  6.603193E-17
6287.09613869191  5.866364E-17
6291.60756501185  6.172536E-17
6296.11899133179  5.696473E-17
6300.63041765172  5.965576E-17
6305.14184397166  5.750778E-17
6309.65327029159  5.469987E-17
6314.16469661153  5.387095E-17
6318.67612293147  5.158059E-17
6323.18754925141  5.317272E-17
6327.69897557134  5.451079E-17
6332.21040189128  5.219173E-17
6336.72182821122  4.770529E-17
6341.23325453116  4.885233E-17
6345.74468085109  5.165481E-17
6350.25610717103  5.707362E-17
6354.76753349097  5.918757E-17
6359.2789598109  5.462566E-17
6363.79038613084  5.318964E-17
6368.30181245078  5.441599E-17
6372.81323877071  5.313871E-17
6377.32466509065  5.026314E-17
6381.83609141059  5.307946E-17
6386.34751773053  5.245353E-17
6390.85894405046  5.168242E-17
6395.3703703704  5.370901E-17
6399.88179669034  5.566088E-17
6404.39322301027  5.854714E-17
6408.90464933021  5.620056E-17
6413.41607565015  5.675500E-17
6417.92750197009  5.570373E-17
6422.43892829002  5.151064E-17
6426.95035460996  5.089447E-17
6431.46178092989  4.848980E-17
6435.97320724983  5.014378E-17
6440.48463356977  5.750109E-17
6444.99605988971  5.772570E-17
6449.50748620964  5.361969E-17
6454.01891252958  5.397356E-17
6458.53033884952  5.486878E-17
6463.04176516945  5.846012E-17
6467.55319148939  5.594904E-17
6472.06461780933  4.907468E-17
6476.57604412926  5.114321E-17
6481.0874704492  5.487244E-17
6485.59889676914  5.252506E-17
6490.11032308908  5.220308E-17
6494.62174940901  5.879233E-17
6499.13317572895  5.833945E-17
6503.64460204889  5.244608E-17
6508.15602836882  5.061483E-17
6512.66745468876  4.945142E-17
6517.1788810087  4.566885E-17
6521.69030732864  4.545619E-17
6526.20173364857  4.725760E-17
6530.71315996851  4.715049E-17
6535.22458628845  4.518601E-17
6539.73601260838  4.472967E-17
6544.24743892832  4.508164E-17
6548.75886524826  4.492724E-17
6553.27029156819  4.398352E-17
6557.78171788813  4.309024E-17
6562.29314420807  4.165930E-17
6566.80457052801  3.604319E-17
6571.31599684794  4.140556E-17
6575.82742316788  3.912799E-17
6580.33884948782  3.975666E-17
6584.85027580775  4.425921E-17
6589.36170212769  4.463387E-17
6593.87312844763  4.092509E-17
6598.38455476757  4.438635E-17
6602.8959810875  5.005152E-17
6607.40740740744  5.136787E-17
6611.91883372738  5.013741E-17
6616.43026004731  4.520212E-17
6620.94168636725  4.542636E-17
6625.45311268719  4.934169E-17
6629.96453900712  5.292562E-17
6634.47596532706  5.629986E-17
6638.987391647  5.562203E-17
6643.49881796693  5.789931E-17
6648.01024428687  6.277036E-17
6652.52167060681  5.918460E-17
6657.03309692675  5.556807E-17
6661.54452324668  5.788386E-17
6666.05594956662  5.646674E-17
6670.56737588656  5.732153E-17
6675.07880220649  5.824013E-17
6679.59022852643  5.665551E-17
6684.10165484637  5.705425E-17
6688.6130811663  5.289930E-17
6693.12450748624  5.375327E-17
6697.63593380618  6.076921E-17
6702.14736012612  5.781525E-17
6706.65878644605  5.730518E-17
6711.17021276599  6.030019E-17
6715.68163908593  5.973524E-17
6720.19306540586  6.011200E-17
6724.7044917258  5.972209E-17
6729.21591804574  6.011073E-17
6733.72734436567  6.304574E-17
6738.23877068561  6.307774E-17
6742.75019700555  5.578040E-17
6747.26162332549  5.691391E-17
6751.77304964542  5.519227E-17
6756.28447596536  5.364689E-17
6760.7959022853  5.786369E-17
6765.30732860523  5.793472E-17
6769.81875492517  6.330012E-17
6774.33018124511  6.414246E-17
6778.84160756505  5.717529E-17
6783.35303388498  5.774335E-17
6787.86446020492  5.880297E-17
6792.37588652486  5.683739E-17
6796.88731284479  5.712803E-17
6801.39873916473  5.639927E-17
6805.91016548467  5.381988E-17
6810.4215918046  5.500016E-17
6814.93301812454  5.966974E-17
6819.44444444448  5.990831E-17
6823.95587076441  5.502744E-17
6828.46729708435  4.673704E-17
6832.97872340429  4.779712E-17
6837.49014972423  5.546047E-17
6842.00157604416  5.359753E-17
6846.5130023641  4.798878E-17
6851.02442868404  4.827711E-17
6855.53585500397  5.168908E-17
6860.04728132391  5.543807E-17
6864.55870764385  5.678751E-17
6869.07013396379  5.616976E-17
6873.58156028372  5.001282E-17
6878.09298660366  4.691791E-17
6882.6044129236  4.545320E-17
6887.11583924353  4.264978E-17
6891.62726556347  4.337596E-17
6896.13869188341  4.912855E-17
6900.65011820334  5.186638E-17
6905.16154452328  4.858064E-17
6909.67297084322  4.462248E-17
6914.18439716316  4.652277E-17
6918.69582348309  5.125498E-17
6923.20724980303  4.507658E-17
6927.71867612297  5.273516E-17
6932.2301024429  5.002750E-17
6936.74152876284  4.089824E-17
6941.25295508278  4.719251E-17
6945.76438140271  4.856828E-17
6950.27580772265  4.747250E-17
6954.78723404259  4.603333E-17
6959.29866036253  4.770681E-17
6963.81008668246  5.303286E-17
6968.3215130024  5.516946E-17
6972.83293932234  5.515328E-17
6977.34436564227  4.724667E-17
6981.85579196221  4.176289E-17
6986.36721828215  4.467895E-17
6990.87864460208  5.389376E-17
6995.39007092202  5.215683E-17
6999.90149724196  4.929757E-17
7004.4129235619  5.179244E-17
7008.92434988183  5.296245E-17
7013.43577620177  5.327718E-17
7017.94720252171  5.937035E-17
7022.45862884164  5.743973E-17
7026.97005516158  4.899596E-17
7031.48148148152  4.883967E-17
7035.99290780146  5.498729E-17
7040.50433412139  5.738963E-17
7045.01576044133  5.298656E-17
7049.52718676127  4.760974E-17
7054.0386130812  5.017548E-17
7058.55003940114  5.479966E-17
7063.06146572108  5.670498E-17
7067.57289204101  5.385790E-17
7072.08431836095  5.581195E-17
7076.59574468089  5.884924E-17
7081.10717100082  5.348933E-17
7085.61859732076  5.289466E-17
7090.1300236407  5.096892E-17
7094.64144996064  4.779786E-17
7099.15287628057  5.050281E-17
7103.66430260051  4.919791E-17
7108.17572892045  5.305518E-17
7112.68715524039  5.207512E-17
7117.19858156032  5.052380E-17
7121.71000788026  4.582159E-17
7126.2214342002  4.612459E-17
7130.73286052013  5.090114E-17
7135.24428684007  5.386338E-17
7139.75571316001  5.179947E-17
7144.26713947994  4.939788E-17
7148.77856579988  5.076542E-17
7153.28999211982  5.107342E-17
7157.80141843976  4.986662E-17
7162.31284475969  4.457340E-17
7166.82427107963  4.523705E-17
7171.33569739957  5.051883E-17
7175.8471237195  4.967969E-17
7180.35855003944  4.582473E-17
7184.86997635938  4.526388E-17
7189.38140267931  3.983201E-17
7193.89282899925  4.137302E-17
7198.40425531919  5.022716E-17
7202.91568163912  4.763308E-17
7207.42710795906  4.547229E-17
7211.938534279  4.975708E-17
7216.44996059893  5.013846E-17
7220.96138691887  4.328296E-17
7225.47281323881  3.975839E-17
7229.98423955875  4.397231E-17
7234.49566587868  4.604703E-17
7239.00709219862  4.080929E-17
7243.51851851856  3.306647E-17
7248.02994483849  2.847502E-17
7252.54137115843  3.625071E-17
7257.05279747837  3.479589E-17
7261.56422379831  3.069666E-17
7266.07565011824  3.342428E-17
7270.58707643818  2.501748E-17
7275.09850275812  2.975263E-17
7279.60992907805  2.554937E-17
7284.12135539799  2.648301E-17
7288.63278171793  3.042437E-17
7293.14420803786  1.953342E-17
7297.6556343578  2.065593E-17
7302.16706067774  1.893750E-17
7306.67848699768  2.052683E-17
7311.18991331761  2.949887E-17
7315.70133963755  1.888929E-17
7320.21276595749  2.435394E-17
7324.72419227742  2.160553E-17
7329.23561859736  1.483779E-17
7333.7470449173  2.550945E-17
7338.25847123723  1.935414E-17
7342.76989755717  2.923912E-17
7347.28132387711  2.459749E-17
7351.79275019705  1.718954E-17
7356.30417651698  1.887272E-17
7360.81560283692  2.131793E-17
7365.32702915686  2.129804E-17
7369.83845547679  1.917656E-17
7374.34988179673  2.277677E-17
7378.86130811667  2.257294E-17
7383.37273443661  2.420842E-17
7387.88416075654  2.173414E-17
7392.39558707648  1.794839E-17
7396.90701339642  2.335948E-17
7401.41843971635  2.294977E-17
7405.92986603629  3.078386E-17
7410.44129235623  3.534009E-17
7414.95271867616  2.542792E-17
7419.4641449961  3.032252E-17
7423.97557131604  2.987770E-17
7428.48699763598  2.943550E-17
7432.99842395591  3.549948E-17
7437.50985027585  3.852145E-17
7442.02127659579  4.068666E-17
7446.53270291572  3.668198E-17
7451.04412923566  3.282666E-17
7455.5555555556  3.905073E-17
7460.06698187553  4.004272E-17
7464.57840819547  3.855337E-17
7469.08983451541  3.457424E-17
7473.60126083535  3.422712E-17
7478.11268715528  3.632297E-17
7482.62411347522  4.099690E-17
7487.13553979516  4.316205E-17
7491.64696611509  4.612627E-17
7496.15839243503  4.505878E-17
7500.66981875497  4.155482E-17
7505.1812450749  4.342279E-17
7509.69267139484  4.325475E-17
7514.20409771478  3.789005E-17
7518.71552403472  3.620570E-17
7523.22695035465  3.950708E-17
7527.73837667459  4.479445E-17
7532.24980299453  4.633179E-17
7536.76122931446  4.200325E-17
7541.2726556344  4.379334E-17
7545.78408195434  4.373462E-17
7550.29550827427  4.708583E-17
7554.80693459421  4.553816E-17
7559.31836091415  4.080995E-17
7563.82978723409  4.456785E-17
7568.34121355402  4.440904E-17
7572.85263987396  4.366093E-17
7577.3640661939  4.813809E-17
7581.87549251383  5.054969E-17
7586.38691883377  5.371774E-17
7590.89834515371  5.404046E-17
7595.40977147364  5.074694E-17
7599.92119779358  4.679237E-17
7604.43262411352  4.834997E-17
7608.94405043346  5.531067E-17
7613.45547675339  4.558481E-17
7617.96690307333  4.414461E-17
7622.47832939327  4.953651E-17
7626.9897557132  5.310155E-17
7631.50118203314  5.006174E-17
7636.01260835308  4.244833E-17
7640.52403467302  4.842417E-17
7645.03546099295  4.715107E-17
7649.54688731289  5.013929E-17
7654.05831363283  5.188015E-17
7658.56973995276  5.450147E-17
7663.0811662727  5.109949E-17
7667.59259259264  4.280363E-17
7672.10401891257  4.376579E-17
7676.61544523251  4.589137E-17
7681.12687155245  4.588054E-17
7685.63829787239  4.392158E-17
7690.14972419232  3.833809E-17
7694.66115051226  4.447451E-17
7699.1725768322  4.863778E-17
7703.68400315213  4.457385E-17
7708.19542947207  3.614351E-17
7712.70685579201  3.702122E-17
7717.21828211194  3.765975E-17
7721.72970843188  3.556727E-17
7726.24113475182  4.324020E-17
7730.75256107176  4.503638E-17
7735.26398739169  4.211779E-17
7739.77541371163  3.143985E-17
7744.28684003157  4.833331E-17
7748.7982663515  4.179511E-17
7753.30969267144  3.560498E-17
7757.82111899138  3.482108E-17
7762.33254531132  4.681423E-17
7766.84397163125  4.895979E-17
7771.35539795119  3.248293E-17
7775.86682427113  2.766891E-17
7780.37825059106  3.535863E-17
7784.889676911  3.980981E-17
7789.40110323094  3.319915E-17
7793.91252955087  3.265840E-17
7798.42395587081  3.979699E-17
7802.93538219075  4.206079E-17
7807.44680851069  3.286479E-17
7811.95823483062  3.635844E-17
7816.46966115056  4.649618E-17
7820.9810874705  3.771166E-17
7825.49251379043  4.611714E-17
7830.00394011037  4.591628E-17
7834.51536643031  3.543617E-17
7839.02679275024  3.960145E-17
7843.53821907018  3.950499E-17
7848.04964539012  3.079823E-17
7852.56107171005  3.202608E-17
7857.07249802999  3.096203E-17
7861.58392434993  3.257566E-17
7866.09535066987  3.635794E-17
7870.6067769898  3.545969E-17
7875.11820330974  4.018452E-17
7879.62962962968  4.038204E-17
7884.14105594961  3.965372E-17
7888.65248226955  3.521970E-17
7893.16390858949  3.072052E-17
7897.67533490943  3.281346E-17
7902.18676122936  3.255903E-17
7906.6981875493  2.679348E-17
7911.20961386924  4.603111E-17
7915.72104018917  5.398888E-17
7920.23246650911  3.146877E-17
7924.74389282905  4.010864E-17
7929.25531914899  4.242291E-17
7933.76674546892  3.379774E-17
7938.27817178886  4.061799E-17
7942.7895981088  3.698083E-17
7947.30102442873  3.467652E-17
7951.81245074867  3.640288E-17
7956.32387706861  3.801997E-17
7960.83530338854  2.767633E-17
7965.34672970848  2.707298E-17
7969.85815602842  3.427527E-17
7974.36958234835  2.250549E-17
7978.88100866829  2.620824E-17
7983.39243498823  3.669776E-17
7987.90386130816  3.651780E-17
7992.4152876281  3.620469E-17
7996.92671394804  3.407224E-17
8001.43814026798  3.645902E-17
8005.94956658791  3.069077E-17
8010.46099290785  3.028792E-17
8014.97241922779  2.362179E-17
8019.48384554772  3.680194E-17
8023.99527186766  3.082924E-17
8028.5066981876  3.857463E-17
8033.01812450754  3.215000E-17
8037.52955082747  3.013255E-17
8042.04097714741  3.920585E-17
8046.55240346735  2.924136E-17
8051.06382978728  2.932763E-17
8055.57525610722  3.503887E-17
8060.08668242716  4.012013E-17
8064.5981087471  3.067563E-17
8069.10953506703  2.919126E-17
8073.62096138697  3.045904E-17
8078.13238770691  2.770841E-17
8082.64381402684  3.088735E-17
8087.15524034678  3.220492E-17
8091.66666666672  3.226988E-17
8096.17809298665  3.532545E-17
8100.68951930659  3.764002E-17
8105.20094562653  3.408224E-17
8109.71237194646  2.939039E-17
8114.2237982664  3.050524E-17
8118.73522458634  2.586259E-17
8123.24665090628  2.201155E-17
8127.75807722621  3.215582E-17
8132.26950354615  3.500067E-17
8136.78092986609  3.497214E-17
8141.29235618602  2.426273E-17
8145.80378250596  2.087191E-17
8150.3152088259  3.139580E-17
8154.82663514583  3.274408E-17
8159.33806146577  2.941391E-17
8163.84948778571  2.676330E-17
8168.36091410564  2.951763E-17
8172.87234042558  3.653514E-17
8177.38376674552  3.548245E-17
8181.89519306546  2.874059E-17
8186.40661938539  2.182853E-17
8190.91804570533  2.632393E-17
8195.42947202527  2.743668E-17
8199.94089834521  2.944254E-17
8204.45232466514  2.903595E-17
8208.96375098508  2.521558E-17
8213.47517730502  2.611904E-17
8217.98660362495  2.966397E-17
8222.49802994489  2.964397E-17
8227.00945626483  3.030168E-17
8231.52088258476  3.295761E-17
8236.0323089047  3.607313E-17
8240.54373522464  3.319117E-17
8245.05516154457  3.129925E-17
8249.56658786451  2.968706E-17
8254.07801418445  2.837728E-17
8258.58944050439  3.235621E-17
8263.10086682432  3.030234E-17
8267.61229314426  3.398478E-17
8272.1237194642  3.633815E-17
8276.63514578413  4.345717E-17
8281.14657210407  4.852796E-17
8285.65799842401  2.715436E-17
8290.16942474395  2.224640E-17
8294.68085106388  3.279745E-17
8299.19227738382  3.013264E-17
8303.70370370376  2.796112E-17
8308.21513002369  2.480024E-17
8312.72655634363  3.045323E-17
8317.23798266357  2.526746E-17
8321.74940898351  2.390221E-17
8326.26083530344  2.311156E-17
8330.77226162338  2.521865E-17
8335.28368794332  2.686768E-17
8339.79511426325  1.008685E-17
8344.30654058319  1.528699E-18
8348.81796690313  3.022558E-17
8353.32939322306  3.814764E-17
8357.840819543  3.344957E-17
8362.35224586294  2.935525E-17
8366.86367218287  1.667710E-17
8371.37509850281  1.805732E-17
8375.88652482275  1.695700E-17
8380.39795114268  2.208574E-17
8384.90937746262  3.295350E-17
8389.42080378256  3.863961E-17
8393.9322301025  2.720088E-17
8398.44365642244  3.519050E-17
8402.95508274237  3.315305E-17
8407.46650906231  1.510180E-17
8411.97793538225  1.881782E-17
8416.48936170218  1.544236E-17
8421.00078802212  2.312314E-17
8425.51221434205  4.377600E-17
8430.02364066199  2.140403E-17
8434.53506698193  1.817660E-17
8439.04649330187  1.666920E-17
8443.55791962181  1.816672E-17
8448.06934594174  2.266818E-17
8452.58077226168  1.304084E-17
8457.09219858162  2.099924E-17
8461.60362490155  1.845173E-17
8466.11505122149  2.543844E-17
8470.62647754143  2.243448E-17
8475.13790386136  1.800101E-17
8479.6493301813  2.375145E-17
8484.16075650124  1.737241E-17
8488.67218282117  5.832247E-18
8493.18360914111  1.384333E-18
8497.69503546105  1.859402E-17
8502.20646178098  3.345750E-17
8506.71788810092  3.103793E-17
8511.22931442086  2.931451E-17
8515.7407407408  2.451740E-17
8520.25216706073  2.041077E-17
8524.76359338067  2.935371E-17
8529.27501970061  2.747277E-17
8533.78644602054  2.862105E-17
8538.29787234048  2.825219E-17
8542.80929866042  2.583324E-17
8547.32072498036  2.842344E-17
8551.83215130029  3.222703E-17
8556.34357762023  2.439086E-17
8560.85500394017  1.817370E-17
8565.3664302601  1.876098E-17
8569.87785658004  1.963223E-17
8574.38928289998  2.661215E-17
8578.90070921991  3.402341E-17
8583.41213553985  3.792597E-17
8587.92356185979  2.838927E-17
8592.43498817972  2.386851E-17
8596.94641449966  3.027681E-17
8601.4578408196  3.001427E-17
8605.96926713954  3.393012E-17
8610.48069345947  3.548735E-17
8614.99211977941  2.472266E-17
8619.50354609935  1.585155E-17
8624.01497241929  1.601601E-17
8628.52639873922  1.580769E-17
8633.03782505916  2.082699E-17
8637.5492513791  2.087083E-17
8642.06067769903  2.074282E-17
8646.57210401897  2.941835E-17
8651.08353033891  2.792587E-17
8655.59495665884  3.040104E-17
8660.10638297878  3.626348E-17
8664.61780929872  2.247137E-17
8669.12923561866  1.846383E-17
8673.64066193859  2.616224E-17
8678.15208825853  3.292745E-17
8682.66351457847  3.301589E-17
8687.1749408984  2.368458E-17
8691.68636721834  2.168591E-17
8696.19779353828  2.715027E-17
8700.70921985822  2.619408E-17
8705.22064617815  1.982251E-17
8709.73207249809  2.948789E-17
8714.24349881803  2.695676E-17
8718.75492513796  2.319128E-17
8723.2663514579  1.863264E-17
8727.77777777784  1.885064E-17
8732.28920409777  2.149793E-17
8736.80063041771  2.216843E-17
8741.31205673765  2.931261E-17
8745.82348305758  3.995765E-17
8750.33490937752  2.830394E-17
8754.84633569746  6.647906E-18
8759.35776201739  -6.584149E-18
8763.86918833733  -1.835047E-17
8768.38061465727  1.124944E-17
8772.89204097721  4.018720E-17
8777.40346729714  2.434524E-17
8781.91489361708  2.944920E-17
8786.42631993702  2.448539E-17
8790.93774625695  8.917653E-18
8795.44917257689  2.764094E-17
8799.96059889683  3.792441E-17
8804.47202521676  2.111806E-17
8808.9834515367  2.040949E-17
8813.49487785664  2.921646E-17
8818.00630417657  4.496281E-17
8822.51773049651  4.797426E-17
8827.02915681645  2.790528E-17
8831.54058313639  -1.471373E-17
8836.05200945633  -1.220594E-17
8840.56343577626  6.037553E-19
8845.0748620962  1.720017E-17
8849.58628841614  3.997480E-17
8854.09771473607  2.379680E-17
8858.60914105601  3.494802E-17
8863.12056737595  4.075078E-17
8867.63199369588  1.736312E-17
8872.14342001582  -3.666713E-17
8876.65484633576  -4.347972E-17
8881.16627265569  2.083477E-17
8885.67769897563  3.887622E-17
8890.18912529557  5.632782E-17
8894.7005516155  6.257785E-17
8899.21197793544  2.811987E-17
8903.72340425538  -7.509699E-18
8908.23483057532  -4.001452E-17
8912.74625689526  -4.177759E-17
8917.25768321519  2.641886E-18
8921.76910953513  3.985345E-17
8926.28053585507  3.726369E-17
8930.791962175  3.947461E-17
8935.30338849494  3.068307E-17
8939.81481481488  2.059320E-17
8944.32624113481  -7.886713E-19
8948.83766745475  -2.598977E-19
8953.34909377469  -9.796936E-18
8957.86052009462  1.360461E-17
8962.37194641456  5.046146E-17
8966.8833727345  2.496545E-17
8971.39479905444  3.200565E-17
8975.90622537437  5.792784E-17
8980.41765169431  4.130605E-17
8984.92907801425  7.616440E-18
8989.44050433418  -2.382189E-17
8993.95193065412  -3.124788E-17
8998.46335697406  7.698563E-18
9002.97478329399  6.640474E-17
9007.48620961393  6.790447E-17
9011.99763593387  5.372070E-17
9016.50906225381  3.881525E-17
9021.02048857374  1.774043E-17
9025.53191489368  1.689917E-17
9030.04334121362  4.031260E-18
9034.55476753355  -2.184414E-17
9039.06619385349  -6.635081E-18
9043.57762017343  2.619001E-17
9048.08904649336  3.973947E-17
9052.6004728133  3.247675E-17
9057.11189913324  1.885121E-17
9061.62332545318  2.142227E-17
9066.13475177311  1.769927E-17
9070.64617809305  1.527761E-17
9075.15760441299  1.949157E-17
9079.66903073292  2.175009E-17
9084.18045705286  3.161775E-17
9088.6918833728  4.956335E-17
9093.20330969273  4.065219E-17
9097.71473601267  1.489198E-17
9102.22616233261  1.309093E-17
9106.73758865254  2.096720E-17
9111.24901497248  1.806758E-17
9115.76044129242  2.727041E-17
9120.27186761236  3.825434E-17
9124.78329393229  2.924904E-17
9129.29472025223  2.760456E-17
9133.80614657217  2.804570E-17
9138.3175728921  1.685843E-17
9142.82899921204  8.954553E-18
9147.34042553198  1.301453E-17
9151.85185185192  2.528736E-17
9156.36327817185  3.452560E-17
9160.87470449179  3.283261E-17
9165.38613081173  3.720247E-17
9169.89755713166  3.549205E-17
9174.4089834516  2.754100E-17
9178.92040977154  2.479806E-17
9183.43183609148  2.227049E-17
9187.94326241141  2.368529E-17
9192.45468873135  2.704961E-17
9196.96611505129  3.773359E-17
9201.47754137122  3.163132E-17
9205.98896769116  3.360184E-17
9210.5003940111  3.874975E-17
9215.01182033103  3.800413E-17
9219.52324665097  3.332095E-17
9224.03467297091  1.996617E-17
9228.54609929085  1.481944E-17
9233.05752561078  1.479806E-17
9237.56895193072  1.551931E-17
9242.08037825066  1.759231E-17
9246.59180457059  2.463526E-17
9251.10323089053  3.123698E-17
9255.61465721047  2.978043E-17
9260.1260835304  2.992348E-17
9264.63750985034  2.084876E-17
9269.14893617028  1.315232E-17
9273.66036249022  1.565740E-17
9278.17178881015  1.402617E-17
9282.68321513009  1.471264E-17
9287.19464145003  3.029176E-17
9291.70606776996  4.414813E-17
9296.2174940899  9.401990E-17
9300.72892040984  1.077561E-16
9305.24034672977  2.325472E-17
9309.75177304971  -6.872318E-17
9314.26319936965  -1.626074E-16
9318.77462568959  -1.302293E-16
9323.28605200952  -7.156303E-17
9327.79747832946  -5.947542E-18
9332.3089046494  -3.973058E-18
9336.82033096933  3.353069E-17
9341.33175728927  8.203564E-17
9345.84318360921  8.793572E-17
9350.35460992915  6.502024E-17
9354.86603624908  7.055395E-17
9359.37746256902  2.279318E-16
9363.88888888896  1.917841E-16
9368.40031520889  9.818385E-18
9372.91174152883  5.808964E-18
9377.42316784877  1.022308E-16
9381.9345941687  1.088728E-16
9386.44602048864  9.702542E-17
9390.95744680858  6.129604E-17
9395.46887312851  4.956127E-17
9399.98029944845  3.660579E-17
9404.49172576839  6.005499E-17
9409.00315208832  2.788659E-17
9413.51457840826  1.439074E-17
9418.0260047282  1.159380E-18
9422.53743104814  -5.574854E-17
9427.04885736807  -9.256939E-17
9431.56028368801  -4.469948E-17
9436.07171000795  5.811253E-17
9440.58313632788  8.787730E-17
9445.09456264782  1.144771E-16
9449.60598896776  1.037914E-16
9454.11741528769  -2.514899E-17
9458.62884160763  -7.849741E-17
9463.14026792757  -6.803891E-17
9467.65169424751  -7.003970E-17
9472.16312056744  4.996755E-17
9476.67454688738  1.658212E-16
9481.18597320732  1.782382E-16
9485.69739952726  1.384055E-16
9490.20882584719  4.478188E-17
9494.72025216713  2.395704E-17
9499.23167848707  -2.920402E-18
9503.743104807  -1.203614E-17
9508.25453112694  -2.949950E-17
9512.76595744688  -1.902022E-17
9517.27738376681  1.833124E-17
9521.78881008675  4.238054E-17
9526.30023640669  4.459440E-17
9530.81166272662  4.479778E-17
9535.32308904656  4.561802E-17
9539.8345153665  3.935148E-17
9544.34594168644  4.323859E-17
9548.85736800637  5.834936E-17
9553.36879432631  6.388158E-17
9557.88022064625  1.900265E-17
9562.39164696618  2.470718E-17
9566.90307328612  8.506287E-17
9571.41449960606  6.099965E-17
9575.925925926  4.488631E-17
9580.43735224593  4.026576E-17
9584.94877856587  2.247176E-17
9589.46020488581  2.244382E-17
9593.97163120574  3.960976E-17
9598.48305752568  2.812526E-17
9602.99448384562  7.870912E-18
9607.50591016555  1.304666E-17
9612.01733648549  1.884396E-17
9616.52876280543  1.694834E-17
9621.04018912536  3.659747E-17
9625.5516154453  4.036059E-17
9630.06304176524  3.201967E-17
9634.57446808518  3.121220E-17
9639.08589440511  2.059962E-17
9643.59732072505  2.515822E-17
9648.10874704499  2.961887E-17
9652.62017336493  2.836211E-17
9657.13159968486  2.986179E-17
9661.6430260048  2.402594E-17
9666.15445232474  4.259104E-17
9670.66587864467  2.104741E-17
9675.17730496461  8.856045E-18
9679.68873128455  7.086977E-17
9684.20015760448  5.096458E-17
9688.71158392442  3.754210E-17
9693.22301024436  1.790005E-17
9697.73443656429  -4.603479E-18
9702.24586288423  4.628444E-18
9706.75728920417  4.609403E-18
9711.2687155241  7.563937E-18
9715.78014184404  3.522614E-17
9720.29156816398  3.684336E-17
9724.80299448392  -2.172550E-18
9729.31442080385  1.141760E-17
9733.82584712379  9.130839E-18
9738.33727344373  1.746693E-17
9742.84869976367  3.792072E-17
9747.3601260836  3.241685E-17
9751.87155240354  9.313350E-18
9756.38297872348  5.396434E-18
9760.89440504341  1.394214E-17
9765.40583136335  -1.087692E-17
9769.91725768329  -2.309709E-17
9774.42868400322  -2.820337E-17
9778.94011032316  -4.282745E-17
9783.4515366431  3.757765E-18
9787.96296296303  6.356661E-17
9792.47438928297  8.495276E-18
9796.98581560291  -2.179108E-17
9801.49724192285  3.143698E-18
9806.00866824278  4.285771E-17
9810.52009456272  4.096800E-18
9815.03152088266  1.024967E-17
9819.54294720259  5.815288E-18
9824.05437352253  8.039436E-18
9828.56579984247  5.211070E-17
9833.07722616241  3.323309E-17
9837.58865248234  -6.954213E-20
9842.10007880228  2.837884E-17
9846.61150512222  2.153514E-17
9851.12293144215  -5.232730E-18
9855.63435776209  3.492430E-17
9860.14578408203  5.501911E-17
9864.65721040197  1.504523E-17
9869.1686367219  5.096473E-18
9873.68006304184  -6.675018E-18
9878.19148936178  -2.539131E-17
9882.70291568171  7.693518E-18
9887.21434200165  4.667672E-17
9891.72576832159  7.533903E-17
9896.23719464152  2.358705E-17
9900.74862096146  -3.231873E-17
9905.2600472814  1.610612E-17
9909.77147360133  1.415048E-17
9914.28289992127  -1.717186E-17
9918.79432624121  -6.156881E-19
9923.30575256114  -2.709918E-17
9927.81717888108  2.507223E-18
9932.32860520102  5.215441E-17
9936.84003152096  2.583184E-17
9941.3514578409  -7.351552E-19
9945.86288416083  4.650553E-18
9950.37431048077  4.507881E-17
9954.88573680071  2.669298E-17
9959.39716312064  5.083793E-17
9963.90858944058  4.207480E-17
9968.42001576052  -2.311901E-17
9972.93144208045  7.649126E-18
9977.44286840039  1.258397E-17
9981.95429472033  2.058454E-17
9986.46572104027  -2.103417E-17
9990.9771473602  -2.310937E-17
9995.48857368014  8.887052E-18
10000.0000000001  -2.380163E-18
