3888.9204620974  1.848444E-17
3891.98843432804  2.290630E-17
3895.05640655867  1.974241E-17
3898.1243787893  3.908900E-17
3901.19235101993  3.071889E-17
3904.26032325056  2.420106E-17
3907.3282954812  2.446305E-17
3910.39626771183  2.742214E-17
3913.46423994246  4.047291E-17
3916.53221217309  4.983452E-17
3919.60018440372  4.840574E-17
3922.66815663435  3.298488E-17
3925.73612886499  3.727279E-17
3928.80410109562  2.587278E-17
3931.87207332625  3.812768E-17
3934.94004555688  2.847729E-17
3938.00801778751  1.983772E-17
3941.07599001814  2.154675E-17
3944.14396224878  5.227550E-17
3947.21193447941  4.332920E-17
3950.27990671004  4.409756E-17
3953.34787894067  1.927236E-17
3956.4158511713  3.170076E-17
3959.48382340194  4.423575E-17
3962.55179563257  3.422603E-17
3965.6197678632  3.622464E-17
3968.68774009383  4.259341E-17
3971.75571232446  3.518266E-17
3974.82368455509  2.524761E-17
3977.89165678573  2.573941E-17
3980.95962901636  2.952491E-17
3984.02760124699  3.925611E-17
3987.09557347762  3.018413E-17
3990.16354570825  1.900467E-17
3993.23151793889  3.058491E-17
3996.29949016952  3.056234E-17
3999.36746240015  3.351297E-17
4002.43543463078  4.238987E-17
4005.50340686141  2.837700E-17
4008.57137909205  4.845674E-17
4011.63935132268  5.626610E-17
4014.70732355331  5.586826E-17
4017.77529578394  4.143519E-17
4020.84326801457  6.087332E-17
4023.9112402452  4.905779E-17
4026.97921247584  2.169379E-17
4030.04718470647  3.745774E-17
4033.1151569371  3.363503E-17
4036.18312916773  3.548950E-17
4039.25110139836  4.263632E-17
4042.31907362899  3.119901E-17
4045.38704585963  4.945338E-17
4048.45501809026  5.691463E-17
4051.52299032089  4.104750E-17
4054.59096255152  5.472742E-17
4057.65893478215  4.470196E-17
4060.72690701279  4.398468E-17
4063.79487924342  6.266070E-17
4066.86285147405  5.813480E-17
4069.93082370468  4.543532E-17
4072.99879593531  5.937037E-17
4076.06676816594  5.959774E-17
4079.13474039658  3.671697E-17
4082.20271262721  4.582500E-17
4085.27068485784  5.703565E-17
4088.33865708847  5.193530E-17
4091.4066293191  4.177992E-17
4094.47460154974  4.726058E-17
4097.54257378037  4.630563E-17
4100.610546011  4.297613E-17
4103.67851824163  5.366979E-17
4106.74649047226  6.217496E-17
4109.8144627029  6.086904E-17
4112.88243493353  4.540890E-17
4115.95040716416  5.947184E-17
4119.01837939479  6.817711E-17
4122.08635162542  5.458864E-17
4125.15432385605  4.957210E-17
4128.22229608669  5.523277E-17
4131.29026831732  6.442076E-17
4134.35824054795  5.427434E-17
4137.42621277858  5.082992E-17
4140.49418500921  5.855265E-17
4143.56215723984  6.108883E-17
4146.63012947048  6.910228E-17
4149.69810170111  6.699494E-17
4152.76607393174  6.504105E-17
4155.83404616237  7.526342E-17
4158.902018393  6.546342E-17
4161.96999062363  5.649899E-17
4165.03796285427  6.872946E-17
4168.1059350849  7.381423E-17
4171.17390731553  7.368467E-17
4174.24187954616  7.493832E-17
4177.30985177679  6.672924E-17
4180.37782400743  5.785974E-17
4183.44579623806  5.486482E-17
4186.51376846869  5.996607E-17
4189.58174069932  6.968776E-17
4192.64971292995  6.112212E-17
4195.71768516058  6.860439E-17
4198.78565739122  7.290361E-17
4201.85362962185  6.731589E-17
4204.92160185248  7.638240E-17
4207.98957408311  6.548480E-17
4211.05754631374  6.472398E-17
4214.12551854438  5.984384E-17
4217.19349077501  6.944350E-17
4220.26146300564  7.030008E-17
4223.32943523627  6.223560E-17
4226.3974074669  5.312107E-17
4229.46537969753  7.252503E-17
4232.53335192817  6.993941E-17
4235.6013241588  5.701238E-17
4238.66929638943  4.754604E-17
4241.73726862006  6.416139E-17
4244.80524085069  6.455069E-17
4247.87321308133  6.281839E-17
4250.94118531196  6.835500E-17
4254.00915754259  6.629798E-17
4257.07712977322  6.422203E-17
4260.14510200385  6.363185E-17
4263.21307423448  5.810097E-17
4266.28104646512  5.792060E-17
4269.34901869575  6.330593E-17
4272.41699092638  5.725429E-17
4275.48496315701  5.947797E-17
4278.55293538764  4.843162E-17
4281.62090761827  6.354096E-17
4284.68887984891  5.841871E-17
4287.75685207954  6.122238E-17
4290.82482431017  6.361983E-17
4293.8927965408  6.290022E-17
4296.96076877143  5.115812E-17
4300.02874100207  4.986078E-17
4303.0967132327  5.265801E-17
4306.16468546333  6.217994E-17
4309.23265769396  6.702924E-17
4312.30062992459  4.768154E-17
4315.36860215522  4.451148E-17
4318.43657438586  5.509428E-17
4321.50454661649  5.679798E-17
4324.57251884712  4.960070E-17
4327.64049107775  6.926253E-17
4330.70846330838  7.750098E-17
4333.77643553902  7.357287E-17
4336.84440776965  5.826626E-17
4339.91238000028  6.163993E-17
4342.98035223091  6.457606E-17
4346.04832446154  6.359212E-17
4349.11629669218  5.136205E-17
4352.18426892281  4.457804E-17
4355.25224115344  6.474435E-17
4358.32021338407  5.448758E-17
4361.3881856147  5.381093E-17
4364.45615784533  6.341499E-17
4367.52413007597  6.732993E-17
4370.5921023066  5.574029E-17
4373.66007453723  5.912695E-17
4376.72804676786  6.365993E-17
4379.79601899849  6.315629E-17
4382.86399122913  6.182715E-17
4385.93196345976  5.027824E-17
4388.99993569039  6.513237E-17
4392.06790792102  6.583596E-17
4395.13588015165  5.424824E-17
4398.20385238228  6.712216E-17
4401.27182461291  5.953681E-17
4404.33979684355  5.559421E-17
4407.40776907418  5.881047E-17
4410.47574130481  5.020409E-17
4413.54371353544  6.328422E-17
4416.61168576607  6.096996E-17
4419.67965799671  6.784440E-17
4422.74763022734  6.408676E-17
4425.81560245797  7.211723E-17
4428.8835746886  6.824010E-17
4431.95154691923  6.960197E-17
4435.01951914987  6.160873E-17
4438.0874913805  6.908048E-17
4441.15546361113  6.424521E-17
4444.22343584176  6.552134E-17
4447.29140807239  6.379890E-17
4450.35938030302  6.462159E-17
4453.42735253366  6.468005E-17
4456.49532476429  6.479306E-17
4459.56329699492  6.835175E-17
4462.63126922555  5.748701E-17
4465.69924145618  4.785528E-17
4468.76721368682  6.012396E-17
4471.83518591745  5.773597E-17
4474.90315814808  4.530989E-17
4477.97113037871  6.983262E-17
4481.03910260934  6.181133E-17
4484.10707483997  6.677825E-17
4487.17504707061  7.496749E-17
4490.24301930124  7.583966E-17
4493.31099153187  7.377724E-17
4496.3789637625  6.879660E-17
4499.44693599313  7.744193E-17
4502.51490822376  8.380158E-17
4505.5828804544  6.984601E-17
4508.65085268503  6.374696E-17
4511.71882491566  6.615896E-17
4514.78679714629  5.926987E-17
4517.85476937692  6.007788E-17
4520.92274160755  6.228437E-17
4523.99071383819  7.057100E-17
4527.05868606882  6.714971E-17
4530.12665829945  5.781953E-17
4533.19463053008  6.787795E-17
4536.26260276072  6.556672E-17
4539.33057499135  6.089191E-17
4542.39854722198  7.253639E-17
4545.46651945261  7.451635E-17
4548.53449168324  6.226416E-17
4551.60246391387  6.258271E-17
4554.67043614451  5.705528E-17
4557.73840837514  6.171260E-17
4560.80638060577  6.489182E-17
4563.8743528364  5.442136E-17
4566.94232506703  5.732582E-17
4570.01029729766  5.575719E-17
4573.0782695283  5.804011E-17
4576.14624175893  6.525739E-17
4579.21421398956  6.351231E-17
4582.28218622019  6.693188E-17
4585.35015845082  5.934830E-17
4588.41813068146  5.348079E-17
4591.48610291209  6.180551E-17
4594.55407514272  6.465539E-17
4597.62204737335  6.109526E-17
4600.69001960398  6.066991E-17
4603.75799183461  5.734306E-17
4606.82596406525  6.805580E-17
4609.89393629588  7.240972E-17
4612.96190852651  6.944965E-17
4616.02988075714  7.121250E-17
4619.09785298777  6.656279E-17
4622.1658252184  7.162978E-17
4625.23379744904  6.628037E-17
4628.30176967967  5.711738E-17
4631.3697419103  5.652267E-17
4634.43771414093  5.595992E-17
4637.50568637156  5.455026E-17
4640.5736586022  7.163243E-17
4643.64163083283  7.887143E-17
4646.70960306346  6.638101E-17
4649.77757529409  7.021932E-17
4652.84554752472  6.584118E-17
4655.91351975536  6.401816E-17
4658.98149198599  6.995695E-17
4662.04946421662  8.247661E-17
4665.11743644725  7.725896E-17
4668.18540867788  7.516063E-17
4671.25338090851  7.585416E-17
4674.32135313915  7.329490E-17
4677.38932536978  8.056721E-17
4680.45729760041  8.417482E-17
4683.52526983104  8.162643E-17
4686.59324206167  8.130348E-17
4689.66121429231  8.803082E-17
4692.72918652294  9.124162E-17
4695.79715875357  8.727330E-17
4698.8651309842  8.602545E-17
4701.93310321483  9.328676E-17
4705.00107544546  8.932024E-17
4708.0690476761  8.467136E-17
4711.13701990673  8.012634E-17
4714.20499213736  8.498311E-17
4717.27296436799  8.936662E-17
4720.34093659862  8.962973E-17
4723.40890882925  9.473441E-17
4726.47688105989  8.507441E-17
4729.54485329052  9.009624E-17
4732.61282552115  9.841046E-17
4735.68079775178  9.019647E-17
4738.74876998241  1.043261E-16
4741.81674221305  9.589966E-17
4744.88471444368  9.268201E-17
4747.95268667431  9.959626E-17
4751.02065890494  1.087016E-16
4754.08863113557  1.072737E-16
4757.1566033662  1.104509E-16
4760.22457559684  9.919304E-17
4763.29254782747  1.084035E-16
4766.3605200581  1.205507E-16
4769.42849228873  1.161782E-16
4772.49646451936  1.135693E-16
4775.56443675  1.083850E-16
4778.63240898063  1.183588E-16
4781.70038121126  1.137675E-16
4784.76835344189  1.169972E-16
4787.83632567252  1.093697E-16
4790.90429790315  1.074886E-16
4793.97227013379  1.272909E-16
4797.04024236442  1.264940E-16
4800.10821459505  1.178397E-16
4803.17618682568  1.209240E-16
4806.24415905631  1.132064E-16
4809.31213128695  1.185187E-16
4812.38010351758  1.191951E-16
4815.44807574821  1.186090E-16
4818.51604797884  1.049098E-16
4821.58402020947  1.015865E-16
4824.6519924401  1.098861E-16
4827.71996467074  1.126130E-16
4830.78793690137  1.110781E-16
4833.855909132  1.080851E-16
4836.92388136263  9.631523E-17
4839.99185359326  1.021298E-16
4843.0598258239  1.000004E-16
4846.12779805453  9.946386E-17
4849.19577028516  9.861803E-17
4852.26374251579  8.866070E-17
4855.33171474642  8.785104E-17
4858.39968697705  9.010814E-17
4861.46765920769  9.762055E-17
4864.53563143832  9.210581E-17
4867.60360366895  8.977008E-17
4870.67157589958  8.871977E-17
4873.73954813021  9.268145E-17
4876.80752036084  9.612638E-17
4879.87549259148  8.220117E-17
4882.94346482211  8.732091E-17
4886.01143705274  8.427067E-17
4889.07940928337  8.287838E-17
4892.147381514  8.430999E-17
4895.21535374464  8.319722E-17
4898.28332597527  7.584172E-17
4901.3512982059  8.137131E-17
4904.41927043653  7.966606E-17
4907.48724266716  7.392779E-17
4910.55521489779  8.200769E-17
4913.62318712843  7.636842E-17
4916.69115935906  7.788934E-17
4919.75913158969  8.265860E-17
4922.82710382032  7.840091E-17
4925.89507605095  7.527610E-17
4928.96304828159  7.494974E-17
4932.03102051222  8.205601E-17
4935.09899274285  9.514563E-17
4938.16696497348  8.595738E-17
4941.23493720411  8.091491E-17
4944.30290943474  8.495280E-17
4947.37088166538  7.730778E-17
4950.43885389601  7.763942E-17
4953.50682612664  8.030248E-17
4956.57479835727  7.765322E-17
4959.6427705879  7.587274E-17
4962.71074281854  8.001620E-17
4965.77871504917  8.115038E-17
4968.8466872798  8.920944E-17
4971.91465951043  8.956112E-17
4974.98263174106  9.081664E-17
4978.05060397169  8.917460E-17
4981.11857620233  9.526945E-17
4984.18654843296  9.508689E-17
4987.25452066359  8.524052E-17
4990.32249289422  9.231532E-17
4993.39046512485  8.845230E-17
4996.45843735549  8.578849E-17
4999.52640958612  9.193563E-17
5002.59438181675  1.006975E-16
5005.66235404738  1.043591E-16
5008.73032627801  9.692073E-17
5011.79829850864  9.530919E-17
5014.86627073928  9.862895E-17
5017.93424296991  1.063813E-16
5021.00221520054  9.193460E-17
5024.07018743117  9.047898E-17
5027.1381596618  1.062837E-16
5030.20613189244  1.011801E-16
5033.27410412307  9.170847E-17
5036.3420763537  9.499701E-17
5039.41004858433  8.633320E-17
5042.47802081496  8.562557E-17
5045.5459930456  8.880763E-17
5048.61396527623  8.722894E-17
5051.68193750686  9.111991E-17
5054.74990973749  9.537220E-17
5057.81788196812  8.528377E-17
5060.88585419875  8.595905E-17
5063.95382642939  9.254594E-17
5067.02179866002  8.377918E-17
5070.08977089065  8.959862E-17
5073.15774312128  9.717806E-17
5076.22571535191  9.779054E-17
5079.29368758254  1.000836E-16
5082.36165981318  1.012892E-16
5085.42963204381  1.000732E-16
5088.49760427444  9.755364E-17
5091.56557650507  1.029951E-16
5094.6335487357  1.050998E-16
5097.70152096634  1.163216E-16
5100.76949319697  1.171157E-16
5103.8374654276  1.139935E-16
5106.90543765823  1.103118E-16
5109.97340988886  1.173427E-16
5113.04138211949  1.109788E-16
5116.10935435013  1.185361E-16
5119.17732658076  1.035705E-16
5122.24529881139  1.136173E-16
5125.31327104202  1.171166E-16
5128.38124327266  1.188401E-16
5131.44921550329  1.121144E-16
5134.51718773392  1.180496E-16
5137.58515996455  1.164058E-16
5140.65313219518  1.119873E-16
5143.72110442581  1.127661E-16
5146.78907665644  1.122937E-16
5149.85704888708  1.148754E-16
5152.92502111771  1.158955E-16
5155.99299334834  1.192670E-16
5159.06096557897  1.233617E-16
5162.1289378096  1.075736E-16
5165.19691004024  1.000153E-16
5168.26488227087  1.062075E-16
5171.3328545015  1.119399E-16
5174.40082673213  1.103309E-16
5177.46879896276  1.028237E-16
5180.5367711934  9.484430E-17
5183.60474342403  1.026473E-16
5186.67271565466  1.037406E-16
5189.74068788529  9.173447E-17
5192.80866011592  9.330718E-17
5195.87663234655  9.685267E-17
5198.94460457718  9.294427E-17
5202.01257680782  8.456813E-17
5205.08054903845  8.739664E-17
5208.14852126908  9.274713E-17
5211.21649349971  8.711532E-17
5214.28446573034  9.059364E-17
5217.35243796098  8.729194E-17
5220.42041019161  8.722704E-17
5223.48838242224  8.860347E-17
5226.55635465287  8.793295E-17
5229.6243268835  9.180833E-17
5232.69229911414  9.309122E-17
5235.76027134477  9.835883E-17
5238.8282435754  8.537479E-17
5241.89621580603  7.862197E-17
5244.96418803666  7.998934E-17
5248.0321602673  9.278400E-17
5251.10013249793  8.800759E-17
5254.16810472856  8.755309E-17
5257.23607695919  9.046029E-17
5260.30404918982  8.322785E-17
5263.37202142045  8.383740E-17
5266.43999365109  8.436030E-17
5269.50796588172  7.937716E-17
5272.57593811235  8.418983E-17
5275.64391034298  8.318421E-17
5278.71188257361  8.341561E-17
5281.77985480424  8.562289E-17
5284.84782703488  8.197490E-17
5287.91579926551  8.117147E-17
5290.98377149614  8.394166E-17
5294.05174372677  7.991891E-17
5297.1197159574  7.574697E-17
5300.18768818803  8.006059E-17
5303.25566041867  8.227273E-17
5306.3236326493  7.852301E-17
5309.39160487993  8.148864E-17
5312.45957711056  8.242400E-17
5315.52754934119  8.311254E-17
5318.59552157183  8.007775E-17
5321.66349380246  7.320687E-17
5324.73146603309  7.617309E-17
5327.79943826372  8.186049E-17
5330.86741049435  8.396081E-17
5333.93538272498  7.337631E-17
5337.00335495562  7.467706E-17
5340.07132718625  7.688876E-17
5343.13929941688  7.999011E-17
5346.20727164751  8.728572E-17
5349.27524387814  8.730009E-17
5352.34321610878  8.465624E-17
5355.41118833941  8.125502E-17
5358.47916057004  7.673938E-17
5361.54713280067  7.763188E-17
5364.6151050313  7.566651E-17
5367.68307726194  6.944493E-17
5370.75104949257  7.013883E-17
5373.8190217232  6.631618E-17
5376.88699395383  7.380247E-17
5379.95496618446  7.730427E-17
5383.02293841509  7.284113E-17
5386.09091064572  7.478681E-17
5389.15888287636  8.090430E-17
5392.22685510699  7.439132E-17
5395.29482733762  8.146175E-17
5398.36279956825  8.741777E-17
5401.43077179888  8.532534E-17
5404.49874402952  8.793110E-17
5407.56671626015  8.252751E-17
5410.63468849078  8.623310E-17
5413.70266072141  8.685791E-17
5416.77063295204  9.138143E-17
5419.83860518267  1.003562E-16
5422.90657741331  9.441083E-17
5425.97454964394  8.589732E-17
5429.04252187457  9.013429E-17
5432.1104941052  9.283386E-17
5435.17846633584  9.833954E-17
5438.24643856646  9.628591E-17
5441.3144107971  8.533533E-17
5444.38238302773  1.054558E-16
5447.45035525836  1.092843E-16
5450.51832748899  9.618870E-17
5453.58629971963  9.773236E-17
5456.65427195026  1.002769E-16
5459.72224418089  9.843585E-17
5462.79021641152  1.001152E-16
5465.85818864215  9.879246E-17
5468.92616087279  1.045039E-16
5471.99413310342  1.058219E-16
5475.06210533405  1.041788E-16
5478.13007756468  1.019581E-16
5481.19804979531  9.479743E-17
5484.26602202594  9.590163E-17
5487.33399425658  1.023508E-16
5490.40196648721  1.043384E-16
5493.46993871784  1.034693E-16
5496.53791094847  1.105646E-16
5499.6058831791  1.102653E-16
5502.67385540974  1.113358E-16
5505.74182764037  1.079024E-16
5508.809799871  1.052354E-16
5511.87777210163  1.191594E-16
5514.94574433226  1.248778E-16
5518.01371656289  1.213752E-16
5521.08168879352  1.174598E-16
5524.14966102416  1.090943E-16
5527.21763325479  1.078763E-16
5530.28560548542  1.107578E-16
5533.35357771605  1.114234E-16
5536.42154994668  1.084444E-16
5539.48952217732  1.063609E-16
5542.55749440795  1.038575E-16
5545.62546663858  1.018508E-16
5548.69343886921  1.053098E-16
5551.76141109984  1.069150E-16
5554.82938333048  1.034010E-16
5557.89735556111  1.064320E-16
5560.96532779174  1.033687E-16
5564.03330002237  1.069523E-16
5567.101272253  1.144173E-16
5570.16924448363  1.181122E-16
5573.23721671427  1.145890E-16
5576.3051889449  1.100059E-16
5579.37316117553  1.086103E-16
5582.44113340616  1.166812E-16
5585.50910563679  1.159340E-16
5588.57707786742  1.031386E-16
5591.64505009806  1.054183E-16
5594.71302232869  1.146634E-16
5597.78099455932  1.164517E-16
5600.84896678995  1.184350E-16
5603.91693902058  1.269791E-16
5606.98491125122  1.161964E-16
5610.05288348185  1.073189E-16
5613.12085571248  1.093836E-16
5616.18882794311  1.092266E-16
5619.25680017374  1.158112E-16
5622.32477240438  1.146368E-16
5625.39274463501  1.161726E-16
5628.46071686564  1.266627E-16
5631.52868909627  1.284738E-16
5634.5966613269  1.270170E-16
5637.66463355753  1.231358E-16
5640.73260578816  1.256996E-16
5643.8005780188  1.289691E-16
5646.86855024943  1.303112E-16
5649.93652248006  1.308078E-16
5653.00449471069  1.341188E-16
5656.07246694133  1.453851E-16
5659.14043917195  1.495082E-16
5662.20841140259  1.455112E-16
5665.27638363322  1.449434E-16
5668.34435586385  1.471592E-16
5671.41232809448  1.513736E-16
5674.48030032512  1.491756E-16
5677.54827255575  1.559482E-16
5680.61624478638  1.646716E-16
5683.68421701701  1.718779E-16
5686.75218924764  1.671259E-16
5689.82016147827  1.604615E-16
5692.8881337089  1.614592E-16
5695.95610593954  1.575988E-16
5699.02407817017  1.639625E-16
5702.0920504008  1.615181E-16
5705.16002263143  1.677964E-16
5708.22799486207  1.731900E-16
5711.2959670927  1.666192E-16
5714.36393932333  1.762713E-16
5717.43191155396  1.743016E-16
5720.49988378459  1.797163E-16
5723.56785601522  1.818639E-16
5726.63582824586  1.775213E-16
5729.70380047649  1.733753E-16
5732.77177270712  1.694725E-16
5735.83974493775  1.747878E-16
5738.90771716838  1.757974E-16
5741.97568939902  1.751781E-16
5745.04366162965  1.771328E-16
5748.11163386028  1.755250E-16
5751.17960609091  1.699053E-16
5754.24757832154  1.779181E-16
5757.31555055217  1.791114E-16
5760.3835227828  1.867480E-16
5763.45149501344  1.906690E-16
5766.51946724407  1.706311E-16
5769.5874394747  1.719799E-16
5772.65541170533  1.815337E-16
5775.72338393597  1.753374E-16
5778.7913561666  1.699625E-16
5781.85932839723  1.684545E-16
5784.92730062786  1.678062E-16
5787.99527285849  1.672645E-16
5791.06324508912  1.753393E-16
5794.13121731976  1.680557E-16
5797.19918955039  1.607518E-16
5800.26716178102  1.662883E-16
5803.33513401165  1.667846E-16
5806.40310624228  1.543341E-16
5809.47107847291  1.572793E-16
5812.53905070355  1.714167E-16
5815.60702293418  1.684146E-16
5818.67499516481  1.591061E-16
5821.74296739544  1.602981E-16
5824.81093962607  1.645283E-16
5827.87891185671  1.631016E-16
5830.94688408734  1.654491E-16
5834.01485631797  1.612310E-16
5837.0828285486  1.584646E-16
5840.15080077923  1.667047E-16
5843.21877300986  1.644028E-16
5846.2867452405  1.550363E-16
5849.35471747113  1.549628E-16
5852.42268970176  1.593541E-16
5855.49066193239  1.667872E-16
5858.55863416302  1.587051E-16
5861.62660639366  1.529842E-16
5864.69457862429  1.593764E-16
5867.76255085492  1.528400E-16
5870.83052308555  1.510399E-16
5873.89849531618  1.556275E-16
5876.96646754681  1.576704E-16
5880.03443977745  1.471447E-16
5883.10241200808  1.377718E-16
5886.17038423871  1.319837E-16
5889.23835646934  1.213319E-16
5892.30632869997  1.253691E-16
5895.37430093061  1.348326E-16
5898.44227316124  1.308941E-16
5901.51024539187  1.373525E-16
5904.5782176225  1.394667E-16
5907.64618985313  1.396728E-16
5910.71416208376  1.502029E-16
5913.7821343144  1.553125E-16
5916.85010654503  1.390001E-16
5919.91807877566  1.440725E-16
5922.98605100629  1.335452E-16
5926.05402323692  1.223638E-16
5929.12199546756  1.316091E-16
5932.18996769819  1.278985E-16
5935.25793992882  1.298955E-16
5938.32591215945  1.368292E-16
5941.39388439008  1.364184E-16
5944.46185662071  1.281512E-16
5947.52982885135  1.288579E-16
5950.59780108198  1.235509E-16
5953.66577331261  1.241003E-16
5956.73374554324  1.242412E-16
5959.80171777387  1.271191E-16
5962.8696900045  1.266353E-16
5965.93766223514  1.266267E-16
5969.00563446577  1.297180E-16
5972.0736066964  1.278043E-16
5975.14157892703  1.332955E-16
5978.20955115766  1.329121E-16
5981.2775233883  1.324310E-16
5984.34549561893  1.273394E-16
5987.41346784956  1.188522E-16
5990.48144008019  1.228972E-16
5993.54941231082  1.262418E-16
5996.61738454145  1.245436E-16
5999.68535677209  1.305915E-16
6002.75332900272  1.311148E-16
6005.82130123335  1.214740E-16
6008.88927346398  1.226601E-16
6011.95724569461  1.275012E-16
6015.02521792525  1.212402E-16
6018.09319015588  1.160335E-16
6021.16116238651  1.203303E-16
6024.22913461714  1.258473E-16
6027.29710684777  1.243650E-16
6030.3650790784  1.282607E-16
6033.43305130904  1.335340E-16
6036.50102353967  1.272512E-16
6039.5689957703  1.219641E-16
6042.63696800093  1.206443E-16
6045.70494023156  1.234122E-16
6048.7729124622  1.298963E-16
6051.84088469283  1.318335E-16
6054.90885692346  1.164944E-16
6057.97682915409  1.249039E-16
6061.04480138472  1.379327E-16
6064.11277361535  1.279967E-16
6067.18074584599  1.251085E-16
6070.24871807662  1.237536E-16
6073.31669030725  1.252639E-16
6076.38466253788  1.230614E-16
6079.45263476851  1.247666E-16
6082.52060699915  1.317509E-16
6085.58857922978  1.310631E-16
6088.65655146041  1.253118E-16
6091.72452369104  1.246443E-16
6094.79249592167  1.199069E-16
6097.8604681523  1.194515E-16
6100.92844038294  1.179111E-16
6103.99641261357  1.204544E-16
6107.0643848442  1.234574E-16
6110.13235707483  1.202295E-16
6113.20032930546  1.162685E-16
6116.26830153609  1.197920E-16
6119.33627376673  1.262106E-16
6122.40424599736  1.145066E-16
6125.47221822799  1.164707E-16
6128.54019045862  1.160189E-16
6131.60816268925  1.113156E-16
6134.67613491988  1.165556E-16
6137.74410715052  1.187748E-16
6140.81207938115  1.152173E-16
6143.88005161178  1.189363E-16
6146.94802384241  1.206395E-16
6150.01599607304  1.132867E-16
6153.08396830368  1.121234E-16
6156.15194053431  1.195933E-16
6159.21991276494  1.225814E-16
6162.28788499557  1.182088E-16
6165.3558572262  1.115104E-16
6168.42382945684  1.086326E-16
6171.49180168747  1.084189E-16
6174.5597739181  1.065188E-16
6177.62774614873  1.091410E-16
6180.69571837936  1.153216E-16
6183.76369061  1.116699E-16
6186.83166284063  1.159921E-16
6189.89963507126  1.080943E-16
6192.96760730189  1.051951E-16
6196.03557953252  1.082977E-16
6199.10355176315  1.095392E-16
6202.17152399379  1.025655E-16
6205.23949622442  1.044006E-16
6208.30746845505  1.027744E-16
6211.37544068568  1.019280E-16
6214.44341291631  1.105278E-16
6217.51138514694  1.061745E-16
6220.57935737758  1.004371E-16
6223.64732960821  9.922986E-17
6226.71530183884  9.219838E-17
6229.78327406947  9.484794E-17
6232.8512463001  1.021404E-16
6235.91921853074  9.809837E-17
6238.98719076137  9.534656E-17
6242.055162992  1.010321E-16
6245.12313522263  8.980216E-17
6248.19110745326  8.825791E-17
6251.25907968389  9.389477E-17
6254.32705191453  1.021314E-16
6257.39502414516  9.438976E-17
6260.46299637579  9.038553E-17
6263.53096860642  9.315455E-17
6266.59894083705  9.195588E-17
6269.66691306768  9.552169E-17
6272.73488529832  8.674296E-17
6275.80285752895  9.268933E-17
6278.87082975958  9.221900E-17
6281.93880199021  9.319311E-17
6285.00677422084  9.278485E-17
6288.07474645148  8.528013E-17
6291.14271868211  9.330669E-17
6294.21069091274  9.756578E-17
6297.27866314337  8.874553E-17
6300.346635374  7.265591E-17
6303.41460760463  7.906009E-17
6306.48257983527  8.762355E-17
6309.5505520659  8.480326E-17
6312.61852429653  8.379179E-17
6315.68649652716  7.999820E-17
6318.75446875779  8.098515E-17
6321.82244098843  8.407587E-17
6324.89041321906  7.801705E-17
6327.95838544969  7.391372E-17
6331.02635768032  7.196520E-17
6334.09432991095  7.865617E-17
6337.16230214159  8.346763E-17
6340.23027437222  8.102585E-17
6343.29824660285  7.933811E-17
6346.36621883348  8.029969E-17
6349.43419106411  7.371762E-17
6352.50216329474  7.592932E-17
6355.57013552538  7.052177E-17
6358.63810775601  7.247958E-17
6361.70607998664  8.222348E-17
6364.77405221727  8.082754E-17
6367.8420244479  7.266608E-17
6370.90999667853  6.947949E-17
6373.97796890917  7.412051E-17
6377.0459411398  7.577314E-17
6380.11391337043  6.949271E-17
6383.18188560106  7.049146E-17
6386.24985783169  7.546618E-17
6389.31783006233  7.009253E-17
6392.38580229296  6.736791E-17
6395.45377452359  7.112898E-17
6398.52174675422  7.197826E-17
6401.58971898485  6.540700E-17
6404.65769121548  6.814856E-17
6407.72566344612  7.051304E-17
6410.79363567675  7.079178E-17
6413.86160790738  6.993950E-17
6416.92958013801  6.921845E-17
6419.99755236864  6.267720E-17
6423.06552459928  6.497991E-17
6426.13349682991  6.881883E-17
6429.20146906054  6.986798E-17
6432.26944129117  8.030690E-17
6435.3374135218  7.628412E-17
6438.40538575243  7.562677E-17
6441.47335798307  6.930046E-17
6444.5413302137  7.038878E-17
6447.60930244433  7.057499E-17
6450.67727467496  7.126606E-17
6453.74524690559  7.452275E-17
6456.81321913623  7.128895E-17
6459.88119136686  7.574171E-17
6462.94916359749  7.550906E-17
6466.01713582812  8.192848E-17
6469.08510805875  7.918480E-17
6472.15308028938  7.219794E-17
6475.22105252002  7.854456E-17
6478.28902475065  6.930267E-17
6481.35699698128  7.336003E-17
6484.42496921191  7.675801E-17
6487.49294144254  7.104359E-17
6490.56091367317  7.505480E-17
6493.62888590381  7.467045E-17
6496.69685813444  6.864270E-17
6499.76483036507  7.670223E-17
6502.8328025957  7.337609E-17
6505.90077482633  7.119586E-17
6508.96874705697  7.409602E-17
6512.0367192876  7.692342E-17
6515.10469151823  8.134755E-17
6518.17266374886  7.655958E-17
6521.24063597949  7.840590E-17
6524.30860821012  8.180796E-17
6527.37658044076  9.118832E-17
6530.44455267139  8.469843E-17
6533.51252490202  8.490827E-17
6536.58049713265  8.730627E-17
6539.64846936328  8.924798E-17
6542.71644159392  8.505582E-17
6545.78441382455  7.485316E-17
6548.85238605518  8.037983E-17
6551.92035828581  8.370343E-17
6554.98833051644  9.034021E-17
6558.05630274707  7.858762E-17
6561.12427497771  8.550041E-17
6564.19224720834  8.552735E-17
6567.26021943897  9.012116E-17
6570.3281916696  8.452014E-17
6573.39616390023  9.648662E-17
6576.46413613086  9.202591E-17
6579.5321083615  8.751867E-17
6582.60008059213  9.016723E-17
6585.66805282276  9.450440E-17
6588.73602505339  8.868722E-17
6591.80399728402  8.513743E-17
6594.87196951466  8.935750E-17
6597.93994174529  9.513305E-17
6601.00791397592  9.942832E-17
6604.07588620655  9.724790E-17
6607.14385843718  1.003166E-16
6610.21183066782  1.060327E-16
6613.27980289845  1.063944E-16
6616.34777512908  1.006201E-16
6619.41574735971  9.954531E-17
6622.48371959034  9.636238E-17
6625.55169182097  1.024206E-16
6628.61966405161  1.009070E-16
6631.68763628224  1.090990E-16
6634.75560851287  1.070867E-16
6637.8235807435  1.080978E-16
6640.89155297413  1.098543E-16
6643.95952520477  1.164054E-16
6647.0274974354  1.097105E-16
6650.09546966603  1.121040E-16
6653.16344189666  1.091459E-16
6656.23141412729  1.075977E-16
6659.29938635792  1.070179E-16
6662.36735858856  1.059341E-16
6665.43533081919  1.156350E-16
6668.50330304982  1.155831E-16
6671.57127528045  1.137316E-16
6674.63924751108  1.146384E-16
6677.70721974171  1.250239E-16
6680.77519197235  1.252488E-16
6683.84316420298  1.249616E-16
6686.91113643361  1.174416E-16
6689.97910866424  1.142403E-16
6693.04708089487  1.171411E-16
6696.11505312551  1.174388E-16
6699.18302535614  1.194472E-16
6702.25099758677  1.194298E-16
6705.3189698174  1.297366E-16
6708.38694204803  1.241682E-16
6711.45491427866  1.184563E-16
6714.5228865093  1.289401E-16
6717.59085873993  1.241816E-16
6720.65883097056  1.299815E-16
6723.72680320119  1.309540E-16
6726.79477543182  1.223165E-16
6729.86274766245  1.230290E-16
6732.93071989309  1.227697E-16
6735.99869212372  1.201775E-16
6739.06666435435  1.247376E-16
6742.13463658498  1.185927E-16
6745.20260881562  1.223527E-16
6748.27058104625  1.268622E-16
6751.33855327688  1.225175E-16
6754.40652550751  1.168623E-16
6757.47449773814  1.177730E-16
6760.54246996877  1.226787E-16
6763.61044219941  1.242193E-16
6766.67841443004  1.195656E-16
6769.74638666067  1.196906E-16
6772.8143588913  1.262040E-16
6775.88233112193  1.325289E-16
6778.95030335256  1.340903E-16
6782.0182755832  1.308471E-16
6785.08624781383  1.299574E-16
6788.15422004446  1.245641E-16
6791.22219227509  1.259770E-16
6794.29016450572  1.278485E-16
6797.35813673636  1.231513E-16
6800.42610896699  1.332729E-16
6803.49408119762  1.320460E-16
6806.56205342825  1.280548E-16
6809.63002565888  1.342963E-16
6812.69799788952  1.246942E-16
6815.76597012015  1.221122E-16
6818.83394235078  1.243159E-16
6821.90191458141  1.201302E-16
6824.96988681204  1.264249E-16
6828.03785904267  1.309471E-16
6831.10583127331  1.207256E-16
6834.17380350394  1.144297E-16
6837.24177573457  1.163612E-16
6840.3097479652  1.159145E-16
6843.37772019583  1.213536E-16
6846.44569242646  1.242435E-16
6849.5136646571  1.241465E-16
6852.58163688773  1.262624E-16
6855.64960911836  1.275426E-16
6858.71758134899  1.272882E-16
6861.78555357962  1.208290E-16
6864.85352581026  1.180205E-16
6867.92149804089  1.178582E-16
6870.98947027152  1.194097E-16
6874.05744250215  1.126954E-16
6877.12541473278  1.103249E-16
6880.19338696341  1.100759E-16
6883.26135919405  1.117851E-16
6886.32933142468  1.089510E-16
6889.39730365531  1.113075E-16
6892.46527588594  1.133903E-16
6895.53324811657  1.103025E-16
6898.60122034721  1.104212E-16
6901.66919257784  1.105047E-16
6904.73716480847  1.046975E-16
6907.8051370391  1.052266E-16
6910.87310926973  1.084238E-16
6913.94108150036  1.022932E-16
6917.009053731  9.725403E-17
6920.07702596163  9.867134E-17
6923.14499819226  1.013992E-16
6926.21297042289  1.011198E-16
6929.28094265352  1.095425E-16
6932.34891488415  1.039831E-16
6935.41688711479  1.026261E-16
6938.48485934542  9.244310E-17
6941.55283157605  9.409719E-17
6944.62080380668  9.477808E-17
6947.68877603732  9.460676E-17
6950.75674826794  8.539565E-17
6953.82472049858  9.312503E-17
6956.89269272921  9.826772E-17
6959.96066495984  9.575091E-17
6963.02863719047  9.019605E-17
6966.0966094211  9.473239E-17
6969.16458165174  9.442444E-17
6972.23255388237  8.763661E-17
6975.300526113  8.922320E-17
6978.36849834363  9.079055E-17
6981.43647057426  9.292755E-17
6984.5044428049  9.161119E-17
6987.57241503553  8.795813E-17
6990.64038726616  7.720484E-17
6993.70835949679  8.892669E-17
6996.77633172742  8.538517E-17
6999.84430395806  8.357923E-17
7002.91227618869  9.203094E-17
7005.98024841932  8.992001E-17
7009.04822064995  8.591576E-17
7012.11619288058  8.579525E-17
7015.18416511121  8.381527E-17
7018.25213734184  9.043288E-17
7021.32010957248  8.688468E-17
7024.38808180311  8.587144E-17
7027.45605403374  8.986791E-17
7030.52402626437  8.596956E-17
7033.591998495  9.180837E-17
7036.65997072564  8.733848E-17
7039.72794295627  9.210671E-17
7042.7959151869  8.443422E-17
7045.86388741753  7.999193E-17
7048.93185964816  8.511709E-17
7051.9998318788  8.764662E-17
7055.06780410943  8.681034E-17
7058.13577634006  9.142514E-17
7061.20374857069  8.966151E-17
7064.27172080132  8.754769E-17
7067.33969303195  8.753667E-17
7070.40766526258  8.927046E-17
7073.47563749322  8.920139E-17
7076.54360972385  9.023715E-17
7079.61158195448  8.969667E-17
7082.67955418511  9.090193E-17
7085.74752641574  9.365434E-17
7088.81549864638  9.144978E-17
7091.88347087701  8.484821E-17
7094.95144310764  8.422782E-17
7098.01941533827  8.000034E-17
7101.0873875689  9.018111E-17
7104.15535979954  9.119421E-17
7107.22333203017  9.013894E-17
7110.2913042608  9.344609E-17
7113.35927649143  8.080735E-17
7116.42724872206  8.086682E-17
7119.4952209527  8.491194E-17
7122.56319318333  8.510219E-17
7125.63116541396  8.332737E-17
7128.69913764459  8.846638E-17
7131.76710987522  9.204305E-17
7134.83508210585  8.956268E-17
7137.90305433649  8.414887E-17
7140.97102656712  8.007460E-17
7144.03899879775  8.678367E-17
7147.10697102838  9.183024E-17
7150.17494325901  8.631749E-17
7153.24291548964  8.080524E-17
7156.31088772028  8.190313E-17
7159.37885995091  7.712967E-17
7162.44683218154  8.626685E-17
7165.51480441217  8.976401E-17
7168.5827766428  8.176223E-17
7171.65074887344  8.584474E-17
7174.71872110407  7.944067E-17
7177.7866933347  8.060671E-17
7180.85466556533  8.042002E-17
7183.92263779596  8.102208E-17
7186.99061002659  8.420240E-17
7190.05858225723  8.411757E-17
7193.12655448786  8.356249E-17
7196.19452671849  7.673662E-17
7199.26249894912  8.346223E-17
7202.33047117975  8.423808E-17
7205.39844341039  8.028528E-17
7208.46641564102  8.405940E-17
7211.53438787165  8.979744E-17
7214.60236010228  9.179394E-17
7217.67033233291  9.194627E-17
7220.73830456355  9.798911E-17
7223.80627679418  9.002904E-17
7226.87424902481  7.921528E-17
7229.94222125544  7.637321E-17
7233.01019348607  8.187550E-17
7236.0781657167  8.782028E-17
7239.14613794733  7.989885E-17
7242.21411017797  8.200386E-17
7245.2820824086  9.291603E-17
7248.35005463923  8.746465E-17
7251.41802686986  8.079021E-17
7254.48599910049  8.448156E-17
7257.55397133113  8.925374E-17
7260.62194356176  8.174059E-17
7263.68991579239  8.036344E-17
7266.75788802302  7.739732E-17
7269.82586025365  8.164276E-17
7272.89383248429  8.580708E-17
7275.96180471492  8.504175E-17
7279.02977694555  8.453147E-17
7282.09774917618  7.141263E-17
7285.16572140681  7.640150E-17
7288.23369363744  8.516705E-17
7291.30166586807  8.560690E-17
7294.36963809871  8.483139E-17
7297.43761032934  8.101808E-17
7300.50558255997  9.027407E-17
7303.5735547906  9.583898E-17
7306.64152702123  8.131666E-17
7309.70949925187  7.013923E-17
7312.7774714825  8.617621E-17
7315.84544371313  8.267838E-17
7318.91341594376  9.064779E-17
7321.98138817439  1.005917E-16
7325.04936040503  9.476107E-17
7328.11733263566  9.458300E-17
7331.18530486629  8.584441E-17
7334.25327709692  7.663422E-17
7337.32124932755  8.729411E-17
7340.38922155818  9.304767E-17
7343.45719378882  9.344847E-17
7346.52516601945  1.011036E-16
7349.59313825008  9.306616E-17
