4000.  0.
4004.51467268623  0.
4009.02934537246  0.
4013.54401805869  0.
4018.05869074492  0.
4022.57336343115  0.
4027.08803611738  0.
4031.60270880361  0.
4036.11738148984  0.
4040.63205417607  0.
4045.1467268623  0.
4049.66139954853  0.
4054.17607223476  0.
4058.69074492099  0.
4063.20541760722  0.
4067.72009029345  0.
4072.23476297968  0.
4076.74943566591  1.970632E-17
4081.26410835214  5.235307E-17
4085.77878103837  1.312824E-17
4090.2934537246  5.794804E-17
4094.80812641083  6.252535E-17
4099.32279909707  4.419459E-17
4103.8374717833  -1.923076E-17
4108.35214446953  1.025521E-16
4112.86681715576  5.402389E-17
4117.38148984199  4.556192E-17
4121.89616252821  5.287404E-17
4126.41083521445  1.088067E-17
4130.92550790068  4.346673E-18
4135.44018058691  8.222286E-18
4139.95485327314  1.758946E-17
4144.46952595937  3.439740E-17
4148.9841986456  4.570382E-17
4153.49887133183  8.540073E-17
4158.01354401806  9.480091E-17
4162.52821670429  7.257627E-17
4167.04288939052  3.589639E-17
4171.55756207675  9.451404E-17
4176.07223476298  4.460761E-17
4180.58690744921  8.956536E-17
4185.10158013544  1.812034E-17
4189.61625282167  5.319463E-17
4194.1309255079  1.397054E-17
4198.64559819413  1.839259E-17
4203.16027088036  4.058698E-17
4207.67494356659  2.702144E-17
4212.18961625282  8.047545E-17
4216.70428893905  9.718704E-17
4221.21896162528  2.022070E-17
4225.73363431151  1.651307E-17
4230.24830699774  4.225054E-17
4234.76297968397  2.935247E-17
4239.2776523702  3.894573E-17
4243.79232505643  2.346690E-17
4248.30699774266  2.418317E-17
4252.82167042889  1.257815E-17
4257.33634311512  1.104011E-17
4261.85101580135  2.363376E-17
4266.36568848758  9.201355E-18
4270.88036117381  2.881651E-17
4275.39503386004  3.211254E-17
4279.90970654627  3.433444E-17
4284.4243792325  3.930153E-17
4288.93905191873  5.472487E-17
4293.45372460496  3.303797E-17
4297.96839729119  2.635271E-17
4302.48306997743  3.765763E-17
4306.99774266365  3.564051E-17
4311.51241534989  1.727087E-17
4316.02708803611  3.775445E-17
4320.54176072235  6.590636E-17
4325.05643340858  4.082982E-17
4329.57110609481  4.431789E-17
4334.08577878103  3.634645E-17
4338.60045146727  4.029035E-17
4343.1151241535  5.046244E-17
4347.62979683973  1.748808E-17
4352.14446952596  1.937058E-17
4356.65914221219  5.088768E-17
4361.17381489842  6.735793E-17
4365.68848758465  4.616207E-17
4370.20316027088  2.908882E-17
4374.71783295711  3.530968E-17
4379.23250564334  4.308087E-17
4383.74717832957  2.941080E-17
4388.2618510158  5.141579E-17
4392.77652370203  7.232109E-17
4397.29119638826  3.580084E-17
4401.80586907449  4.905468E-17
4406.32054176072  5.203630E-17
4410.83521444695  4.669975E-17
4415.34988713318  2.979260E-17
4419.86455981941  3.996695E-17
4424.37923250564  3.439736E-17
4428.89390519187  2.886895E-17
4433.4085778781  3.743275E-17
4437.92325056433  4.836908E-17
4442.43792325056  1.762801E-17
4446.95259593679  4.303151E-17
4451.46726862302  4.706637E-17
4455.98194130925  2.737123E-17
4460.49661399548  1.966985E-17
4465.01128668171  3.717454E-17
4469.52595936794  3.729625E-17
4474.04063205417  3.937873E-17
4478.5553047404  2.974150E-17
4483.06997742663  3.746965E-17
4487.58465011286  4.328131E-17
4492.09932279909  4.208645E-17
4496.61399548532  4.275215E-17
4501.12866817155  4.680102E-17
4505.64334085778  3.184417E-17
4510.15801354401  4.653846E-17
4514.67268623025  3.977756E-17
4519.18735891648  4.839581E-17
4523.7020316027  4.291187E-17
4528.21670428894  4.996267E-17
4532.73137697517  3.815336E-17
4537.24604966139  1.399311E-17
4541.76072234763  4.327710E-17
4546.27539503386  4.435454E-17
4550.79006772009  5.704133E-17
4555.30474040632  2.736087E-17
4559.81941309255  3.427680E-17
4564.33408577878  3.999656E-17
4568.84875846501  4.247109E-17
4573.36343115124  4.387433E-17
4577.87810383747  4.553462E-17
4582.3927765237  4.155167E-17
4586.90744920993  4.241606E-17
4591.42212189616  4.897814E-17
4595.93679458239  4.480347E-17
4600.45146726862  4.591821E-17
4604.96613995485  4.575186E-17
4609.48081264108  4.933548E-17
4613.99548532731  4.034633E-17
4618.51015801354  3.874946E-17
4623.02483069977  4.509367E-17
4627.539503386  2.881275E-17
4632.05417607223  3.745786E-17
4636.56884875846  3.821425E-17
4641.08352144469  4.011041E-17
4645.59819413092  4.750272E-17
4650.11286681715  4.550132E-17
4654.62753950338  4.280978E-17
4659.14221218961  5.233495E-17
4663.65688487584  5.619940E-17
4668.17155756207  5.320469E-17
4672.6862302483  5.283248E-17
4677.20090293453  3.706656E-17
4681.71557562076  3.861491E-17
4686.23024830699  3.720129E-17
4690.74492099322  3.110402E-17
4695.25959367945  4.153427E-17
4699.77426636568  3.960991E-17
4704.28893905191  3.672386E-17
4708.80361173814  1.780060E-17
4713.31828442437  3.406640E-17
4717.8329571106  4.296927E-17
4722.34762979683  4.368659E-17
4726.86230248306  4.292764E-17
4731.3769751693  4.059606E-17
4735.89164785553  4.062845E-17
4740.40632054176  4.476046E-17
4744.92099322799  4.609432E-17
4749.43566591422  4.973862E-17
4753.95033860045  4.415604E-17
4758.46501128668  3.813197E-17
4762.97968397291  3.911908E-17
4767.49435665914  4.890428E-17
4772.00902934537  3.796035E-17
4776.5237020316  3.561591E-17
4781.03837471783  4.708072E-17
4785.55304740406  4.128544E-17
4790.06772009029  4.323799E-17
4794.58239277652  5.103259E-17
4799.09706546275  3.723731E-17
4803.61173814898  3.679478E-17
4808.12641083521  4.291664E-17
4812.64108352144  4.160789E-17
4817.15575620767  4.100609E-17
4821.6704288939  3.813788E-17
4826.18510158013  4.334522E-17
4830.69977426636  4.259115E-17
4835.21444695259  4.171598E-17
4839.72911963882  4.460109E-17
4844.24379232505  3.793242E-17
4848.75846501128  4.159398E-17
4853.27313769751  3.508154E-17
4857.78781038374  3.626469E-17
4862.30248306997  3.446369E-17
4866.8171557562  4.623615E-17
4871.33182844243  3.889976E-17
4875.84650112866  3.703059E-17
4880.36117381489  4.144514E-17
4884.87584650112  3.223924E-17
4889.39051918735  3.969938E-17
4893.90519187358  4.675554E-17
4898.41986455981  4.651063E-17
4902.93453724604  3.845886E-17
4907.44920993227  3.994054E-17
4911.9638826185  3.865681E-17
4916.47855530473  3.863059E-17
4920.99322799096  4.171889E-17
4925.50790067719  4.171958E-17
4930.02257336342  4.510683E-17
4934.53724604966  4.035535E-17
4939.05191873589  3.717842E-17
4943.56659142212  4.657787E-17
4948.08126410834  3.575315E-17
4952.59593679458  3.416960E-17
4957.11060948081  3.935875E-17
4961.62528216704  4.085612E-17
4966.13995485327  3.417176E-17
4970.6546275395  3.790744E-17
4975.16930022573  4.278260E-17
4979.68397291196  3.178563E-17
4984.19864559819  3.355207E-17
4988.71331828442  3.922154E-17
4993.22799097065  4.156651E-17
4997.74266365688  4.179581E-17
5002.25733634311  3.754097E-17
5006.77200902934  3.862969E-17
5011.28668171557  4.369443E-17
5015.8013544018  3.992219E-17
5020.31602708803  3.457333E-17
5024.83069977426  3.131906E-17
5029.34537246049  4.278397E-17
5033.86004514672  2.762053E-17
5038.37471783295  1.252540E-17
5042.88939051918  3.279204E-17
5047.40406320541  3.813348E-17
5051.91873589164  3.714732E-17
5056.43340857787  3.435258E-17
5060.9480812641  3.576719E-17
5065.46275395033  4.002614E-17
5069.97742663656  3.995880E-17
5074.49209932279  3.414477E-17
5079.00677200902  3.214585E-17
5083.52144469525  3.914713E-17
5088.03611738148  3.594667E-17
5092.55079006771  3.568166E-17
5097.06546275394  3.776764E-17
5101.58013544017  4.175255E-17
5106.0948081264  4.270733E-17
5110.60948081263  3.809769E-17
5115.12415349886  4.024829E-17
5119.63882618509  3.054376E-17
5124.15349887132  3.979949E-17
5128.66817155756  4.224098E-17
5133.18284424379  3.951498E-17
5137.69751693001  3.971607E-17
5142.21218961624  3.806916E-17
5146.72686230247  3.397902E-17
5151.24153498871  3.778180E-17
5155.75620767494  3.652030E-17
5160.27088036117  3.976651E-17
5164.7855530474  3.856692E-17
5169.30022573363  3.468945E-17
5173.81489841986  3.499964E-17
5178.32957110609  3.686733E-17
5182.84424379232  3.104446E-17
5187.35891647855  3.053563E-17
5191.87358916478  3.291613E-17
5196.38826185101  3.773164E-17
5200.90293453724  4.041347E-17
5205.41760722347  4.381703E-17
5209.9322799097  3.549132E-17
5214.44695259593  3.262470E-17
5218.96162528216  2.795678E-17
5223.47629796839  3.889120E-17
5227.99097065462  3.634275E-17
5232.50564334085  4.106879E-17
5237.02031602708  3.441942E-17
5241.53498871331  3.635333E-17
5246.04966139954  3.604311E-17
5250.56433408577  4.440045E-17
5255.079006772  4.381279E-17
5259.59367945823  4.081067E-17
5264.10835214446  4.017665E-17
5268.62302483069  3.546096E-17
5273.13769751692  3.455805E-17
5277.65237020315  3.822360E-17
5282.16704288938  3.959961E-17
5286.68171557561  3.282014E-17
5291.19638826184  3.500845E-17
5295.71106094807  3.866085E-17
5300.2257336343  3.630024E-17
5304.74040632053  3.336429E-17
5309.25507900676  4.119735E-17
5313.76975169299  3.775152E-17
5318.28442437922  4.262682E-17
5322.79909706545  3.921858E-17
5327.31376975168  3.627622E-17
5331.82844243791  3.485126E-17
5336.34311512414  3.325460E-17
5340.85778781037  3.716346E-17
5345.3724604966  3.897223E-17
5349.88713318283  3.834526E-17
5354.40180586907  3.579295E-17
5358.9164785553  3.668007E-17
5363.43115124153  3.402737E-17
5367.94582392776  3.487427E-17
5372.46049661399  3.644851E-17
5376.97516930022  3.372879E-17
5381.48984198645  3.032598E-17
5386.00451467268  3.661972E-17
5390.51918735891  3.597828E-17
5395.03386004514  4.187391E-17
5399.54853273137  3.926217E-17
5404.0632054176  4.074597E-17
5408.57787810383  4.047341E-17
5413.09255079006  3.943708E-17
5417.60722347629  3.867333E-17
5422.12189616252  3.827858E-17
5426.63656884875  4.146891E-17
5431.15124153498  3.565307E-17
5435.66591422121  3.337876E-17
5440.18058690744  3.526540E-17
5444.69525959367  3.133813E-17
5449.2099322799  3.164028E-17
5453.72460496613  3.468792E-17
5458.23927765236  3.824097E-17
5462.75395033859  3.594006E-17
5467.26862302482  4.368132E-17
5471.78329571105  4.115963E-17
5476.29796839728  3.504539E-17
5480.81264108351  3.528147E-17
5485.32731376974  3.506720E-17
5489.84198645597  3.173050E-17
5494.3566591422  3.357890E-17
5498.87133182843  3.908995E-17
5503.38600451466  3.540076E-17
5507.90067720089  3.983350E-17
5512.41534988712  3.808974E-17
5516.93002257335  3.909817E-17
5521.44469525958  3.368310E-17
5525.95936794581  3.417755E-17
5530.47404063204  3.488478E-17
5534.98871331827  3.447601E-17
5539.50338600451  3.385779E-17
5544.01805869073  3.505312E-17
5548.53273137696  3.570739E-17
5553.0474040632  3.841048E-17
5557.56207674943  3.384382E-17
5562.07674943566  3.490949E-17
5566.59142212189  3.281825E-17
5571.10609480812  3.224811E-17
5575.62076749435  3.408742E-17
5580.13544018058  3.626291E-17
5584.65011286681  3.403393E-17
5589.16478555304  3.442351E-17
5593.67945823927  3.402623E-17
5598.1941309255  3.986566E-17
5602.70880361173  3.838505E-17
5607.22347629796  3.684862E-17
5611.73814898419  4.258789E-17
5616.25282167042  3.805575E-17
5620.76749435665  3.224634E-17
5625.28216704288  3.522204E-17
5629.79683972911  3.883028E-17
5634.31151241534  3.991594E-17
5638.82618510157  3.371910E-17
5643.3408577878  3.539859E-17
5647.85553047403  3.520249E-17
5652.37020316026  3.901983E-17
5656.88487584649  4.084180E-17
5661.39954853272  3.714977E-17
5665.91422121895  3.421100E-17
5670.42889390518  3.448037E-17
5674.94356659141  3.713416E-17
5679.45823927764  3.777652E-17
5683.97291196387  3.069933E-17
5688.4875846501  3.378542E-17
5693.00225733633  4.373236E-17
5697.51693002256  4.252084E-17
5702.03160270879  3.878082E-17
5706.54627539502  3.706408E-17
5711.06094808125  3.135614E-17
5715.57562076748  4.111608E-17
5720.09029345371  3.490119E-17
5724.60496613994  3.919485E-17
5729.11963882617  3.873419E-17
5733.6343115124  3.460231E-17
5738.14898419863  4.193325E-17
5742.66365688486  3.865150E-17
5747.1783295711  3.653371E-17
5751.69300225732  3.883741E-17
5756.20767494356  3.916583E-17
5760.72234762978  3.920763E-17
5765.23702031601  4.268583E-17
5769.75169300224  4.573246E-17
5774.26636568847  3.872848E-17
5778.78103837471  3.546921E-17
5783.29571106093  2.979198E-17
5787.81038374717  3.503595E-17
5792.3250564334  3.359937E-17
5796.83972911963  3.735411E-17
5801.35440180586  4.370854E-17
5805.86907449209  4.368728E-17
5810.38374717832  4.546203E-17
5814.89841986455  5.689192E-17
5819.41309255078  7.898180E-17
5823.92776523701  9.288775E-17
5828.44243792324  8.528683E-17
5832.95711060947  6.999792E-17
5837.4717832957  5.255526E-17
5841.98645598193  3.495428E-17
5846.50112866816  3.887445E-17
5851.01580135439  3.880327E-17
5855.53047404062  4.426492E-17
5860.04514672685  2.360964E-17
5864.55981941308  3.066428E-17
5869.07449209931  4.381259E-17
5873.58916478554  3.708673E-17
5878.10383747177  4.495326E-17
5882.618510158  3.014236E-17
5887.13318284423  4.120792E-17
5891.64785553046  3.191807E-17
5896.16252821669  4.819001E-17
5900.67720090292  4.352158E-17
5905.19187358915  5.502531E-17
5909.70654627538  5.702010E-17
5914.22121896161  4.123079E-17
5918.73589164784  4.555880E-17
5923.25056433407  4.193770E-17
5927.7652370203  2.567930E-17
5932.27990970653  3.280451E-17
5936.79458239276  3.973875E-17
5941.30925507899  4.109836E-17
5945.82392776522  3.520654E-17
5950.33860045145  3.760152E-17
5954.85327313768  3.834569E-17
5959.36794582391  4.528368E-17
5963.88261851015  4.646702E-17
5968.39729119637  5.046609E-17
5972.91196388261  4.131070E-17
5977.42663656883  3.443755E-17
5981.94130925507  3.299487E-17
5986.4559819413  3.598055E-17
5990.97065462753  4.019284E-17
5995.48532731376  4.446702E-17
5999.99999999999  4.445627E-17
6004.51467268622  3.777533E-17
6009.02934537245  4.005982E-17
6013.54401805868  4.476606E-17
6018.05869074491  4.124248E-17
6022.57336343114  4.503226E-17
6027.08803611737  4.310394E-17
6031.6027088036  3.949031E-17
6036.11738148983  4.530011E-17
6040.63205417606  4.594471E-17
6045.14672686229  4.681857E-17
6049.66139954852  4.575585E-17
6054.17607223475  4.575300E-17
6058.69074492098  4.245820E-17
6063.20541760721  4.328354E-17
6067.72009029344  4.011822E-17
6072.23476297967  3.844927E-17
6076.7494356659  3.655337E-17
6081.26410835213  4.210873E-17
6085.77878103836  4.147431E-17
6090.29345372459  3.986894E-17
6094.80812641082  4.122560E-17
6099.32279909705  4.449493E-17
6103.83747178328  4.714635E-17
6108.35214446951  4.543270E-17
6112.86681715574  4.518111E-17
6117.38148984197  3.952375E-17
6121.8961625282  5.044646E-17
6126.41083521443  4.118698E-17
6130.92550790066  4.563010E-17
6135.44018058689  4.221043E-17
6139.95485327312  4.569642E-17
6144.46952595935  4.384146E-17
6148.98419864558  3.723826E-17
6153.49887133181  3.940161E-17
6158.01354401804  4.129446E-17
6162.52821670427  4.282227E-17
6167.0428893905  4.711302E-17
6171.55756207674  4.657338E-17
6176.07223476296  4.429437E-17
6180.5869074492  4.482635E-17
6185.10158013543  4.333421E-17
6189.61625282166  4.160386E-17
6194.13092550789  4.225894E-17
6198.64559819411  3.358182E-17
6203.16027088035  3.758252E-17
6207.67494356658  3.950736E-17
6212.18961625281  3.948465E-17
6216.70428893904  4.328692E-17
6221.21896162527  3.885095E-17
6225.7336343115  3.608048E-17
6230.24830699773  4.330705E-17
6234.76297968396  3.683685E-17
6239.27765237019  3.827186E-17
6243.79232505642  4.642326E-17
6248.30699774265  3.997868E-17
6252.82167042888  4.296821E-17
6257.33634311511  3.779098E-17
6261.85101580134  3.835296E-17
6266.36568848757  4.199603E-17
6270.8803611738  4.782492E-17
6275.39503386003  4.563200E-17
6279.90970654626  3.610224E-17
6284.42437923249  4.044672E-17
6288.93905191872  3.939421E-17
6293.45372460495  3.969979E-17
6297.96839729118  4.404613E-17
6302.48306997741  5.488408E-17
6306.99774266364  5.015509E-17
6311.51241534987  4.536642E-17
6316.0270880361  4.333441E-17
6320.54176072233  3.462674E-17
6325.05643340856  4.395678E-17
6329.57110609479  4.548839E-17
6334.08577878102  4.109325E-17
6338.60045146725  3.828285E-17
6343.11512415348  4.272763E-17
6347.62979683971  4.520463E-17
6352.14446952594  4.420321E-17
6356.65914221217  4.575615E-17
6361.1738148984  4.191035E-17
6365.68848758463  4.731023E-17
6370.20316027086  4.628069E-17
6374.71783295709  4.189551E-17
6379.23250564332  4.190843E-17
6383.74717832955  4.062047E-17
6388.26185101578  4.025178E-17
6392.77652370202  4.156108E-17
6397.29119638825  4.299636E-17
6401.80586907448  4.045009E-17
6406.32054176071  3.636154E-17
6410.83521444694  3.742779E-17
6415.34988713317  3.884342E-17
6419.8645598194  3.986004E-17
6424.37923250563  3.845390E-17
6428.89390519186  4.006234E-17
6433.40857787809  4.179469E-17
6437.92325056432  4.135873E-17
6442.43792325055  4.044872E-17
6446.95259593678  4.092335E-17
6451.46726862301  3.876740E-17
6455.98194130924  3.893798E-17
6460.49661399547  3.987719E-17
6465.0112866817  4.536069E-17
6469.52595936793  3.896956E-17
6474.04063205416  4.245236E-17
6478.55530474039  5.048252E-17
6483.06997742662  4.119362E-17
6487.58465011285  4.102191E-17
6492.09932279908  3.917461E-17
6496.61399548531  4.103829E-17
6501.12866817154  3.873797E-17
6505.64334085777  4.632461E-17
6510.158013544  4.608631E-17
6514.67268623023  3.557673E-17
6519.18735891646  3.754204E-17
6523.70203160269  3.892477E-17
6528.21670428892  3.639022E-17
6532.73137697515  3.956570E-17
6537.24604966138  3.635966E-17
6541.76072234761  3.715798E-17
6546.27539503384  3.938947E-17
6550.79006772007  3.700738E-17
6555.3047404063  3.782007E-17
6559.81941309253  3.917753E-17
6564.33408577876  4.340526E-17
6568.848758465  4.320999E-17
6573.36343115122  4.205110E-17
6577.87810383745  3.719082E-17
6582.39277652369  3.778087E-17
6586.90744920991  4.086793E-17
6591.42212189614  3.681598E-17
6595.93679458238  4.096395E-17
6600.45146726861  4.168664E-17
6604.96613995483  4.141590E-17
6609.48081264106  3.915922E-17
6613.9954853273  4.116067E-17
6618.51015801353  4.659015E-17
6623.02483069976  4.536295E-17
6627.53950338599  4.636239E-17
6632.05417607222  4.660650E-17
6636.56884875845  3.622344E-17
6641.08352144468  3.746037E-17
6645.59819413091  4.000702E-17
6650.11286681714  4.079067E-17
6654.62753950337  3.700446E-17
6659.1422121896  3.374584E-17
6663.65688487583  3.569054E-17
6668.17155756206  4.073724E-17
6672.68623024829  3.947584E-17
6677.20090293452  3.847964E-17
6681.71557562075  3.875779E-17
6686.23024830698  3.517522E-17
6690.74492099321  3.945386E-17
6695.25959367944  3.896519E-17
6699.77426636567  3.815580E-17
6704.2889390519  3.555308E-17
6708.80361173813  3.326450E-17
6713.31828442436  3.764510E-17
6717.83295711059  4.025225E-17
6722.34762979682  3.790856E-17
6726.86230248305  3.627417E-17
6731.37697516928  3.747762E-17
6735.89164785551  3.842141E-17
6740.40632054174  3.804481E-17
6744.92099322797  3.726103E-17
6749.4356659142  3.522929E-17
6753.95033860043  3.790166E-17
6758.46501128666  3.827375E-17
6762.97968397289  3.411180E-17
6767.49435665912  3.296062E-17
6772.00902934535  3.606661E-17
6776.52370203158  4.257109E-17
6781.03837471781  4.839345E-17
6785.55304740404  3.947075E-17
6790.06772009027  3.721780E-17
6794.5823927765  3.680072E-17
6799.09706546274  3.222371E-17
6803.61173814896  3.609697E-17
6808.1264108352  3.815029E-17
6812.64108352142  3.605230E-17
6817.15575620766  3.702928E-17
6821.67042889389  3.588764E-17
6826.18510158012  3.363099E-17
6830.69977426635  3.481315E-17
6835.21444695258  3.956840E-17
6839.72911963881  4.160644E-17
6844.24379232504  3.868300E-17
6848.75846501127  3.833477E-17
6853.2731376975  2.896759E-17
6857.78781038373  2.850437E-17
6862.30248306996  3.148537E-17
6866.81715575619  3.934939E-17
6871.33182844242  4.572648E-17
6875.84650112865  3.680803E-17
6880.36117381488  3.683509E-17
6884.87584650111  3.503329E-17
6889.39051918734  3.639079E-17
6893.90519187357  4.354530E-17
6898.4198645598  4.008964E-17
6902.93453724603  3.829651E-17
6907.44920993226  3.439882E-17
6911.96388261849  3.370465E-17
6916.47855530472  3.321484E-17
6920.99322799095  3.845132E-17
6925.50790067718  3.978890E-17
6930.02257336341  4.149251E-17
6934.53724604964  3.480730E-17
6939.05191873587  3.428457E-17
6943.5665914221  4.007477E-17
6948.08126410833  3.997250E-17
6952.59593679456  3.847795E-17
6957.11060948079  3.767422E-17
6961.62528216702  3.842140E-17
6966.13995485325  4.267019E-17
6970.65462753948  3.359196E-17
6975.16930022571  3.505014E-17
6979.68397291194  3.955666E-17
6984.19864559817  3.799197E-17
6988.7133182844  3.934250E-17
6993.22799097063  3.671841E-17
6997.74266365686  3.883923E-17
7002.25733634309  3.983786E-17
7006.77200902933  3.783388E-17
7011.28668171556  3.913554E-17
7015.80135440179  3.555615E-17
7020.31602708802  3.722784E-17
7024.83069977425  3.845481E-17
7029.34537246047  3.440032E-17
7033.86004514671  3.520638E-17
7038.37471783294  3.208453E-17
7042.88939051917  3.090154E-17
7047.4040632054  3.439889E-17
7051.91873589163  3.261133E-17
7056.43340857786  2.973173E-17
7060.94808126409  3.707598E-17
7065.46275395032  3.767903E-17
7069.97742663655  3.545697E-17
7074.49209932278  3.946588E-17
7079.00677200901  3.645758E-17
7083.52144469524  3.165437E-17
7088.03611738147  3.330336E-17
7092.5507900677  3.311109E-17
7097.06546275393  3.440870E-17
7101.58013544016  3.578647E-17
7106.09480812639  3.771406E-17
7110.60948081262  3.808973E-17
7115.12415349885  3.967052E-17
7119.63882618508  4.064176E-17
7124.15349887131  3.480418E-17
7128.66817155754  3.043576E-17
7133.18284424377  2.996321E-17
7137.69751693  3.485105E-17
7142.21218961623  3.561885E-17
7146.72686230246  3.451202E-17
7151.24153498869  3.551202E-17
7155.75620767492  3.489686E-17
7160.27088036115  3.261056E-17
7164.78555304738  3.688507E-17
7169.30022573361  3.618754E-17
7173.81489841984  3.044232E-17
7178.32957110607  3.302051E-17
7182.8442437923  3.388273E-17
7187.35891647853  3.384218E-17
7191.87358916476  3.807779E-17
7196.38826185099  3.707331E-17
7200.90293453722  3.347143E-17
7205.41760722345  3.726897E-17
7209.93227990969  3.621098E-17
7214.44695259592  3.135074E-17
7218.96162528214  3.436729E-17
7223.47629796838  3.398564E-17
7227.9909706546  3.291537E-17
7232.50564334083  2.438874E-17
7237.02031602707  2.374359E-17
7241.5349887133  3.603776E-17
7246.04966139953  3.895655E-17
7250.56433408576  3.887328E-17
7255.07900677199  4.264551E-17
7259.59367945822  3.700695E-17
7264.10835214445  3.665442E-17
7268.62302483068  3.128792E-17
7273.13769751691  1.861399E-17
7277.65237020314  4.355144E-17
7282.16704288937  5.974080E-17
7286.6817155756  4.220247E-17
7291.19638826183  4.681112E-17
7295.71106094806  3.810279E-17
7300.22573363429  3.991242E-17
7304.74040632052  3.679625E-17
7309.25507900675  2.931397E-17
7313.76975169298  3.527620E-17
7318.28442437921  3.862520E-17
7322.79909706544  3.697047E-17
7327.31376975167  3.934285E-17
7331.8284424379  2.975360E-17
7336.34311512413  3.382654E-17
7340.85778781036  3.890100E-17
7345.37246049659  4.309008E-17
7349.88713318282  3.431360E-17
7354.40180586905  2.506821E-17
7358.91647855528  2.833268E-17
7363.43115124151  3.099738E-17
7367.94582392774  4.091465E-17
7372.46049661397  3.475339E-17
7376.9751693002  4.045933E-17
7381.48984198643  2.700839E-17
7386.00451467266  2.907206E-17
7390.51918735889  2.249640E-17
7395.03386004512  3.346150E-17
7399.54853273135  3.932064E-17
7404.06320541758  4.397944E-17
7408.57787810381  3.981541E-17
7413.09255079005  3.380422E-17
7417.60722347628  3.197316E-17
7422.1218961625  3.087425E-17
7426.63656884874  3.342511E-17
7431.15124153497  3.447371E-17
7435.6659142212  3.499730E-17
7440.18058690743  3.401135E-17
7444.69525959366  3.740632E-17
7449.20993227989  3.704471E-17
7453.72460496612  3.644637E-17
7458.23927765234  3.173651E-17
7462.75395033858  2.693465E-17
7467.26862302481  3.119324E-17
7471.78329571104  3.319256E-17
7476.29796839727  3.715687E-17
7480.8126410835  3.790470E-17
7485.32731376973  3.731902E-17
7489.84198645596  3.391675E-17
7494.35665914219  2.988466E-17
7498.87133182842  3.021273E-17
7503.38600451465  3.194264E-17
7507.90067720088  3.197590E-17
7512.41534988711  3.049693E-17
7516.93002257334  3.293512E-17
7521.44469525957  2.949326E-17
7525.9593679458  3.023971E-17
7530.47404063203  4.081046E-17
7534.98871331826  4.034034E-17
7539.50338600449  3.246382E-17
7544.01805869072  3.631033E-17
7548.53273137695  3.271436E-17
7553.04740406318  3.190983E-17
7557.56207674941  3.564236E-17
7562.07674943564  3.370783E-17
7566.59142212187  3.012782E-17
7571.1060948081  3.292064E-17
7575.62076749433  4.265393E-17
7580.13544018056  3.160328E-17
7584.65011286679  3.002714E-17
7589.16478555302  3.315618E-17
7593.67945823925  3.842682E-17
7598.19413092548  4.061582E-17
7602.70880361171  4.008341E-17
7607.22347629794  3.592686E-17
7611.73814898417  3.666863E-17
7616.2528216704  3.410786E-17
7620.76749435663  4.020280E-17
7625.28216704286  3.428865E-17
7629.79683972909  2.798769E-17
7634.31151241533  3.405198E-17
7638.82618510156  3.797318E-17
7643.34085778779  3.808878E-17
7647.85553047401  4.170100E-17
7652.37020316025  3.708565E-17
7656.88487584648  3.565116E-17
7661.39954853271  3.825881E-17
7665.91422121894  3.815863E-17
7670.42889390517  3.516740E-17
7674.9435665914  3.447147E-17
7679.45823927763  3.293726E-17
7683.97291196386  3.186564E-17
7688.48758465009  3.307837E-17
7693.00225733632  3.827052E-17
7697.51693002255  3.825911E-17
7702.03160270878  3.881347E-17
7706.54627539501  3.245401E-17
7711.06094808124  3.377404E-17
7715.57562076747  4.952338E-17
7720.0902934537  5.618515E-17
7724.60496613993  5.266312E-17
7729.11963882616  3.699117E-17
7733.63431151239  3.031944E-17
7738.14898419862  3.483659E-17
7742.66365688485  2.792244E-17
7747.17832957108  4.860028E-17
7751.69300225731  4.095151E-17
7756.20767494354  4.777462E-17
7760.72234762977  5.395474E-17
7765.237020316  3.015170E-17
7769.75169300223  3.995215E-17
7774.26636568846  3.353121E-17
7778.78103837469  3.587140E-17
7783.29571106092  2.937431E-17
7787.81038374715  2.643754E-17
7792.32505643338  2.228067E-17
7796.83972911961  2.958778E-17
7801.35440180584  4.660526E-17
7805.86907449207  3.583082E-17
7810.3837471783  3.821516E-17
7814.89841986453  3.402532E-17
7819.41309255076  4.951270E-17
7823.92776523699  7.424180E-17
7828.44243792323  7.422613E-17
7832.95711060945  5.829071E-17
7837.47178329569  3.083601E-17
7841.98645598192  3.555015E-17
7846.50112866814  2.522974E-17
7851.01580135438  3.106555E-17
7855.5304740406  3.238483E-17
7860.04514672684  3.364083E-17
7864.55981941307  4.000753E-17
7869.0744920993  3.437748E-17
7873.58916478553  3.208073E-17
7878.10383747176  2.902312E-17
7882.61851015799  2.939129E-17
7887.13318284422  3.475744E-17
7891.64785553045  3.365968E-17
7896.16252821668  4.227875E-17
7900.67720090291  3.002807E-17
7905.19187358914  4.111258E-17
7909.70654627537  2.087246E-17
7914.2212189616  3.087522E-17
7918.73589164783  5.851084E-17
7923.25056433406  4.978666E-17
7927.76523702029  3.736543E-17
7932.27990970652  3.755171E-17
7936.79458239275  3.681004E-17
7941.30925507898  3.957077E-17
7945.82392776521  3.209739E-17
7950.33860045144  3.130319E-17
7954.85327313767  2.423668E-17
7959.3679458239  1.975077E-17
7963.88261851013  2.676914E-17
7968.39729119636  2.697638E-17
7972.91196388259  2.962759E-17
7977.42663656882  4.307537E-17
7981.94130925505  3.073217E-17
7986.45598194128  1.132682E-17
7990.97065462751  8.924372E-18
7995.48532731374  2.648819E-17
7999.99999999997  3.594377E-17
8004.5146726862  4.159218E-17
8009.02934537243  3.196545E-17
8013.54401805866  2.942641E-17
8018.05869074489  2.456077E-17
8022.57336343112  1.481405E-17
8027.08803611735  2.551924E-17
8031.60270880358  4.112638E-17
8036.11738148981  4.230574E-17
8040.63205417604  3.148294E-17
8045.14672686227  3.123556E-17
8049.6613995485  2.290764E-17
8054.17607223473  2.098843E-17
8058.69074492096  2.990477E-17
8063.20541760719  3.210447E-17
8067.72009029343  4.096843E-17
8072.23476297965  3.742952E-17
8076.74943566589  3.505319E-17
8081.26410835212  3.071197E-17
8085.77878103835  2.794349E-17
8090.29345372458  3.042119E-17
8094.80812641081  2.788218E-17
8099.32279909704  2.263124E-17
8103.83747178327  3.010429E-17
8108.3521444695  3.367297E-17
8112.86681715573  3.325696E-17
8117.38148984196  3.015517E-17
8121.89616252819  2.994259E-17
8126.41083521442  2.982853E-17
8130.92550790065  2.780960E-17
8135.44018058688  2.597083E-17
8139.95485327311  2.237072E-17
8144.46952595934  3.206474E-17
8148.98419864557  4.429269E-17
8153.4988713318  4.003453E-17
8158.01354401803  3.227290E-17
8162.52821670426  3.229563E-17
8167.04288939049  3.078164E-17
8171.55756207672  3.129018E-17
8176.07223476295  3.152404E-17
8180.58690744918  3.075208E-17
8185.10158013541  3.710539E-17
8189.61625282164  3.881298E-17
8194.13092550787  3.505640E-17
8198.6455981941  3.410282E-17
8203.16027088033  3.169677E-17
8207.67494356656  2.863544E-17
8212.18961625279  2.800215E-17
8216.70428893902  2.829265E-17
8221.21896162525  2.976495E-17
8225.73363431149  4.008264E-17
8230.24830699771  4.128853E-17
8234.76297968394  3.603356E-17
8239.27765237017  3.399084E-17
8243.7923250564  3.249885E-17
8248.30699774263  2.476056E-17
8252.82167042886  2.699593E-17
8257.33634311509  2.418238E-17
8261.85101580132  2.872770E-17
8266.36568848756  3.353710E-17
8270.88036117379  4.454883E-17
8275.39503386002  6.114007E-17
8279.90970654625  5.843413E-17
8284.42437923247  4.269428E-17
8288.93905191871  3.796017E-17
8293.45372460494  2.091512E-17
8297.96839729117  2.799041E-17
8302.4830699774  5.828808E-17
8306.99774266363  4.799604E-17
8311.51241534986  4.052527E-17
8316.02708803609  3.794496E-17
8320.54176072232  3.786640E-17
8325.05643340855  2.879073E-17
8329.57110609478  2.568159E-17
8334.08577878101  -3.966524E-18
8338.60045146724  -3.795095E-18
8343.11512415347  4.019778E-17
8347.6297968397  7.052590E-17
8352.14446952593  5.851052E-17
8356.65914221216  5.021553E-17
8361.17381489839  4.951466E-17
8365.68848758462  4.698744E-17
8370.20316027085  4.042283E-17
8374.71783295708  3.706696E-17
8379.23250564331  4.034366E-17
8383.74717832954  3.917879E-17
8388.26185101577  2.915518E-17
8392.776523702  3.177065E-17
8397.29119638823  4.458738E-17
8401.80586907446  3.855432E-17
8406.32054176069  2.837987E-17
8410.83521444692  3.456845E-17
8415.34988713315  3.689819E-17
8419.86455981938  2.444752E-17
8424.37923250561  2.461818E-17
8428.89390519184  3.746919E-17
8433.40857787807  4.270025E-17
8437.9232505643  5.531808E-17
8442.43792325053  4.584547E-17
8446.95259593676  2.838434E-17
8451.467268623  4.281111E-17
8455.98194130922  4.242581E-17
8460.49661399545  2.673280E-17
8465.01128668169  3.069076E-17
8469.52595936791  3.561152E-17
8474.04063205414  4.252014E-17
8478.55530474037  3.781512E-17
8483.06997742661  3.099062E-17
8487.58465011284  3.345448E-17
8492.09932279907  4.218059E-17
8496.61399548529  3.893742E-17
8501.12866817153  3.417124E-17
8505.64334085776  3.674175E-17
8510.15801354399  3.611921E-17
8514.67268623022  4.602840E-17
8519.18735891645  3.170882E-17
8523.70203160268  2.667792E-17
8528.21670428891  3.061345E-17
8532.73137697514  3.280766E-17
8537.24604966137  3.257175E-17
8541.7607223476  3.276097E-17
8546.27539503383  4.526960E-17
8550.79006772006  4.455238E-17
8555.30474040629  4.073753E-17
8559.81941309252  2.519427E-17
8564.33408577875  3.233677E-17
8568.84875846498  3.205459E-17
8573.36343115121  2.469387E-17
8577.87810383744  3.082449E-17
8582.39277652367  3.237999E-17
8586.9074492099  3.891956E-17
8591.42212189613  3.313650E-17
8595.93679458236  2.780067E-17
8600.45146726859  2.801104E-17
8604.96613995482  2.644469E-17
8609.48081264105  2.559604E-17
8613.99548532728  2.242245E-17
8618.51015801351  1.459333E-17
8623.02483069974  1.690196E-17
8627.53950338597  2.505055E-17
8632.0541760722  4.365234E-17
8636.56884875843  5.057748E-17
8641.08352144466  3.550550E-17
8645.59819413089  3.093968E-17
8650.11286681712  3.106308E-17
8654.62753950335  3.010006E-17
8659.14221218958  3.840320E-17
8663.65688487582  3.646399E-17
8668.17155756204  5.004245E-17
8672.68623024827  3.977146E-17
8677.20090293451  4.543624E-17
8681.71557562074  3.552301E-17
8686.23024830697  3.405277E-17
8690.7449209932  3.599122E-17
8695.25959367942  4.268137E-17
8699.77426636565  4.013606E-17
8704.28893905189  3.554841E-17
8708.80361173812  3.806057E-17
8713.31828442435  3.173815E-17
8717.83295711058  2.653137E-17
8722.34762979681  2.704085E-17
8726.86230248304  2.773430E-17
8731.37697516927  3.173222E-17
8735.8916478555  3.340175E-17
8740.40632054173  3.791343E-17
8744.92099322796  3.194865E-17
8749.43566591419  3.559535E-17
8753.95033860042  2.260557E-17
8758.46501128665  -2.893939E-18
8762.97968397288  -2.226921E-17
8767.49435665911  -7.757779E-18
8772.00902934534  3.958010E-17
8776.52370203157  7.428372E-17
8781.0383747178  7.529302E-17
8785.55304740403  8.039785E-17
8790.06772009026  5.945110E-17
8794.58239277649  2.838477E-17
8799.09706546272  3.011947E-17
8803.61173814895  2.734513E-17
8808.12641083518  2.723889E-17
8812.64108352141  2.169779E-17
8817.15575620764  5.135716E-19
8821.67042889387  1.312942E-17
8826.1851015801  4.295705E-17
8830.69977426633  1.027703E-16
8835.21444695256  6.354853E-17
8839.72911963879  6.828124E-17
8844.24379232502  5.606503E-17
8848.75846501125  3.171488E-17
8853.27313769748  2.338174E-17
8857.78781038371  2.559983E-17
8862.30248306994  4.069696E-17
8866.81715575617  5.198432E-17
8871.3318284424  5.633189E-17
8875.84650112863  3.638634E-17
8880.36117381487  1.298593E-17
8884.87584650109  1.955553E-17
8889.39051918733  3.944387E-17
8893.90519187355  8.843442E-17
8898.41986455979  9.944419E-17
8902.93453724602  8.408541E-17
8907.44920993224  4.342204E-17
8911.96388261847  2.336809E-17
8916.47855530471  5.709437E-17
8920.99322799094  4.850269E-17
8925.50790067717  5.110851E-17
8930.0225733634  4.062040E-17
8934.53724604963  2.242672E-17
8939.05191873586  2.399766E-17
8943.56659142209  3.779133E-17
8948.08126410832  1.638214E-17
8952.59593679455  4.174235E-17
8957.11060948078  5.000945E-17
8961.62528216701  2.680204E-17
8966.13995485324  2.127902E-17
8970.65462753947  2.816237E-17
8975.1693002257  2.268117E-17
8979.68397291193  2.300956E-17
8984.19864559816  3.660990E-17
8988.71331828439  5.882085E-17
8993.22799097062  4.786507E-17
8997.74266365685  4.561918E-17
9002.25733634308  2.706209E-17
9006.77200902931  1.649661E-17
9011.28668171554  2.163174E-17
9015.80135440177  2.392831E-17
9020.316027088  3.321780E-17
9024.83069977423  4.213434E-17
9029.34537246046  3.738192E-17
9033.86004514669  4.088044E-17
9038.37471783292  5.588238E-17
9042.88939051915  3.745649E-17
9047.40406320538  7.835818E-18
9051.91873589161  1.772811E-17
9056.43340857784  2.760728E-17
9060.94808126407  3.720617E-17
9065.4627539503  4.433772E-17
9069.97742663653  4.599923E-17
9074.49209932276  3.964222E-17
9079.00677200899  3.880740E-17
9083.52144469522  3.158583E-17
9088.03611738145  2.835011E-17
9092.55079006768  2.600479E-17
9097.06546275391  2.772023E-17
9101.58013544014  3.927755E-17
9106.09480812638  3.919626E-17
9110.60948081261  4.159314E-17
9115.12415349884  4.290374E-17
9119.63882618507  3.636715E-17
9124.1534988713  2.701438E-17
9128.66817155753  2.570151E-17
9133.18284424376  3.045807E-17
9137.69751692999  4.092119E-17
9142.21218961622  4.080045E-17
9146.72686230245  3.536635E-17
9151.24153498868  2.705088E-17
9155.75620767491  2.246350E-17
9160.27088036114  2.897593E-17
9164.78555304737  4.019819E-17
9169.3002257336  4.572320E-17
9173.81489841983  3.965520E-17
9178.32957110606  3.338710E-17
9182.84424379229  3.858098E-17
9187.35891647852  3.859760E-17
9191.87358916475  3.388365E-17
9196.38826185098  3.661700E-17
9200.90293453721  3.075818E-17
9205.41760722344  2.291463E-17
9209.93227990967  2.088956E-17
9214.4469525959  2.207171E-17
9218.96162528213  2.482278E-17
9223.47629796836  3.458561E-17
9227.99097065459  5.143444E-17
9232.50564334082  4.558930E-17
9237.02031602705  3.196604E-17
9241.53498871328  3.084605E-17
9246.04966139951  2.766024E-17
9250.56433408574  2.052025E-17
9255.07900677197  3.357122E-17
9259.5936794582  3.199361E-17
9264.10835214443  2.918427E-17
9268.62302483066  3.036918E-17
9273.13769751689  3.466736E-17
9277.65237020312  3.981164E-17
9282.16704288935  3.631671E-17
9286.68171557558  4.703239E-17
9291.19638826182  5.312745E-17
9295.71106094805  4.307810E-17
9300.22573363427  -7.062121E-18
9304.7404063205  -4.026919E-17
9309.25507900674  6.178035E-17
9313.76975169296  1.791165E-16
9318.2844243792  2.173022E-16
9322.79909706542  1.846135E-16
9327.31376975166  1.218681E-16
9331.82844243789  1.025473E-16
9336.34311512412  3.922349E-17
9340.85778781035  1.805125E-18
9345.37246049658  -7.892340E-18
9349.88713318281  1.317947E-17
9354.40180586904  2.710350E-17
9358.91647855527  2.068655E-17
9363.4311512415  -4.073272E-17
9367.94582392773  -9.029315E-17
9372.46049661396  9.662032E-19
9376.97516930019  3.711994E-17
9381.48984198642  9.349796E-17
9386.00451467265  1.259957E-16
9390.51918735888  6.434570E-17
9395.03386004511  2.163983E-17
9399.54853273134  -9.030283E-18
9404.06320541757  3.680250E-17
9408.5778781038  4.963120E-17
9413.09255079003  4.345503E-17
9417.60722347626  7.921949E-17
9422.12189616249  8.024412E-17
9426.63656884872  8.571382E-17
9431.15124153495  8.742524E-17
9435.66591422118  -1.556988E-17
9440.18058690741  -7.899341E-17
9444.69525959364  -2.498057E-17
9449.20993227987  -4.099300E-17
9453.7246049661  -9.568824E-18
9458.23927765233  9.957120E-17
9462.75395033856  9.755509E-17
9467.26862302479  3.208432E-17
9471.78329571102  6.063742E-17
9476.29796839725  4.642541E-18
9480.81264108348  -3.879957E-19
9485.32731376971  1.602653E-17
9489.84198645594  2.217538E-17
9494.35665914217  4.989908E-17
9498.8713318284  4.075985E-17
9503.38600451464  6.562863E-17
9507.90067720087  7.482279E-17
9512.41534988709  6.980405E-17
9516.93002257332  6.479309E-17
9521.44469525955  3.731599E-17
9525.95936794578  2.067163E-17
9530.47404063202  2.477273E-17
9534.98871331825  1.165659E-17
9539.50338600447  -3.546358E-18
9544.01805869071  6.495018E-18
9548.53273137694  2.959731E-17
9553.04740406317  1.065698E-18
9557.5620767494  2.419996E-17
9562.07674943563  6.890170E-17
9566.59142212186  1.106336E-16
9571.10609480809  6.277372E-17
9575.62076749432  5.680322E-17
9580.13544018055  4.697467E-17
9584.65011286678  2.669331E-17
9589.16478555301  1.189069E-17
9593.67945823924  3.715929E-17
9598.19413092547  4.907919E-17
9602.7088036117  2.812170E-17
9607.22347629793  1.883346E-17
9611.73814898416  4.510764E-17
9616.25282167039  3.910222E-17
9620.76749435662  2.495963E-17
9625.28216704285  2.412779E-17
9629.79683972908  8.193203E-18
9634.31151241531  1.263991E-17
9638.82618510154  1.577492E-17
9643.34085778777  4.290141E-17
9647.855530474  3.486548E-17
9652.37020316023  2.321069E-17
9656.88487584646  3.128726E-17
9661.39954853269  4.144518E-17
9665.91422121892  2.632601E-17
9670.42889390515  2.357022E-17
9674.94356659138  1.313902E-17
9679.45823927761  3.385896E-17
9683.97291196384  1.253872E-17
9688.48758465007  -7.585354E-18
9693.0022573363  2.959129E-18
9697.51693002253  2.816745E-17
9702.03160270876  2.721382E-17
9706.546275395  4.258960E-17
9711.06094808122  6.890441E-17
9715.57562076745  2.965571E-17
9720.09029345368  5.169324E-17
9724.60496613992  7.117176E-17
9729.11963882615  3.076832E-17
9733.63431151238  4.482189E-17
9738.1489841986  2.066861E-17
9742.66365688484  2.020422E-17
9747.17832957107  4.017666E-18
9751.69300225729  2.924204E-17
9756.20767494353  5.427449E-17
9760.72234762976  4.432636E-17
9765.23702031599  1.822899E-17
9769.75169300222  1.958757E-17
9774.26636568845  4.832754E-17
9778.78103837468  4.833365E-17
9783.29571106091  2.444325E-17
9787.81038374714  -3.650051E-17
9792.32505643337  -5.291373E-17
9796.8397291196  -2.927940E-17
9801.35440180583  -3.388518E-17
9805.86907449206  2.620342E-18
9810.38374717829  4.100231E-17
9814.89841986452  5.417443E-17
9819.41309255075  5.560086E-17
9823.92776523698  2.361122E-17
9828.44243792321  1.293448E-17
9832.95711060944  3.347049E-17
9837.47178329567  3.492577E-17
9841.9864559819  2.752347E-17
9846.50112866813  2.845383E-17
9851.01580135436  1.465003E-17
9855.53047404059  5.048469E-17
9860.04514672682  3.707172E-17
9864.55981941305  1.309363E-17
9869.07449209928  3.434154E-17
9873.58916478551  7.979610E-17
9878.10383747174  1.050621E-16
9882.61851015797  8.691364E-17
9887.1331828442  6.424620E-17
9891.64785553043  6.384488E-18
9896.16252821666  2.112248E-17
9900.67720090289  1.990563E-17
9905.19187358912  -3.810110E-17
9909.70654627535  -1.969094E-17
9914.22121896158  2.071228E-17
9918.73589164782  2.273628E-17
9923.25056433404  5.924613E-18
9927.76523702027  -1.475568E-18
9932.2799097065  1.107206E-17
9936.79458239273  -2.216800E-18
9941.30925507897  1.144160E-18
9945.8239277652  5.493469E-17
9950.33860045143  3.880460E-18
9954.85327313765  2.293392E-17
9959.36794582389  3.226217E-17
9963.88261851012  9.074449E-17
9968.39729119635  1.172302E-16
9972.91196388258  4.751978E-17
9977.4266365688  6.669970E-17
9981.94130925504  4.697647E-17
9986.45598194127  2.622391E-17
9990.9706546275  2.022853E-17
9995.48532731373  6.439895E-17
9999.99999999996  4.592670E-17
