3914.1803696627  3.371458E-17
3917.24726443667  2.971401E-17
3920.31415921063  2.476347E-17
3923.38105398459  5.009591E-17
3926.44794875855  6.885147E-17
3929.51484353251  3.664687E-17
3932.58173830648  4.406734E-17
3935.64863308044  4.426927E-17
3938.7155278544  4.834047E-17
3941.78242262836  6.042609E-17
3944.84931740233  5.802147E-17
3947.91621217629  4.175660E-17
3950.98310695025  4.812441E-17
3954.05000172421  3.316923E-17
3957.11689649818  4.774213E-17
3960.18379127214  5.811605E-17
3963.2506860461  6.097068E-17
3966.31758082006  6.313776E-17
3969.38447559402  5.256924E-17
3972.45137036799  3.852248E-17
3975.51826514195  4.786491E-17
3978.58515991591  5.593045E-17
3981.65205468987  7.017519E-17
3984.71894946383  5.671977E-17
3987.7858442378  6.432980E-17
3990.85273901176  4.943875E-17
3993.91963378572  7.225632E-17
3996.98652855968  7.125968E-17
4000.05342333365  6.874879E-17
4003.12031810761  8.777119E-17
4006.18721288157  7.817905E-17
4009.25410765553  6.052032E-17
4012.3210024295  6.232171E-17
4015.38789720346  7.311563E-17
4018.45479197742  6.614009E-17
4021.52168675138  5.951141E-17
4024.58858152534  7.930901E-17
4027.65547629931  8.155770E-17
4030.72237107327  6.644589E-17
4033.78926584723  5.531276E-17
4036.85616062119  6.904459E-17
4039.92305539515  7.789109E-17
4042.98995016912  6.657405E-17
4046.05684494308  5.854574E-17
4049.12373971704  6.674817E-17
4052.190634491  7.670493E-17
4055.25752926496  6.479813E-17
4058.32442403893  7.907865E-17
4061.39131881289  9.607138E-17
4064.45821358685  8.189441E-17
4067.52510836081  8.713572E-17
4070.59200313478  8.272186E-17
4073.65889790874  8.485765E-17
4076.7257926827  8.670817E-17
4079.79268745666  9.302105E-17
4082.85958223063  1.014862E-16
4085.92647700459  9.145545E-17
4088.99337177855  8.522642E-17
4092.06026655251  8.353620E-17
4095.12716132647  7.355213E-17
4098.19405610044  8.617695E-17
4101.2609508744  7.400346E-17
4104.32784564836  7.676582E-17
4107.39474042232  8.780888E-17
4110.46163519629  7.799622E-17
4113.52852997025  7.964579E-17
4116.59542474421  8.045282E-17
4119.66231951817  8.158398E-17
4122.72921429213  6.470225E-17
4125.7961090661  6.585245E-17
4128.86300384006  7.426917E-17
4131.92989861402  8.405623E-17
4134.99679338798  8.416852E-17
4138.06368816194  8.303960E-17
4141.13058293591  6.844272E-17
4144.19747770987  6.452108E-17
4147.26437248383  8.594548E-17
4150.33126725779  8.384900E-17
4153.39816203176  6.895238E-17
4156.46505680572  6.503573E-17
4159.53195157968  6.778342E-17
4162.59884635364  6.081178E-17
4165.6657411276  6.418988E-17
4168.73263590157  6.906356E-17
4171.79953067553  6.673601E-17
4174.86642544949  5.142781E-17
4177.93332022345  5.470389E-17
4181.00021499742  6.363133E-17
4184.06710977138  5.512089E-17
4187.13400454534  5.731358E-17
4190.2008993193  4.521355E-17
4193.26779409326  6.038908E-17
4196.33468886723  5.477978E-17
4199.40158364119  3.449912E-17
4202.46847841515  4.308457E-17
4205.53537318911  4.510977E-17
4208.60226796308  3.378690E-17
4211.66916273704  3.153301E-17
4214.736057511  2.073377E-17
4217.80295228496  3.473808E-17
4220.86984705892  3.437498E-17
4223.93674183289  4.430673E-17
4227.00363660685  3.766294E-17
4230.07053138081  3.110947E-17
4233.13742615477  3.074659E-17
4236.20432092874  3.812369E-17
4239.2712157027  4.376420E-17
4242.33811047666  4.268404E-17
4245.40500525062  4.555507E-17
4248.47190002459  3.716167E-17
4251.53879479855  2.753403E-17
4254.60568957251  3.561612E-17
4257.67258434647  3.728742E-17
4260.73947912043  3.342759E-17
4263.8063738944  3.056304E-17
4266.87326866836  4.199942E-17
4269.94016344232  4.604754E-17
4273.00705821628  3.145871E-17
4276.07395299024  4.303586E-17
4279.14084776421  5.784770E-17
4282.20774253817  4.649556E-17
4285.27463731213  5.763538E-17
4288.34153208609  4.655797E-17
4291.40842686006  3.865843E-17
4294.47532163402  4.648771E-17
4297.54221640798  5.232733E-17
4300.60911118194  4.276883E-17
4303.67600595591  4.009804E-17
4306.74290072987  5.141610E-17
4309.80979550383  4.736234E-17
4312.87669027779  4.646706E-17
4315.94358505175  4.476468E-17
4319.01047982572  3.706411E-17
4322.07737459968  5.593180E-17
4325.14426937364  5.784671E-17
4328.2111641476  5.542681E-17
4331.27805892157  6.467090E-17
4334.34495369553  7.619542E-17
4337.41184846949  6.165176E-17
4340.47874324345  5.581598E-17
4343.54563801741  5.189964E-17
4346.61253279138  5.884752E-17
4349.67942756534  6.011006E-17
4352.7463223393  5.187958E-17
4355.81321711326  5.373029E-17
4358.88011188722  4.793023E-17
4361.94700666119  5.463812E-17
4365.01390143515  5.885239E-17
4368.08079620911  7.642537E-17
4371.14769098307  7.113640E-17
4374.21458575704  6.777992E-17
4377.281480531  6.770699E-17
4380.34837530496  5.310786E-17
4383.41527007892  6.300920E-17
4386.48216485288  6.742013E-17
4389.54905962685  6.854791E-17
4392.61595440081  7.567629E-17
4395.68284917477  7.747892E-17
4398.74974394873  7.785219E-17
4401.81663872269  7.499693E-17
4404.88353349666  8.289376E-17
4407.95042827062  9.947568E-17
4411.01732304458  8.441635E-17
4414.08421781854  6.735818E-17
4417.15111259251  7.989700E-17
4420.21800736647  7.686170E-17
4423.28490214043  9.194132E-17
4426.35179691439  1.013723E-16
4429.41869168835  8.493090E-17
4432.48558646232  9.472011E-17
4435.55248123628  1.076783E-16
4438.61937601024  1.159286E-16
4441.6862707842  1.049307E-16
4444.75316555817  8.523554E-17
4447.82006033213  8.814082E-17
4450.88695510609  9.645508E-17
4453.95384988005  9.527551E-17
4457.02074465402  1.045158E-16
4460.08763942798  1.018244E-16
4463.15453420194  8.824625E-17
4466.2214289759  9.739101E-17
4469.28832374986  1.001280E-16
4472.35521852383  9.983981E-17
4475.42211329779  9.842635E-17
4478.48900807175  1.028934E-16
4481.55590284571  1.042065E-16
4484.62279761967  1.154893E-16
4487.68969239364  1.078774E-16
4490.7565871676  1.050070E-16
4493.82348194156  1.078939E-16
4496.89037671552  1.084749E-16
4499.95727148949  1.005087E-16
4503.02416626345  1.075559E-16
4506.09106103741  1.049923E-16
4509.15795581137  1.087074E-16
4512.22485058533  1.050060E-16
4515.2917453593  1.020780E-16
4518.35864013326  1.003057E-16
4521.42553490722  1.130208E-16
4524.49242968118  1.252975E-16
4527.55932445515  1.146525E-16
4530.62621922911  8.992893E-17
4533.69311400307  8.951869E-17
4536.76000877703  9.332931E-17
4539.82690355099  9.782178E-17
4542.89379832496  8.535630E-17
4545.96069309892  7.790329E-17
4549.02758787288  8.048105E-17
4552.09448264684  7.696190E-17
4555.16137742081  9.858012E-17
4558.22827219477  9.264112E-17
4561.29516696873  8.917843E-17
4564.36206174269  9.895011E-17
4567.42895651665  8.811140E-17
4570.49585129062  8.916263E-17
4573.56274606458  8.771356E-17
4576.62964083854  9.535374E-17
4579.6965356125  8.703717E-17
4582.76343038647  8.933985E-17
4585.83032516043  9.124604E-17
4588.89721993439  9.018024E-17
4591.96411470835  9.084772E-17
4595.03100948231  1.016839E-16
4598.09790425628  1.031938E-16
4601.16479903024  1.021155E-16
4604.2316938042  9.914612E-17
4607.29858857816  9.283441E-17
4610.36548335212  1.092530E-16
4613.43237812609  1.087610E-16
4616.49927290005  1.099768E-16
4619.56616767401  9.933188E-17
4622.63306244797  9.974742E-17
4625.69995722193  1.018037E-16
4628.7668519959  1.057230E-16
4631.83374676986  1.033401E-16
4634.90064154382  1.038095E-16
4637.96753631778  1.025016E-16
4641.03443109175  1.020569E-16
4644.10132586571  9.646631E-17
4647.16822063967  9.910253E-17
4650.23511541363  1.122098E-16
4653.3020101876  9.855176E-17
4656.36890496156  9.299633E-17
4659.43579973552  9.519883E-17
4662.50269450948  1.058880E-16
4665.56958928345  1.069161E-16
4668.63648405741  1.001522E-16
4671.70337883137  1.032475E-16
4674.77027360533  1.060687E-16
4677.83716837929  1.015460E-16
4680.90406315326  8.590917E-17
4683.97095792722  9.547693E-17
4687.03785270118  9.568576E-17
4690.10474747514  9.225662E-17
4693.17164224911  9.745126E-17
4696.23853702307  8.393494E-17
4699.30543179703  9.533748E-17
4702.37232657099  9.551207E-17
4705.43922134495  8.673093E-17
4708.50611611892  8.406261E-17
4711.57301089288  8.512698E-17
4714.63990566684  8.447260E-17
4717.7068004408  7.994926E-17
4720.77369521476  7.660424E-17
4723.84058998873  7.736255E-17
4726.90748476269  8.936665E-17
4729.97437953665  8.648637E-17
4733.04127431061  8.358399E-17
4736.10816908457  7.825056E-17
4739.17506385854  8.040700E-17
4742.2419586325  9.366926E-17
4745.30885340646  1.031929E-16
4748.37574818042  9.616313E-17
4751.44264295439  9.374773E-17
4754.50953772835  8.938633E-17
4757.57643250231  9.068086E-17
4760.64332727627  9.217962E-17
4763.71022205023  9.147104E-17
4766.7771168242  7.661248E-17
4769.84401159816  8.736085E-17
4772.91090637212  9.130752E-17
4775.97780114608  8.019468E-17
4779.04469592005  9.376818E-17
4782.11159069401  8.843448E-17
4785.17848546797  8.741339E-17
4788.24538024193  7.756928E-17
4791.31227501589  7.107659E-17
4794.37916978986  7.220205E-17
4797.44606456382  7.020887E-17
4800.51295933778  7.602745E-17
4803.57985411174  7.180640E-17
4806.64674888571  6.817273E-17
4809.71364365967  7.790106E-17
4812.78053843363  7.355810E-17
4815.84743320759  6.780037E-17
4818.91432798155  6.847688E-17
4821.98122275552  7.336827E-17
4825.04811752948  6.839872E-17
4828.11501230344  6.658235E-17
4831.1819070774  6.912488E-17
4834.24880185137  6.690474E-17
4837.31569662533  6.226220E-17
4840.38259139929  6.085091E-17
4843.44948617325  6.581583E-17
4846.51638094721  5.100866E-17
4849.58327572118  5.548823E-17
4852.65017049514  6.413076E-17
4855.7170652691  5.532782E-17
4858.78396004306  5.471732E-17
4861.85085481703  5.897586E-17
4864.91774959099  5.934795E-17
4867.98464436495  6.051205E-17
4871.05153913891  6.004186E-17
4874.11843391287  6.017282E-17
4877.18532868684  6.646751E-17
4880.2522234608  6.724237E-17
4883.31911823476  4.926480E-17
4886.38601300872  4.817031E-17
4889.45290778269  5.276826E-17
4892.51980255665  6.026459E-17
4895.58669733061  5.968064E-17
4898.65359210457  5.269699E-17
4901.72048687853  5.233365E-17
4904.7873816525  4.614850E-17
4907.85427642646  4.882808E-17
4910.92117120042  5.908243E-17
4913.98806597438  5.913521E-17
4917.05496074834  5.935891E-17
4920.12185552231  6.250994E-17
4923.18875029627  5.951370E-17
4926.25564507023  5.775394E-17
4929.32253984419  5.678494E-17
4932.38943461816  6.215691E-17
4935.45632939212  5.980413E-17
4938.52322416608  4.850207E-17
4941.59011894004  5.050588E-17
4944.65701371401  5.466657E-17
4947.72390848797  5.617929E-17
4950.79080326193  6.031174E-17
4953.85769803589  6.030350E-17
4956.92459280985  5.988866E-17
4959.99148758382  6.095378E-17
4963.05838235778  5.232184E-17
4966.12527713174  5.574374E-17
4969.1921719057  5.613156E-17
4972.25906667966  5.663685E-17
4975.32596145363  6.380837E-17
4978.39285622759  6.042865E-17
4981.45975100155  5.932564E-17
4984.52664577551  6.297242E-17
4987.59354054948  6.884375E-17
4990.66043532344  6.336576E-17
4993.7273300974  6.540042E-17
4996.79422487136  6.776583E-17
4999.86111964532  6.758494E-17
5002.92801441929  6.583838E-17
5005.99490919325  6.672041E-17
5009.06180396721  5.905277E-17
5012.12869874117  5.678650E-17
5015.19559351514  7.015818E-17
5018.2624882891  7.061305E-17
5021.32938306306  7.044469E-17
5024.39627783702  6.300928E-17
5027.46317261098  6.266916E-17
5030.53006738495  6.076915E-17
5033.59696215891  6.443291E-17
5036.66385693287  6.550390E-17
5039.73075170683  6.624717E-17
5042.7976464808  7.022687E-17
5045.86454125476  6.921653E-17
5048.93143602872  6.325500E-17
5051.99833080268  6.800051E-17
5055.06522557665  6.308198E-17
5058.13212035061  6.200758E-17
5061.19901512457  7.624578E-17
5064.26590989853  7.254428E-17
5067.33280467249  7.737481E-17
5070.39969944646  6.978108E-17
5073.46659422042  6.989962E-17
5076.53348899438  6.958012E-17
5079.60038376834  6.413225E-17
5082.6672785423  6.789031E-17
5085.73417331627  8.057973E-17
5088.80106809023  7.669426E-17
5091.86796286419  7.940420E-17
5094.93485763815  7.245388E-17
5098.00175241212  7.308988E-17
5101.06864718608  8.076277E-17
5104.13554196004  8.379825E-17
5107.202436734  8.470453E-17
5110.26933150796  7.691456E-17
5113.33622628193  8.572903E-17
5116.40312105589  8.296528E-17
5119.47001582985  7.595124E-17
5122.53691060381  6.614317E-17
5125.60380537778  6.623409E-17
5128.67070015174  7.415979E-17
5131.7375949257  7.876051E-17
5134.80448969966  7.918779E-17
5137.87138447363  6.984290E-17
5140.93827924759  7.252215E-17
5144.00517402155  6.777833E-17
5147.07206879551  7.831298E-17
5150.13896356947  7.235630E-17
5153.20585834344  8.356678E-17
5156.2727531174  8.521451E-17
5159.33964789136  8.252089E-17
5162.40654266532  8.711116E-17
5165.47343743928  8.166691E-17
5168.54033221325  7.454204E-17
5171.60722698721  7.663916E-17
5174.67412176117  7.466653E-17
5177.74101653513  7.012934E-17
5180.8079113091  7.768642E-17
5183.87480608306  7.493850E-17
5186.94170085702  6.825000E-17
5190.00859563098  6.858674E-17
5193.07549040494  6.534810E-17
5196.14238517891  6.574797E-17
5199.20927995287  7.537914E-17
5202.27617472683  7.272144E-17
5205.34306950079  7.118552E-17
5208.40996427476  7.506703E-17
5211.47685904872  6.993136E-17
5214.54375382268  7.113702E-17
5217.61064859664  7.340795E-17
5220.67754337061  7.328554E-17
5223.74443814457  7.545487E-17
5226.81133291853  7.229731E-17
5229.87822769249  6.433702E-17
5232.94512246645  6.414923E-17
5236.01201724042  7.353329E-17
5239.07891201438  8.055328E-17
5242.14580678834  7.504076E-17
5245.2127015623  7.593792E-17
5248.27959633626  6.775606E-17
5251.34649111023  7.056404E-17
5254.41338588419  7.575102E-17
5257.48028065815  7.879893E-17
5260.54717543211  7.796633E-17
5263.61407020607  6.490891E-17
5266.68096498004  7.141321E-17
5269.747859754  7.107960E-17
5272.81475452796  7.137584E-17
5275.88164930192  6.951002E-17
5278.94854407589  6.861142E-17
5282.01543884985  6.706459E-17
5285.08233362381  6.404792E-17
5288.14922839777  6.895219E-17
5291.21612317173  7.349197E-17
5294.2830179457  6.665817E-17
5297.34991271966  6.691830E-17
5300.41680749362  6.328132E-17
5303.48370226758  6.115282E-17
5306.55059704155  5.592183E-17
5309.61749181551  5.285805E-17
5312.68438658947  5.433958E-17
5315.75128136343  4.974689E-17
5318.8181761374  6.123320E-17
5321.88507091136  6.042360E-17
5324.95196568532  5.423957E-17
5328.01886045928  6.573269E-17
5331.08575523324  6.210600E-17
5334.15265000721  5.980876E-17
5337.21954478117  6.078639E-17
5340.28643955513  6.069936E-17
5343.35333432909  5.625360E-17
5346.42022910305  5.343098E-17
5349.48712387702  5.105001E-17
5352.55401865098  4.930345E-17
5355.62091342494  5.113170E-17
5358.6878081989  5.355047E-17
5361.75470297286  5.808440E-17
5364.82159774683  6.463951E-17
5367.88849252079  5.677676E-17
5370.95538729475  5.441648E-17
5374.02228206872  5.284512E-17
5377.08917684268  5.700672E-17
5380.15607161664  5.685762E-17
5383.2229663906  4.998883E-17
5386.28986116456  5.151589E-17
5389.35675593853  4.996223E-17
5392.42365071249  5.088561E-17
5395.49054548645  4.333837E-17
5398.55744026041  3.833324E-17
5401.62433503437  4.384896E-17
5404.69122980834  4.363727E-17
5407.7581245823  3.930482E-17
5410.82501935626  4.368097E-17
5413.89191413022  3.966795E-17
5416.95880890419  4.397537E-17
5420.02570367815  4.104182E-17
5423.09259845211  3.563637E-17
5426.15949322607  5.016768E-17
5429.22638800003  4.550507E-17
5432.293282774  5.177651E-17
5435.36017754796  5.537888E-17
5438.42707232192  4.679733E-17
5441.49396709588  5.083173E-17
5444.56086186984  4.811328E-17
5447.62775664381  5.047503E-17
5450.69465141777  5.679798E-17
5453.76154619173  5.204335E-17
5456.82844096569  5.493817E-17
5459.89533573965  5.530456E-17
5462.96223051362  4.516179E-17
5466.02912528758  5.034635E-17
5469.09602006154  5.252828E-17
5472.1629148355  4.713987E-17
5475.22980960947  4.867157E-17
5478.29670438343  4.997892E-17
5481.36359915739  5.235987E-17
5484.43049393135  5.079565E-17
5487.49738870531  4.476116E-17
5490.56428347928  4.153395E-17
5493.63117825324  5.525562E-17
5496.6980730272  3.978661E-17
5499.76496780116  4.112096E-17
5502.83186257513  4.973492E-17
5505.89875734909  4.286629E-17
5508.96565212305  4.813144E-17
5512.03254689701  4.235646E-17
5515.09944167097  4.760913E-17
5518.16633644494  3.815462E-17
5521.2332312189  4.230357E-17
5524.30012599286  3.641877E-17
5527.36702076682  4.935561E-17
5530.43391554079  4.511936E-17
5533.50081031475  3.890892E-17
5536.56770508871  3.810056E-17
5539.63459986267  5.101950E-17
5542.70149463663  4.626335E-17
5545.7683894106  4.010974E-17
5548.83528418456  3.765815E-17
5551.90217895852  4.370673E-17
5554.96907373249  2.667352E-17
5558.03596850645  3.438849E-17
5561.10286328041  4.250768E-17
5564.16975805437  4.250768E-17
5567.23665282833  4.250768E-17
5570.3035476023  4.250768E-17
5573.37044237626  4.250768E-17
5576.43733715022  4.250768E-17
5579.50423192418  4.250768E-17
5582.57112669814  4.250768E-17
5585.63802147211  4.278097E-17
5588.70491624607  4.278097E-17
5591.77181102003  4.766403E-17
5594.83870579399  4.331459E-17
5597.90560056795  3.985721E-17
5600.97249534192  4.820832E-17
5604.03939011588  4.822144E-17
5607.10628488984  4.249071E-17
5610.1731796638  4.035165E-17
5613.24007443776  4.291348E-17
5616.30696921173  4.719942E-17
5619.37386398569  4.259553E-17
5622.44075875965  3.831738E-17
5625.50765353362  4.017951E-17
5628.57454830758  4.603165E-17
5631.64144308154  4.627911E-17
5634.7083378555  4.239555E-17
5637.77523262946  3.834335E-17
5640.84212740343  3.687628E-17
5643.90902217739  4.007202E-17
5646.97591695135  4.875320E-17
5650.04281172531  4.667252E-17
5653.10970649927  4.892344E-17
5656.17660127324  4.292908E-17
5659.2434960472  3.565210E-17
5662.31039082116  3.435326E-17
5665.37728559512  3.965086E-17
5668.44418036909  4.181940E-17
5671.51107514305  4.578367E-17
5674.57796991701  3.787388E-17
5677.64486469097  3.652733E-17
5680.71175946493  4.824127E-17
5683.7786542389  3.508818E-17
5686.84554901286  4.082111E-17
5689.91244378682  3.538894E-17
5692.97933856078  3.827789E-17
5696.04623333475  4.130229E-17
5699.11312810871  4.080236E-17
5702.18002288267  4.969224E-17
5705.24691765663  4.967739E-17
5708.31381243059  5.073187E-17
5711.38070720456  4.499989E-17
5714.44760197852  4.619738E-17
5717.51449675248  4.311505E-17
5720.58139152644  4.921853E-17
5723.6482863004  4.291990E-17
5726.71518107437  4.389316E-17
5729.78207584833  4.845944E-17
5732.84897062229  4.036125E-17
5735.91586539625  3.635470E-17
5738.98276017022  4.186083E-17
5742.04965494418  3.858083E-17
5745.11654971814  4.820240E-17
5748.1834444921  5.498749E-17
5751.25033926607  5.473852E-17
5754.31723404003  5.488599E-17
5757.38412881399  5.117335E-17
5760.45102358795  4.314003E-17
5763.51791836192  4.251432E-17
5766.58481313588  4.981463E-17
5769.65170790984  4.924548E-17
5772.7186026838  5.292493E-17
5775.78549745776  4.948253E-17
5778.85239223173  5.070333E-17
5781.91928700569  5.127295E-17
5784.98618177965  5.464014E-17
5788.05307655361  5.067324E-17
5791.11997132757  5.216369E-17
5794.18686610154  5.130448E-17
5797.2537608755  5.343119E-17
5800.32065564946  5.455083E-17
5803.38755042342  5.131453E-17
5806.45444519738  7.048998E-17
5809.52133997135  6.730979E-17
5812.58823474531  6.156572E-17
5815.65512951927  5.538629E-17
5818.72202429323  6.026715E-17
5821.7889190672  5.711557E-17
5824.85581384116  5.972723E-17
5827.92270861512  6.674469E-17
5830.98960338908  6.012877E-17
5834.05649816304  5.434533E-17
5837.12339293701  5.742635E-17
5840.19028771097  5.488669E-17
5843.25718248493  5.259516E-17
5846.32407725889  5.530870E-17
5849.39097203286  5.309881E-17
5852.45786680682  6.255076E-17
5855.52476158078  6.258770E-17
5858.59165635474  4.491976E-17
5861.6585511287  4.676993E-17
5864.72544590267  5.065364E-17
5867.79234067663  5.356680E-17
5870.85923545059  6.399531E-17
5873.92613022455  6.255583E-17
5876.99302499852  5.171614E-17
5880.05991977248  4.028446E-17
5883.12681454644  4.718578E-17
5886.1937093204  4.651518E-17
5889.26060409436  5.382474E-17
5892.32749886833  5.258503E-17
5895.39439364229  6.083633E-17
5898.46128841625  5.995484E-17
5901.52818319021  4.772259E-17
5904.59507796418  5.180295E-17
5907.66197273814  5.626833E-17
5910.7288675121  4.689618E-17
5913.79576228606  5.125619E-17
5916.86265706003  5.636343E-17
5919.92955183399  5.134710E-17
5922.99644660795  6.289749E-17
5926.06334138191  5.506915E-17
5929.13023615587  5.120950E-17
5932.19713092984  5.111625E-17
5935.2640257038  4.665436E-17
5938.33092047776  4.605494E-17
5941.39781525172  5.179103E-17
5944.46471002568  4.706854E-17
5947.53160479965  4.306940E-17
5950.59849957361  4.711791E-17
5953.66539434757  5.521817E-17
5956.73228912153  5.792169E-17
5959.7991838955  5.183927E-17
5962.86607866946  4.655339E-17
5965.93297344342  4.648795E-17
5968.99986821738  4.478659E-17
5972.06676299134  4.083168E-17
5975.13365776531  4.101399E-17
5978.20055253927  4.652348E-17
5981.26744731323  4.179653E-17
5984.33434208719  2.799969E-17
5987.40123686116  3.363202E-17
5990.46813163512  3.199068E-17
5993.53502640908  3.987817E-17
5996.60192118304  3.883688E-17
5999.66881595701  4.073079E-17
6002.73571073097  4.079556E-17
6005.80260550493  4.267272E-17
6008.86950027889  3.172909E-17
6011.93639505285  3.778748E-17
6015.00328982682  3.858273E-17
6018.07018460078  3.099140E-17
6021.13707937474  3.589035E-17
6024.2039741487  3.366548E-17
6027.27086892266  3.498453E-17
6030.33776369663  3.178513E-17
6033.40465847059  3.639015E-17
6036.47155324455  3.934560E-17
6039.53844801851  3.365680E-17
6042.60534279247  3.576879E-17
6045.67223756644  4.088936E-17
6048.7391323404  3.811331E-17
6051.80602711436  4.121952E-17
6054.87292188832  4.315053E-17
6057.93981666229  3.014672E-17
6061.00671143625  3.340141E-17
6064.07360621021  3.574140E-17
6067.14050098417  3.207813E-17
6070.20739575813  3.923416E-17
6073.2742905321  3.656812E-17
6076.34118530606  3.985574E-17
6079.40808008002  4.253724E-17
6082.47497485398  3.604631E-17
6085.54186962794  3.793678E-17
6088.60876440191  4.323088E-17
6091.67565917587  3.731894E-17
6094.74255394983  3.604187E-17
6097.8094487238  3.711913E-17
6100.87634349776  3.541789E-17
6103.94323827172  3.546969E-17
6107.01013304568  4.137661E-17
6110.07702781964  4.627830E-17
6113.14392259361  4.206215E-17
6116.21081736757  3.819186E-17
6119.27771214153  4.016833E-17
6122.34460691549  3.786596E-17
6125.41150168945  4.465082E-17
6128.47839646342  3.445131E-17
6131.54529123738  3.833330E-17
6134.61218601134  3.945838E-17
6137.6790807853  3.130634E-17
6140.74597555926  4.136796E-17
6143.81287033323  4.735125E-17
6146.87976510719  4.786219E-17
6149.94665988115  4.243022E-17
6153.01355465511  3.752105E-17
6156.08044942908  3.596287E-17
6159.14734420304  3.273919E-17
6162.214238977  3.429294E-17
6165.28113375096  3.607888E-17
6168.34802852492  3.674454E-17
6171.41492329889  3.629231E-17
6174.48181807285  3.389224E-17
6177.54871284681  3.860016E-17
6180.61560762077  3.918904E-17
6183.68250239474  3.935288E-17
6186.7493971687  3.721473E-17
6189.81629194266  3.409176E-17
6192.88318671662  3.875162E-17
6195.95008149059  4.050644E-17
6199.01697626455  3.087981E-17
6202.08387103851  3.040590E-17
6205.15076581247  3.823381E-17
6208.21766058643  3.413518E-17
6211.2845553604  3.473524E-17
6214.35145013436  3.272142E-17
6217.41834490832  3.342289E-17
6220.48523968228  2.860835E-17
6223.55213445624  3.243298E-17
6226.61902923021  3.548131E-17
6229.68592400417  3.093307E-17
6232.75281877813  2.596173E-17
6235.8197135521  2.572555E-17
6238.88660832606  2.560928E-17
6241.95350310002  2.420908E-17
6245.02039787398  2.830750E-17
6248.08729264794  2.972702E-17
6251.15418742191  3.240842E-17
6254.22108219587  3.423690E-17
6257.28797696983  4.170891E-17
6260.35487174379  4.131232E-17
6263.42176651775  4.184863E-17
6266.48866129172  3.552148E-17
6269.55555606568  3.486223E-17
6272.62245083964  3.775749E-17
6275.6893456136  3.689994E-17
6278.75624038756  3.408276E-17
6281.82313516153  4.103120E-17
6284.89002993549  3.782729E-17
6287.95692470945  3.362721E-17
6291.02381948341  3.848337E-17
6294.09071425738  2.718671E-17
6297.15760903134  3.491567E-17
6300.2245038053  3.731681E-17
6303.29139857926  3.549925E-17
6306.35829335322  3.590082E-17
6309.42518812719  3.645156E-17
6312.49208290115  4.731634E-17
6315.55897767511  4.547149E-17
6318.62587244907  4.045153E-17
6321.69276722304  4.143075E-17
6324.759661997  4.107770E-17
6327.82655677096  4.487591E-17
6330.89345154492  4.001440E-17
6333.96034631888  4.389811E-17
6337.02724109285  4.507216E-17
6340.09413586681  4.204889E-17
6343.16103064077  4.098470E-17
6346.22792541473  3.415018E-17
6349.2948201887  3.868831E-17
6352.36171496266  4.431032E-17
6355.42860973662  4.792746E-17
6358.49550451058  4.868714E-17
6361.56239928454  4.447275E-17
6364.62929405851  4.665980E-17
6367.69618883247  4.473621E-17
6370.76308360643  4.279326E-17
6373.82997838039  4.581994E-17
6376.89687315435  4.624614E-17
6379.96376792832  4.125481E-17
6383.03066270228  3.575751E-17
6386.09755747624  4.162934E-17
6389.1644522502  4.608862E-17
6392.23134702417  4.422874E-17
6395.29824179813  3.871017E-17
6398.36513657209  3.609196E-17
6401.43203134605  4.087089E-17
6404.49892612002  3.896195E-17
6407.56582089398  3.624809E-17
6410.63271566794  3.987059E-17
6413.6996104419  4.351717E-17
6416.76650521586  4.331735E-17
6419.83339998983  3.847012E-17
6422.90029476379  3.830000E-17
6425.96718953775  4.361269E-17
6429.03408431171  4.013159E-17
6432.10097908567  3.790952E-17
6435.16787385964  3.895310E-17
6438.2347686336  3.671025E-17
6441.30166340756  3.546694E-17
6444.36855818152  4.215971E-17
6447.43545295549  4.199370E-17
6450.50234772945  3.609437E-17
6453.56924250341  4.036614E-17
6456.63613727737  3.449927E-17
6459.70303205133  3.063279E-17
6462.7699268253  4.157573E-17
6465.83682159926  4.087144E-17
6468.90371637322  4.542808E-17
6471.97061114718  4.474543E-17
6475.03750592115  3.961929E-17
6478.10440069511  4.038795E-17
6481.17129546907  3.510923E-17
6484.23819024303  4.033695E-17
6487.30508501699  3.838166E-17
6490.37197979096  3.422413E-17
6493.43887456492  3.683772E-17
6496.50576933888  4.689778E-17
6499.57266411284  4.439885E-17
6502.63955888681  3.764117E-17
6505.70645366077  4.362784E-17
6508.77334843473  4.190917E-17
6511.84024320869  4.252678E-17
6514.90713798265  3.853284E-17
6517.97403275662  3.386670E-17
6521.04092753058  3.510477E-17
6524.10782230454  3.442167E-17
6527.1747170785  3.495134E-17
6530.24161185247  3.808955E-17
6533.30850662643  4.326973E-17
6536.37540140039  4.485947E-17
6539.44229617435  4.182104E-17
6542.50919094831  3.908196E-17
6545.57608572228  3.907061E-17
6548.64298049624  2.901947E-17
6551.7098752702  2.668878E-17
6554.77677004416  3.219195E-17
6557.84366481813  2.904769E-17
6560.91055959209  3.101239E-17
6563.97745436605  3.302513E-17
6567.04434914001  3.447947E-17
6570.11124391397  3.287191E-17
6573.17813868794  3.410774E-17
6576.2450334619  3.693899E-17
6579.31192823586  4.090547E-17
6582.37882300982  3.472813E-17
6585.44571778378  3.636809E-17
6588.51261255775  3.890345E-17
6591.57950733171  4.098097E-17
6594.64640210567  3.478359E-17
6597.71329687963  3.828076E-17
6600.7801916536  2.836277E-17
6603.84708642756  3.657767E-17
6606.91398120152  3.739360E-17
6609.98087597548  4.288348E-17
6613.04777074945  3.606698E-17
6616.11466552341  3.502520E-17
6619.18156029737  4.326986E-17
6622.24845507133  4.139987E-17
6625.31534984529  3.651132E-17
6628.38224461926  3.660524E-17
6631.44913939322  3.709160E-17
6634.51603416718  3.565590E-17
6637.58292894114  3.507638E-17
6640.64982371511  4.243021E-17
6643.71671848907  4.017842E-17
6646.78361326303  4.251770E-17
6649.85050803699  4.245822E-17
6652.91740281095  3.541741E-17
6655.98429758492  3.658261E-17
6659.05119235888  3.557853E-17
6662.11808713284  3.861415E-17
6665.1849819068  3.716327E-17
6668.25187668077  4.228766E-17
6671.31877145473  4.282800E-17
6674.38566622869  4.147089E-17
6677.45256100265  3.677979E-17
6680.51945577661  4.114134E-17
6683.58635055057  3.920082E-17
6686.65324532454  4.101999E-17
6689.7201400985  3.110666E-17
6692.78703487246  4.025610E-17
6695.85392964642  3.809047E-17
6698.92082442039  4.131712E-17
6701.98771919435  4.330864E-17
6705.05461396831  3.940948E-17
6708.12150874227  3.632745E-17
6711.18840351624  3.760232E-17
6714.2552982902  4.307881E-17
6717.32219306416  4.238456E-17
6720.38908783812  4.356595E-17
6723.45598261208  4.177415E-17
6726.52287738605  4.119605E-17
6729.58977216001  3.514178E-17
6732.65666693397  3.898410E-17
6735.72356170793  3.925370E-17
6738.7904564819  3.981950E-17
6741.85735125586  3.973356E-17
6744.92424602982  3.722164E-17
6747.99114080378  3.645243E-17
6751.05803557774  3.685826E-17
6754.12493035171  3.810167E-17
6757.19182512567  4.191034E-17
6760.25871989963  4.300002E-17
6763.32561467359  3.526703E-17
6766.39250944755  3.329908E-17
6769.45940422152  3.133446E-17
6772.52629899548  3.220327E-17
6775.59319376944  3.804351E-17
6778.66008854341  3.648322E-17
6781.72698331736  4.108799E-17
6784.79387809133  4.189267E-17
6787.86077286529  3.560011E-17
6790.92766763925  3.686113E-17
6793.99456241322  3.879554E-17
6797.06145718718  4.043981E-17
6800.12835196114  4.074904E-17
6803.1952467351  4.368731E-17
6806.26214150906  4.430793E-17
6809.32903628303  3.667550E-17
6812.39593105699  3.672052E-17
6815.46282583095  3.030369E-17
6818.52972060491  2.963672E-17
6821.59661537887  4.105378E-17
6824.66351015284  3.788800E-17
6827.7304049268  3.279097E-17
6830.79729970076  3.741956E-17
6833.86419447472  3.467636E-17
6836.93108924869  2.493407E-17
6839.99798402265  3.207153E-17
6843.06487879661  3.603997E-17
6846.13177357057  2.917344E-17
6849.19866834453  3.152027E-17
6852.2655631185  3.384058E-17
6855.33245789246  3.841881E-17
6858.39935266642  3.821130E-17
6861.46624744038  3.364619E-17
6864.53314221434  3.533791E-17
6867.60003698831  3.657793E-17
6870.66693176227  3.311901E-17
6873.73382653623  2.937692E-17
6876.8007213102  3.093932E-17
6879.86761608416  3.111552E-17
6882.93451085812  3.368997E-17
6886.00140563208  3.223833E-17
6889.06830040604  3.496960E-17
6892.13519518001  3.622828E-17
6895.20208995397  2.687795E-17
6898.26898472793  2.490942E-17
6901.33587950189  2.895347E-17
6904.40277427585  3.474901E-17
6907.46966904982  3.041810E-17
6910.53656382378  2.844479E-17
6913.60345859774  3.648859E-17
6916.6703533717  3.006018E-17
6919.73724814566  2.852511E-17
6922.80414291963  3.140185E-17
6925.87103769359  3.804525E-17
6928.93793246755  3.374332E-17
6932.00482724151  2.726706E-17
6935.07172201548  2.136214E-17
6938.13861678944  1.475730E-17
6941.2055115634  1.205606E-17
6944.27240633736  2.543406E-17
6947.33930111133  1.942767E-17
6950.40619588529  1.922596E-17
6953.47309065925  1.513108E-17
6956.53998543321  1.888816E-17
6959.60688020717  1.612356E-17
6962.67377498114  1.729556E-17
6965.7406697551  1.638775E-17
6968.80756452906  1.753570E-17
6971.87445930302  2.289690E-17
6974.94135407699  1.920117E-17
6978.00824885095  2.070417E-17
6981.07514362491  1.871614E-17
6984.14203839887  1.305924E-17
6987.20893317283  1.516097E-17
6990.2758279468  2.001112E-17
6993.34272272076  1.169813E-17
6996.40961749472  1.190743E-17
6999.47651226868  1.221555E-17
7002.54340704264  1.994290E-17
7005.61030181661  1.212319E-17
7008.67719659057  1.312942E-17
7011.74409136453  3.140131E-17
7014.81098613849  1.753360E-17
7017.87788091246  1.831242E-17
7020.94477568642  1.819990E-17
7024.01167046038  1.765059E-17
7027.07856523434  1.770601E-17
7030.1454600083  1.448884E-17
7033.21235478227  1.512293E-17
7036.27924955623  1.870382E-17
7039.34614433019  2.216771E-17
7042.41303910415  2.531640E-17
7045.47993387812  2.528570E-17
7048.54682865208  2.121711E-17
7051.61372342604  1.256675E-17
7054.6806182  1.704629E-17
7057.74751297396  2.428137E-17
7060.81440774793  2.277276E-17
7063.88130252189  2.779011E-17
7066.94819729585  1.422622E-17
7070.01509206981  1.758247E-17
7073.08198684378  2.284298E-17
7076.14888161774  2.279225E-17
7079.2157763917  1.969374E-17
7082.28267116566  2.022559E-17
7085.34956593963  2.044284E-17
7088.41646071359  2.226715E-17
7091.48335548755  2.897462E-17
7094.55025026151  3.859504E-17
7097.61714503547  2.942678E-17
7100.68403980944  2.754169E-17
7103.7509345834  3.151535E-17
7106.81782935736  2.162350E-17
7109.88472413132  2.368194E-17
7112.95161890528  2.797313E-17
7116.01851367925  3.409349E-17
7119.08540845321  2.858319E-17
7122.15230322717  2.739892E-17
7125.21919800113  2.028422E-17
7128.2860927751  2.582779E-17
7131.35298754906  2.897516E-17
7134.41988232302  2.877872E-17
7137.48677709698  2.563962E-17
7140.55367187094  2.608156E-17
7143.62056664491  2.867194E-17
7146.68746141887  2.533433E-17
7149.75435619283  2.894643E-17
7152.82125096679  2.891553E-17
7155.88814574076  2.653793E-17
7158.95504051472  3.533374E-17
7162.02193528868  2.896211E-17
7165.08883006264  2.096803E-17
7168.1557248366  1.696263E-17
7171.22261961057  2.587693E-17
7174.28951438453  2.808719E-17
7177.35640915849  2.628592E-17
7180.42330393245  2.370970E-17
7183.49019870642  1.861742E-17
7186.55709348038  2.159969E-17
7189.62398825434  2.593854E-17
7192.6908830283  3.231326E-17
7195.75777780226  3.523847E-17
7198.82467257623  2.866973E-17
7201.89156735019  1.743174E-17
7204.95846212415  1.410405E-17
7208.02535689811  2.295058E-17
7211.09225167208  2.462547E-17
7214.15914644604  2.390397E-17
7217.22604122  2.085183E-17
7220.29293599396  1.854663E-17
7223.35983076792  2.801824E-17
7226.42672554188  2.347274E-17
7229.49362031585  1.908237E-17
7232.56051508981  2.913980E-17
7235.62740986377  2.788322E-17
7238.69430463774  2.876813E-17
7241.7611994117  3.246783E-17
7244.82809418566  2.059303E-17
7247.89498895962  2.243053E-17
7250.96188373358  2.134099E-17
7254.02877850754  2.504901E-17
7257.09567328151  2.014793E-17
7260.16256805547  2.695617E-17
7263.22946282943  2.944628E-17
7266.29635760339  1.826604E-17
7269.36325237736  2.191405E-17
7272.43014715132  2.249433E-17
7275.49704192528  2.533618E-17
7278.56393669924  3.671669E-17
7281.63083147321  4.357962E-17
7284.69772624717  2.940659E-17
7287.76462102113  2.223521E-17
7290.83151579509  1.908981E-17
7293.89841056906  3.103930E-17
7296.96530534302  2.803864E-17
7300.03220011698  2.646496E-17
7303.09909489094  3.612921E-17
7306.1659896649  2.646089E-17
7309.23288443887  1.586680E-17
7312.29977921283  1.669468E-17
7315.36667398679  1.494052E-17
7318.43356876075  2.119821E-17
7321.50046353471  3.464580E-17
7324.56735830868  2.369705E-17
7327.63425308264  3.858070E-17
7330.7011478566  4.015010E-17
7333.76804263056  2.198870E-17
7336.83493740453  8.396758E-18
7339.90183217849  8.712758E-18
7342.96872695245  1.225621E-17
7346.03562172641  1.179911E-17
7349.10251650037  1.693361E-17
7352.16941127433  1.862651E-17
7355.2363060483  2.921746E-17
7358.30320082226  3.711624E-17
7361.37009559622  2.287851E-17
7364.43699037018  1.742109E-17
7367.50388514415  2.136959E-17
7370.57077991811  3.080002E-17
7373.63767469207  1.503876E-17
