3615.31860965395  1.513545690688678E-13
3618.26025711823  -1.255210755349507E-14
3621.20340068269  -1.280376866542085E-14
3624.14803770726  -3.755193093193379E-15
3627.0941655555  -6.988082801220180E-15
3630.04178159459  -1.797619272200465E-15
3632.99088319533  -2.268122484532648E-14
3635.94146773216  -1.861539554773827E-14
3638.89353258311  1.044237718078036E-14
3641.84707512985  5.030163920180379E-16
3644.80209275765  1.901767902296012E-15
3647.75858285539  2.518700326022182E-15
3650.71654281557  -3.070347897096964E-15
3653.67597003427  4.278730181847632E-15
3656.6368619112  -6.784327331692264E-15
3659.59921584965  -1.384128386416135E-15
3662.56302925651  7.488514101622756E-15
3665.52829954227  -3.664803666293031E-15
3668.49502412099  -2.380357611120689E-15
3671.46320041034  2.768337135083140E-16
3674.43282583156  1.625785827476603E-15
3677.40389780948  1.047412355212698E-15
3680.37641377251  6.017839806183557E-16
3683.35037115262  2.608128529346074E-16
3686.32576738537  2.263024087674878E-18
3689.30259990989  -1.914538512162646E-16
3692.28086616887  2.405062174060308E-15
3695.26056360856  3.748817476199395E-16
3698.24168967878  -1.210371700445973E-17
3701.22424183292  4.116306426134819E-16
3704.2082175279  -8.215850070243474E-16
3707.19361422421  9.082276895616345E-16
3710.1804293859  -5.141522812360309E-16
3713.16866048054  4.944633180144599E-16
3716.15830497926  4.175967721170266E-16
3719.14936035674  -2.391631771849877E-17
3722.14182409119  3.908343426320535E-16
3725.13569366436  1.901792519191041E-16
3728.13096656153  5.203257882278652E-17
3731.1276402715  -1.256514084945447E-16
3734.12571228663  1.120228733663496E-16
3737.12518010277  -2.357980112384974E-16
3740.12604121931  -1.094837862278364E-16
3743.12829313916  -7.925027197329670E-18
3746.13193336874  -5.617072106346986E-18
3749.13695941798  1.114973158923579E-16
3752.14336880035  -8.765462221146002E-17
3755.15115903278  1.621238795797064E-16
3758.16032763574  2.660539751748618E-17
3761.1708721332  -8.394351278918781E-17
3764.18279005262  6.317744791350948E-17
3767.19607892495  4.864814618546867E-17
3770.21073628465  3.833672111889699E-17
3773.22675966967  9.028993361627025E-17
3776.24414662144  6.024091703427682E-17
3779.26289468487  5.334340863077685E-17
3782.28300140837  -4.294626449168753E-17
3785.30446434382  4.306183154942855E-17
3788.32728104658  2.154503243904810E-17
3791.35144907547  -2.272393190241990E-17
3794.3769659928  -2.953380548310356E-17
3797.40382936434  -5.618396836097987E-18
3800.43203675934  1.753181680473683E-17
3803.46158575048  -3.971596868971280E-18
3806.49247391393  5.375744644176476E-18
3809.52469882931  -3.014351700389395E-17
3812.55825807968  7.936441297166169E-17
3815.59314925157  4.015309724750013E-17
3818.62936993496  -1.160742187181771E-17
3821.66691772326  3.674881889292589E-17
3824.70579021333  6.595797914665952E-17
3827.74598500546  4.774390873577265E-17
3830.78749970341  3.213380289320269E-17
3833.83033191434  3.137934138266042E-17
3836.87447924885  4.718961831602331E-17
3839.91993932098  5.321981626673286E-18
3842.96670974819  3.657749655317636E-17
3846.01478815135  3.706287951917757E-17
3849.06417215478  6.354705868097777E-17
3852.1148593862  3.523453243274957E-17
3855.16684747673  3.166832520146195E-17
3858.22013406092  1.928478953938778E-17
3861.27471677674  3.456768754705014E-18
3864.33059326553  3.316083034174853E-17
3867.38776117208  3.539391359317628E-17
3870.44621814454  3.979514641794637E-18
3873.50596183447  1.262611382133086E-17
3876.56698989685  3.785536817684013E-17
3879.62929999001  2.957460864835958E-17
3882.6928897757  2.539140243508497E-17
3885.75775691905  3.045053997749403E-17
3888.82389908856  5.277222056547428E-17
3891.89131395612  4.204803899068355E-17
3894.95999919701  3.134264103324267E-17
3898.02995248988  3.916650238729586E-17
3901.10117151672  4.095327868485942E-17
3904.17365396294  4.250903998094916E-17
3907.24739751728  3.237549183330088E-17
3910.32239987186  4.584917875082603E-17
3913.39865872216  4.194632555384159E-17
3916.47617176702  3.630810368000254E-17
3919.55493670861  3.365336676568710E-17
3922.6349512525  3.657360549557491E-17
3925.71621310756  2.227489690689549E-17
3928.79871998605  4.167275707293559E-17
3931.88246960354  3.893996408729721E-17
3934.96745967895  5.151522698047136E-17
3938.05368793457  4.465950112407266E-17
3941.14115209596  3.935202245507927E-17
3944.22984989209  4.729755876851659E-17
3947.3197790552  2.808480673431482E-17
3950.41093732088  3.528694259636092E-17
3953.50332242805  2.486332371458622E-17
3956.59693211893  3.386227619247104E-17
3959.69176413909  4.796171862594766E-17
3962.78781623739  4.986335722337032E-17
3965.88508616601  4.245116711657249E-17
3968.98357168045  3.361410877381533E-17
3972.08327053949  4.688548716584472E-17
3975.18418050526  6.184192180115076E-17
3978.28629934314  6.758882859003438E-17
3981.38962482184  5.696853097401294E-17
3984.49415471337  4.897584536566012E-17
3987.59988679301  3.588252256356645E-17
3990.70681883935  4.655300357299025E-17
3993.81494863426  3.468070523414326E-17
3996.92427396289  3.967935767580121E-17
4000.03479261367  3.669472128086492E-17
4003.14650237834  4.014874296875564E-17
4006.25940105187  3.324878611064252E-17
4009.37348643252  4.344735065443746E-17
4012.48875632185  4.690720562000790E-17
4015.60520852464  4.736785588569380E-17
4018.72284084898  3.954303500213002E-17
4021.84165110617  3.804737334062593E-17
4024.96163711083  4.677646145238777E-17
4028.08279668078  3.755969081252182E-17
4031.20512763714  4.031917195344362E-17
4034.32862780425  3.979713165141651E-17
4037.4532950097  4.265616563342029E-17
4040.57912708434  4.688016674014478E-17
4043.70612186226  3.639633738158234E-17
4046.83427718077  4.302356948301429E-17
4049.96359088044  4.006816895964807E-17
4053.09406080506  4.215527799401737E-17
4056.22568480167  4.569992558981942E-17
4059.3584607205  3.591730054524063E-17
4062.49238641504  4.085510888976163E-17
4065.62745974199  3.479515063497364E-17
4068.76367856127  3.649193960805877E-17
4071.90104073601  5.092766404776270E-17
4075.03954413258  4.686577048876390E-17
4078.17918662052  4.175602107339519E-17
4081.31996607261  4.084201958374860E-17
4084.46188036483  4.038209061955686E-17
4087.60492737635  3.934502119837462E-17
4090.74910498956  3.830843485067012E-17
4093.89441109001  3.531173154495792E-17
4097.0408435665  3.855224137313645E-17
4100.18840031097  4.088965526086430E-17
4103.33707921857  3.959569662864759E-17
4106.48687818765  4.464754340113759E-17
4109.63779511971  4.068825001659743E-17
4112.78982791945  3.232975867159405E-17
4115.94297449475  3.784203071664333E-17
4119.09723275666  3.880004814104509E-17
4122.25260061939  4.423736107898480E-17
4125.40907600033  3.774553513510534E-17
4128.56665682005  3.786275986279389E-17
4131.72534100225  4.354252605571780E-17
4134.88512647381  3.758062840818677E-17
4138.04601116478  3.590288444152506E-17
4141.20799300833  3.719869595831388E-17
4144.37106994081  3.814550012233187E-17
4147.53523990171  4.239022706648450E-17
4150.70050083367  3.857173636581310E-17
4153.86685068246  4.012410953011381E-17
4157.03428739701  4.056645925192758E-17
4160.20280892937  3.589066863823888E-17
4163.37241323473  4.420283786893929E-17
4166.54309827142  3.835729806381485E-17
4169.71486200089  3.963208595815503E-17
4172.88770238771  4.893365915441991E-17
4176.06161739961  3.637802029409797E-17
4179.23660500738  4.085413281663882E-17
4182.41266318498  4.164275357775707E-17
4185.58978990945  4.307050701969300E-17
4188.76798316098  3.611937084271999E-17
4191.94724092283  3.475972083497678E-17
4195.1275611814  3.757952991233329E-17
4198.30894192615  3.223200246680253E-17
4201.49138114969  3.454703284715469E-17
4204.6748768477  3.916584395152828E-17
4207.85942701895  3.935901709433902E-17
4211.04502966533  3.927487959115259E-17
4214.2316827918  3.822546201778615E-17
4217.4193844064  3.759611984669865E-17
4220.60813252026  3.301602079499255E-17
4223.79792514761  3.480448123228324E-17
4226.98876030573  3.677080866233001E-17
4230.18063601498  3.276971287835385E-17
4233.37355029882  3.554393768651380E-17
4236.56750118375  4.015371266987587E-17
4239.76248669934  2.854957966817366E-17
4242.95850487824  3.414902000617378E-17
4246.15555375615  3.381440559606137E-17
4249.35363137182  3.988821747174839E-17
4252.55273576708  3.881586383435710E-17
4255.75286498678  3.258823276068217E-17
4258.95401707886  3.173707383653245E-17
4262.15619009426  3.431613034224419E-17
4265.35938208701  3.036791125174488E-17
4268.56359111415  3.405326557846464E-17
4271.76881523577  3.419140474076099E-17
4274.975052515  3.386757345711383E-17
4278.18230101799  3.319254113771136E-17
4281.39055881393  3.368644075529942E-17
4284.59982397504  3.383900925620115E-17
4287.81009457655  3.917079380031380E-17
4291.02136869673  3.424831145818219E-17
4294.23364441685  3.642957349859472E-17
4297.44691982121  3.158022054005770E-17
4300.66119299712  3.515543411385479E-17
4303.87646203491  3.257479934753431E-17
4307.09272502788  3.580309006370421E-17
4310.30998007238  3.277169149437908E-17
4313.52822526774  3.552870101963057E-17
4316.74745871628  3.566703539655148E-17
4319.96767852334  3.301413151447347E-17
4323.18888279724  3.859658156269174E-17
4326.41106964929  3.822171985269497E-17
4329.63423719379  3.371198740133751E-17
4332.85838354802  3.451147400698226E-17
4336.08350683224  3.239760071671320E-17
4339.30960516971  3.584020400342824E-17
4342.53667668664  3.756259587083311E-17
4345.76471951223  3.329553505014156E-17
4348.99373177864  3.769516314452331E-17
4352.223711621  3.369326995843666E-17
4355.45465717743  3.203519303801902E-17
4358.68656658897  3.456505545834099E-17
4361.91943799964  2.982936373341366E-17
4365.15326955642  3.035318412811899E-17
4368.38805940924  3.557344818204724E-17
4371.62380571099  3.002176263517104E-17
4374.86050661749  3.751492710649291E-17
4378.09816028751  3.594991131370992E-17
4381.33676488277  2.826166456672356E-17
4384.57631856792  3.282257964566334E-17
4387.81681951057  3.116791732681432E-17
4391.05826588123  2.754063438781824E-17
4394.30065585337  2.674290636815577E-17
4397.54398760336  2.695151966428042E-17
4400.78825931052  3.465963198085786E-17
4404.03346915709  2.929969351741635E-17
4407.27961532821  2.840784392457393E-17
4410.52669601197  3.323430714120038E-17
4413.77470939933  2.910016101005631E-17
4417.0236536842  2.560183387419602E-17
4420.27352706338  2.842211113577924E-17
4423.52432773659  3.295418738984298E-17
4426.77605390643  3.316369569539041E-17
4430.02870377841  3.093875520991263E-17
4433.28227556096  3.183859536747231E-17
4436.53676746536  2.630534767644992E-17
4439.79217770582  2.980219250465252E-17
4443.04850449941  3.276707251783859E-17
4446.30574606612  2.863187090423289E-17
4449.56390062879  3.143319084053763E-17
4452.82296641316  3.251983485019138E-17
4456.08294164783  2.532716855179779E-17
4459.34382456429  2.802118992776459E-17
4462.60561339689  2.836012222067452E-17
4465.86830638287  3.148319225420523E-17
4469.13190176231  2.862161386463723E-17
4472.39639777817  2.350359926058788E-17
4475.66179267626  2.795878411363114E-17
4478.92808470525  3.094947216192887E-17
4482.19527211668  2.865610398745825E-17
4485.46335316491  2.741952521997312E-17
4488.73232610719  2.852545577278917E-17
4492.00218920357  3.121526845379931E-17
4495.27294071699  2.733486162991710E-17
4498.54457891319  3.164548839911058E-17
4501.81710206077  3.110595819021165E-17
4505.09050843117  2.930947410097918E-17
4508.36479629864  2.726244031292686E-17
4511.63996394028  2.662600424090610E-17
4514.91600963601  3.011451274289538E-17
4518.19293166856  2.765003233255082E-17
4521.47072832351  3.082112350936268E-17
4524.74939788922  2.878455190169793E-17
4528.0289386569  2.841168535133862E-17
4531.30934892056  2.456643204912869E-17
4534.59062697701  2.600478332907266E-17
4537.87277112587  2.992912502401001E-17
4541.15577966958  2.523990099717345E-17
4544.43965091336  2.640913071918450E-17
4547.72438316524  2.591951755153069E-17
4551.00997473604  2.942749292205579E-17
4554.29642393937  3.082794609505502E-17
4557.58372909165  2.888971633605547E-17
4560.87188851205  2.831501109878832E-17
4564.16090052256  2.805203052972302E-17
4567.45076344793  2.837439604932474E-17
4570.74147561569  2.651439772393799E-17
4574.03303535617  2.904020365053602E-17
4577.32544100242  2.697657496503465E-17
4580.61869089032  2.578413455503536E-17
4583.91278335848  2.884636214579034E-17
4587.20771674829  2.405689706360216E-17
4590.50348940388  2.352773473650096E-17
4593.80009967216  2.612209573790615E-17
4597.09754590279  2.553169557569642E-17
4600.39582644819  2.574725553460529E-17
4603.69493966351  2.667377557564226E-17
4606.99488390667  2.561817400001639E-17
4610.29565753831  2.848072184526230E-17
4613.59725892184  2.521219540973659E-17
4616.89968642338  2.682875944393265E-17
4620.20293841181  2.890011895943894E-17
4623.50701325873  2.956284283132662E-17
4626.81190933847  2.936447499426905E-17
4630.11762502809  3.200430611394628E-17
4633.42415870738  2.794663117607152E-17
4636.73150875885  2.860022628271907E-17
4640.03967356772  2.368907962370187E-17
4643.34865152193  2.501518084016116E-17
4646.65844101213  2.665746191960149E-17
4649.9690404317  2.332469332898247E-17
4653.28044817671  2.784571845006249E-17
4656.59266264593  2.607677285778314E-17
4659.90568224085  2.417068237430372E-17
4663.21950536563  2.823050963613236E-17
4666.53413042717  2.298276002481020E-17
4669.84955583502  2.543947982664779E-17
4673.16578000145  2.719095205566757E-17
4676.4828013414  2.452158893376097E-17
4679.80061827251  2.507005269327548E-17
4683.11922921509  2.483900625893839E-17
4686.43863259214  2.473802404975792E-17
4689.75882682931  2.741397649242411E-17
4693.07981035497  2.550832441466935E-17
4696.40158160012  2.466567221593913E-17
4699.72413899844  2.423845989933509E-17
4703.04748098629  2.545569587537628E-17
4706.37160600267  2.274438807896834E-17
4709.69651248925  2.516448197764331E-17
4713.02219889036  2.284664414629214E-17
4716.34866365298  2.997714782165238E-17
4719.67590522675  2.075025249108878E-17
4723.00392206393  2.516946160493088E-17
4726.33271261947  2.299260678282203E-17
4729.66227535091  2.713414956300355E-17
4732.99260871847  2.931005974485287E-17
4736.323711185  2.551032784611296E-17
4739.65558121597  2.538756928012641E-17
4742.9882172795  2.241194915386696E-17
4746.32161784631  2.592201232825815E-17
4749.65578138978  2.166438302091093E-17
4752.99070638589  2.382756454749428E-17
4756.32639131324  2.460772159658489E-17
4759.66283465307  2.234825293797792E-17
4763.0000348892  2.270994096953918E-17
4766.33799050808  2.371662970118357E-17
4769.67669999878  2.162066983425995E-17
4773.01616185296  2.250086610663272E-17
4776.35637456488  2.467279920409689E-17
4779.6973366314  2.261558944014893E-17
4783.039046552  2.198876851556850E-17
4786.38150282873  2.406823936416148E-17
4789.72470396624  2.166157391555070E-17
4793.06864847177  2.503012303074632E-17
4796.41333485515  2.234919096079255E-17
4799.75876162878  2.278011731834695E-17
4803.10492730764  2.182621925339570E-17
4806.45183040931  2.402033898924976E-17
4809.79946945393  2.249939868822606E-17
4813.14784296421  2.367063845912562E-17
4816.49694946542  2.183544562594812E-17
4819.84678748542  2.414721856904805E-17
4823.19735555462  2.663057524097107E-17
4826.54865220599  2.331098860059368E-17
4829.90067597505  2.592368985054040E-17
4833.2534253999  2.333527627773946E-17
4836.60689902116  2.226814215001339E-17
4839.96109538203  2.070845340037525E-17
4843.31601302822  2.304770197470173E-17
4846.67165050803  2.705309248041825E-17
4850.02800637225  2.262817582034954E-17
4853.38507917426  2.142985084747254E-17
4856.74286746993  2.062048935967513E-17
4860.10136981769  2.580887883587927E-17
4863.46058477849  2.365998602719716E-17
4866.8205109158  2.575469188831215E-17
4870.18114679563  2.321451783447408E-17
4873.54249098649  2.288738279146038E-17
4876.90454205943  2.228644269388551E-17
4880.267298588  1.999670584230399E-17
4883.63075914827  2.072090577731663E-17
4886.99492231882  2.293111252172361E-17
4890.35978668073  2.449610019036576E-17
4893.72535081758  2.035769242470581E-17
4897.09161331547  2.385843989103843E-17
4900.45857276299  2.162668509167444E-17
4903.82622775121  2.567340815823901E-17
4907.19457687371  1.887211740359120E-17
4910.56361872656  2.506120351508239E-17
4913.93335190831  1.996826737284442E-17
4917.30377501999  2.375873981180741E-17
4920.67488666513  2.255814505532958E-17
4924.04668544972  2.176827359712514E-17
4927.41916998223  2.001206824064033E-17
4930.7923388736  2.457950812025194E-17
4934.16619073726  2.585563935590689E-17
4937.54072418908  2.183366884199235E-17
4940.9159378474  2.072017454965512E-17
4944.29183033305  2.267340771060517E-17
4947.66840026927  2.266366848607296E-17
4951.0456462818  1.981104184509402E-17
4954.42356699882  2.129754992593959E-17
4957.80216105094  2.070471785272896E-17
4961.18142707124  2.059070754890078E-17
4964.56136369523  2.082582867493530E-17
4967.94196956088  1.949050108592359E-17
4971.32324330859  1.973688344881741E-17
4974.70518358119  2.057135648565071E-17
4978.08778902394  2.054190389276015E-17
4981.47105828455  1.605559223326652E-17
4984.85499001314  1.845033800925041E-17
4988.23958286226  2.039525304196062E-17
4991.62483548688  1.955311369521018E-17
4995.01074654439  2.427416928637901E-17
4998.39731469461  2.066008814995927E-17
5001.78453859975  2.060202834276418E-17
5005.17241692444  1.806079715210326E-17
5008.56094833573  2.350535950093140E-17
5011.95013150306  1.928818759734415E-17
5015.33996509827  1.951153463453960E-17
5018.73044779561  1.989545562660505E-17
5022.12157827173  1.994757793136324E-17
5025.51335520565  2.025218057449100E-17
5028.90577727881  1.957428951889154E-17
5032.29884317503  2.011758339957759E-17
5035.69255158049  2.016507845598916E-17
5039.08690118379  1.697221423109368E-17
5042.48189067588  1.864535741918837E-17
5045.87751875011  1.742010109992786E-17
5049.27378410218  2.149615102792990E-17
5052.67068543019  2.045752816155729E-17
5056.06822143457  1.844731218256970E-17
5059.46639081815  1.807991164169814E-17
5062.86519228611  1.781647777765715E-17
5066.26462454599  2.203404341921598E-17
5069.66468630769  1.830406269844899E-17
5073.06537628344  1.943797677138770E-17
5076.46669318786  2.142309939931288E-17
5079.86863573789  1.953406703442554E-17
5083.27120265283  2.006875823674103E-17
5086.67439265433  1.671756998824168E-17
5090.07820446634  2.019937005546316E-17
5093.4826368152  2.019936674674071E-17
5096.88768842955  1.829784560896504E-17
5100.29335804037  1.713212975019611E-17
5103.69964438097  1.875519376964561E-17
5107.10654618699  2.004150759864109E-17
5110.51406219637  1.722682042363750E-17
5113.92219114941  1.870731821015226E-17
5117.3309317887  1.979451808517766E-17
5120.74028285914  1.698534820485980E-17
5124.15024310797  1.990352560066112E-17
5127.5608112847  1.708157743424054E-17
5130.97198614118  1.827720745268184E-17
5134.38376643154  2.072049880445524E-17
5137.79615091222  2.012826064692443E-17
5141.20913834197  2.071879150367093E-17
5144.62272748181  2.118919588314004E-17
5148.03691709506  1.776011865380146E-17
5151.45170594735  2.040188868483452E-17
5154.86709280656  1.886003229484180E-17
5158.28307644289  1.904836808543033E-17
5161.69965562878  1.647455259607973E-17
5165.11682913899  1.694914085508713E-17
5168.53459575054  1.784570868614355E-17
5171.95295424269  1.651467251014977E-17
5175.37190339702  1.711016148748792E-17
5178.79144199734  1.698969090307570E-17
5182.21156882975  2.195223856535693E-17
5185.63228268258  2.580886394662824E-17
5189.05358234645  2.532704612906713E-17
5192.47546661421  1.995116127777682E-17
5195.89793428098  1.974453983256720E-17
5199.32098414412  1.696128055775695E-17
5202.74461500323  1.739978554408356E-17
5206.16882566017  1.846229573218547E-17
5209.59361491903  1.749085647516443E-17
5213.01898158614  1.520192695186077E-17
5216.44492447007  1.736201978603684E-17
5219.87144238162  1.465517545621424E-17
5223.29853413381  1.624438297319195E-17
5226.7261985419  1.650425499751528E-17
5230.15443442336  1.820758531488447E-17
5233.58324059791  1.547874790693531E-17
5237.01261588746  1.813497043763089E-17
5240.44255911613  1.888487418299800E-17
5243.87306911028  1.344861259161683E-17
5247.30414469847  1.637896691321555E-17
5250.73578471145  1.713644763299364E-17
5254.1679879822  1.778329625456520E-17
5257.60075334588  1.693770591029919E-17
5261.03407963986  1.323377227984088E-17
5264.4679657037  1.600985245411479E-17
5267.90241037916  1.725697942877119E-17
5271.33741251018  1.595167187855026E-17
5274.7729709429  1.525462001124162E-17
5278.20908452564  1.483452310226677E-17
5281.64575210888  1.529527593834860E-17
5285.08297254532  1.493050914054742E-17
5288.5207446898  1.761530083523935E-17
5291.95906739935  1.876737152262361E-17
5295.39793953316  1.710622410777217E-17
5298.83735995261  1.604573885780979E-17
5302.27732752121  1.695616196412648E-17
5305.71784110466  1.739590441264946E-17
5309.1588995708  1.600049373266436E-17
5312.60050178965  1.611443951640476E-17
5316.04264663336  1.785094308505979E-17
5319.48533297624  1.383313825271007E-17
5322.92855969474  1.629696849909317E-17
5326.37232566747  1.580282403604379E-17
5329.81662977516  1.591094315954937E-17
5333.26147090071  1.703164881246684E-17
5336.70684792912  1.563896948286438E-17
5340.15275974756  2.356534663895375E-17
5343.5992052453  2.269452728600487E-17
5347.04618331375  2.082022866218832E-17
5350.49369284646  1.666449146269538E-17
5353.94173273906  1.627192808758996E-17
5357.39030188935  1.139397287783208E-17
5360.83939919721  1.425943239883418E-17
5364.28902356465  1.509818030507314E-17
5367.73917389579  1.568462488959363E-17
5371.18984909685  1.523105859867366E-17
5374.64104807617  1.481370627497126E-17
5378.09276974417  1.219885187389007E-17
5381.5450130134  1.590892814757719E-17
5384.99777679846  1.337738985933418E-17
5388.4510600161  1.549761589670765E-17
5391.90486158513  1.373524473593687E-17
5395.35918042643  1.408730934825169E-17
5398.81401546302  1.549663155177871E-17
5402.26936561994  1.426954385464202E-17
5405.72522982436  1.256135467835469E-17
5409.1816070055  1.323136683861958E-17
5412.63849609465  1.252211984754007E-17
5416.09589602519  1.395113722145198E-17
5419.55380573257  1.507615083099963E-17
5423.01222415428  1.363247995253634E-17
5426.47115022989  1.342949231175767E-17
5429.93058290104  1.626616098435924E-17
5433.3905211114  1.080354293712030E-17
5436.85096380673  1.654356592894625E-17
5440.31190993479  1.805429551248860E-17
5443.77335844545  1.113741619340386E-17
5447.23530829057  1.556080918678425E-17
5450.6977584241  1.498684675770718E-17
5454.160707802  1.400724653676268E-17
5457.62415538226  1.688612127293916E-17
5461.08810012495  1.507899633230681E-17
5464.55254099211  1.431288315565613E-17
5468.01747694786  1.343221456315358E-17
5471.48290695832  1.105413978523508E-17
5474.94882999164  1.396998535888962E-17
5478.41524501799  1.322740795220790E-17
5481.88215100956  1.281007299929836E-17
5485.34954694055  1.437621375771441E-17
5488.81743178717  1.178864390913828E-17
5492.28580452764  1.297268016411403E-17
5495.7546641422  1.271410681335241E-17
5499.22400961307  1.445378013811473E-17
5502.69383992448  1.252072522102731E-17
5506.16415406268  1.247782267137663E-17
5509.63495101588  1.269603705287119E-17
5513.1062297743  1.394346098536749E-17
5516.57798933014  1.358744244972467E-17
5520.0502286776  9.985075017959296E-18
5523.52294681285  1.328090503114416E-17
5526.99614273406  1.123269168353833E-17
5530.46981544135  1.278756045174712E-17
5533.94396393684  1.381852693436993E-17
5537.4185872246  1.335715205846746E-17
5540.89368431068  1.354002597547129E-17
5544.36925420312  1.468673239658314E-17
5547.84529591188  1.372805736359440E-17
5551.32180844891  1.388114616110142E-17
5554.79879082811  1.081238384350727E-17
5558.27624206533  1.250606840775348E-17
5561.75416117839  1.138495991787770E-17
5565.23254718704  1.574046454402464E-17
5568.71139911299  1.281714787507752E-17
5572.19071597987  8.983063992678896E-18
5575.67049681329  8.661055815101805E-18
5579.15074064078  6.992606049802746E-18
5582.63144649178  1.337900534307050E-17
5586.11261339771  1.282180159320375E-17
5589.59424039187  1.334234552550276E-17
5593.07632650954  1.534446340629346E-17
5596.55887078788  1.350871884364739E-17
5600.041872266  1.560690796232183E-17
5603.5253299849  1.270670354687006E-17
5607.00924298752  1.294690687058810E-17
5610.4936103187  1.368525490279784E-17
5613.97843102521  1.025915717802568E-17
5617.4637041557  1.026910650643347E-17
5620.94942876074  1.109701503792554E-17
5624.43560389279  1.119326990990528E-17
5627.92222860622  1.310569907841868E-17
5631.4093019573  1.115875249012405E-17
5634.89682300418  1.228671830727790E-17
5638.3847908069  1.318581069356383E-17
5641.8732044274  1.476376607266898E-17
5645.3620629295  9.266240176399687E-18
5648.85136537889  1.175399083173660E-17
5652.34111084315  1.047001296079096E-17
5655.83129839174  1.266051047274265E-17
5659.32192709598  1.234607513367347E-17
5662.81299602908  1.338681806395606E-17
5666.30450426609  1.497320820376740E-17
5669.79645088394  1.254480279429750E-17
5673.28883496144  1.083477644986969E-17
5676.78165557922  1.123946215685207E-17
5680.2749118198  1.342708190745269E-17
5683.76860276753  1.337929237474305E-17
5687.26272750863  1.205557757435098E-17
5690.75728513116  1.265809096945093E-17
5694.25227472502  1.100146823255015E-17
5697.74769538195  9.747678318059641E-18
5701.24354619554  1.003462975409612E-17
5704.73982626121  1.037228488014027E-17
5708.23653467622  1.064895115244027E-17
5711.73367053966  1.182100321470135E-17
5715.23123295243  1.349303715359460E-17
5718.72922101728  1.130706183805175E-17
5722.22763383876  1.187225946135820E-17
5725.72647052326  1.185646113883905E-17
5729.22573017898  1.225561466188468E-17
5732.72541191593  1.213843625631041E-17
5736.22551484592  1.494256281643354E-17
5739.7260380826  1.032525635359418E-17
5743.22698074138  1.272477496171251E-17
5746.72834193953  1.046117701748767E-17
5750.23012079606  1.051691410152272E-17
5753.73231643182  1.157557459105381E-17
5757.23492796944  1.077016454504256E-17
5760.73795453332  1.238757064910220E-17
5764.2413952497  1.198138857239171E-17
5767.74524924655  1.169119045245096E-17
5771.24951565365  1.072031367824644E-17
5774.75419360256  1.109758413818698E-17
5778.25928222662  9.806094640098745E-18
5781.76478066093  1.042005290615398E-17
5785.27068804237  1.212357430224467E-17
5788.77700350958  1.025375320708387E-17
5792.28372620298  1.020112963087447E-17
5795.79085526476  1.214725234727901E-17
5799.29838983884  1.073953735568217E-17
5802.80632907091  1.162057321637669E-17
5806.31467210843  8.359881835613085E-18
5809.8234181006  1.199969656088935E-17
5813.33256619836  1.159693322165054E-17
5816.8421155544  1.077379504075106E-17
5820.35206532317  9.232071826836961E-18
5823.86241466084  9.210968795049510E-18
5827.37316272534  1.249761958497687E-17
5830.88430867629  1.318926086389879E-17
5834.3958516751  9.532045567256865E-18
5837.90779088487  1.033098457933611E-17
5841.42012547043  1.410164107954479E-17
5844.93285459835  1.054749000568513E-17
5848.4459774369  9.857977062479299E-18
5851.95949315609  1.235387710121108E-17
5855.47340092762  1.069535019454020E-17
5858.98769992493  8.662380131262503E-18
5862.50238932314  1.025791640710685E-17
5866.0174682991  1.243811055734858E-17
5869.53293603135  1.458834422580363E-17
5873.04879170014  1.042050950985211E-17
5876.5650344874  9.425500568456973E-18
5880.08166357678  9.566385143206392E-18
5883.5986781536  1.010015734786135E-17
5887.11607740488  9.834122827974494E-18
5890.63386051933  9.489774156413567E-18
5894.15202668734  1.131556029166511E-17
5897.67057510097  1.036425212921177E-17
5901.18950495398  1.144996886939886E-17
5904.70881544179  9.677027167580259E-18
5908.2285057615  1.204988243583355E-17
5911.74857511186  1.148843028634074E-17
5915.26902269332  1.324016886751775E-17
5918.78984770796  8.607006179516364E-18
5922.31104935955  1.030059065490846E-17
5925.8326268535  1.139607308940735E-17
5929.35457939688  9.210186282190033E-18
5932.87690619842  1.269507917772185E-17
5936.39960646848  7.864393204068309E-18
5939.92267941909  1.065960027564627E-17
5943.44612426391  1.066603243208949E-17
5946.96994021824  1.088433201318713E-17
5950.49412649904  1.169367199428862E-17
5954.01868232487  1.211382101564206E-17
5957.54360691596  9.413289728254465E-18
5961.06889949414  1.003362224811003E-17
5964.59455928289  9.074940597676386E-18
5968.12058550729  9.436061183337438E-18
5971.64697739407  8.688277501880312E-18
5975.17373417154  1.109569403048729E-17
5978.70085506968  1.139239130850088E-17
5982.22833932003  9.067500935247085E-18
5985.75618615578  1.024791413913986E-17
5989.28439481169  1.215032449607403E-17
5992.81296452416  9.492041458472577E-18
5996.34189453117  8.533905747243217E-18
5999.87118407231  8.952553435784880E-18
6003.40083238876  8.257133595824811E-18
6006.93083872329  9.227010308668749E-18
6010.46120232026  9.439093627463057E-18
6013.99192242564  9.619933507340626E-18
6017.52299828695  6.096678456540437E-18
6021.05442915331  1.035253428865434E-17
6024.58621427543  9.743260346407996E-18
6028.11835290557  1.240701601094210E-17
6031.65084429759  1.045070821965520E-17
6035.1836877069  8.351959926886664E-18
6038.71688239049  1.193551065407769E-17
6042.25042760691  1.086882320388238E-17
6045.78432261627  8.175968979759883E-18
6049.31856668024  1.021620086163519E-17
6052.85315906206  8.249466458727056E-18
6056.3880990265  1.088397715270435E-17
6059.9233858399  7.126786325687424E-18
6063.45901877013  9.710951498862286E-18
6066.99499708663  1.194641206737052E-17
6070.53132006036  8.935937031639916E-18
6074.06798696383  9.103487427796206E-18
6077.60499707109  9.108498487947052E-18
6081.1423496577  1.024464594853966E-17
6084.68004400079  9.285623499693642E-18
6088.21807937898  1.066535910707087E-17
6091.75645507245  8.703175851893007E-18
6095.29517036287  8.286730945322570E-18
6098.83422453345  1.127411109835070E-17
6102.37361686891  7.967058725795328E-18
6105.91334665549  1.032459212756230E-17
6109.45341318093  1.020421666892052E-17
6112.99381573449  9.461017222418162E-18
6116.53455360693  1.040861547982421E-17
6120.07562609051  8.877130280351682E-18
6123.617032479  9.452974545322309E-18
6127.15877206765  1.130152386385070E-17
6130.70084415322  6.761140648485401E-18
6134.24324803395  1.095675002145493E-17
6137.78598300959  6.337629965122539E-18
6141.32904838134  9.222438481423168E-18
6144.87244345191  1.010930431107496E-17
6148.41616752549  7.641936213211973E-18
6151.96021990773  1.160936574625721E-17
6155.50459990578  9.165471379817253E-18
6159.04930682822  1.125162667494028E-17
6162.59433998515  9.266851462872365E-18
6166.13969868809  9.418300788405311E-18
6169.68538225006  1.027388099292912E-17
6173.23138998552  9.907390350731377E-18
6176.77772121038  7.141218973015249E-18
6180.32437524203  7.544347926084804E-18
6183.8713513993  1.069830653804947E-17
6187.41864900245  8.426746153248197E-18
6190.96626737322  5.753070525218052E-18
6194.51420583476  1.058778362768381E-17
6198.06246371169  9.119133549082645E-18
6201.61104033005  6.674418205884729E-18
6205.15993501732  1.159802675442034E-17
6208.7091471024  1.158044999358419E-17
6212.25867591565  1.059277235395811E-17
6215.80852078882  9.388925123311715E-18
6219.35868105511  6.230828953923061E-18
6222.90915604912  9.521721526031592E-18
6226.45994510689  8.078133365629561E-18
6230.01104756586  1.086942290982648E-17
6233.56246276488  1.018835713503604E-17
6237.11419004422  8.187873763135746E-18
6240.66622874555  1.088306973557238E-17
6244.21857821194  1.036677668444128E-17
6247.77123778788  7.235666455356554E-18
6251.32420681923  7.677849913867190E-18
6254.87748465327  7.917007681290970E-18
6258.43107063865  6.260093363224267E-18
6261.98496412544  1.213515069491736E-17
6265.53916446505  9.967035035980128E-18
6269.09367101032  8.294502307177507E-18
6272.64848311546  7.683518582605013E-18
6276.20360013603  9.196013369574549E-18
6279.759021429  7.208022906465644E-18
6283.3147463527  8.129201015106746E-18
6286.87077426682  8.545415138286278E-18
6290.42710453244  8.099732705784546E-18
6293.98373651197  1.156414212780771E-17
6297.54066956922  6.282309366525912E-18
6301.09790306933  6.882175783665691E-18
6304.6554363788  1.062536078855087E-17
6308.2132688655  9.397287919304629E-18
6311.77139989863  8.254430369582987E-18
6315.32982884874  7.703465215896116E-18
6318.88855508775  8.507268049977172E-18
6322.44757798888  7.214650277533419E-18
6326.00689692671  7.586042792041153E-18
6329.56651127717  6.431296588965594E-18
6333.1264204175  6.634543137275999E-18
6336.68662372627  8.896157088801626E-18
6340.2471205834  6.868782902367844E-18
6343.80791037011  1.014439331265946E-17
6347.36899246895  9.550635624343383E-18
6350.9303662638  1.007413920887411E-17
6354.49203113984  8.170463265602730E-18
6358.05398648358  9.282331320855682E-18
6361.61623168281  9.955435482250296E-18
6365.17876612667  9.885659488858998E-18
6368.74158920556  7.245931766758335E-18
6372.30470031123  8.247628463405964E-18
6375.86809883667  9.346895249207285E-18
6379.43178417623  9.712645564756794E-18
6382.99575572551  6.440281838369452E-18
6386.56001288142  7.454475579711528E-18
6390.12455504214  9.027050976112631E-18
6393.68938160715  9.524528977030596E-18
6397.25449197721  8.811990634293744E-18
6400.81988555436  7.829649963979856E-18
6404.3855617419  9.445977424520723E-18
6407.95151994444  8.281570165480854E-18
6411.51775956782  7.986767131070014E-18
6415.08428001917  1.013051322198082E-17
6418.65108070688  9.038946660501755E-18
6422.21816104061  8.991610422767797E-18
6425.78552043127  8.583330616023872E-18
6429.35315829102  7.403508846269074E-18
6432.9210740333  6.594768157521386E-18
6436.48926707277  8.532332449718140E-18
6440.05773682536  7.157262968176326E-18
6443.62648270823  9.718286936534404E-18
6447.19550413979  6.138405582540674E-18
6450.7648005397  7.896527516504770E-18
6454.33437132884  7.933274188036825E-18
6457.90421592933  7.806539364845738E-18
6461.47433376452  7.193668841296010E-18
6465.04472425899  7.687271501044166E-18
6468.61538683855  5.820525863400833E-18
6472.18632093022  9.028135409895686E-18
6475.75752596225  6.858855494246292E-18
6479.32900136412  9.350285035357524E-18
6482.90074656649  9.559721376191665E-18
6486.47276100125  6.780531002814562E-18
6490.04504410151  8.475118021109073E-18
6493.61759530158  7.782561053249050E-18
6497.19041403695  1.038032259415245E-17
6500.76349974433  7.869745062631525E-18
6504.33685186163  9.289316033948081E-18
6507.91046982796  8.338236173343796E-18
6511.48435308359  6.538715504082649E-18
6515.05850107001  7.223615261012270E-18
6518.63291322988  6.560898833750096E-18
6522.20758900706  6.105008992489459E-18
6525.78252784657  7.324649582571332E-18
6529.35772919461  7.241752850303718E-18
6532.93319249858  7.493586333434263E-18
6536.50891720701  5.438357667053371E-18
6540.08490276963  8.554819354670396E-18
6543.66114863733  8.069061675851690E-18
6547.23765426216  8.074475572960849E-18
6550.81441909733  6.598548372920753E-18
6554.3914425972  1.107554970102979E-17
6557.96872421731  8.631068036354918E-18
6561.54626341433  9.460833588322175E-18
6565.12405964607  8.432771336830034E-18
6568.70211237152  6.880597523056940E-18
6572.28042105079  5.153992411202034E-18
6575.85898514513  6.306116038145494E-18
6579.43780411693  7.782884480868558E-18
6583.01687742972  3.948247628230439E-18
6586.59620454817  8.512511547880146E-18
6590.17578493805  8.363178150354110E-18
6593.7556180663  5.280558489548161E-18
6597.33570340094  7.314476088217542E-18
6600.91604041113  7.375171292844235E-18
6604.49662856716  8.772463808722896E-18
6608.07746734042  9.613284629576924E-18
6611.65855620341  7.517388455560475E-18
6615.23989462975  5.698031995210305E-18
6618.82148209416  7.109116920622680E-18
6622.40331807246  9.937886018374371E-18
6625.98540204159  6.770073371920362E-18
6629.56773347957  7.387072767497646E-18
6633.15031186552  7.761090753269623E-18
6636.73313667965  6.728458742483431E-18
6640.31620740326  5.812129980183420E-18
6643.89952351875  6.086995893880197E-18
6647.48308450959  5.837760171463375E-18
6651.06688986033  9.721403753082505E-18
6654.65093905661  5.904296925575915E-18
6658.23523158513  7.805640219519892E-18
6661.81976693368  6.067681640167390E-18
6665.40454459111  6.005266727047201E-18
6668.98956404734  9.995186473767144E-18
6672.57482479334  6.502460177834450E-18
6676.16032632118  5.457254608147144E-18
6679.74606812394  5.778424024583109E-18
6683.33204969579  6.533911652675248E-18
6686.91827053194  7.427476404517799E-18
6690.50473012864  7.898241434733978E-18
6694.09142798322  6.295261774147573E-18
6697.67836359403  7.448281651284732E-18
6701.26553646045  6.620490165849335E-18
6704.85294608293  8.805033218161561E-18
6708.44059196293  7.593905970944081E-18
6712.02847360296  9.526508420236435E-18
6715.61659050655  5.862028823455069E-18
6719.20494217826  6.703541167301191E-18
6722.79352812368  7.553516395994341E-18
6726.38234784941  7.063005737375909E-18
6729.97140086309  7.097796953939889E-18
6733.56068667335  8.053021816593675E-18
6737.15020478986  4.641658660072923E-18
6740.73995472327  6.287281549187967E-18
6744.32993598527  6.995512762475257E-18
6747.92014808853  7.084638991936009E-18
6751.51059054673  6.981258786159743E-18
6755.10126287456  9.151870876185657E-18
6758.69216458769  7.318852700838561E-18
6762.28329520279  8.309405620273878E-18
6765.87465423752  6.991787968176932E-18
6769.46624121054  6.579199791212525E-18
6773.05805564148  7.555260919906215E-18
6776.65009705094  8.953673438334277E-18
6780.24236496054  8.650625894758123E-18
6783.83485889284  5.230578996166789E-18
6787.42757837139  6.626782115178720E-18
6791.0205229207  5.929289774193900E-18
6794.61369206626  9.290323539934169E-18
6798.20708533453  8.209024771398725E-18
6801.80070225291  6.257564258501389E-18
6805.39454234978  7.824856452330111E-18
6808.98860515447  7.561280313223766E-18
6812.58289019725  6.324611383051874E-18
6816.17739700937  7.772790395853573E-18
6819.77212512301  7.496666754035409E-18
6823.3670740713  9.686729996165508E-18
6826.9622433883  2.444421900875613E-18
6830.55763260903  7.697837906188920E-18
6834.15324126944  6.725614068356860E-18
6837.7490689064  1.111951104186453E-17
6841.34511505774  6.729759483996671E-18
6844.94137926219  7.370558106568026E-18
6848.53786105942  5.796813076780776E-18
6852.13455999002  8.497953169099211E-18
6855.73147559551  5.239855826736571E-18
6859.3286074183  6.217345082757834E-18
6862.92595500174  6.608777701965889E-18
6866.52351789009  7.556763907079226E-18
6870.12129562851  4.552544011140748E-18
6873.71928776306  4.388929753929290E-18
6877.31749384071  6.363095547460596E-18
6880.91591340934  3.654399573836796E-18
6884.51454601772  5.829123992278015E-18
6888.11339121551  8.234231446205056E-18
6891.71244855326  5.322052764205965E-18
6895.31171758242  5.086020912317023E-18
6898.91119785532  5.547191474608199E-18
6902.51088892517  4.984812055648710E-18
6906.11079034607  6.952201585601981E-18
6909.71090167298  7.631455007670313E-18
6913.31122246175  5.515348329747357E-18
6916.9117522691  4.053754101771272E-18
6920.51249065263  7.428483083323276E-18
6924.11343717077  9.723774452718082E-18
6927.71459138285  5.435317778302239E-18
6931.31595284905  7.182621017034752E-18
6934.9175211304  7.627952724956763E-18
6938.51929578878  6.866688481056860E-18
6942.12127638695  3.427896635809311E-18
6945.7234624885  9.165045381801789E-18
6949.32585365786  8.967208594697481E-18
6952.92844946031  7.583976494870993E-18
6956.53124946198  8.116608844641852E-18
6960.13425322983  5.683192788611410E-18
6963.73746033165  7.869205740872143E-18
6967.34087033607  6.654265604621101E-18
6970.94448281255  5.970583871143465E-18
6974.54829733138  8.719910542865566E-18
6978.15231346366  6.624122729509362E-18
6981.75653078132  4.881941806720083E-18
6985.3609488571  8.721057842375177E-18
6988.96556726458  8.071152788440226E-18
6992.57038557813  8.306385583857444E-18
6996.17540337292  8.893721869078270E-18
6999.78062022496  1.979418390421019E-17
7003.38603571104  3.116010543310937E-17
7006.99164940876  1.764208328911260E-17
7010.5974608965  9.221648523938180E-18
7014.20346975347  6.978168439391247E-18
7017.80967555965  8.843607131666743E-18
7021.41607789581  1.091634803879600E-17
7025.02267634351  1.244862815883719E-17
7028.62947048509  1.022040293914696E-17
7032.23645990369  7.889239228127563E-18
7035.84364418321  3.953300874592527E-18
7039.45102290832  4.723756335868811E-18
7043.0585956645  7.936656529561552E-18
7046.66636203794  3.930982714485233E-18
7050.27432161566  5.882075959190599E-18
7053.88247398539  5.967534883405595E-18
7057.49081873567  7.700749581945107E-18
7061.09935545577  4.314820988489439E-18
7064.70808373572  6.067162584333014E-18
7068.3170031663  6.078687278217408E-18
7071.92611333905  7.038825593709758E-18
7075.53541384626  6.140202218831138E-18
7079.14490428094  5.438502423660568E-18
7082.75458423688  7.598089850482374E-18
7086.36445330858  8.078976262673752E-18
7089.97451109128  6.628169710656277E-18
7093.58475718096  5.928492372083399E-18
7097.19519117433  6.966082503461232E-18
7100.80581266883  5.585762492981239E-18
7104.41662126261  3.694016562094410E-18
7108.02761655457  6.759760497633355E-18
7111.6387981443  6.898742556973903E-18
7115.25016563212  6.298225975872656E-18
7118.86171861906  6.236706485765557E-18
7122.47345670687  4.573348430727070E-18
7126.085379498  5.603708176370578E-18
7129.6974865956  4.799738665396095E-18
7133.30977760353  4.457769378867178E-18
7136.92225212636  5.819177559002373E-18
7140.53490976932  3.364470701185429E-18
7144.14775013838  6.925523356485920E-18
7147.76077284017  5.101298111050263E-18
7151.37397748201  5.008215890309978E-18
7154.98736367193  4.393826663155603E-18
7158.6009310186  6.191006824873532E-18
7162.21467913141  6.661549343504936E-18
7165.82860762041  9.925232636544144E-18
7169.44271609633  9.407574737402335E-18
7173.05700417055  7.245980570414477E-18
7176.67147145515  8.622053422039318E-18
7180.28611756285  6.064851441701540E-18
7183.90094210704  1.025673188446968E-17
7187.51594470178  1.036433484727302E-17
7191.13112496178  6.585872243623684E-18
7194.7464825024  6.883492241610571E-18
7198.36201693965  6.098418844549247E-18
7201.9777278902  6.921606242695177E-18
7205.59361497135  4.771085542567563E-18
7209.20967780107  4.847928967112514E-18
7212.82591599793  4.536194372743330E-18
7216.44232918117  6.069952664539155E-18
7220.05891697065  5.833482406925558E-18
7223.67567898687  7.687567631703461E-18
7227.29261485094  4.205494594879837E-18
7230.90972418463  5.425896604715565E-18
7234.52700661029  4.718887137193018E-18
7238.14446175093  8.822464395209889E-18
7241.76208923014  9.206408548332502E-18
7245.37988867217  1.050099335627291E-17
7248.99785970184  8.596029492787787E-18
7252.61600194459  5.142216254411424E-18
7256.23431502648  7.197186013260586E-18
7259.85279857417  4.986059857602746E-18
7263.4714522149  5.453146829225206E-18
7267.09027557654  6.193925945255232E-18
7270.70926828751  7.502168332289499E-18
7274.32842997688  6.444959958323746E-18
7277.94776027426  6.101704405942309E-18
7281.56725880986  4.193018643291005E-18
7285.18692521449  6.177709482936437E-18
7288.80675911952  5.724669278886044E-18
7292.42676015691  4.756772422838253E-18
7296.04692795919  5.184739955341550E-18
7299.66726215947  4.800975300411861E-18
7303.28776239141  6.914803095747235E-18
7306.90842828925  4.000949786598030E-18
7310.5292594878  4.133592747314279E-18
7314.15025562242  2.029227898186512E-18
7317.77141632904  7.526740559566000E-18
7321.39274124412  4.718497535124505E-18
7325.01423000469  8.496075469108715E-18
7328.63588224835  4.256575065656518E-18
7332.2576976132  5.584290111490894E-18
7335.87967573791  3.703356671981053E-18
7339.50181626171  6.920099946799718E-18
7343.12411882434  8.473213024158363E-18
7346.74658306607  8.012265800632578E-18
7350.36920862772  5.583714807374864E-18
7353.99199515065  6.874465633176086E-18
7357.61494227672  6.681954234855393E-18
7361.23804964833  2.935476430746799E-18
7364.8613169084  2.432793809414649E-18
7368.48474370036  5.711339263314752E-18
7372.10832966816  4.881623755774556E-18
7375.73207445627  3.762236215163190E-18
7379.35597770966  4.588772867609344E-18
7382.98003907382  4.219397846615629E-18
7386.60425819473  6.792308813966398E-18
7390.22863471887  4.667014640979816E-18
7393.85316829323  7.454550853147273E-18
7397.4778585653  6.555075068647417E-18
7401.10270518304  6.048478642246973E-18
7404.72770779492  3.537086751412994E-18
7408.3528660499  5.738442663265665E-18
7411.9781795974  8.573038834842488E-18
7415.60364808734  4.386513559360023E-18
7419.22927117013  7.221089878602144E-18
7422.85504849664  5.583141984800672E-18
7426.4809797182  6.029862115380853E-18
7430.10706448664  7.338618181575515E-18
7433.73330245423  9.344853767455504E-18
7437.35969327373  2.758769558799852E-18
7440.98623659835  6.659742367456813E-18
7444.61293208175  5.217280413458773E-18
7448.23977937806  4.733745368946002E-18
7451.86677814185  5.926617567225046E-18
7455.49392802816  6.308688983440838E-18
7459.12122869246  6.872621434000398E-18
7462.74867979068  4.985002307189596E-18
7466.37628097917  8.609959110905602E-19
7470.00403191473  5.865181622359814E-18
7473.63193225461  4.144863496750618E-18
7477.25998165648  6.290203151111505E-18
7480.88817977845  1.452597604838805E-18
7484.51652627903  3.701404939325734E-18
7488.14502081719  5.925648938727747E-18
7491.7736630523  5.645941536905697E-18
7495.40245264417  4.441037583026761E-18
7499.031389253  4.394856916608539E-18
7502.66047253943  6.870809081278295E-18
7506.28970216448  4.506566417562906E-18
7509.91907778962  4.467006504767558E-18
7513.54859907669  3.697676009124345E-18
7517.17826568794  4.646724727734504E-18
7520.80807728603  4.887477299379288E-18
7524.43803353401  5.000175694755962E-18
7528.06813409532  2.070559838649102E-18
7531.69837863381  6.979177599738561E-18
7535.32876681368  6.733885047301781E-18
7538.95929829956  5.845347899222325E-18
7542.58997275643  7.307054623761716E-18
7546.22078984966  6.499874824829915E-18
7549.85174924501  6.819104089139138E-18
7553.4828506086  4.163688886721407E-18
7557.11409360692  6.481354250914852E-18
7560.74547790683  6.533120040829034E-18
7564.37700317556  7.463927772571175E-18
7568.0086690807  2.851056445381168E-18
7571.64047529021  8.461000529594629E-18
7575.27242147239  4.436677100427688E-18
7578.90450729591  2.441828276064953E-18
7582.53673242977  4.995932671803871E-18
7586.16909654334  3.898638711763491E-18
7589.80159930633  6.164274829017656E-18
7593.43424038879  1.842199673351282E-18
7597.06701946111  2.570842188638777E-18
7600.69993619403  4.518779325716946E-18
7604.3329902586  2.224687368210342E-18
7607.96618132622  5.057820670873864E-19
7611.59950906861  4.162240079878522E-18
7615.23297315783  3.783744565450794E-18
7618.86657326624  2.990967635344765E-18
7622.50030906654  4.168859179140171E-18
7626.13418023175  4.748105637970229E-18
7629.76818643519  3.226441760705696E-18
7633.40232735049  4.184911032517068E-18
7637.0366026516  5.142259681393582E-18
7640.67101201279  3.178266968625760E-18
7644.30555510859  4.583928897942236E-18
7647.94023161388  3.146348550329177E-18
7651.5750412038  3.788392079722424E-18
7655.20998355381  3.222491973280755E-18
7658.84505833964  6.042166426992578E-18
7662.48026523734  5.153489071799297E-18
7666.11560392321  3.984598907429694E-18
7669.75107407385  3.862492986946454E-18
7673.38667536616  5.147095379254568E-18
7677.02240747729  6.154489695961461E-18
7680.65827008468  5.778824379999585E-18
7684.29426286602  5.084254881709221E-18
7687.93038549931  4.305633079835507E-18
7691.56663766278  4.152329628959522E-18
7695.20301903495  5.910320868386833E-18
7698.83952929457  2.697944900407296E-18
7702.47616812068  5.208644234273412E-18
7706.11293519256  5.851241974677071E-18
7709.74983018974  2.045372809382322E-18
7713.38685279201  6.974904384694112E-18
7717.02400267939  6.529630165824674E-18
7720.66127953218  2.604878189303496E-18
7724.29868303086  5.274064294559007E-18
7727.93621285622  6.552122861041214E-18
7731.57386868922  4.088632172299571E-18
7735.21165021111  4.460255883788512E-18
7738.84955710332  5.023723872434122E-18
7742.48758904754  5.051010492890714E-18
7746.12574572568  7.923872453194547E-18
7749.76402681986  4.600183410569208E-18
7753.40243201242  7.156493690206653E-18
7757.04096098592  6.419274345942749E-18
7760.67961342313  2.017752421548564E-18
7764.31838900704  2.379843083272985E-18
7767.95728742084  2.254900140083841E-18
7771.59630834792  8.036081157648588E-18
7775.23545147188  7.924151213060978E-18
7778.87471647651  5.347606027688954E-18
7782.5141030458  7.803591293142599E-18
7786.15361086394  4.437977841940928E-18
7789.7932396153  8.758156065667568E-18
7793.43298898444  8.104903411793616E-18
7797.07285865611  2.391239357367282E-18
7800.71284831524  3.829902897992478E-18
7804.35295764692  5.528234976510320E-18
7807.99318633646  5.059046552541667E-18
7811.63353406929  1.043434410559706E-17
7815.27400053105  4.601957712983135E-18
7818.91458540754  -8.147399352897812E-22
7822.5552883847  3.202032177817138E-19
7826.19610914867  3.251423649180563E-18
7829.83704738572  4.508001989515993E-18
7833.47810278229  4.556901598607677E-18
7837.11927502498  5.272641130315110E-18
7840.76056380051  5.306733792851790E-18
7844.40196879578  2.470922079364821E-18
7848.04348969783  9.089521723924166E-19
7851.68512619382  1.824024654137113E-18
7855.32687797108  3.798591630265509E-18
7858.96874471706  6.714241162114870E-18
7862.61072611934  3.124860879556886E-18
7866.25282186563  7.874718072474196E-18
7869.89503164379  6.511481823185260E-18
7873.53735514179  5.231054211428700E-18
7877.1797920477  2.666159864984487E-18
7880.82234204975  4.036914358860917E-18
7884.46500483627  1.912840070482697E-18
7888.10778009569  8.018776539233980E-18
7891.75066751658  1.905845844813256E-18
7895.39366678758  2.068453630014389E-18
7899.03677759748  4.162217746001982E-18
7902.67999963513  4.774913734442460E-18
7906.32333258952  4.707420345951502E-18
7909.96677614969  1.352024333073662E-18
7913.61033000482  1.248254008241002E-18
7917.25399384416  4.171039627234859E-18
7920.89776735704  7.862203656986879E-18
7924.5416502329  3.181224514131852E-20
7928.18564216124  1.270541045677748E-18
7931.82974283165  8.967802510377293E-18
7935.47395193379  4.723830782123940E-18
7939.11826915741  3.185031031289760E-18
7942.76269419231  6.371847945522020E-18
7946.40722672839  6.554196602836887E-18
7950.05186645557  4.341525273794795E-18
7953.69661306388  4.040848843444526E-18
7957.34146624338  5.843918944714138E-18
7960.98642568419  5.239359104778733E-18
7964.63149107651  3.905475359526242E-18
7968.27666211056  1.071180152445418E-19
7971.92193847662  8.846872840725104E-18
7975.56731986502  7.185885071731887E-18
7979.21280596613  4.074536601071360E-18
7982.85839647036  4.401282455606851E-18
7986.50409106817  4.382308173125803E-18
7990.14988945003  4.533948577380250E-18
7993.79579130645  8.195443292921218E-18
7997.441796328  6.559808196112446E-18
8001.08790420522  4.307128622383003E-18
8004.73411462873  6.326006009564638E-18
8008.38042728913  7.140284258923062E-18
8012.02684187706  1.509454898218404E-18
8015.67335808315  4.308120825527759E-18
8019.31997559808  3.560489345303345E-18
8022.96669411251  6.620782987786179E-18
8026.61351331712  5.064838884781069E-18
8030.26043290257  5.443028342382152E-18
8033.90745255956  1.072795868826281E-18
8037.55457197877  4.938229793043092E-18
8041.20179085085  4.979168615919566E-18
8044.84910886648  2.979911125687075E-18
8048.49652571632  1.600640290416529E-18
8052.14404109099  3.934861777967800E-18
8055.79165468113  4.633803752976119E-18
8059.43936617734  4.113309037923559E-18
8063.08717527021  6.423563691009142E-18
8066.7350816503  4.492570935188816E-18
8070.38308500813  3.566255207763145E-18
8074.0311850342  5.081663738440399E-18
8077.679381419  5.247553569516990E-18
8081.32767385294  6.091706687468687E-18
8084.97606202642  8.076823111539276E-18
8088.62454562979  5.432653843139512E-18
8092.27312435336  2.220185437726522E-18
8095.92179788739  3.966367846729026E-18
8099.57056592208  1.565494006574610E-18
8103.2194281476  4.091621603033336E-18
8106.86838425405  6.611348165719399E-18
8110.51743393146  5.697007945611965E-18
8114.16657686982  3.550138420708162E-18
8117.81581275905  6.120008672127188E-18
8121.46514128898  4.425010131477934E-18
8125.11456214942  4.774618844554084E-18
8128.76407503005  2.352041956475384E-18
8132.41367962051  4.950918433446924E-19
8136.06337561035  4.121315732662766E-18
8139.71316268905  5.758240817636815E-18
8143.36304054599  4.564847081981556E-18
8147.01300887047  6.978548115292408E-18
8150.6630673517  4.254033966814755E-18
8154.3132156788  3.544551229260673E-18
8157.96345354079  4.598175429632235E-18
8161.6137806266  4.124802298944677E-18
8165.26419662506  4.521614073676166E-18
8168.91470122487  4.974735755016894E-18
8172.56529411465  1.917742640726328E-19
8176.21597498291  5.346342095712972E-18
8179.86674351803  2.271611669999250E-18
8183.5175994083  3.567447175025834E-18
8187.16854234186  4.940367227745928E-18
8190.81957200676  3.662791734741453E-18
8194.47068809091  3.966532042080618E-18
8198.1218902821  4.754767337033423E-18
8201.77317826798  3.753214569812381E-18
8205.42455173607  3.385995388290130E-18
8209.07601037378  3.315995228952830E-18
8212.72755386834  1.396630461195891E-18
8216.37918190687  2.863085305848914E-18
8220.03089417635  1.790121209165556E-18
8223.68269036358  5.436312876579139E-18
8227.33457015525  4.177668239073554E-18
8230.98653323788  4.302639926788984E-18
8234.63857929782  2.631098573950509E-18
8238.29070802129  3.143385175784705E-18
8241.94291909434  4.304218187397735E-18
8245.59521220285  2.948705116693053E-18
8249.24758703254  2.889982737827302E-18
8252.90004326896  4.551829327091502E-18
8256.55258059748  7.121545309326288E-18
8260.20519870331  2.332012605123025E-18
8263.85789727148  3.232588126247271E-18
8267.51067598683  2.623088570488851E-18
8271.16353453402  3.611394867380470E-18
8274.81647259753  2.032197890175884E-18
8278.46948986164  1.297709482704323E-18
8282.12258601046  1.999342069450124E-18
8285.77576072788  -1.050771978221904E-18
8289.42901369762  8.807448585550215E-18
8293.08234460316  -6.327703694374325E-19
8296.73575312783  -1.002744631086156E-18
8300.3892389547  5.249157059134423E-18
8304.04280176667  6.573936440974850E-18
8307.69644124641  5.875309208189607E-18
8311.35015707639  1.150803756878554E-18
8315.00394893886  4.252387050215162E-18
8318.65781651582  3.292417893158078E-18
8322.3117594891  1.926969349320869E-18
8325.96577754025  4.944137103387639E-18
8329.61987035065  2.682312220805810E-18
8333.27403760139  1.088738637759898E-18
8336.92827897337  4.704049171365041E-18
8340.58259414722  2.101251341302116E-18
8344.23698280336  -1.565309416051040E-19
8347.89144462196  7.372663281226974E-18
8351.54597928292  1.987727006083807E-18
8355.20058646592  7.738227481138659E-18
8358.85526585039  4.643907350568149E-18
8362.51001711548  3.870704408887268E-18
8366.1648399401  8.862948811586736E-20
8369.81973400292  2.436245427315680E-18
8373.4746989823  3.711769925991330E-18
8377.12973455638  -7.688428209733245E-19
8380.78484040302  3.809421078845052E-18
8384.44001619979  3.825204098522871E-18
8388.095261624  3.950259331480168E-18
8391.7505763527  1.162381080129422E-19
8395.40596006262  -5.075632583648515E-20
8399.06141243025  7.180882283387166E-18
8402.71693313178  -1.899605413326396E-19
8406.37252184311  3.132274279001740E-18
8410.02817823983  5.719905959328659E-18
8413.68390199728  3.411301945155424E-18
8417.33969279046  1.592762842648033E-18
8420.99555029411  4.209757056576323E-18
8424.65147418263  2.208019058481939E-18
8428.30746413015  1.690643021133857E-18
8431.96351981046  4.134623827947826E-18
8435.61964089708  -1.295100451654754E-18
8439.27582706317  7.085803662238485E-18
8442.93207798161  4.792574867701079E-18
8446.58839332494  1.269746952289698E-18
8450.2447727654  6.028382289264996E-18
8453.90121597487  1.940525598789694E-18
8457.55772262495  7.396771563577408E-19
8461.21429238687  5.540881740895643E-19
8464.87092493154  1.013459204958132E-17
8468.52761992954  3.536879542669550E-18
8472.18437705111  3.380337059309961E-18
8475.84119596614  7.389620070194004E-19
8479.49807634418  5.022590634994925E-18
8483.15501785444  3.953848054567730E-18
8486.81202016578  4.270982483975661E-18
8490.46908294668  7.483536088991743E-18
8494.12620586531  3.691068903981577E-18
8497.78338858945  4.665907046139611E-18
8501.44063078651  2.705825139910360E-19
8505.09793212358  1.622074091051426E-18
8508.75529226733  7.870868373903372E-18
8512.4127108841  5.845163437945725E-18
8516.07018763983  5.172712335644723E-18
8519.72772220011  2.955617244686699E-18
8523.38531423014  4.625706895550144E-18
8527.04296339472  3.206049690654732E-18
8530.70066935831  5.916475919324842E-18
8534.35843178493  5.185022851111043E-18
8538.01625033827  4.665529851780286E-18
8541.67412468157  6.265627201522248E-18
8545.3320544777  6.637669052810836E-18
8548.99003938915  2.309742628286413E-18
8552.64807907797  4.023139320120073E-18
8556.30617320585  -2.451561968826805E-19
8559.96432143403  5.040311325257647E-18
8563.62252342337  4.699787950439475E-18
8567.28077883432  6.388933774664611E-18
8570.9390873269  4.639013336473979E-18
8574.5974485607  4.073458784733204E-18
8578.25586219492  1.490255622610742E-18
8581.91432788832  3.049964224583579E-18
8585.57284529925  5.325589374914935E-18
8589.23141408559  3.316973163232020E-18
8592.89003390483  7.917584226177918E-18
8596.54870441401  2.623373947800182E-18
8600.20742526974  2.378332031089004E-18
8603.86619612816  2.353770557160467E-18
8607.52501664502  2.690903732238092E-18
8611.18388647556  2.086811042553625E-18
8614.84280527463  3.228401765167139E-18
8618.50177269658  3.532911970861439E-18
8622.16078839534  6.532237025525134E-18
8625.81985202438  4.772542207626269E-18
8629.47896323668  3.546979004358515E-18
8633.13812168478  6.126898673039448E-18
8636.79732702077  4.136971780116557E-18
8640.45657889622  3.545214628111941E-18
8644.11587696229  -8.492362462134119E-19
8647.77522086962  2.930261056984652E-18
8651.43461026839  3.805968840558563E-18
8655.0940448083  8.980005078773679E-18
8658.75352413856  1.782282018500390E-18
8662.41304790792  1.351385542845618E-18
8666.07261576459  -1.148705613254813E-18
8669.73222735635  4.293925165445432E-18
8673.39188233044  9.581377791808915E-19
8677.05158033361  4.692708525166938E-18
8680.71132101215  3.889256829255915E-18
8684.37110401179  1.643616019702021E-19
8688.03092897778  2.404482208781526E-19
8691.69079555488  6.324899241905043E-18
8695.3507033873  5.763070725233513E-18
8699.01065211878  3.488395178245367E-18
8702.6706413925  3.731750473687549E-18
8706.33067085116  3.352642638811379E-18
8709.99074013689  3.040836286524056E-18
8713.65084889135  4.870832357503190E-18
8717.31099675564  3.381940755722548E-18
8720.97118337032  5.906648600057406E-18
8724.63140837544  5.471047431271161E-18
8728.2916714105  3.743924090762491E-18
8731.95197211446  2.533985088494945E-18
8735.61231012575  -1.542564663392217E-18
8739.27268508225  1.927185657051051E-18
8742.93309662127  4.307922302180747E-18
8746.59354437961  1.687179926101827E-18
8750.25402799347  3.863361940179943E-18
8753.91454709854  2.425272049309551E-18
8757.57510132992  2.612240096755217E-18
8761.23569032215  3.215489682600339E-18
8764.89631370921  3.789423573946277E-18
8768.55697112453  2.407568316249385E-18
8772.21766220094  7.200660999013921E-18
8775.87838657071  1.752486352450771E-18
8779.53914386553  7.777500362261450E-18
8783.19993371653  4.485080401151842E-18
8786.86075575422  1.942180993990566E-18
8790.52160960857  3.070968821878139E-18
8794.18249490892  1.316617073748483E-18
8797.84341128406  2.206244549272860E-18
8801.50435836215  3.307112756740083E-18
8805.16533577078  4.396655620850536E-18
8808.82634313692  3.196988133839368E-18
8812.48738008696  3.935475132392008E-18
8816.14844624667  2.078104139425892E-18
8819.80954124123  9.444199813384345E-18
8823.47066469518  1.188956325259220E-17
8827.13181623248  -3.422162826598245E-18
8830.79299547645  6.906479590833419E-18
8834.4542020498  2.048214381581594E-18
8838.11543557463  4.410245784724476E-19
8841.77669567239  7.789189251497436E-18
8845.43798196392  -1.096381269632006E-18
8849.09929406944  -1.980021611882723E-18
8852.76063160851  5.375380271116646E-18
8856.42199420008  4.951629291785837E-18
8860.08338146244  7.031510008372341E-18
8863.74479301325  4.146286247404210E-18
8867.40622846954  2.663571410052655E-18
8871.06768744766  3.310191729775158E-18
8874.72916956334  6.124180971136905E-18
8878.39067443164  5.371830425517875E-18
8882.05220166697  5.356623123546394E-18
8885.71375088309  2.976061013525947E-18
8889.37532169308  -6.018201763876001E-18
8893.03691370938  5.101332852635991E-18
8896.69852654373  3.884230879854042E-18
8900.36015980724  3.729888903718998E-18
8904.02181311032  -4.581145021590687E-18
8907.68348606272  1.725771313797452E-18
8911.34517827349  2.499468495894332E-18
8915.00688935104  -2.933250487718419E-18
8918.66861890304  5.947099386372473E-18
8922.33036653652  4.341038684799459E-19
8925.99213185781  8.136782125420795E-18
8929.65391447252  2.593816716562131E-18
8933.31571398562  3.583773652366100E-18
8936.97753000132  6.221399508530263E-18
8940.63936212317  -5.078016802517229E-19
8944.30120995401  5.668859816547398E-18
8947.96307309597  5.264246901458921E-18
8951.62495115045  1.356739365962792E-18
8955.28684371818  2.635537845502927E-18
8958.94875039915  2.624348986947228E-18
8962.61067079262  4.283047326800052E-18
8966.27260449716  3.762221739502471E-18
8969.9345511106  2.894769838827299E-18
8973.59651023003  2.252622291472023E-18
8977.25848145185  2.389178436871106E-18
8980.92046437168  3.410574646601837E-18
8984.58245858445  3.093351502073210E-18
8988.24446368432  -1.970252608848472E-18
8991.90647926473  4.251309647467312E-18
8995.56850491836  2.671637041410507E-18
8999.23054023717  -3.320073022577563E-18
9002.89258481233  -9.680030453589289E-19
9006.5546382343  6.824221028408389E-18
9010.21670009277  6.080181166403679E-18
9013.87876997666  2.979626161966051E-18
9017.54084747414  2.574640808806773E-18
9021.20293217262  6.059410661222472E-18
9024.86502365876  1.909776193493801E-18
9028.52712151841  4.024685734275240E-18
9032.18922533669  3.781126538812064E-18
9035.85133469791  2.851863153273561E-18
9039.51344918563  7.893149207485528E-19
9043.17556838263  1.398860126537027E-18
9046.83769187089  1.250434663130845E-18
9050.49981923161  7.526764547803765E-18
9054.1619500452  4.175302916111959E-18
9057.8240838913  6.522104063021359E-18
9061.48622034873  6.226909668783209E-19
9065.14835899552  1.384432855883184E-18
9068.8104994089  5.222268312552468E-18
9072.47264116531  4.891531725151716E-18
9076.13478384037  1.984445580593810E-18
9079.7969270089  5.209975995059624E-18
9083.4590702449  2.949365827207330E-18
9087.12121312156  4.056564034312114E-18
9090.78335521126  2.167311432586673E-18
9094.44549608556  7.914204572990178E-19
9098.10763531519  8.636050972364939E-19
9101.76977247005  6.413336016325231E-18
9105.43190711923  3.352262342524758E-18
9109.09403883098  1.286076738352413E-18
9112.75616717271  1.778902572107805E-18
9116.418291711  1.394294192953311E-18
9120.0804120116  3.302319038295185E-18
9123.74252763939  2.597369457293046E-18
9127.40463815844  2.611055367322889E-18
9131.06674313194  3.941030890976222E-18
9134.72884212226  5.719754378481407E-19
9138.39093469089  1.698281000115018E-18
9142.05302039848  2.218686793251730E-18
9145.71509880483  3.197694390986121E-19
9149.37716946883  3.841747710773931E-18
9153.03923194857  2.360293703471060E-18
9156.70128580122  4.720074141372031E-18
9160.36333058312  1.085990433572268E-18
9164.02536584971  -3.941306238722624E-19
9167.68739115556  -7.855256063624471E-19
9171.34940605436  2.305515321765961E-18
9175.01141009894  3.078277996565810E-18
9178.6734028412  2.450679935799882E-18
9182.3353838322  3.255503303961674E-18
9185.99735262209  3.061493674756496E-18
9189.6593087601  3.098772430217577E-18
9193.32125179463  1.426620101099154E-18
9196.98318127311  2.963364825099024E-18
9200.64509674211  5.225761496279281E-18
9204.30699774729  3.593788328042280E-18
9207.96888383339  2.145334898072364E-18
9211.63075454426  5.289013929769678E-18
9215.29260942283  2.412912109801631E-18
9218.95444801109  2.019148702422553E-18
9222.61626985014  1.132187850397895E-18
9226.27807448017  4.553473762149257E-18
9229.9398614404  1.962603876519347E-18
9233.60163026916  2.634150663615676E-18
9237.26338050384  1.849781197255636E-18
9240.92511168089  3.338251970899642E-18
9244.58682333584  3.118884758125131E-19
9248.24851500328  2.678366569283932E-18
9251.91018621683  3.305343003819525E-18
9255.57183650921  4.038752354182010E-18
9259.23346541216  1.442141421510676E-18
9262.89507245649  2.912891091301651E-18
9266.55665717204  2.920255893885517E-18
9270.21821908771  1.847126774669954E-18
9273.87975773143  2.972486972894258E-18
9277.54127263018  2.048760527581033E-18
9281.20276330998  4.121960519950251E-18
9284.86422929586  3.782284178079331E-18
9288.5256701119  3.478749425122385E-18
9292.18708528121  5.009882659244270E-18
9295.84847432592  -2.791979826418090E-18
9299.50983676716  -3.693561509359930E-19
9303.17117212512  6.006709743625799E-18
9306.83247991898  3.367687503190071E-19
9310.49375966694  -1.105908296487691E-19
9314.15501088621  6.576382414046168E-18
9317.816233093  1.118752100464803E-17
9321.47742580255  8.028759782046885E-19
9325.13858852908  -1.280263726597697E-18
9328.79972078581  8.989030446437242E-18
9332.46082208497  -1.101963497995820E-18
9336.12189193777  1.847268842940160E-18
9339.78292985442  1.334200452029523E-18
9343.44393534411  -8.921226658421421E-19
9347.10490791503  1.213456381027275E-19
9350.76584707434  1.855463928063875E-18
9354.42675232818  -3.005040045515825E-18
9358.08762318166  2.792115690833703E-18
9361.74845913889  3.727624910382441E-18
9365.40925970293  5.478990846693508E-18
9369.07002437582  3.272218349394687E-18
9372.73075265854  4.658681623488958E-18
9376.39144405108  -2.686544076819632E-18
9380.05209805233  2.306809445834300E-18
9383.71271416018  7.784126906148614E-18
9387.37329187148  3.595515481161291E-18
9391.03383068199  7.478204082763227E-18
9394.69433008646  -3.358387408165560E-18
9398.35478957855  7.877629360489470E-20
9402.0152086509  5.115941689434290E-18
9405.67558679506  -1.762228885705420E-18
9409.33592350154  1.701071183718736E-18
9412.99621825976  5.074560738520407E-18
9416.6564705581  -3.440749368167159E-18
9420.31667988384  2.600497027189109E-18
9423.9768457232  1.382863073875712E-18
9427.63696756133  1.038692659736792E-18
9431.29704488229  3.647072407970802E-18
9434.95707716907  -7.244463831363785E-19
9438.61706390354  1.110124854830059E-17
9442.27700456654  9.620196343980264E-19
9445.93689863776  2.688407042655466E-19
9449.59674559583  6.772818370783120E-19
9453.25654491827  5.611513039040322E-18
9456.91629608152  4.371430851468308E-19
9460.5759985609  -6.930847607896195E-19
9464.23565183062  2.324111789502225E-18
9467.89525536379  2.579984395563866E-18
9471.55480863242  4.089508156568264E-18
9475.2143111074  -7.045455446319372E-18
9478.87376225848  -7.507425065082273E-19
9482.53316155432  -2.566182887043418E-18
9486.19250846244  -3.563417151081476E-18
9489.85180244926  1.925964738466923E-18
9493.51104298004  -2.942900014852945E-19
9497.17022951894  1.904286195768287E-18
9500.82936152896  -1.718328239248123E-18
9504.48843847198  4.640719396487369E-18
9508.14745980873  8.335360893534563E-18
9511.80642499881  -8.386427509035982E-19
9515.46533350066  7.096193877912762E-18
9519.1241847716  -6.550125633452205E-18
9522.78297826776  2.148657475797837E-18
9526.44171344415  2.723510985189779E-18
9530.10038975461  9.657744139935575E-19
9533.75900665183  3.577883712814416E-18
9537.41756358732  5.966065500444971E-19
9541.07606001143  4.325652505020515E-18
9544.73449537337  3.046753936626261E-18
9548.39286912114  7.501544638107636E-18
9552.0511807016  3.267259401622431E-18
9555.70942956042  4.912143825245619E-19
9559.36761514209  -2.704151029748129E-18
9563.0257368899  9.361609965123989E-18
9566.68379424601  1.118644732421294E-17
9570.34178665133  1.298090482094465E-17
9573.99971354562  7.517384319657414E-18
9577.65757436744  -2.727082389183265E-19
9581.31536855414  -2.371138429042543E-20
9584.97309554189  2.103276899827106E-18
9588.63075476565  -9.258460956328933E-19
9592.28834565917  4.390225945949161E-18
9595.94586765499  1.280970966021430E-18
9599.60332018447  6.150135830807288E-18
9603.26070267773  1.821537322035166E-18
9606.91801456368  2.434687225836782E-18
9610.57525527  5.794163617278767E-18
9614.23242422318  -2.506245586652979E-18
9617.88952084845  -4.780765210095659E-18
9621.54654456985  6.885744551020975E-19
9625.20349481016  1.130969103162875E-18
9628.86037099094  1.543322050640586E-18
9632.51717253252  3.901345660318071E-18
9636.17389885398  5.610830201444660E-19
9639.83054937316  6.773180262301110E-18
9643.48712350666  6.899812515096241E-18
9647.14362066985  -3.673932203231318E-18
9650.80004027682  4.761498932858382E-18
9654.45638174043  5.723595598450952E-19
9658.11264447227  8.508469116226599E-18
9661.76882788268  3.253091645961079E-20
9665.42493138075  -5.759923303002748E-18
9669.08095437429  -6.435900676255062E-18
9672.73689626984  -9.514236575463751E-19
9676.39275647269  2.776806232056571E-18
9680.04853438685  1.507703963656782E-18
9683.70422941504  -2.853298104841186E-18
9687.35984095873  1.139658428702591E-18
9691.01536841808  1.288449526619037E-17
9694.67081119199  6.789246177748424E-18
9698.32616867807  -1.355022552601438E-18
9701.98144027262  -5.591273997402681E-18
9705.63662537068  4.200530270433600E-18
9709.29172336597  6.285606094857243E-18
9712.94673365093  1.271295434396397E-18
9716.60165561668  -5.412396603528394E-18
9720.25648865306  -2.740224789851873E-18
