3800.00000000001  8.759899E-19
3801.94314503671  1.317097E-18
3803.88629007341  1.758205E-18
3805.8294351101  2.199313E-18
3807.7725801468  2.640420E-18
3809.7157251835  3.081583E-18
3811.65887022019  3.522691E-18
3813.60201525689  3.963798E-18
3815.54516029359  4.404906E-18
3817.48830533029  4.846014E-18
3819.43145036698  5.287121E-18
3821.37459540368  5.728229E-18
3823.31774044038  6.169336E-18
3825.26088547708  6.610499E-18
3827.20403051377  7.051607E-18
3829.14717555047  7.492714E-18
3831.09032058717  7.933822E-18
3833.03346562387  8.374930E-18
3834.97661066056  8.816037E-18
3836.91975569726  9.257145E-18
3838.86290073396  9.698253E-18
3840.80604577066  1.013942E-17
3842.74919080735  1.058052E-17
3844.69233584405  1.102163E-17
3846.63548088075  1.146274E-17
3848.57862591745  1.190385E-17
3850.52177095414  1.234495E-17
3852.46491599084  1.278606E-17
3854.40806102754  1.322717E-17
3856.35120606424  1.366833E-17
3858.29435110093  1.410944E-17
3860.23749613763  1.455055E-17
3862.18064117433  1.499165E-17
3864.12378621102  1.543276E-17
3866.06693124772  -1.461720E-17
3868.01007628442  1.573869E-17
3869.95322132112  1.498983E-17
3871.89636635781  3.784115E-17
3873.83951139451  3.468784E-17
3875.78265643121  4.244834E-17
3877.72580146791  2.154907E-17
3879.6689465046  -2.576267E-18
3881.6120915413  1.223263E-17
3883.555236578  4.455476E-17
3885.4983816147  7.453089E-17
3887.44152665139  5.035949E-17
3889.38467168809  5.496747E-18
3891.32781672479  3.521444E-17
3893.27096176149  1.811140E-17
3895.21410679818  1.132721E-17
3897.15725183488  2.832409E-17
3899.10039687158  -2.107080E-18
3901.04354190827  2.522214E-17
3902.98668694497  1.238227E-17
3904.92983198167  -3.653396E-17
3906.87297701837  2.493865E-17
3908.81612205506  2.290320E-17
3910.75926709176  1.872833E-17
3912.70241212846  3.377985E-17
3914.64555716516  2.644936E-17
3916.58870220185  4.045770E-17
3918.53184723855  3.961461E-18
3920.47499227525  2.732239E-17
3922.41813731195  4.352549E-17
3924.36128234864  2.493392E-17
3926.30442738534  1.234791E-17
3928.24757242204  3.154537E-17
3930.19071745874  4.894405E-17
3932.13386249543  3.395713E-17
3934.07700753213  7.373561E-18
3936.02015256883  5.106433E-17
3937.96329760553  3.726410E-17
3939.90644264222  7.873400E-19
3941.84958767892  1.043590E-17
3943.79273271562  2.079114E-17
3945.73587775232  4.669459E-17
3947.67902278901  4.080094E-17
3949.62216782571  1.438973E-17
3951.56531286241  2.022134E-17
3953.50845789911  8.876287E-18
3955.4516029358  4.339054E-17
3957.3947479725  3.585880E-17
3959.3378930092  1.006181E-17
3961.28103804589  2.949675E-17
3963.22418308259  3.690969E-17
3965.16732811929  2.007098E-17
3967.11047315599  2.199326E-17
3969.05361819268  3.910545E-17
3970.99676322938  4.092901E-17
3972.93990826608  1.615187E-17
3974.88305330278  1.315688E-17
3976.82619833947  3.256971E-17
3978.76934337617  4.600319E-17
3980.71248841287  3.716122E-17
3982.65563344957  1.342635E-17
3984.59877848626  2.073634E-17
3986.54192352296  6.794158E-18
3988.48506855966  1.265855E-17
3990.42821359636  1.373078E-17
3992.37135863305  1.518815E-17
3994.31450366975  3.620893E-17
3996.25764870645  2.563296E-17
3998.20079374314  5.331731E-18
4000.14393877984  2.460097E-17
4002.08708381654  4.154388E-17
4004.03022885324  3.803012E-17
4005.97337388993  3.004702E-17
4007.91651892663  1.551715E-17
4009.85966396333  1.915404E-17
4011.80280900003  2.319430E-17
4013.74595403672  -8.062122E-18
4015.68909907342  -5.509696E-18
4017.63224411012  1.929152E-17
4019.57538914682  3.128360E-17
4021.51853418351  3.387091E-17
4023.46167922021  3.368851E-17
4025.40482425691  3.355726E-17
4027.34796929361  1.234069E-17
4029.2911143303  2.121060E-17
4031.234259367  2.392605E-17
4033.1774044037  1.996666E-17
4035.12054944039  2.118168E-17
4037.06369447709  2.910495E-17
4039.00683951379  2.581523E-17
4040.94998455049  3.091292E-17
4042.89312958719  3.593290E-17
4044.83627462388  2.866277E-17
4046.77941966058  2.326286E-17
4048.72256469728  2.896653E-17
4050.66570973397  3.671264E-17
4052.60885477067  3.853990E-17
4054.55199980737  3.945843E-17
4056.49514484407  2.677899E-17
4058.43828988076  1.845339E-17
4060.38143491746  2.081452E-17
4062.32457995416  2.820843E-17
4064.26772499086  2.570638E-17
4066.21087002755  1.541818E-17
4068.15401506425  1.949573E-17
4070.09716010095  3.331939E-17
4072.04030513765  3.429008E-17
4073.98345017434  3.672216E-17
4075.92659521104  2.599300E-17
4077.86974024774  2.896599E-17
4079.81288528444  1.836242E-17
4081.75603032113  3.067693E-17
4083.69917535783  3.052766E-17
4085.64232039453  3.969255E-17
4087.58546543123  4.358652E-17
4089.52861046792  4.204673E-17
4091.47175550462  3.380327E-17
4093.41490054132  3.981454E-17
4095.35804557802  2.897392E-17
4097.30119061471  2.397899E-17
4099.24433565141  3.374620E-17
4101.18748068811  2.309346E-17
4103.1306257248  3.291750E-17
4105.0737707615  3.871699E-17
4107.0169157982  4.076637E-17
4108.9600608349  4.613619E-17
4110.90320587159  4.183019E-17
4112.84635090829  3.620658E-17
4114.78949594499  2.357783E-17
4116.73264098169  2.949790E-17
4118.67578601838  2.343518E-17
4120.61893105508  2.553214E-17
4122.56207609178  2.905064E-17
4124.50522112848  3.484703E-17
4126.44836616517  4.330275E-17
4128.39151120187  4.114799E-17
4130.33465623857  3.934703E-17
4132.27780127526  3.671381E-17
4134.22094631196  4.213281E-17
4136.16409134866  4.742029E-17
4138.10723638536  4.281014E-17
4140.05038142206  3.137608E-17
4141.99352645875  4.214110E-17
4143.93667149545  3.835733E-17
4145.87981653215  3.179202E-17
4147.82296156884  3.771235E-17
4149.76610660554  3.767369E-17
4151.70925164224  3.128717E-17
4153.65239667894  2.990774E-17
4155.59554171563  3.883576E-17
4157.53868675233  3.011753E-17
4159.48183178903  2.628575E-17
4161.42497682573  2.958388E-17
4163.36812186242  3.238466E-17
4165.31126689912  3.981936E-17
4167.25441193582  3.143989E-17
4169.19755697252  2.504359E-17
4171.14070200921  2.385653E-17
4173.08384704591  3.720095E-17
4175.02699208261  3.815603E-17
4176.97013711931  3.595622E-17
4178.913282156  3.285693E-17
4180.8564271927  2.723466E-17
4182.7995722294  3.223363E-17
4184.74271726609  4.718311E-17
4186.68586230279  4.127857E-17
4188.62900733949  3.307908E-17
4190.57215237619  3.182261E-17
4192.51529741288  3.542268E-17
4194.45844244958  3.821571E-17
4196.40158748628  3.354434E-17
4198.34473252298  2.853817E-17
4200.28787755967  4.016770E-17
4202.23102259637  3.527040E-17
4204.17416763307  3.945946E-17
4206.11731266976  4.428287E-17
4208.06045770646  3.860051E-17
4210.00360274316  4.148320E-17
4211.94674777986  3.368063E-17
4213.88989281655  3.071153E-17
4215.83303785325  3.969382E-17
4217.77618288995  4.235313E-17
4219.71932792665  4.025375E-17
4221.66247296335  3.819985E-17
4223.60561800004  4.348350E-17
4225.54876303674  5.164085E-17
4227.49190807344  4.626191E-17
4229.43505311013  3.955282E-17
4231.37819814683  3.465327E-17
4233.32134318353  3.505000E-17
4235.26448822023  3.678529E-17
4237.20763325692  4.094507E-17
4239.15077829362  3.743179E-17
4241.09392333032  3.080832E-17
4243.03706836702  3.534565E-17
4244.98021340371  2.458569E-17
4246.92335844041  2.824705E-17
4248.86650347711  4.021972E-17
4250.80964851381  4.289275E-17
4252.7527935505  3.820356E-17
4254.6959385872  2.628931E-17
4256.6390836239  2.513931E-17
4258.5822286606  3.517587E-17
4260.52537369729  3.626781E-17
4262.46851873399  3.109474E-17
4264.41166377069  3.961246E-17
4266.35480880739  3.156011E-17
4268.29795384408  2.826279E-17
4270.24109888078  3.510243E-17
4272.18424391748  3.781826E-17
4274.12738895417  3.238593E-17
4276.07053399087  2.946871E-17
4278.01367902757  2.801131E-17
4279.95682406427  2.935292E-17
4281.89996910096  2.986595E-17
4283.84311413766  2.718886E-17
4285.78625917436  3.043868E-17
4287.72940421106  2.665100E-17
4289.67254924775  2.545875E-17
4291.61569428445  2.242292E-17
4293.55883932115  1.659969E-17
4295.50198435785  2.763569E-17
4297.44512939454  4.696902E-17
4299.38827443124  5.145253E-17
4301.33141946794  5.212475E-17
4303.27456450464  5.353623E-17
4305.21770954133  5.028830E-17
4307.16085457803  4.957381E-17
4309.10399961473  4.455614E-17
4311.04714465143  3.735849E-17
4312.99028968812  2.881108E-17
4314.93343472482  2.095556E-17
4316.87657976152  1.271512E-17
4318.81972479822  1.788192E-17
4320.76286983491  1.537296E-17
4322.70601487161  1.149947E-17
4324.64915990831  1.843070E-17
4326.59230494501  2.257966E-17
4328.5354499817  2.450820E-17
4330.4785950184  2.498564E-17
4332.4217400551  2.233588E-17
4334.36488509179  1.988279E-17
4336.30803012849  1.648758E-17
4338.25117516519  2.661752E-17
4340.19432020189  3.612416E-17
4342.13746523858  2.610946E-17
4344.08061027528  1.556690E-17
4346.02375531198  1.545635E-17
4347.96690034868  2.014437E-17
4349.91004538537  1.781765E-17
4351.85319042207  2.531111E-17
4353.79633545877  2.714483E-17
4355.73948049546  2.065101E-17
4357.68262553216  1.914976E-17
4359.62577056886  1.708304E-17
4361.56891560556  1.213258E-17
4363.51206064226  1.763571E-17
4365.45520567895  2.813551E-17
4367.39835071565  2.285761E-17
4369.34149575235  1.793658E-17
4371.28464078904  2.511771E-17
4373.22778582574  2.067167E-17
4375.17093086244  2.103559E-17
4377.11407589914  2.462631E-17
4379.05722093583  2.055593E-17
4381.00036597253  1.881528E-17
4382.94351100923  1.859639E-17
4384.88665604593  2.098418E-17
4386.82980108262  2.006736E-17
4388.77294611932  1.770329E-17
4390.71609115602  1.540350E-17
4392.65923619272  1.651553E-17
4394.60238122941  2.195179E-17
4396.54552626611  2.114223E-17
4398.48867130281  1.717707E-17
4400.43181633951  1.894512E-17
4402.3749613762  2.016048E-17
4404.3181064129  1.833046E-17
4406.2612514496  2.126131E-17
4408.2043964863  2.639527E-17
4410.14754152299  2.397751E-17
4412.09068655969  2.460420E-17
4414.03383159639  2.617908E-17
4415.97697663308  2.182161E-17
4417.92012166978  2.420682E-17
4419.86326670648  2.903445E-17
4421.80641174318  2.850967E-17
4423.74955677987  2.665707E-17
4425.69270181657  2.891675E-17
4427.63584685327  2.895862E-17
4429.57899188997  3.073219E-17
4431.52213692666  2.515219E-17
4433.46528196336  2.739291E-17
4435.40842700006  2.623489E-17
4437.35157203676  2.772041E-17
4439.29471707345  3.931835E-17
4441.23786211015  3.611487E-17
4443.18100714685  2.994994E-17
4445.12415218355  3.062957E-17
4447.06729722024  3.308662E-17
4449.01044225694  3.427139E-17
4450.95358729364  3.496547E-17
4452.89673233033  3.082930E-17
4454.83987736703  3.660803E-17
4456.78302240373  3.901051E-17
4458.72616744043  4.502822E-17
4460.66931247712  4.666957E-17
4462.61245751382  3.740155E-17
4464.55560255052  3.361968E-17
4466.49874758722  4.201036E-17
4468.44189262391  4.259347E-17
4470.38503766061  3.972257E-17
4472.32818269731  3.780108E-17
4474.27132773401  4.211535E-17
4476.2144727707  4.472363E-17
4478.1576178074  4.346913E-17
4480.1007628441  4.214684E-17
4482.0439078808  4.375738E-17
4483.98705291749  4.610317E-17
4485.93019795419  4.815981E-17
4487.87334299089  4.702686E-17
4489.81648802759  5.055453E-17
4491.75963306428  6.043901E-17
4493.70277810098  5.848517E-17
4495.64592313768  5.097762E-17
4497.58906817438  5.239205E-17
4499.53221321107  5.150272E-17
4501.47535824777  5.171947E-17
4503.41850328447  4.956581E-17
4505.36164832116  4.776690E-17
4507.30479335786  5.016889E-17
4509.24793839456  5.344811E-17
4511.19108343126  5.210111E-17
4513.13422846795  5.042605E-17
4515.07737350465  5.160382E-17
4517.02051854135  4.868750E-17
4518.96366357805  5.458775E-17
4520.90680861474  5.117606E-17
4522.84995365144  5.637681E-17
4524.79309868814  5.574732E-17
4526.73624372484  5.626318E-17
4528.67938876153  5.190522E-17
4530.62253379823  5.559703E-17
4532.56567883493  5.885550E-17
4534.50882387163  5.739108E-17
4536.45196890832  5.725370E-17
4538.39511394502  5.457957E-17
4540.33825898172  4.711325E-17
4542.28140401841  4.492565E-17
4544.22454905511  5.107209E-17
4546.16769409181  5.514957E-17
4548.11083912851  5.423604E-17
4550.0539841652  5.327030E-17
4551.9971292019  5.449658E-17
4553.9402742386  5.497917E-17
4555.8834192753  5.669098E-17
4557.82656431199  6.449520E-17
4559.76970934869  6.092443E-17
4561.71285438539  6.065308E-17
4563.65599942209  6.102397E-17
4565.59914445878  5.592959E-17
4567.54228949548  5.431717E-17
4569.48543453218  5.611679E-17
4571.42857956888  5.412277E-17
4573.37172460557  5.325863E-17
4575.31486964227  5.644659E-17
4577.25801467897  5.359719E-17
4579.20115971567  5.266985E-17
4581.14430475236  5.131930E-17
4583.08744978906  5.454495E-17
4585.03059482576  5.727761E-17
4586.97373986245  5.235751E-17
4588.91688489915  5.198893E-17
4590.86002993585  5.334310E-17
4592.80317497255  5.156419E-17
4594.74632000924  5.217692E-17
4596.68946504594  5.501750E-17
4598.63261008264  5.093144E-17
4600.57575511934  5.006012E-17
4602.51890015603  4.725525E-17
4604.46204519273  4.213430E-17
4606.40519022943  4.005458E-17
4608.34833526613  4.228806E-17
4610.29148030282  4.639020E-17
4612.23462533952  4.400882E-17
4614.17777037622  4.768899E-17
4616.12091541292  4.497654E-17
4618.06406044961  4.275406E-17
4620.00720548631  4.692987E-17
4621.95035052301  4.608942E-17
4623.8934955597  4.062629E-17
4625.8366405964  4.367010E-17
4627.7797856331  4.415628E-17
4629.7229306698  4.244283E-17
4631.6660757065  4.644873E-17
4633.60922074319  4.690506E-17
4635.55236577989  4.564173E-17
4637.49551081659  4.340902E-17
4639.43865585329  3.978766E-17
4641.38180088998  4.011053E-17
4643.32494592668  4.478575E-17
4645.26809096338  4.608483E-17
4647.21123600007  4.475112E-17
4649.15438103677  4.192746E-17
4651.09752607347  4.161741E-17
4653.04067111017  4.593753E-17
4654.98381614686  4.412948E-17
4656.92696118356  4.377975E-17
4658.87010622026  4.540155E-17
4660.81325125696  4.710009E-17
4662.75639629365  5.119523E-17
4664.69954133035  5.171990E-17
4666.64268636705  5.186036E-17
4668.58583140374  5.332032E-17
4670.52897644044  4.931046E-17
4672.47212147714  4.419788E-17
4674.41526651384  4.495746E-17
4676.35841155053  4.769197E-17
4678.30155658723  5.014706E-17
4680.24470162393  5.308694E-17
4682.18784666063  5.427089E-17
4684.13099169732  5.218669E-17
4686.07413673402  5.347884E-17
4688.01728177072  5.213218E-17
4689.96042680742  4.930331E-17
4691.90357184411  4.995025E-17
4693.84671688081  5.098791E-17
4695.78986191751  5.417012E-17
4697.73300695421  5.445020E-17
4699.6761519909  5.280422E-17
4701.6192970276  5.189094E-17
4703.5624420643  5.372648E-17
4705.505587101  5.735670E-17
4707.44873213769  5.461159E-17
4709.39187717439  5.277586E-17
4711.33502221109  5.441137E-17
4713.27816724779  5.941881E-17
4715.22131228448  6.013520E-17
4717.16445732118  5.314546E-17
4719.10760235788  5.250381E-17
4721.05074739458  5.704124E-17
4722.99389243127  5.561350E-17
4724.93703746797  5.583944E-17
4726.88018250467  5.176946E-17
4728.82332754137  5.067993E-17
4730.76647257806  5.701606E-17
4732.70961761476  5.875115E-17
4734.65276265146  5.626290E-17
4736.59590768815  5.728235E-17
4738.53905272485  5.161983E-17
4740.48219776155  5.395311E-17
4742.42534279825  5.151659E-17
4744.36848783494  5.167920E-17
4746.31163287164  5.441999E-17
4748.25477790834  5.859387E-17
4750.19792294504  5.553035E-17
4752.14106798173  5.036072E-17
4754.08421301843  5.285865E-17
4756.02735805513  5.131274E-17
4757.97050309182  5.122212E-17
4759.91364812852  5.287342E-17
4761.85679316522  5.616924E-17
4763.79993820192  5.437468E-17
4765.74308323862  5.035815E-17
4767.68622827531  5.197472E-17
4769.62937331201  4.908345E-17
4771.57251834871  5.309329E-17
4773.5156633854  5.453342E-17
4775.4588084221  5.416782E-17
4777.4019534588  5.642092E-17
4779.3450984955  5.041428E-17
4781.28824353219  4.688490E-17
4783.23138856889  4.372969E-17
4785.17453360559  4.542048E-17
4787.11767864229  5.108806E-17
4789.06082367898  5.382304E-17
4791.00396871568  5.248844E-17
4792.94711375238  4.585404E-17
4794.89025878908  4.491649E-17
4796.83340382577  5.316016E-17
4798.77654886247  5.547104E-17
4800.71969389917  5.171958E-17
4802.66283893587  5.084352E-17
4804.60598397256  5.364058E-17
4806.54912900926  5.521328E-17
4808.49227404596  5.213434E-17
4810.43541908266  4.849150E-17
4812.37856411935  4.945413E-17
4814.32170915605  5.358814E-17
4816.26485419275  5.330706E-17
4818.20799922945  5.268591E-17
4820.15114426614  5.448709E-17
4822.09428930284  5.554080E-17
4824.03743433954  5.253843E-17
4825.98057937623  5.027463E-17
4827.92372441293  5.164729E-17
4829.86686944963  4.717003E-17
4831.81001448633  4.945541E-17
4833.75315952302  5.269231E-17
4835.69630455972  4.953810E-17
4837.63944959642  5.080492E-17
4839.58259463312  5.260109E-17
4841.52573966981  5.309263E-17
4843.46888470651  5.539103E-17
4845.41202974321  5.303854E-17
4847.3551747799  4.928237E-17
4849.2983198166  5.131420E-17
4851.2414648533  4.977807E-17
4853.18460989  4.672174E-17
4855.12775492669  4.845049E-17
4857.07089996339  4.899655E-17
4859.01404500009  5.049160E-17
4860.95719003679  4.941695E-17
4862.90033507349  4.647773E-17
4864.84348011018  4.431765E-17
4866.78662514688  4.557489E-17
4868.72977018358  4.897209E-17
4870.67291522027  5.070813E-17
4872.61606025697  4.699726E-17
4874.55920529367  4.281463E-17
4876.50235033037  4.240672E-17
4878.44549536706  4.387960E-17
4880.38864040376  4.674613E-17
4882.33178544046  4.573728E-17
4884.27493047716  4.916266E-17
4886.21807551385  4.803220E-17
4888.16122055055  4.278337E-17
4890.10436558725  4.464216E-17
4892.04751062395  4.240080E-17
4893.99065566064  3.972193E-17
4895.93380069734  4.154892E-17
4897.87694573404  4.342883E-17
4899.82009077074  4.480810E-17
4901.76323580743  4.684717E-17
4903.70638084413  4.846708E-17
4905.64952588083  4.624863E-17
4907.59267091753  4.266115E-17
4909.53581595422  4.464613E-17
4911.47896099092  4.436312E-17
4913.42210602762  4.165383E-17
4915.36525106431  4.011143E-17
4917.30839610101  3.879766E-17
4919.25154113771  3.890010E-17
4921.19468617441  4.123584E-17
4923.1378312111  4.041148E-17
4925.0809762478  4.156252E-17
4927.0241212845  4.484197E-17
4928.9672663212  4.402060E-17
4930.91041135789  4.176551E-17
4932.85355639459  4.253411E-17
4934.79670143129  3.855278E-17
4936.73984646798  3.805195E-17
4938.68299150468  3.967886E-17
4940.62613654138  4.207790E-17
4942.56928157808  3.909379E-17
4944.51242661478  3.712164E-17
4946.45557165147  3.995962E-17
4948.39871668817  4.184588E-17
4950.34186172487  4.097034E-17
4952.28500676156  3.928919E-17
4954.22815179826  3.664532E-17
4956.17129683496  3.485764E-17
4958.11444187166  3.447777E-17
4960.05758690835  3.931549E-17
4962.00073194505  3.910516E-17
4963.94387698175  3.507943E-17
4965.88702201845  3.388257E-17
4967.83016705515  3.504135E-17
4969.77331209184  3.941571E-17
4971.71645712854  3.829746E-17
4973.65960216524  3.516638E-17
4975.60274720193  3.049220E-17
4977.54589223863  3.327925E-17
4979.48903727533  3.646790E-17
4981.43218231203  3.437389E-17
4983.37532734872  3.445387E-17
4985.31847238542  3.232272E-17
4987.26161742212  3.292874E-17
4989.20476245882  3.379552E-17
4991.14790749551  3.119837E-17
4993.09105253221  3.005549E-17
4995.03419756891  2.886634E-17
4996.9773426056  2.821123E-17
4998.9204876423  2.946360E-17
5000.863632679  3.312990E-17
5002.8067777157  3.541244E-17
5004.7499227524  3.119786E-17
5006.69306778909  3.195055E-17
5008.63621282579  3.922276E-17
5010.57935786249  3.785004E-17
5012.52250289918  3.516119E-17
5014.46564793588  3.458572E-17
5016.40879297258  3.461457E-17
5018.35193800928  3.802497E-17
5020.29508304597  3.718780E-17
5022.23822808267  3.397453E-17
5024.18137311937  3.437815E-17
5026.12451815607  4.001087E-17
5028.06766319276  3.962619E-17
5030.01080822946  3.723389E-17
5031.95395326616  3.555118E-17
5033.89709830286  3.504204E-17
5035.84024333955  3.698302E-17
5037.78338837625  3.646516E-17
5039.72653341295  3.715190E-17
5041.66967844965  3.748830E-17
5043.61282348634  3.658617E-17
5045.55596852304  3.949647E-17
5047.49911355974  3.698660E-17
5049.44225859644  3.743645E-17
5051.38540363313  3.903601E-17
5053.32854866983  3.968895E-17
5055.27169370653  3.815326E-17
5057.21483874323  3.457869E-17
5059.15798377992  3.358450E-17
5061.10112881662  3.532291E-17
5063.04427385332  3.941084E-17
5064.98741889001  3.565423E-17
5066.93056392671  3.411121E-17
5068.87370896341  3.580089E-17
5070.81685400011  3.413635E-17
5072.7599990368  3.536965E-17
5074.7031440735  3.799131E-17
5076.6462891102  3.564909E-17
5078.5894341469  3.413891E-17
5080.53257918359  3.679672E-17
5082.47572422029  3.588739E-17
5084.41886925699  3.612342E-17
5086.36201429369  3.549828E-17
5088.30515933038  3.437170E-17
5090.24830436708  3.848446E-17
5092.19144940378  3.994290E-17
5094.13459444047  3.825934E-17
5096.07773947717  3.610230E-17
5098.02088451387  3.388506E-17
5099.96402955057  3.389768E-17
5101.90717458726  3.804008E-17
5103.85031962396  4.219581E-17
5105.79346466066  3.986163E-17
5107.73660969736  3.936761E-17
5109.67975473405  4.025982E-17
5111.62289977075  3.716963E-17
5113.56604480745  3.664541E-17
5115.50918984415  3.887475E-17
5117.45233488084  4.117421E-17
5119.39547991754  3.911131E-17
5121.33862495424  3.655371E-17
5123.28176999094  3.838031E-17
5125.22491502763  3.879255E-17
5127.16806006433  3.900120E-17
5129.11120510103  4.083644E-17
5131.05435013773  4.004385E-17
5132.99749517442  3.814431E-17
5134.94064021112  3.945080E-17
5136.88378524782  3.964688E-17
5138.82693028452  4.067051E-17
5140.77007532121  4.188631E-17
5142.71322035791  3.852315E-17
5144.65636539461  3.813033E-17
5146.5995104313  4.230733E-17
5148.542655468  4.398862E-17
5150.4858005047  4.155837E-17
5152.4289455414  3.952590E-17
5154.3720905781  4.350393E-17
5156.31523561479  4.403740E-17
5158.25838065149  4.058011E-17
5160.20152568819  3.822630E-17
5162.14467072488  4.252495E-17
5164.08781576158  4.423981E-17
5166.03096079828  4.432680E-17
5167.97410583498  4.458544E-17
5169.91725087167  4.412324E-17
5171.86039590837  4.184770E-17
5173.80354094507  4.303134E-17
5175.74668598177  4.193187E-17
5177.68983101846  4.054527E-17
5179.63297605516  4.322228E-17
5181.57612109186  4.265632E-17
5183.51926612855  4.443793E-17
5185.46241116525  4.657780E-17
5187.40555620195  4.454983E-17
5189.34870123865  4.461117E-17
5191.29184627534  4.661606E-17
5193.23499131204  4.747235E-17
5195.17813634874  4.975941E-17
5197.12128138544  4.745208E-17
5199.06442642214  4.707734E-17
5201.00757145883  4.700466E-17
5202.95071649553  4.808706E-17
5204.89386153223  4.985702E-17
5206.83700656892  4.715750E-17
5208.78015160562  4.761244E-17
5210.72329664232  5.136020E-17
5212.66644167902  5.184729E-17
5214.60958671571  4.978088E-17
5216.55273175241  4.704897E-17
5218.49587678911  4.847189E-17
5220.43902182581  4.945457E-17
5222.3821668625  5.273360E-17
5224.3253118992  5.124665E-17
5226.2684569359  4.868169E-17
5228.21160197259  4.844336E-17
5230.15474700929  5.228278E-17
5232.09789204599  4.956831E-17
5234.04103708269  4.963682E-17
5235.98418211938  4.920638E-17
5237.92732715608  4.981038E-17
5239.87047219278  5.089176E-17
5241.81361722948  5.020562E-17
5243.75676226617  5.075935E-17
5245.69990730287  5.201847E-17
5247.64305233957  5.056030E-17
5249.58619737627  5.194839E-17
5251.52934241296  5.301458E-17
5253.47248744966  5.048595E-17
5255.41563248636  4.775653E-17
5257.35877752306  5.187669E-17
5259.30192255975  5.123091E-17
5261.24506759645  4.673833E-17
5263.18821263315  4.695882E-17
5265.13135766985  4.825266E-17
5267.07450270654  4.841587E-17
5269.01764774324  4.972165E-17
5270.96079277994  5.015494E-17
5272.90393781663  5.070335E-17
5274.84708285333  4.843204E-17
5276.79022789003  4.751886E-17
5278.73337292673  4.704796E-17
5280.67651796343  4.613875E-17
5282.61966300012  4.859458E-17
5284.56280803682  4.931666E-17
5286.50595307352  4.810747E-17
5288.44909811021  4.766990E-17
5290.39224314691  4.771801E-17
5292.33538818361  4.671981E-17
5294.27853322031  4.853364E-17
5296.221678257  4.969966E-17
5298.1648232937  4.904463E-17
5300.1079683304  5.086401E-17
5302.0511133671  4.869146E-17
5303.99425840379  4.647258E-17
5305.93740344049  4.858534E-17
5307.88054847719  4.941941E-17
5309.82369351388  4.767783E-17
5311.76683855058  4.667667E-17
5313.70998358728  4.837664E-17
5315.65312862398  5.162658E-17
5317.59627366067  5.083073E-17
5319.53941869737  4.683332E-17
5321.48256373407  5.023950E-17
5323.42570877077  4.983235E-17
5325.36885380746  5.006425E-17
5327.31199884416  5.036373E-17
5329.25514388086  4.925997E-17
5331.19828891756  5.227411E-17
5333.14143395425  5.079195E-17
5335.08457899095  4.896091E-17
5337.02772402765  4.999990E-17
5338.97086906435  5.189610E-17
5340.91401410104  4.949378E-17
5342.85715913774  4.719537E-17
5344.80030417444  5.061361E-17
5346.74344921114  5.267822E-17
5348.68659424783  4.869404E-17
5350.62973928453  4.735672E-17
5352.57288432123  4.874934E-17
5354.51602935793  4.884011E-17
5356.45917439462  4.782232E-17
5358.40231943132  4.828304E-17
5360.34546446802  4.745814E-17
5362.28860950472  4.570724E-17
5364.23175454141  4.605081E-17
5366.17489957811  4.581520E-17
5368.11804461481  4.391597E-17
5370.0611896515  4.376152E-17
5372.0043346882  4.147449E-17
5373.9474797249  4.135601E-17
5375.8906247616  4.250604E-17
5377.83376979829  4.446689E-17
5379.77691483499  4.536340E-17
5381.72005987169  4.095178E-17
5383.66320490839  3.800249E-17
5385.60634994508  4.147874E-17
5387.54949498178  4.112268E-17
5389.49264001848  4.001747E-17
5391.43578505518  3.996558E-17
5393.37893009187  3.913396E-17
5395.32207512857  3.957282E-17
5397.26522016527  3.916487E-17
5399.20836520197  3.773588E-17
5401.15151023866  3.566831E-17
5403.09465527536  3.651618E-17
5405.03780031206  3.899529E-17
5406.98094534876  3.972126E-17
5408.92409038545  3.902140E-17
5410.86723542215  3.742691E-17
5412.81038045885  3.792667E-17
5414.75352549555  3.770849E-17
5416.69667053224  3.780698E-17
5418.63981556894  3.930684E-17
5420.58296060564  3.807031E-17
5422.52610564234  3.794674E-17
5424.46925067903  3.564523E-17
5426.41239571573  3.617569E-17
5428.35554075243  3.966926E-17
5430.29868578912  3.657740E-17
5432.24183082582  3.549406E-17
5434.18497586252  3.764778E-17
5436.12812089922  3.955908E-17
5438.07126593591  3.924220E-17
5440.01441097261  3.861592E-17
5441.95755600931  3.778450E-17
5443.90070104601  3.761971E-17
5445.8438460827  4.025090E-17
5447.7869911194  3.774421E-17
5449.7301361561  3.539201E-17
5451.6732811928  3.850831E-17
5453.61642622949  3.726009E-17
5455.55957126619  3.662625E-17
5457.50271630289  3.836746E-17
5459.44586133959  3.744362E-17
5461.38900637628  3.717393E-17
5463.33215141298  3.759996E-17
5465.27529644968  3.788639E-17
5467.21844148637  3.725428E-17
5469.16158652307  3.860472E-17
5471.10473155977  3.978259E-17
5473.04787659647  3.751113E-17
5474.99102163317  3.684216E-17
5476.93416666986  3.574535E-17
5478.87731170656  3.286670E-17
5480.82045674326  3.429901E-17
5482.76360177995  3.585128E-17
5484.70674681665  3.645195E-17
5486.64989185335  3.630854E-17
5488.59303689004  3.549514E-17
5490.53618192674  3.395765E-17
5492.47932696344  3.069386E-17
5494.42247200014  3.119395E-17
5496.36561703684  3.418445E-17
5498.30876207353  3.317329E-17
5500.25190711023  3.245935E-17
5502.19505214693  3.565462E-17
5504.13819718363  3.556201E-17
5506.08134222032  3.410973E-17
5508.02448725702  3.181063E-17
5509.96763229372  3.033185E-17
5511.91077733041  3.266967E-17
5513.85392236711  3.528592E-17
5515.79706740381  3.469312E-17
5517.74021244051  3.545185E-17
5519.6833574772  3.319027E-17
5521.6265025139  3.261070E-17
5523.5696475506  3.430632E-17
5525.5127925873  3.457940E-17
5527.45593762399  3.348963E-17
5529.39908266069  3.208370E-17
5531.34222769739  3.380405E-17
5533.28537273409  3.541493E-17
5535.22851777078  3.247599E-17
5537.17166280748  3.178211E-17
5539.11480784418  3.475800E-17
5541.05795288088  3.481085E-17
5543.00109791757  3.389053E-17
5544.94424295427  3.461292E-17
5546.88738799097  3.537174E-17
5548.83053302766  3.652751E-17
5550.77367806436  3.361318E-17
5552.71682310106  3.474063E-17
5554.65996813776  3.734034E-17
5556.60311317445  3.628891E-17
5558.54625821115  3.424369E-17
5560.48940324785  3.295200E-17
5562.43254828455  3.302784E-17
5564.37569332124  3.293838E-17
5566.31883835794  3.556900E-17
5568.26198339464  3.631324E-17
5570.20512843134  3.444504E-17
5572.14827346803  3.248567E-17
5574.09141850473  2.921658E-17
5576.03456354143  3.494082E-17
5577.97770857813  4.088861E-17
5579.92085361482  3.636410E-17
5581.86399865152  3.727431E-17
5583.80714368822  3.916321E-17
5585.75028872492  3.492742E-17
5587.69343376161  3.321322E-17
5589.63657879831  3.155340E-17
5591.57972383501  2.870057E-17
5593.5228688717  3.002564E-17
5595.4660139084  3.158942E-17
5597.4091589451  2.991286E-17
5599.3523039818  2.904245E-17
5601.29544901849  3.121407E-17
5603.23859405519  2.987038E-17
5605.18173909189  2.888332E-17
5607.12488412859  2.981202E-17
5609.06802916528  3.027650E-17
5611.01117420198  3.087125E-17
5612.95431923868  3.149921E-17
5614.89746427537  3.330703E-17
5616.84060931207  3.205519E-17
5618.78375434877  2.864255E-17
5620.72689938547  2.499641E-17
5622.67004442217  2.241523E-17
5624.61318945886  2.383603E-17
5626.55633449556  2.614188E-17
5628.49947953226  2.843799E-17
5630.44262456896  2.709550E-17
5632.38576960565  2.530320E-17
5634.32891464235  2.577827E-17
5636.27205967905  2.587066E-17
5638.21520471574  2.363836E-17
5640.15834975244  2.463596E-17
5642.10149478914  2.689343E-17
5644.04463982584  2.529443E-17
5645.98778486253  2.587172E-17
5647.93092989923  2.834654E-17
5649.87407493593  2.879056E-17
5651.81721997263  2.856528E-17
5653.76036500932  2.793609E-17
5655.70351004602  2.872147E-17
5657.64665508272  2.792330E-17
5659.58980011942  2.698225E-17
5661.53294515611  3.163754E-17
5663.47609019281  3.156705E-17
5665.41923522951  2.891014E-17
5667.36238026621  3.007601E-17
5669.3055253029  3.080239E-17
5671.2486703396  3.009463E-17
5673.1918153763  3.052970E-17
5675.134960413  3.048514E-17
5677.07810544969  2.756576E-17
5679.02125048639  3.042571E-17
5680.96439552309  2.985344E-17
5682.90754055979  3.414925E-17
5684.85068559648  3.714237E-17
5686.79383063318  3.434812E-17
5688.73697566988  3.248435E-17
5690.68012070658  3.119510E-17
5692.62326574327  3.269332E-17
5694.56641077997  3.380334E-17
5696.50955581667  3.440357E-17
5698.45270085337  3.321745E-17
5700.39584589006  3.444158E-17
5702.33899092676  3.365842E-17
5704.28213596346  3.228611E-17
5706.22528100015  3.409380E-17
5708.16842603685  3.144416E-17
5710.11157107355  3.106488E-17
5712.05471611025  3.270573E-17
5713.99786114694  3.188376E-17
5715.94100618364  3.257390E-17
5717.88415122034  3.323309E-17
5719.82729625704  3.369177E-17
5721.77044129373  3.437919E-17
5723.71358633043  3.526751E-17
5725.65673136713  3.825492E-17
5727.59987640383  4.168253E-17
5729.54302144052  3.620685E-17
5731.48616647722  3.487168E-17
5733.42931151392  3.361328E-17
5735.37245655062  3.215013E-17
5737.31560158731  3.272533E-17
5739.25874662401  3.291611E-17
5741.20189166071  3.337542E-17
5743.1450366974  3.143249E-17
5745.0881817341  2.990831E-17
5747.0313267708  3.176132E-17
5748.9744718075  3.305343E-17
5750.91761684419  3.340913E-17
5752.86076188089  3.183516E-17
5754.80390691759  3.232640E-17
5756.74705195429  3.383679E-17
5758.69019699098  3.093824E-17
5760.63334202768  3.020321E-17
5762.57648706438  3.014164E-17
5764.51963210108  3.035002E-17
5766.46277713777  3.161648E-17
5768.40592217447  3.064899E-17
5770.34906721117  3.340338E-17
5772.29221224786  3.299586E-17
5774.23535728456  3.000418E-17
5776.17850232126  3.557282E-17
5778.12164735796  4.400107E-17
5780.06479239466  4.683262E-17
5782.00793743135  4.544352E-17
5783.95108246805  4.221533E-17
5785.89422750475  3.713298E-17
5787.83737254144  3.176067E-17
5789.78051757814  2.947055E-17
5791.72366261484  3.093524E-17
5793.66680765154  3.031258E-17
5795.60995268824  2.969347E-17
5797.55309772493  2.916392E-17
5799.49624276163  3.216644E-17
5801.43938779833  3.177967E-17
5803.38253283502  3.132209E-17
5805.32567787172  3.079025E-17
5807.26882290842  3.020489E-17
5809.21196794512  3.320970E-17
5811.15511298181  3.360853E-17
5813.09825801851  3.300887E-17
5815.04140305521  3.322105E-17
5816.98454809191  3.305585E-17
5818.9276931286  3.375886E-17
5820.8708381653  3.321835E-17
5822.813983202  3.273355E-17
5824.75712823869  3.123475E-17
5826.70027327539  3.337340E-17
5828.64341831209  3.402034E-17
5830.58656334879  3.469926E-17
5832.52970838548  3.414913E-17
5834.47285342218  3.125987E-17
5836.41599845888  3.041832E-17
5838.35914349558  3.294776E-17
5840.30228853227  3.353232E-17
5842.24543356897  3.010286E-17
5844.18857860567  3.177711E-17
5846.13172364237  3.394104E-17
5848.07486867906  3.137448E-17
5850.01801371576  3.338977E-17
5851.96115875246  3.545459E-17
5853.90430378916  3.438961E-17
5855.84744882585  3.298105E-17
5857.79059386255  3.438371E-17
5859.73373889925  3.812423E-17
5861.67688393595  4.034308E-17
5863.62002897264  3.834922E-17
5865.56317400934  4.027974E-17
5867.50631904604  4.021195E-17
5869.44946408273  3.688554E-17
5871.39260911943  3.681457E-17
5873.33575415613  3.724652E-17
5875.27889919283  3.586829E-17
5877.22204422952  3.783926E-17
5879.16518926622  3.805955E-17
5881.10833430292  3.895431E-17
5883.05147933962  3.936483E-17
5884.99462437631  3.400523E-17
5886.93776941301  3.383680E-17
5888.88091444971  3.499984E-17
5890.82405948641  3.554606E-17
5892.7672045231  3.890873E-17
5894.7103495598  3.710653E-17
5896.6534945965  3.498498E-17
5898.5966396332  3.945069E-17
5900.53978466989  4.184912E-17
5902.48292970659  4.146398E-17
5904.42607474329  4.043273E-17
5906.36921977998  3.815511E-17
5908.31236481668  3.921325E-17
5910.25550985338  3.921614E-17
5912.19865489008  3.982537E-17
5914.14179992677  4.013916E-17
5916.08494496347  3.977089E-17
5918.02809000017  4.001134E-17
5919.97123503687  3.934738E-17
5921.91438007357  4.062689E-17
5923.85752511026  4.127181E-17
5925.80067014696  3.866621E-17
5927.74381518366  3.891694E-17
5929.68696022035  4.081428E-17
5931.63010525705  3.973835E-17
5933.57325029375  3.938803E-17
5935.51639533045  3.985612E-17
5937.45954036714  4.021019E-17
5939.40268540384  3.992245E-17
5941.34583044054  3.838685E-17
5943.28897547724  3.919483E-17
5945.23212051393  4.004092E-17
5947.17526555063  3.886636E-17
5949.11841058733  3.848569E-17
5951.06155562402  3.835256E-17
5953.00470066072  3.719486E-17
5954.94784569742  3.693261E-17
5956.89099073412  3.902349E-17
5958.83413577081  4.041689E-17
5960.77728080751  3.782203E-17
5962.72042584421  3.506448E-17
5964.66357088091  3.598370E-17
5966.6067159176  3.688048E-17
5968.5498609543  3.519432E-17
5970.493005991  3.542734E-17
5972.4361510277  3.765245E-17
5974.37929606439  3.617145E-17
5976.32244110109  3.425530E-17
5978.26558613779  3.278721E-17
5980.20873117449  3.497140E-17
5982.15187621118  3.684429E-17
5984.09502124788  3.633078E-17
5986.03816628458  3.493032E-17
5987.98131132128  3.562217E-17
5989.92445635797  3.413389E-17
5991.86760139467  3.282124E-17
5993.81074643137  3.413711E-17
5995.75389146806  3.556189E-17
5997.69703650476  3.589191E-17
5999.64018154146  3.671563E-17
6001.58332657816  3.625412E-17
6003.52647161485  3.359647E-17
6005.46961665155  3.373766E-17
6007.41276168825  3.675134E-17
6009.35590672495  3.677642E-17
6011.29905176164  3.531490E-17
6013.24219679834  3.787292E-17
6015.18534183504  4.078047E-17
6017.12848687174  3.789097E-17
6019.07163190843  3.512556E-17
6021.01477694513  3.812975E-17
6022.95792198183  3.971877E-17
6024.90106701853  3.881891E-17
6026.84421205522  3.687207E-17
6028.78735709192  3.608172E-17
6030.73050212862  3.917494E-17
6032.67364716532  3.993949E-17
6034.61679220201  3.675746E-17
6036.55993723871  3.670956E-17
6038.50308227541  3.973225E-17
6040.4462273121  4.052709E-17
6042.3893723488  3.983143E-17
6044.3325173855  3.856178E-17
6046.2756624222  3.683450E-17
6048.21880745889  3.621282E-17
6050.16195249559  3.588615E-17
6052.10509753229  3.631278E-17
6054.04824256899  3.631109E-17
6055.99138760568  3.647136E-17
6057.93453264238  3.666262E-17
6059.87767767908  3.581450E-17
6061.82082271578  3.513299E-17
6063.76396775247  3.436130E-17
6065.70711278917  3.389738E-17
6067.65025782587  3.338937E-17
6069.59340286257  3.311151E-17
6071.53654789926  3.283000E-17
6073.47969293596  3.019872E-17
6075.42283797266  2.902089E-17
6077.36598300936  2.974748E-17
6079.30912804605  2.895107E-17
6081.25227308275  2.831901E-17
6083.19541811945  2.766146E-17
6085.13856315615  2.819294E-17
6087.08170819284  2.830925E-17
6089.02485322954  2.967005E-17
6090.96799826624  2.760313E-17
6092.91114330293  2.756319E-17
6094.85428833963  2.901242E-17
6096.79743337633  2.949291E-17
6098.74057841303  2.787597E-17
6100.68372344972  2.543085E-17
6102.62686848642  2.390083E-17
6104.57001352312  2.554831E-17
6106.51315855982  2.629479E-17
6108.45630359651  2.521713E-17
6110.39944863321  2.545887E-17
6112.34259366991  2.543848E-17
6114.28573870661  2.484388E-17
6116.2288837433  2.489602E-17
6118.17202878  2.564692E-17
6120.1151738167  2.461589E-17
6122.05831885339  2.414648E-17
6124.00146389009  2.511137E-17
6125.94460892679  2.500320E-17
6127.88775396349  2.447821E-17
6129.83089900018  2.257578E-17
6131.77404403688  2.399932E-17
6133.71718907358  2.462638E-17
6135.66033411028  2.576059E-17
6137.60347914698  2.575784E-17
6139.54662418367  2.551655E-17
6141.48976922037  2.657622E-17
6143.43291425707  2.680346E-17
6145.37605929377  2.629594E-17
6147.31920433046  2.635891E-17
6149.26234936716  2.641944E-17
6151.20549440386  2.560698E-17
6153.14863944055  2.589133E-17
6155.09178447725  2.645087E-17
6157.03492951395  2.560174E-17
6158.97807455065  2.555595E-17
6160.92121958734  2.600848E-17
6162.86436462404  2.731588E-17
6164.80750966074  2.910849E-17
6166.75065469744  2.626361E-17
6168.69379973413  2.431615E-17
6170.63694477083  2.675625E-17
6172.58008980753  2.670591E-17
6174.52323484423  2.727180E-17
6176.46637988092  2.805742E-17
6178.40952491762  2.895414E-17
6180.35266995432  2.823207E-17
6182.29581499102  2.697165E-17
6184.23896002771  2.625821E-17
6186.18210506441  2.720260E-17
6188.12525010111  2.674168E-17
6190.0683951378  2.489221E-17
6192.0115401745  2.546396E-17
6193.9546852112  2.730018E-17
6195.8978302479  2.661026E-17
6197.84097528459  2.833443E-17
6199.78412032129  2.939031E-17
6201.72726535799  2.768146E-17
6203.67041039469  2.673113E-17
6205.61355543138  2.770616E-17
6207.55670046808  2.790376E-17
6209.49984550478  2.715475E-17
6211.44299054148  2.747684E-17
6213.38613557817  2.694997E-17
6215.32928061487  2.751797E-17
6217.27242565157  2.890609E-17
6219.21557068827  2.898092E-17
6221.15871572496  2.939595E-17
6223.10186076166  3.160273E-17
6225.04500579836  3.066969E-17
6226.98815083506  2.966174E-17
6228.93129587175  2.956009E-17
6230.87444090845  2.843927E-17
6232.81758594515  2.696255E-17
6234.76073098184  2.987243E-17
6236.70387601854  3.088573E-17
6238.64702105524  2.988377E-17
6240.59016609194  2.410403E-17
6242.53331112863  2.483281E-17
6244.47645616533  2.614164E-17
6246.41960120203  2.464956E-17
6248.36274623873  2.718693E-17
6250.30589127542  2.893442E-17
6252.24903631212  2.696191E-17
6254.19218134882  2.508691E-17
6256.13532638552  2.500540E-17
6258.07847142221  2.674047E-17
6260.02161645891  2.784847E-17
6261.96476149561  2.609681E-17
6263.90790653231  2.543220E-17
6265.851051569  2.810946E-17
6267.7941966057  2.680327E-17
6269.7373416424  2.592549E-17
6271.6804866791  2.779906E-17
6273.62363171579  2.701367E-17
6275.56677675249  2.786927E-17
6277.50992178919  2.636243E-17
6279.45306682588  2.522242E-17
6281.39621186258  2.276563E-17
6283.33935689928  2.210123E-17
6285.28250193598  2.307785E-17
6287.22564697267  2.603349E-17
6289.16879200937  2.623469E-17
6291.11193704607  2.472480E-17
6293.05508208277  2.487449E-17
6294.99822711946  2.452690E-17
6296.94137215616  2.278580E-17
6298.88451719286  2.137445E-17
6300.82766222956  2.101205E-17
6302.77080726625  2.222742E-17
6304.71395230295  2.259345E-17
6306.65709733965  2.124075E-17
6308.60024237635  2.284680E-17
6310.54338741304  2.375167E-17
6312.48653244974  2.239458E-17
6314.42967748644  2.295919E-17
6316.37282252314  2.185873E-17
6318.31596755983  2.155423E-17
6320.25911259653  2.133238E-17
6322.20225763323  2.108706E-17
6324.14540266993  2.178929E-17
6326.08854770662  2.330686E-17
6328.03169274332  2.277678E-17
6329.97483778002  2.140208E-17
6331.91798281672  1.942150E-17
6333.86112785341  1.920680E-17
6335.80427289011  2.230641E-17
6337.74741792681  2.387679E-17
6339.6905629635  2.129459E-17
6341.6337080002  2.014608E-17
6343.5768530369  2.144091E-17
6345.5199980736  2.139003E-17
6347.46314311029  2.121419E-17
6349.40628814699  2.207521E-17
6351.34943318369  2.241042E-17
6353.29257822039  2.260513E-17
6355.23572325708  2.360189E-17
6357.17886829378  2.396084E-17
6359.12201333048  2.372831E-17
6361.06515836718  2.298009E-17
6363.00830340387  2.174469E-17
6364.95144844057  2.278685E-17
6366.89459347727  2.481184E-17
6368.83773851397  2.293365E-17
6370.78088355066  2.386713E-17
6372.72402858736  2.634627E-17
6374.66717362406  2.555753E-17
6376.61031866075  2.470448E-17
6378.55346369745  2.680991E-17
6380.49660873415  2.513477E-17
6382.43975377085  2.579361E-17
6384.38289880754  2.744682E-17
6386.32604384424  2.815131E-17
6388.26918888094  2.806143E-17
6390.21233391764  2.671702E-17
6392.15547895433  2.827674E-17
6394.09862399103  2.946227E-17
6396.04176902773  2.975380E-17
6397.98491406443  3.055968E-17
6399.92805910112  2.842410E-17
6401.87120413782  2.632053E-17
6403.81434917452  2.973583E-17
6405.75749421122  3.026995E-17
6407.70063924791  2.967410E-17
6409.64378428461  3.002503E-17
6411.58692932131  2.870307E-17
6413.53007435801  2.911358E-17
6415.4732193947  3.004491E-17
6417.4163644314  3.124583E-17
6419.3595094681  3.021037E-17
6421.3026545048  3.013974E-17
6423.24579954149  3.015528E-17
6425.18894457819  3.088789E-17
6427.13208961489  3.191114E-17
6429.07523465158  3.166348E-17
6431.01837968828  3.074025E-17
6432.96152472498  3.069993E-17
6434.90466976168  3.156508E-17
6436.84781479837  3.141687E-17
6438.79095983507  2.989250E-17
6440.73410487177  2.903532E-17
6442.67724990847  3.035470E-17
6444.62039494516  3.020438E-17
6446.56353998186  2.946054E-17
6448.50668501856  2.870362E-17
6450.44983005526  2.968732E-17
6452.39297509195  3.231725E-17
6454.33612012865  3.131308E-17
6456.27926516535  2.938256E-17
6458.22241020205  3.140274E-17
6460.16555523874  3.166922E-17
6462.10870027544  3.205641E-17
6464.05184531214  3.139268E-17
6465.99499034883  3.066342E-17
6467.93813538553  3.150388E-17
6469.88128042223  3.115237E-17
6471.82442545893  3.087594E-17
6473.76757049562  2.936659E-17
6475.71071553232  2.974031E-17
6477.65386056902  3.354426E-17
6479.59700560572  3.358360E-17
6481.54015064242  3.176632E-17
6483.48329567911  3.183729E-17
6485.42644071581  3.236149E-17
6487.36958575251  3.122955E-17
6489.3127307892  3.116818E-17
6491.2558758259  2.977885E-17
6493.1990208626  3.025372E-17
6495.14216589929  3.321919E-17
6497.08531093599  3.198603E-17
6499.02845597269  3.313792E-17
6500.97160100939  3.478308E-17
6502.91474604609  3.061505E-17
6504.85789108278  2.941217E-17
6506.80103611948  3.033064E-17
6508.74418115618  3.068511E-17
6510.68732619287  3.013333E-17
6512.63047122957  3.035956E-17
6514.57361626627  3.114175E-17
6516.51676130297  3.011957E-17
6518.45990633966  3.027041E-17
6520.40305137636  3.152064E-17
6522.34619641306  3.027053E-17
6524.28934144976  2.948469E-17
6526.23248648645  2.996450E-17
6528.17563152315  2.888814E-17
6530.11877655985  2.684472E-17
6532.06192159655  2.714876E-17
6534.00506663324  2.951568E-17
6535.94821166994  3.086573E-17
6537.89135670664  3.007127E-17
6539.83450174333  2.997017E-17
6541.77764678003  2.956939E-17
6543.72079181673  2.964724E-17
6545.66393685343  2.960243E-17
6547.60708189013  2.838163E-17
6549.55022692682  2.820479E-17
6551.49337196352  2.893194E-17
6553.43651700022  2.855733E-17
6555.37966203691  2.846310E-17
6557.32280707361  2.933411E-17
6559.26595211031  2.919775E-17
6561.20909714701  2.901132E-17
6563.1522421837  2.922438E-17
6565.0953872204  2.989052E-17
6567.0385322571  3.083142E-17
6568.9816772938  2.892612E-17
6570.92482233049  2.893368E-17
6572.86796736719  2.917536E-17
6574.81111240389  2.842918E-17
6576.75425744059  2.965469E-17
6578.69740247728  3.084519E-17
6580.64054751398  2.846253E-17
6582.58369255068  2.884820E-17
6584.52683758738  2.812491E-17
6586.46998262407  2.702002E-17
6588.41312766077  2.779282E-17
6590.35627269747  2.781200E-17
6592.29941773416  2.654477E-17
6594.24256277086  2.631622E-17
6596.18570780756  2.747260E-17
6598.12885284426  2.921690E-17
6600.07199788095  2.895787E-17
6602.01514291765  2.841197E-17
6603.95828795435  2.978141E-17
6605.90143299105  3.016771E-17
6607.84457802774  2.891264E-17
6609.78772306444  2.657208E-17
6611.73086810114  2.700680E-17
6613.67401313784  2.773622E-17
6615.61715817453  2.760439E-17
6617.56030321123  2.850314E-17
6619.50344824793  2.601935E-17
6621.44659328463  2.614828E-17
6623.38973832132  2.960936E-17
6625.33288335802  2.902203E-17
6627.27602839472  2.548796E-17
6629.21917343141  2.555117E-17
6631.16231846811  2.904813E-17
6633.10546350481  2.678973E-17
6635.04860854151  2.496689E-17
6636.9917535782  2.539184E-17
6638.9348986149  2.555825E-17
6640.8780436516  2.663330E-17
6642.8211886883  2.604528E-17
6644.764333725  2.528437E-17
6646.70747876169  2.551253E-17
6648.65062379839  2.522424E-17
6650.59376883509  2.551898E-17
6652.53691387178  2.344006E-17
6654.48005890848  2.256586E-17
6656.42320394518  2.484761E-17
6658.36634898187  2.501000E-17
6660.30949401857  2.628469E-17
6662.25263905527  2.607929E-17
6664.19578409197  2.446374E-17
6666.13892912867  2.413730E-17
6668.08207416536  2.532739E-17
6670.02521920206  2.603121E-17
6671.96836423876  2.646206E-17
6673.91150927545  2.447272E-17
6675.85465431215  2.408004E-17
6677.79779934885  2.477712E-17
6679.74094438555  2.352391E-17
6681.68408942225  2.310603E-17
6683.62723445894  2.371963E-17
6685.57037949564  2.420344E-17
6687.51352453234  2.501292E-17
6689.45666956903  2.471441E-17
6691.39981460573  2.365554E-17
6693.34295964243  2.311056E-17
6695.28610467913  2.172699E-17
6697.22924971582  2.375907E-17
6699.17239475252  2.459923E-17
6701.11553978922  2.356083E-17
6703.05868482592  2.418330E-17
6705.00182986261  2.545346E-17
6706.94497489931  2.534604E-17
6708.88811993601  2.441319E-17
6710.83126497271  2.498975E-17
6712.7744100094  2.394212E-17
6714.7175550461  2.430647E-17
6716.6607000828  2.573451E-17
6718.60384511949  2.612471E-17
6720.54699015619  2.568165E-17
6722.49013519289  2.532139E-17
6724.43328022959  2.550031E-17
6726.37642526628  2.479535E-17
6728.31957030298  2.472603E-17
6730.26271533968  2.448183E-17
6732.20586037638  2.413395E-17
6734.14900541307  2.537401E-17
6736.09215044977  2.529540E-17
6738.03529548647  2.440536E-17
6739.97844052317  2.385090E-17
6741.92158555986  2.547649E-17
6743.86473059656  2.655333E-17
6745.80787563326  2.692314E-17
6747.75102066996  2.473431E-17
6749.69416570665  2.448386E-17
6751.63731074335  2.603015E-17
6753.58045578005  2.718654E-17
6755.52360081674  2.725849E-17
6757.46674585344  2.762889E-17
6759.40989089014  2.793206E-17
6761.35303592684  2.598218E-17
6763.29618096353  2.527921E-17
6765.23932600023  2.742155E-17
6767.18247103693  2.716416E-17
6769.12561607363  2.634392E-17
6771.06876111032  2.737430E-17
6773.01190614702  2.532755E-17
6774.95505118372  2.474706E-17
6776.89819622042  2.652053E-17
6778.84134125712  2.798577E-17
6780.78448629381  2.895675E-17
6782.72763133051  2.737364E-17
6784.67077636721  2.737141E-17
6786.6139214039  2.694795E-17
6788.5570664406  2.862774E-17
6790.5002114773  2.786175E-17
6792.443356514  2.567171E-17
6794.38650155069  2.627919E-17
6796.32964658739  2.640733E-17
6798.27279162409  2.630602E-17
6800.21593666079  2.582278E-17
6802.15908169748  2.402126E-17
6804.10222673418  2.473426E-17
6806.04537177088  2.538317E-17
6807.98851680758  2.501917E-17
6809.93166184427  2.712582E-17
6811.87480688097  2.701816E-17
6813.81795191767  2.707103E-17
6815.76109695436  2.688346E-17
6817.70424199106  2.653666E-17
6819.64738702776  2.529578E-17
6821.59053206446  2.524122E-17
6823.53367710115  2.533949E-17
6825.47682213785  2.378649E-17
6827.41996717455  2.461011E-17
6829.36311221125  2.623016E-17
6831.30625724794  2.723530E-17
6833.24940228464  2.815146E-17
6835.19254732134  2.599761E-17
6837.13569235804  2.458124E-17
6839.07883739473  2.722624E-17
6841.02198243143  2.797797E-17
6842.96512746813  2.723673E-17
6844.90827250483  2.701802E-17
6846.85141754152  2.575144E-17
6848.79456257822  2.748951E-17
6850.73770761492  2.749445E-17
6852.68085265161  2.715268E-17
6854.62399768831  2.502277E-17
6856.56714272501  2.457865E-17
6858.51028776171  2.476172E-17
6860.45343279841  2.426155E-17
6862.3965778351  2.430441E-17
6864.3397228718  2.423710E-17
6866.2828679085  2.416442E-17
6868.2260129452  2.386773E-17
6870.16915798189  2.174901E-17
6872.11230301859  1.932192E-17
6874.05544805529  1.810455E-17
6875.99859309198  1.889786E-17
6877.94173812868  2.135039E-17
6879.88488316538  2.227652E-17
6881.82802820208  2.320976E-17
6883.77117323877  2.471905E-17
6885.71431827547  2.278847E-17
6887.65746331217  2.224215E-17
6889.60060834887  2.226563E-17
6891.54375338556  2.300623E-17
6893.48689842226  2.277104E-17
6895.43004345896  2.341803E-17
6897.37318849565  2.174081E-17
6899.31633353235  2.302278E-17
6901.25947856905  2.478131E-17
6903.20262360575  2.423725E-17
6905.14576864245  2.350941E-17
6907.08891367914  2.320063E-17
6909.03205871584  2.338904E-17
6910.97520375254  2.512045E-17
6912.91834878923  2.628756E-17
6914.86149382593  2.435218E-17
6916.80463886263  2.276736E-17
6918.74778389933  2.317696E-17
6920.69092893602  2.372102E-17
6922.63407397272  2.486058E-17
6924.57721900942  2.481180E-17
6926.52036404612  2.535567E-17
6928.46350908281  2.347288E-17
6930.40665411951  2.478979E-17
6932.34979915621  2.583064E-17
6934.2929441929  2.591967E-17
6936.2360892296  2.271175E-17
6938.1792342663  2.018283E-17
6940.122379303  2.216403E-17
6942.0655243397  2.332639E-17
6944.00866937639  2.407120E-17
6945.95181441309  2.423271E-17
6947.89495944979  2.255803E-17
6949.83810448649  2.226119E-17
6951.78124952318  2.243260E-17
6953.72439455988  2.278775E-17
6955.66753959658  2.366475E-17
6957.61068463328  2.326543E-17
6959.55382966997  2.336100E-17
6961.49697470667  2.199977E-17
6963.44011974337  2.331441E-17
6965.38326478006  2.465481E-17
6967.32640981676  2.390891E-17
6969.26955485346  2.349998E-17
6971.21269989016  2.419703E-17
6973.15584492685  2.158679E-17
6975.09898996355  1.892638E-17
6977.04213500025  1.982101E-17
6978.98528003695  2.285836E-17
6980.92842507364  2.182121E-17
6982.87157011034  2.233908E-17
6984.81471514704  2.369437E-17
6986.75786018374  2.307870E-17
6988.70100522043  2.302677E-17
6990.64415025713  2.340851E-17
6992.58729529383  2.224731E-17
6994.53044033052  1.995510E-17
6996.47358536722  1.976237E-17
6998.41673040392  1.982258E-17
7000.35987544062  2.004368E-17
7002.30302047732  1.897523E-17
7004.24616551401  1.875019E-17
7006.18931055071  1.914583E-17
7008.13245558741  1.928933E-17
7010.0756006241  1.871590E-17
7012.0187456608  1.934573E-17
7013.9618906975  1.949421E-17
7015.9050357342  1.784318E-17
7017.8481807709  1.703567E-17
7019.79132580759  1.586337E-17
7021.73447084429  1.506269E-17
7023.67761588099  1.672922E-17
7025.62076091768  1.755719E-17
7027.56390595438  1.690298E-17
7029.50705099108  1.628480E-17
7031.45019602778  1.525978E-17
7033.39334106447  1.460706E-17
7035.33648610117  1.348423E-17
7037.27963113787  1.358588E-17
7039.22277617457  1.293456E-17
7041.16592121126  1.333375E-17
7043.10906624796  1.380560E-17
7045.05221128466  1.223316E-17
7046.99535632136  1.298119E-17
7048.93850135805  1.195621E-17
7050.88164639475  1.212143E-17
7052.82479143145  1.293489E-17
7054.76793646814  1.413901E-17
7056.71108150484  1.343356E-17
7058.65422654154  1.094518E-17
7060.59737157824  1.083802E-17
7062.54051661493  1.093034E-17
7064.48366165163  1.022185E-17
7066.42680668833  1.111554E-17
7068.36995172503  1.130522E-17
7070.31309676172  1.016031E-17
7072.25624179842  9.417642E-18
7074.19938683512  1.104359E-17
7076.14253187182  1.238595E-17
7078.08567690851  1.285502E-17
7080.02882194521  1.081630E-17
7081.97196698191  1.081985E-17
7083.91511201861  1.028749E-17
7085.8582570553  1.054807E-17
7087.801402092  1.079982E-17
7089.7445471287  1.029360E-17
7091.68769216539  9.853756E-18
7093.63083720209  1.025446E-17
7095.57398223879  1.028045E-17
7097.51712727549  1.059183E-17
7099.46027231218  1.089100E-17
7101.40341734888  9.574405E-18
7103.34656238558  9.343803E-18
7105.28970742228  1.044296E-17
7107.23285245897  1.064419E-17
7109.17599749567  1.124695E-17
7111.11914253237  1.045726E-17
7113.06228756907  1.009518E-17
7115.00543260576  1.094219E-17
7116.94857764246  1.007370E-17
7118.89172267916  1.041992E-17
7120.83486771586  1.028882E-17
7122.77801275255  1.086592E-17
7124.72115778925  1.088170E-17
7126.66430282595  1.149269E-17
7128.60744786265  1.195961E-17
7130.55059289934  1.037886E-17
7132.49373793604  1.054870E-17
7134.43688297274  1.221876E-17
7136.38002800944  1.266614E-17
7138.32317304613  1.208474E-17
7140.26631808283  1.098089E-17
7142.20946311953  1.215599E-17
7144.15260815623  1.377550E-17
7146.09575319292  1.322248E-17
7148.03889822962  1.219106E-17
7149.98204326632  1.029548E-17
7151.92518830301  1.436410E-17
7153.86833333971  1.587190E-17
7155.81147837641  1.467244E-17
7157.75462341311  1.417289E-17
7159.6977684498  1.382280E-17
7161.6409134865  1.350785E-17
7163.5840585232  1.350867E-17
7165.5272035599  1.403524E-17
7167.47034859659  1.622169E-17
7169.41349363329  1.688123E-17
7171.35663866999  1.520387E-17
7173.29978370669  1.373135E-17
7175.24292874338  1.321461E-17
7177.18607378008  1.418419E-17
7179.12921881678  1.512588E-17
7181.07236385348  1.528219E-17
7183.01550889017  1.433389E-17
7184.95865392687  1.573781E-17
7186.90179896357  1.506503E-17
7188.84494400026  1.542690E-17
7190.78808903696  1.625127E-17
7192.73123407366  1.739560E-17
7194.67437911036  1.600097E-17
7196.61752414705  1.625992E-17
7198.56066918375  1.651880E-17
7200.50381422045  1.677775E-17
7202.44695925715  1.703663E-17
7204.39010429384  1.751141E-17
7206.33324933054  1.826155E-17
7208.27639436724  1.847426E-17
7210.21953940394  1.825103E-17
7212.16268444063  1.862716E-17
7214.10582947733  2.100285E-17
7216.04897451403  2.121209E-17
7217.99211955072  1.942430E-17
7219.93526458742  2.001370E-17
7221.87840962412  1.955258E-17
7223.82155466082  1.738838E-17
7225.76469969752  1.906369E-17
7227.70784473421  1.938847E-17
7229.65098977091  1.955726E-17
7231.59413480761  2.035189E-17
7233.5372798443  2.037455E-17
7235.480424881  1.899295E-17
7237.4235699177  1.897993E-17
7239.3667149544  2.015944E-17
7241.30985999109  1.921364E-17
7243.25300502779  2.011240E-17
7245.19615006449  2.212252E-17
7247.13929510119  2.067422E-17
7249.08244013788  1.997996E-17
7251.02558517458  1.836227E-17
7252.96873021128  1.646432E-17
7254.91187524798  1.833210E-17
7256.85502028467  2.115003E-17
7258.79816532137  2.126618E-17
7260.74131035807  2.244412E-17
7262.68445539477  1.971777E-17
7264.62760043146  1.903051E-17
7266.57074546816  1.875709E-17
7268.51389050486  2.038353E-17
7270.45703554155  1.990512E-17
7272.40018057825  1.845255E-17
7274.34332561495  2.043144E-17
7276.28647065165  2.195594E-17
7278.22961568834  2.116455E-17
7280.17276072504  2.269691E-17
7282.11590576174  2.238401E-17
7284.05905079844  1.934579E-17
7286.00219583513  2.185511E-17
7287.94534087183  2.218959E-17
7289.88848590853  2.228337E-17
7291.83163094523  2.015744E-17
7293.77477598192  2.029185E-17
7295.71792101862  2.312491E-17
7297.66106605532  2.384205E-17
7299.60421109202  2.088268E-17
7301.54735612871  2.069246E-17
7303.49050116541  2.096120E-17
7305.43364620211  1.904015E-17
7307.37679123881  1.965874E-17
7309.3199362755  2.126244E-17
7311.2630813122  2.133284E-17
7313.2062263489  2.151262E-17
7315.14937138559  2.177568E-17
7317.09251642229  2.233691E-17
7319.03566145899  2.239102E-17
7320.97880649569  2.127552E-17
7322.92195153238  2.206565E-17
7324.86509656908  2.237734E-17
7326.80824160578  2.086606E-17
7328.75138664248  2.078764E-17
7330.69453167917  2.284908E-17
7332.63767671587  2.239426E-17
7334.58082175257  2.065059E-17
7336.52396678927  2.070971E-17
7338.46711182596  2.008725E-17
7340.41025686266  1.906695E-17
7342.35340189936  1.971773E-17
7344.29654693605  2.293661E-17
7346.23969197275  2.618647E-17
7348.18283700945  2.505556E-17
7350.12598204615  2.244837E-17
7352.06912708285  2.244922E-17
7354.01227211954  2.180208E-17
7355.95541715624  2.070011E-17
7357.89856219294  2.095764E-17
7359.84170722963  2.164549E-17
7361.78485226633  2.290334E-17
7363.72799730303  1.969210E-17
7365.67114233973  1.987530E-17
7367.61428737642  2.093047E-17
7369.55743241312  2.186868E-17
7371.50057744982  2.063894E-17
7373.44372248652  2.166203E-17
7375.38686752321  2.053506E-17
7377.33001255991  1.788233E-17
7379.27315759661  1.451581E-17
7381.21630263331  1.499441E-17
7383.15944767  2.028330E-17
7385.1025927067  2.139647E-17
7387.0457377434  1.852819E-17
7388.9888827801  1.863471E-17
7390.93202781679  2.185962E-17
7392.87517285349  2.179784E-17
7394.81831789019  1.908611E-17
7396.76146292689  2.022868E-17
7398.70460796358  2.138493E-17
7400.64775300028  2.233997E-17
7402.59089803698  2.118704E-17
7404.53404307367  1.934661E-17
7406.47718811037  1.951457E-17
7408.42033314707  2.140009E-17
7410.36347818377  2.071771E-17
7412.30662322046  1.883903E-17
7414.24976825716  1.995269E-17
7416.19291329386  2.076523E-17
7418.13605833056  1.931275E-17
7420.07920336725  1.808624E-17
7422.02234840395  1.880922E-17
7423.96549344065  2.096934E-17
7425.90863847735  2.053208E-17
7427.85178351404  1.979242E-17
7429.79492855074  1.986214E-17
7431.73807358744  1.948245E-17
7433.68121862414  1.984861E-17
7435.62436366083  1.902951E-17
7437.56750869753  1.828573E-17
7439.51065373423  1.661679E-17
7441.45379877092  1.632116E-17
7443.39694380762  1.918962E-17
7445.34008884432  1.935955E-17
7447.28323388102  1.899699E-17
7449.22637891772  1.934156E-17
7451.16952395441  1.912302E-17
7453.11266899111  1.926904E-17
7455.05581402781  1.829513E-17
7456.9989590645  1.776483E-17
7458.9421041012  1.801731E-17
7460.8852491379  1.791387E-17
7462.8283941746  2.089423E-17
7464.77153921129  1.960282E-17
7466.71468424799  1.810172E-17
7468.65782928469  1.994173E-17
7470.60097432139  1.901141E-17
7472.54411935808  1.756815E-17
7474.48726439478  1.808855E-17
7476.43040943148  1.817303E-17
7478.37355446818  1.745969E-17
7480.31669950487  1.794975E-17
7482.25984454157  1.932831E-17
7484.20298957827  1.793112E-17
7486.14613461496  1.748936E-17
7488.08927965166  1.942026E-17
7490.03242468836  1.853048E-17
7491.97556972506  1.807190E-17
7493.91871476175  1.917593E-17
7495.86185979845  1.851665E-17
7497.80500483515  1.841778E-17
7499.74814987185  1.800199E-17
7501.69129490854  1.719938E-17
7503.63443994524  1.887909E-17
7505.57758498194  1.750484E-17
7507.52073001864  1.784865E-17
7509.46387505533  1.899447E-17
7511.40702009203  1.787519E-17
7513.35016512873  1.883485E-17
7515.29331016543  1.865062E-17
7517.23645520212  1.733778E-17
7519.17960023882  1.744622E-17
7521.12274527552  1.690264E-17
7523.06589031222  1.771570E-17
7525.00903534891  1.787632E-17
7526.95218038561  1.520755E-17
7528.89532542231  1.693010E-17
7530.83847045901  1.913089E-17
7532.7816154957  1.948623E-17
7534.7247605324  1.697996E-17
7536.6679055691  1.684251E-17
7538.61105060579  1.840510E-17
7540.55419564249  1.777273E-17
7542.49734067919  1.605275E-17
7544.44048571589  1.717168E-17
7546.38363075259  1.752684E-17
7548.32677578928  1.702918E-17
7550.26992082598  1.719703E-17
7552.21306586268  1.646233E-17
7554.15621089937  1.776626E-17
7556.09935593607  1.733517E-17
7558.04250097277  1.651036E-17
7559.98564600947  1.895216E-17
7561.92879104616  1.749947E-17
7563.87193608286  1.748826E-17
7565.81508111956  1.551499E-17
7567.75822615626  1.694262E-17
7569.70137119295  1.673250E-17
7571.64451622965  1.652233E-17
7573.58766126635  1.631216E-17
7575.53080630305  1.610204E-17
7577.47395133974  1.589187E-17
7579.41709637644  1.568175E-17
7581.36024141314  1.547158E-17
7583.30338644984  1.526146E-17
7585.24653148653  1.505129E-17
7587.18967652323  1.484117E-17
7589.13282155993  1.570574E-17
7591.07596659663  1.487379E-17
7593.01911163332  1.368489E-17
7594.96225667002  1.156488E-17
7596.90540170672  8.720914E-18
7598.84854674341  8.278192E-18
7600.79169178011  7.406718E-18
7602.73483681681  7.724893E-18
7604.67798185351  7.438006E-18
7606.6211268902  5.775946E-18
7608.5642719269  4.289482E-18
7610.5074169636  5.707068E-18
7612.4505620003  7.493507E-18
7614.39370703699  7.998579E-18
7616.33685207369  8.724012E-18
7618.27999711039  1.164672E-17
7620.22314214709  1.235111E-17
7622.16628718378  1.141610E-17
7624.10943222048  1.154005E-17
7626.05257725718  1.026808E-17
7627.99572229388  9.626833E-18
7629.93886733057  9.411935E-18
7631.88201236727  8.422929E-18
7633.82515740397  8.641750E-18
7635.76830244066  8.921983E-18
7637.71144747736  8.987981E-18
7639.65459251406  1.001161E-17
7641.59773755076  1.133713E-17
7643.54088258745  9.742666E-18
7645.48402762415  9.103056E-18
7647.42717266085  1.105103E-17
7649.37031769755  1.198866E-17
7651.31346273424  1.257009E-17
7653.25660777094  1.230562E-17
7655.19975280764  1.177275E-17
7657.14289784434  1.308321E-17
7659.08604288103  1.365466E-17
7661.02918791773  1.183869E-17
7662.97233295443  1.101765E-17
7664.91547799112  1.344773E-17
7666.85862302782  1.491438E-17
7668.80176806452  1.426602E-17
7670.74491310122  1.476714E-17
7672.68805813792  1.357220E-17
7674.63120317461  1.322215E-17
7676.57434821131  1.455469E-17
7678.51749324801  1.380329E-17
7680.4606382847  1.376051E-17
7682.4037833214  1.616982E-17
7684.3469283581  1.518616E-17
7686.2900733948  1.364946E-17
7688.2332184315  1.445301E-17
7690.17636346819  1.502556E-17
7692.11950850489  1.519477E-17
7694.06265354159  1.485667E-17
7696.00579857828  1.533976E-17
7697.94894361498  1.611698E-17
7699.89208865168  1.408159E-17
7701.83523368838  1.249990E-17
7703.77837872507  1.401790E-17
7705.72152376177  1.420923E-17
7707.66466879847  1.216711E-17
7709.60781383517  1.148224E-17
7711.55095887186  1.251856E-17
7713.49410390856  1.160126E-17
7715.43724894526  1.419425E-17
7717.38039398196  1.589303E-17
7719.32353901865  1.730680E-17
7721.26668405535  1.821272E-17
7723.20982909205  1.744011E-17
7725.15297412874  1.685620E-17
7727.09611916544  1.710623E-17
7729.03926420214  1.879209E-17
7730.98240923884  1.556111E-17
7732.92555427554  1.268345E-17
7734.86869931223  1.320906E-17
7736.81184434893  1.434315E-17
7738.75498938563  1.507972E-17
7740.69813442232  1.374479E-17
7742.64127945902  1.264268E-17
7744.58442449572  1.198164E-17
7746.52756953242  8.438926E-18
7748.47071456911  9.290050E-18
7750.41385960581  1.331067E-17
7752.35700464251  1.609095E-17
7754.30014967921  1.804829E-17
7756.2432947159  1.961107E-17
7758.1864397526  1.782610E-17
7760.1295847893  1.385308E-17
7762.072729826  1.425261E-17
7764.01587486269  1.624486E-17
7765.95901989939  1.592695E-17
7767.90216493609  1.503548E-17
7769.84530997279  1.533442E-17
7771.78845500948  1.396673E-17
7773.73160004618  1.400132E-17
7775.67474508288  1.336593E-17
7777.61789011958  1.438296E-17
7779.56103515627  1.487142E-17
7781.50418019297  1.352707E-17
7783.44732522967  1.129519E-17
7785.39047026637  1.100372E-17
7787.33361530306  1.276986E-17
7789.27676033976  1.211418E-17
7791.21990537646  1.137741E-17
7793.16305041315  1.142921E-17
7795.10619544985  1.049887E-17
7797.04934048655  1.403132E-17
7798.99248552325  1.576677E-17
7800.93563055994  1.373107E-17
7802.87877559664  1.145940E-17
7804.82192063334  1.216047E-17
7806.76506567004  1.001079E-17
7808.70821070673  1.078144E-17
7810.65135574343  1.170634E-17
7812.59450078013  1.280486E-17
7814.53764581683  1.331143E-17
7816.48079085352  1.222377E-17
7818.42393589022  1.134484E-17
7820.36708092692  1.123313E-17
7822.31022596361  1.179563E-17
7824.25337100031  1.248333E-17
7826.19651603701  1.119013E-17
7828.13966107371  9.894914E-18
7830.0828061104  1.173729E-17
7832.0259511471  1.267013E-17
7833.9690961838  1.129315E-17
7835.9122412205  1.062720E-17
7837.85538625719  1.218098E-17
7839.79853129389  1.131531E-17
7841.74167633059  1.200118E-17
7843.68482136729  1.317667E-17
7845.62796640399  1.159827E-17
7847.57111144068  1.123269E-17
7849.51425647738  7.971363E-18
7851.45740151408  8.535759E-18
7853.40054655077  1.270115E-17
7855.34369158747  1.363206E-17
7857.28683662417  1.241713E-17
7859.22998166086  1.198028E-17
7861.17312669756  1.339737E-17
7863.11627173426  1.262659E-17
7865.05941677096  1.135394E-17
7867.00256180766  1.024534E-17
7868.94570684435  1.187191E-17
7870.88885188105  1.296246E-17
7872.83199691775  1.194677E-17
7874.77514195444  1.035291E-17
7876.71828699114  1.115049E-17
7878.66143202784  1.015492E-17
7880.60457706454  1.075343E-17
7882.54772210123  1.252530E-17
7884.49086713793  1.341943E-17
7886.43401217463  1.130858E-17
7888.37715721133  1.105678E-17
7890.32030224802  1.231481E-17
7892.26344728472  1.196441E-17
7894.20659232142  1.460792E-17
7896.14973735812  1.358539E-17
7898.09288239481  1.052226E-17
7900.03602743151  1.035125E-17
7901.97917246821  1.149107E-17
7903.92231750491  1.199246E-17
7905.8654625416  1.248460E-17
7907.8086075783  1.141065E-17
7909.751752615  1.066906E-17
7911.69489765169  1.241344E-17
7913.63804268839  1.699595E-17
7915.58118772509  1.481626E-17
7917.52433276179  1.132909E-17
7919.46747779848  1.331832E-17
7921.41062283518  1.441527E-17
7923.35376787188  1.193818E-17
7925.29691290858  1.039873E-17
7927.24005794527  1.132912E-17
7929.18320298197  1.101486E-17
7931.12634801867  1.098633E-17
7933.06949305537  1.212997E-17
7935.01263809206  1.274745E-17
7936.95578312876  1.394315E-17
7938.89892816546  1.414395E-17
7940.84207320215  1.271260E-17
7942.78521823885  1.013267E-17
7944.72836327555  9.880138E-18
7946.67150831225  9.952386E-18
7948.61465334895  1.136384E-17
7950.55779838564  1.253349E-17
7952.50094342234  1.254261E-17
7954.44408845904  1.338828E-17
7956.38723349573  1.303271E-17
7958.33037853243  1.101715E-17
7960.27352356913  1.041656E-17
7962.21666860583  1.217955E-17
7964.15981364252  1.382459E-17
7966.10295867922  1.178111E-17
7968.04610371592  1.206192E-17
7969.98924875262  1.412835E-17
7971.93239378931  1.067299E-17
7973.87553882601  9.119861E-18
7975.81868386271  9.951544E-18
7977.76182889941  1.159480E-17
7979.7049739361  1.478764E-17
7981.6481189728  1.463408E-17
7983.5912640095  1.248552E-17
7985.5344090462  1.203274E-17
7987.47755408289  9.669821E-18
7989.42069911959  6.799521E-18
7991.36384415629  6.545007E-18
7993.30698919299  8.336806E-18
7995.25013422968  1.370561E-17
7997.19327926638  1.465694E-17
7999.13642430308  1.268032E-17
8001.07956933977  1.269280E-17
8003.02271437647  1.212000E-17
8004.96585941317  1.183738E-17
8006.90900444987  1.085409E-17
8008.85214948656  1.063442E-17
8010.79529452326  9.583011E-18
8012.73843955996  1.110038E-17
8014.68158459666  1.137985E-17
8016.62472963335  1.020362E-17
8018.56787467005  1.040531E-17
8020.51101970675  1.131723E-17
8022.45416474345  1.033518E-17
8024.39730978014  1.008161E-17
8026.34045481684  1.458471E-17
8028.28359985354  1.449677E-17
8030.22674489024  1.378991E-17
8032.16988992693  1.440435E-17
8034.11303496363  1.163628E-17
8036.05618000033  1.157461E-17
8037.99932503702  1.238298E-17
8039.94247007372  1.231541E-17
8041.88561511042  1.190585E-17
8043.82876014712  1.085084E-17
8045.77190518381  1.075666E-17
8047.71505022051  1.148480E-17
8049.65819525721  1.163557E-17
8051.60134029391  1.105534E-17
8053.5444853306  1.141160E-17
8055.4876303673  1.259222E-17
8057.430775404  1.055787E-17
8059.3739204407  7.414127E-18
8061.31706547739  8.572425E-18
8063.26021051409  1.062135E-17
8065.20335555079  1.387218E-17
8067.14650058749  1.424750E-17
8069.08964562418  1.261272E-17
8071.03279066088  1.175367E-17
8072.97593569758  1.142028E-17
8074.91908073427  1.160632E-17
8076.86222577097  1.192398E-17
8078.80537080767  1.100027E-17
8080.74851584437  1.041599E-17
8082.69166088106  1.167366E-17
8084.63480591776  1.266177E-17
8086.57795095446  1.123215E-17
8088.52109599116  9.258402E-18
8090.46424102785  9.549666E-18
8092.40738606455  1.076896E-17
8094.35053110125  1.060577E-17
8096.29367613795  1.025929E-17
8098.23682117464  1.183368E-17
8100.17996621134  1.189899E-17
8102.12311124804  1.275895E-17
8104.06625628474  1.202279E-17
8106.00940132143  1.045711E-17
8107.95254635813  8.712811E-18
8109.89569139483  8.739350E-18
8111.83883643153  9.448003E-18
8113.78198146822  1.067518E-17
8115.72512650492  1.113782E-17
8117.66827154162  9.717031E-18
8119.61141657831  9.397666E-18
8121.55456161501  1.163937E-17
8123.49770665171  1.282214E-17
8125.44085168841  1.088679E-17
8127.3839967251  1.089890E-17
8129.3271417618  1.122349E-17
8131.2702867985  9.691940E-18
8133.2134318352  9.186885E-18
8135.15657687189  8.861708E-18
8137.09972190859  9.232653E-18
8139.04286694529  9.470126E-18
8140.98601198199  8.551736E-18
8142.92915701869  8.430901E-18
8144.87230205538  1.037121E-17
8146.81544709208  1.051853E-17
8148.75859212878  8.754990E-18
8150.70173716547  8.152873E-18
8152.64488220217  8.869396E-18
8154.58802723887  1.009877E-17
8156.53117227557  9.387413E-18
8158.47431731226  7.456047E-18
8160.41746234896  8.258714E-18
8162.36060738566  9.476222E-18
8164.30375242236  9.399630E-18
8166.24689745905  1.006500E-17
8168.19004249575  9.671866E-18
8170.13318753245  8.059400E-18
8172.07633256914  9.056099E-18
8174.01947760584  8.867876E-18
8175.96262264254  9.520383E-18
8177.90576767924  9.955280E-18
8179.84891271593  1.039410E-17
8181.79205775263  9.826705E-18
8183.73520278933  8.009410E-18
8185.67834782603  9.428960E-18
8187.62149286273  1.031879E-17
8189.56463789942  8.933763E-18
8191.50778293612  9.074962E-18
8193.45092797282  9.698108E-18
8195.39407300951  1.029708E-17
8197.33721804621  1.095219E-17
8199.28036308291  8.953500E-18
8201.22350811961  7.836252E-18
8203.1666531563  9.253663E-18
8205.109798193  1.055154E-17
8207.0529432297  9.822205E-18
8208.99608826639  9.860067E-18
8210.93923330309  1.022520E-17
8212.88237833979  1.036974E-17
8214.82552337649  1.081741E-17
8216.76866841318  1.049988E-17
8218.71181344988  9.075814E-18
8220.65495848658  8.614783E-18
8222.59810352328  1.006482E-17
8224.54124855998  8.933013E-18
8226.48439359667  8.518874E-18
8228.42753863337  8.325140E-18
8230.37068367007  9.476965E-18
8232.31382870676  1.018573E-17
8234.25697374346  1.126887E-17
8236.20011878016  9.631220E-18
8238.14326381686  8.124477E-18
8240.08640885355  8.010860E-18
8242.02955389025  9.483470E-18
8243.97269892695  1.002125E-17
8245.91584396365  9.568403E-18
8247.85898900034  9.612276E-18
8249.80213403704  8.720882E-18
8251.74527907374  8.836164E-18
8253.68842411043  1.022617E-17
8255.63156914713  9.549243E-18
8257.57471418383  8.767362E-18
8259.51785922053  9.002277E-18
8261.46100425722  8.363543E-18
8263.40414929392  7.906475E-18
8265.34729433062  8.997271E-18
8267.29043936732  8.143769E-18
8269.23358440401  8.239579E-18
8271.17672944071  8.217598E-18
8273.11987447741  8.119655E-18
8275.06301951411  7.355495E-18
8277.0061645508  5.356277E-18
8278.9493095875  5.562149E-18
8280.8924546242  8.523144E-18
8282.8355996609  1.123671E-17
8284.77874469759  9.840198E-18
8286.72188973429  6.477156E-18
8288.66503477099  8.741905E-18
8290.60817980768  8.254592E-18
8292.55132484438  8.043360E-18
8294.49446988108  7.676735E-18
8296.43761491778  5.963705E-18
8298.38075995447  9.292020E-18
8300.32390499117  1.182243E-17
8302.26705002787  7.723772E-18
8304.21019506457  7.443336E-18
8306.15334010126  8.548434E-18
8308.09648513796  8.802330E-18
8310.03963017466  9.551226E-18
8311.98277521136  9.065813E-18
8313.92592024805  8.549295E-18
8315.86906528475  8.488356E-18
8317.81221032145  9.650590E-18
8319.75535535815  1.083387E-17
8321.69850039484  9.153438E-18
8323.64164543154  7.210147E-18
8325.58479046824  9.270404E-18
8327.52793550494  1.065817E-17
8329.47108054163  8.397172E-18
8331.41422557833  7.971463E-18
8333.35737061503  8.274312E-18
8335.30051565172  7.077453E-18
8337.24366068842  5.995928E-18
8339.18680572512  6.490505E-18
8341.12995076182  5.382913E-18
8343.07309579851  6.524926E-18
8345.01624083521  7.201910E-18
8346.95938587191  7.838124E-18
8348.90253090861  1.431028E-17
8350.84567594531  1.076433E-17
8352.788820982  5.819365E-18
8354.7319660187  9.673455E-18
8356.6751110554  8.573271E-18
8358.61825609209  5.425051E-18
8360.56140112879  5.648897E-18
8362.50454616549  8.450641E-18
8364.44769120219  8.548539E-18
8366.39083623888  4.641481E-18
8368.33398127558  8.386607E-18
8370.27712631228  1.051659E-17
8372.22027134898  6.761945E-18
8374.16341638567  7.241209E-18
8376.10656142237  7.580623E-18
8378.04970645907  3.704358E-18
8379.99285149577  4.979126E-18
8381.93599653246  9.407557E-18
8383.87914156916  9.775515E-18
8385.82228660586  1.137173E-17
8387.76543164255  1.112377E-17
8389.70857667925  1.026343E-17
8391.65172171595  1.019959E-17
8393.59486675265  1.180010E-17
8395.53801178935  1.129536E-17
8397.48115682604  8.944808E-18
8399.42430186274  9.333763E-18
8401.36744689944  8.765311E-18
8403.31059193613  9.047521E-18
8405.25373697283  9.101362E-18
8407.19688200953  6.802928E-18
8409.14002704623  6.231894E-18
8411.08317208292  6.387559E-18
8413.02631711962  5.510238E-18
8414.96946215632  4.916926E-18
8416.91260719302  4.792566E-18
8418.85575222971  7.313748E-18
8420.79889726641  8.271553E-18
8422.74204230311  1.002176E-17
8424.6851873398  8.263405E-18
8426.6283323765  4.664486E-18
8428.5714774132  7.249341E-18
8430.5146224499  8.229331E-18
8432.45776748659  6.584281E-18
8434.40091252329  9.248855E-18
8436.34405755999  9.950643E-18
8438.28720259669  7.119994E-18
8440.23034763339  6.907566E-18
8442.17349267008  7.162806E-18
8444.11663770678  6.843956E-18
8446.05978274348  6.965762E-18
8448.00292778017  5.365335E-18
8449.94607281687  4.741328E-18
8451.88921785357  4.777455E-18
8453.83236289026  6.778618E-18
8455.77550792696  5.557344E-18
8457.71865296366  6.146675E-18
8459.66179800036  5.791057E-18
8461.60494303706  5.305364E-18
8463.54808807375  5.794421E-18
8465.49123311045  5.417329E-18
8467.43437814715  6.351729E-18
8469.37752318384  8.197520E-18
8471.32066822054  6.835143E-18
8473.26381325724  5.737899E-18
8475.20695829394  6.895308E-18
8477.15010333064  7.731065E-18
8479.09324836733  9.616755E-18
8481.03639340403  7.877600E-18
8482.97953844073  4.213581E-18
8484.92268347743  4.660009E-18
8486.86582851412  7.347474E-18
8488.80897355082  8.718216E-18
8490.75211858752  6.472720E-18
8492.69526362422  5.675424E-18
8494.63840866091  6.935268E-18
8496.58155369761  7.518246E-18
8498.52469873431  7.240151E-18
8500.46784377101  5.504344E-18
8502.4109888077  5.531372E-18
8504.3541338444  7.120597E-18
8506.2972788811  6.410214E-18
8508.24042391779  7.105000E-18
8510.18356895449  8.840468E-18
8512.12671399119  6.385120E-18
8514.06985902789  4.654101E-18
8516.01300406458  5.103850E-18
8517.95614910128  6.427762E-18
8519.89929413798  6.001635E-18
8521.84243917468  6.222475E-18
8523.78558421137  7.150507E-18
8525.72872924807  7.721320E-18
8527.67187428477  6.830600E-18
8529.61501932147  5.342968E-18
8531.55816435816  4.994601E-18
8533.50130939486  7.088701E-18
8535.44445443156  7.745196E-18
8537.38759946826  6.635166E-18
8539.33074450495  6.568516E-18
8541.27388954165  7.353984E-18
8543.21703457835  7.885435E-18
8545.16017961504  4.672195E-18
8547.10332465174  4.459878E-18
8549.04646968844  6.484026E-18
8550.98961472514  7.345370E-18
8552.93275976183  8.811157E-18
8554.87590479853  7.622531E-18
8556.81904983523  6.229988E-18
8558.76219487193  5.968392E-18
8560.70533990862  6.275720E-18
8562.64848494532  6.499671E-18
8564.59162998202  6.408149E-18
8566.53477501872  5.612248E-18
8568.47792005541  6.110966E-18
8570.42106509211  6.356632E-18
8572.36421012881  4.799863E-18
8574.30735516551  5.173999E-18
8576.2505002022  5.668918E-18
8578.1936452389  5.366270E-18
8580.1367902756  4.885983E-18
8582.0799353123  5.380998E-18
8584.02308034899  6.132672E-18
8585.96622538569  5.798248E-18
8587.90937042239  5.590629E-18
8589.85251545908  5.263098E-18
8591.79566049578  5.778194E-18
8593.73880553248  5.981233E-18
8595.68195056918  6.220494E-18
8597.62509560587  6.557844E-18
8599.56824064257  6.125152E-18
8601.51138567927  6.236692E-18
8603.45453071597  6.388899E-18
8605.39767575266  6.048165E-18
8607.34082078936  7.024673E-18
8609.28396582606  7.613394E-18
8611.22711086276  7.308250E-18
8613.17025589945  6.384268E-18
8615.11340093615  5.171870E-18
8617.05654597285  4.220106E-18
8618.99969100955  6.315345E-18
8620.94283604624  6.537874E-18
8622.88598108294  6.123936E-18
8624.82912611964  7.062475E-18
8626.77227115634  5.808599E-18
8628.71541619303  3.228556E-18
8630.65856122973  1.855526E-18
8632.60170626643  3.423260E-18
8634.54485130312  6.656449E-18
8636.48799633982  7.812742E-18
8638.43114137652  7.118708E-18
8640.37428641322  5.331529E-18
8642.31743144991  3.750654E-18
8644.26057648661  4.780462E-18
8646.20372152331  5.358151E-18
8648.14686656001  2.816121E-18
8650.0900115967  4.301036E-18
8652.0331566334  4.561825E-18
8653.9763016701  4.110939E-18
8655.9194467068  3.317575E-18
8657.86259174349  3.671014E-18
8659.80573678019  4.938070E-18
8661.74888181689  5.785015E-18
8663.69202685359  6.384438E-18
8665.63517189028  8.271347E-18
8667.57831692698  9.160014E-18
8669.52146196368  7.654268E-18
8671.46460700037  5.486364E-18
8673.40775203707  4.962190E-18
8675.35089707377  9.762463E-18
8677.29404211047  7.234545E-18
8679.23718714716  5.781754E-18
8681.18033218386  7.041995E-18
8683.12347722056  6.943706E-18
8685.06662225726  6.575409E-18
8687.00976729395  5.579990E-18
8688.95291233065  5.399301E-18
8690.89605736735  5.641391E-18
8692.83920240405  7.464150E-18
8694.78234744074  7.616036E-18
8696.72549247744  6.573434E-18
8698.66863751414  6.437803E-18
8700.61178255084  4.660785E-18
8702.55492758753  3.785111E-18
8704.49807262423  6.175661E-18
8706.44121766093  7.693618E-18
8708.38436269763  5.788704E-18
8710.32750773432  6.215878E-18
8712.27065277102  6.811566E-18
8714.21379780772  6.950516E-18
8716.15694284442  7.416807E-18
8718.10008788111  8.017589E-18
8720.04323291781  6.361058E-18
8721.98637795451  6.217860E-18
8723.9295229912  7.668242E-18
8725.8726680279  7.295994E-18
8727.8158130646  8.018206E-18
8729.7589581013  9.421664E-18
8731.70210313799  7.391449E-18
8733.64524817469  6.215461E-18
8735.58839321139  7.759552E-18
8737.53153824809  7.418980E-18
8739.47468328478  6.962237E-18
8741.41782832148  6.518769E-18
8743.36097335818  6.684049E-18
8745.30411839488  6.166424E-18
8747.24726343157  5.608536E-18
8749.19040846827  4.929500E-18
8751.13355350497  6.204750E-18
8753.07669854167  7.034638E-18
8755.01984357836  6.939896E-18
8756.96298861506  5.825417E-18
8758.90613365176  5.452394E-18
8760.84927868845  7.130426E-18
8762.79242372515  7.521777E-18
8764.73556876185  5.909403E-18
8766.67871379855  7.743892E-18
8768.62185883524  8.689544E-18
8770.56500387194  2.905686E-18
8772.50814890864  3.675750E-18
8774.45129394534  7.854249E-18
8776.39443898203  7.757732E-18
8778.33758401873  5.064897E-18
8780.28072905543  9.132165E-18
8782.22387409213  7.791046E-18
8784.16701912882  6.541933E-18
8786.11016416552  6.934739E-18
8788.05330920222  6.168609E-18
8789.99645423891  6.533554E-18
8791.93959927561  7.443540E-18
8793.88274431231  6.986736E-18
8795.82588934901  5.025638E-18
8797.76903438571  3.522213E-18
8799.7121794224  5.984721E-18
8801.6553244591  7.917763E-18
8803.5984694958  5.896853E-18
8805.54161453249  7.606782E-18
8807.48475956919  7.810473E-18
8809.42790460589  6.276644E-18
8811.37104964259  6.302183E-18
8813.31419467928  7.985895E-18
8815.25733971598  9.712163E-18
8817.20048475268  8.320889E-18
8819.14362978938  6.161037E-18
8821.08677482607  4.874420E-18
8823.02991986277  3.995188E-18
8824.97306489947  7.739137E-18
8826.91620993617  1.015763E-17
8828.85935497287  8.289098E-18
8830.80250000956  7.728940E-18
8832.74564504626  8.085487E-18
8834.68879008296  1.070360E-17
8836.63193511966  1.079702E-17
8838.57508015635  1.102879E-17
8840.51822519305  9.672005E-18
8842.46137022975  9.117657E-18
8844.40451526644  8.350677E-18
8846.34766030314  8.394353E-18
8848.29080533984  1.010254E-17
8850.23395037654  9.559688E-18
8852.17709541323  7.774799E-18
8854.12024044993  8.215669E-18
8856.06338548663  8.355991E-18
8858.00653052333  8.213836E-18
8859.94967556002  8.299987E-18
8861.89282059672  7.309410E-18
8863.83596563342  7.737189E-18
8865.77911067012  7.904074E-18
8867.72225570681  8.819679E-18
8869.66540074351  1.217598E-17
8871.60854578021  7.016418E-18
8873.55169081691  8.216199E-18
8875.4948358536  1.109505E-17
8877.4379808903  9.252204E-18
8879.381125927  8.366534E-18
8881.32427096369  9.737516E-18
8883.26741600039  7.155543E-18
8885.21056103709  5.186741E-18
8887.15370607379  8.416297E-18
8889.09685111048  9.969945E-18
8891.03999614718  7.940644E-18
8892.98314118388  6.105956E-18
8894.92628622058  5.272926E-18
8896.86943125727  6.449097E-18
8898.81257629397  7.426623E-18
8900.75572133067  5.554902E-18
8902.69886636737  4.442389E-18
8904.64201140406  6.015591E-18
8906.58515644076  9.078137E-18
8908.52830147746  8.244664E-18
8910.47144651416  5.588458E-18
8912.41459155085  5.526996E-18
8914.35773658755  6.872594E-18
8916.30088162425  4.789336E-18
8918.24402666095  5.354002E-19
8920.18717169764  7.139046E-18
8922.13031673434  1.127425E-17
8924.07346177104  9.821153E-18
8926.01660680773  1.065056E-17
8927.95975184443  9.242474E-18
8929.90289688113  8.705913E-18
8931.84604191783  8.763991E-18
8933.78918695452  9.392063E-18
8935.73233199122  7.250456E-18
8937.67547702792  7.108120E-18
8939.61862206462  6.523463E-18
8941.56176710131  4.915919E-18
8943.50491213801  7.549850E-18
8945.44805717471  8.342394E-18
8947.3912022114  9.229340E-18
8949.3343472481  7.639752E-18
8951.2774922848  7.745471E-18
8953.2206373215  5.616498E-18
8955.1637823582  7.292118E-18
8957.10692739489  1.031343E-17
8959.05007243159  7.852184E-18
8960.99321746829  9.581354E-18
8962.93636250499  1.112109E-17
8964.87950754168  8.021495E-18
8966.82265257838  7.558355E-18
8968.76579761508  7.169437E-18
8970.70894265177  8.419359E-18
8972.65208768847  8.359344E-18
8974.59523272517  6.949589E-18
8976.53837776187  7.058517E-18
8978.48152279856  7.982145E-18
8980.42466783526  7.262063E-18
8982.36781287196  5.102561E-18
8984.31095790866  6.255637E-18
8986.25410294535  6.599002E-18
8988.19724798205  6.814230E-18
8990.14039301875  8.050821E-18
8992.08353805545  5.309557E-18
8994.02668309214  2.814523E-18
8995.96982812884  5.056320E-18
8997.91297316554  6.664663E-18
8999.85611820224  6.856811E-18
9001.79926323893  8.034437E-18
9003.74240827563  6.060125E-18
9005.68555331233  4.671662E-18
9007.62869834902  6.835482E-18
9009.57184338572  7.203602E-18
9011.51498842242  6.724811E-18
9013.45813345912  7.510027E-18
9015.40127849581  9.343368E-18
9017.34442353251  7.818636E-18
9019.28756856921  6.420392E-18
9021.23071360591  7.614681E-18
9023.1738586426  8.239763E-18
9025.1170036793  8.299917E-18
9027.060148716  7.928089E-18
9029.0032937527  7.236846E-18
9030.94643878939  8.469391E-18
9032.88958382609  9.267172E-18
9034.83272886279  7.643320E-18
9036.77587389949  7.146354E-18
9038.71901893618  6.444771E-18
9040.66216397288  6.180016E-18
9042.60530900958  7.063737E-18
9044.54845404628  1.038426E-17
9046.49159908297  9.709240E-18
9048.43474411967  7.654237E-18
9050.37788915637  7.057097E-18
9052.32103419307  9.613821E-18
9054.26417922976  9.975486E-18
9056.20732426646  8.608292E-18
9058.15046930316  7.593462E-18
9060.09361433985  5.850861E-18
9062.03675937655  6.500618E-18
9063.97990441325  6.274309E-18
9065.92304944995  6.458245E-18
9067.86619448664  6.710378E-18
9069.80933952334  6.318061E-18
9071.75248456004  6.336820E-18
9073.69562959674  7.155071E-18
9075.63877463343  6.586516E-18
9077.58191967013  5.862354E-18
9079.52506470683  5.848670E-18
9081.46820974353  6.194259E-18
9083.41135478022  6.472632E-18
9085.35449981692  7.442486E-18
9087.29764485362  8.570874E-18
9089.24078989032  6.314508E-18
9091.18393492701  4.082820E-18
9093.12707996371  5.738725E-18
9095.07022500041  7.227836E-18
9097.01337003711  8.911523E-18
9098.9565150738  1.004106E-17
9100.8996601105  8.469108E-18
9102.8428051472  7.377398E-18
9104.78595018389  6.474215E-18
9106.72909522059  7.381252E-18
9108.67224025729  7.382235E-18
9110.61538529399  7.271909E-18
9112.55853033068  8.260097E-18
9114.50167536738  8.868734E-18
9116.44482040408  6.911918E-18
9118.38796544078  7.144426E-18
9120.33111047747  8.417764E-18
9122.27425551417  6.539604E-18
9124.21740055087  5.339649E-18
9126.16054558757  6.675116E-18
9128.10369062426  6.615848E-18
9130.04683566096  5.037420E-18
9131.98998069766  5.192049E-18
9133.93312573436  6.544686E-18
9135.87627077105  6.406579E-18
9137.81941580775  5.045691E-18
9139.76256084445  5.007246E-18
9141.70570588114  5.286179E-18
9143.64885091784  5.699722E-18
9145.59199595454  6.603980E-18
9147.53514099124  6.236793E-18
9149.47828602793  5.292462E-18
9151.42143106463  6.591921E-18
9153.36457610133  6.748464E-18
9155.30772113803  6.367949E-18
9157.25086617472  5.942263E-18
9159.19401121142  5.419881E-18
9161.13715624812  7.137359E-18
9163.08030128482  6.799628E-18
9165.02344632151  6.651832E-18
9166.96659135821  9.038556E-18
9168.90973639491  8.404358E-18
9170.85288143161  8.026172E-18
9172.7960264683  7.892833E-18
9174.739171505  7.265375E-18
9176.6823165417  6.882687E-18
9178.6254615784  8.168437E-18
9180.56860661509  8.849222E-18
9182.51175165179  7.373327E-18
9184.45489668849  6.609383E-18
9186.39804172518  6.676779E-18
9188.34118676188  5.749053E-18
9190.28433179858  5.763233E-18
9192.22747683528  6.304858E-18
9194.17062187197  5.813905E-18
9196.11376690867  6.721436E-18
9198.05691194537  8.449976E-18
9200.00005698207  8.449976E-18
