4000.  0.
4004.51127819549  0.
4009.02255639098  0.
4013.53383458647  0.
4018.04511278195  0.
4022.55639097744  0.
4027.06766917293  0.
4031.57894736842  0.
4036.09022556391  0.
4040.6015037594  0.
4045.11278195489  0.
4049.62406015038  0.
4054.13533834586  0.
4058.64661654135  0.
4063.15789473684  0.
4067.66917293233  0.
4072.18045112782  3.019776E-17
4076.69172932331  2.659150E-17
4081.2030075188  2.052920E-17
4085.71428571429  4.753816E-17
4090.22556390977  4.224998E-17
4094.73684210526  -6.027321E-18
4099.24812030075  -8.023039E-18
4103.75939849624  2.601864E-17
4108.27067669173  1.747007E-17
4112.78195488722  -9.749222E-18
4117.29323308271  -1.790829E-17
4121.80451127819  2.205177E-17
4126.31578947368  9.397902E-18
4130.82706766917  -1.966874E-17
4135.33834586466  2.135058E-17
4139.84962406015  4.357250E-17
4144.36090225564  1.378438E-17
4148.87218045113  1.498373E-17
4153.38345864662  7.289174E-17
4157.89473684211  -2.652357E-17
4162.40601503759  -5.603645E-17
4166.91729323308  4.938044E-17
4171.42857142857  5.327737E-17
4175.93984962406  4.625807E-17
4180.45112781955  3.909037E-17
4184.96240601504  5.739616E-18
4189.47368421053  2.301463E-18
4193.98496240602  1.347539E-17
4198.4962406015  1.502644E-17
4203.00751879699  -1.909757E-18
4207.51879699248  1.109174E-17
4212.03007518797  1.538065E-17
4216.54135338346  2.736731E-17
4221.05263157895  9.361491E-18
4225.56390977444  7.785682E-18
4230.07518796992  1.992404E-17
4234.58646616541  3.759493E-17
4239.0977443609  3.206893E-17
4243.60902255639  4.711096E-17
4248.12030075188  3.429842E-17
4252.63157894737  2.475655E-17
4257.14285714286  1.570343E-17
4261.65413533835  1.362172E-17
4266.16541353383  1.456799E-17
4270.67669172932  9.278425E-18
4275.18796992481  2.248387E-17
4279.6992481203  2.303051E-17
4284.21052631579  3.438827E-17
4288.72180451128  3.638185E-17
4293.23308270677  3.890756E-17
4297.74436090226  1.227262E-17
4302.25563909774  2.966930E-17
4306.76691729323  3.541669E-17
4311.27819548872  2.989518E-17
4315.78947368421  3.010517E-17
4320.3007518797  3.123629E-17
4324.81203007519  1.807129E-17
4329.32330827068  1.138685E-17
4333.83458646617  2.919031E-17
4338.34586466165  1.548262E-17
4342.85714285714  -1.595384E-18
4347.36842105263  3.475030E-18
4351.87969924812  1.990672E-17
4356.39097744361  1.028357E-17
4360.9022556391  1.226223E-17
4365.41353383459  1.213097E-17
4369.92481203007  1.235742E-17
4374.43609022556  2.893973E-17
4378.94736842105  2.755936E-17
4383.45864661654  2.380906E-17
4387.96992481203  2.111757E-17
4392.48120300752  1.835778E-17
4396.99248120301  2.438336E-17
4401.5037593985  9.321626E-18
4406.01503759399  1.674226E-17
4410.52631578947  3.655720E-17
4415.03759398496  2.766282E-17
4419.54887218045  2.450345E-17
4424.06015037594  1.321031E-17
4428.57142857143  1.521775E-17
4433.08270676692  2.370867E-17
4437.59398496241  2.450536E-17
4442.10526315789  1.370319E-17
4446.61654135338  1.912801E-17
4451.12781954887  2.477277E-17
4455.63909774436  7.312704E-18
4460.15037593985  1.964514E-17
4464.66165413534  3.415932E-17
4469.17293233083  2.578883E-17
4473.68421052632  2.316529E-17
4478.1954887218  3.873648E-17
4482.70676691729  3.675682E-17
4487.21804511278  2.975813E-17
4491.72932330827  2.642549E-17
4496.24060150376  3.008292E-17
4500.75187969925  1.363577E-17
4505.26315789474  1.230501E-18
4509.77443609023  1.551772E-17
4514.28571428571  1.102354E-17
4518.7969924812  1.153045E-17
4523.30827067669  1.470013E-17
4527.81954887218  2.215569E-17
4532.33082706767  1.248672E-17
4536.84210526316  2.078337E-18
4541.35338345865  6.118899E-18
4545.86466165413  1.286795E-17
4550.37593984962  2.406380E-17
4554.88721804511  2.174091E-17
4559.3984962406  4.234589E-18
4563.90977443609  1.705540E-17
4568.42105263158  2.047903E-17
4572.93233082707  1.564970E-17
4577.44360902256  2.301934E-17
4581.95488721804  2.026427E-17
4586.46616541353  3.025196E-17
4590.97744360902  2.490552E-17
4595.48872180451  1.749486E-17
4600.  1.651383E-17
4604.51127819549  1.220813E-17
4609.02255639098  2.554091E-17
4613.53383458647  2.551194E-17
4618.04511278196  1.794636E-17
4622.55639097744  2.470146E-17
4627.06766917293  1.830014E-17
4631.57894736842  1.661807E-17
4636.09022556391  2.310038E-17
4640.6015037594  2.913115E-17
4645.11278195489  2.399190E-17
4649.62406015037  2.109209E-17
4654.13533834586  1.464580E-17
4658.64661654135  1.027988E-17
4663.15789473684  2.147620E-17
4667.66917293233  2.458860E-17
4672.18045112782  2.673573E-17
4676.69172932331  2.587021E-17
4681.2030075188  2.330607E-17
4685.71428571429  1.844882E-17
4690.22556390977  2.368066E-17
4694.73684210526  1.904938E-17
4699.24812030075  7.758947E-18
4703.75939849624  3.127680E-17
4708.27067669173  4.626629E-17
4712.78195488722  2.768555E-17
4717.29323308271  2.281254E-17
4721.8045112782  2.354448E-17
4726.31578947368  2.576498E-17
4730.82706766917  2.585574E-17
4735.33834586466  2.532574E-17
4739.84962406015  2.223866E-17
4744.36090225564  1.919456E-17
4748.87218045113  2.169744E-17
4753.38345864661  1.848427E-17
4757.89473684211  2.350642E-17
4762.40601503759  3.330612E-17
4766.91729323308  2.153849E-17
4771.42857142857  1.509146E-17
4775.93984962406  2.426278E-17
4780.45112781955  3.637232E-17
4784.96240601504  3.074435E-17
4789.47368421053  2.599777E-17
4793.98496240601  2.669064E-17
4798.4962406015  2.538918E-17
4803.00751879699  2.002105E-17
4807.51879699248  1.965922E-17
4812.03007518797  1.849602E-17
4816.54135338346  2.049466E-17
4821.05263157895  2.684206E-17
4825.56390977444  2.422698E-17
4830.07518796992  2.646084E-17
4834.58646616541  1.821678E-17
4839.0977443609  1.419650E-17
4843.60902255639  2.057166E-17
4848.12030075188  2.246907E-17
4852.63157894737  2.199641E-17
4857.14285714286  2.560056E-17
4861.65413533835  2.514642E-17
4866.16541353383  2.356946E-17
4870.67669172932  1.973313E-17
4875.18796992481  1.919917E-17
4879.6992481203  2.538222E-17
4884.21052631579  3.100528E-17
4888.72180451128  2.093987E-17
4893.23308270677  2.130146E-17
4897.74436090226  2.108825E-17
4902.25563909774  1.586090E-17
4906.76691729323  1.619913E-17
4911.27819548872  2.033465E-17
4915.78947368421  2.363727E-17
4920.3007518797  2.411627E-17
4924.81203007519  2.220098E-17
4929.32330827068  2.089179E-17
4933.83458646616  2.847034E-17
4938.34586466165  2.696446E-17
4942.85714285714  3.030836E-17
4947.36842105263  2.927841E-17
4951.87969924812  2.118552E-17
4956.39097744361  2.282417E-17
4960.9022556391  2.361892E-17
4965.41353383459  2.020422E-17
4969.92481203007  2.265422E-17
4974.43609022556  2.207220E-17
4978.94736842105  1.586828E-17
4983.45864661654  2.581704E-17
4987.96992481203  2.423165E-17
4992.48120300752  1.206370E-17
4996.99248120301  1.107984E-17
5001.5037593985  1.226705E-17
5006.01503759399  1.844928E-17
5010.52631578947  2.152489E-17
5015.03759398496  1.719948E-17
5019.54887218045  1.959852E-17
5024.06015037594  2.588111E-17
5028.57142857143  1.839973E-17
5033.08270676692  5.387083E-18
5037.5939849624  2.025166E-17
5042.10526315789  3.089953E-17
5046.61654135338  2.068624E-17
5051.12781954887  2.415104E-17
5055.63909774436  2.264731E-17
5060.15037593985  1.742369E-17
5064.66165413534  2.380591E-17
5069.17293233083  2.645714E-17
5073.68421052632  2.927904E-17
5078.1954887218  2.997322E-17
5082.70676691729  2.163689E-17
5087.21804511278  2.391137E-17
5091.72932330827  2.715533E-17
5096.24060150376  2.186011E-17
5100.75187969925  1.961375E-17
5105.26315789474  1.712726E-17
5109.77443609022  2.047307E-17
5114.28571428571  2.184053E-17
5118.7969924812  2.390499E-17
5123.30827067669  2.386390E-17
5127.81954887218  2.720830E-17
5132.33082706767  2.725572E-17
5136.84210526316  1.630931E-17
5141.35338345865  1.862225E-17
5145.86466165414  2.073845E-17
5150.37593984962  2.304687E-17
5154.88721804511  2.122228E-17
5159.3984962406  1.706719E-17
5163.90977443609  2.429393E-17
5168.42105263158  2.199098E-17
5172.93233082707  2.134775E-17
5177.44360902256  2.599289E-17
5181.95488721804  1.974816E-17
5186.46616541353  1.833618E-17
5190.97744360902  2.808093E-17
5195.48872180451  2.682357E-17
5200.  1.730677E-17
5204.51127819549  1.519887E-17
5209.02255639098  1.875207E-17
5213.53383458647  2.213522E-17
5218.04511278195  2.415164E-17
5222.55639097744  2.496896E-17
5227.06766917293  2.364465E-17
5231.57894736842  2.505495E-17
5236.09022556391  2.209687E-17
5240.6015037594  2.121334E-17
5245.11278195489  1.957325E-17
5249.62406015037  1.720619E-17
5254.13533834586  2.396023E-17
5258.64661654135  2.902710E-17
5263.15789473684  2.540453E-17
5267.66917293233  2.090376E-17
5272.18045112782  1.960043E-17
5276.69172932331  1.790158E-17
5281.2030075188  2.033803E-17
5285.71428571429  1.935745E-17
5290.22556390977  1.775869E-17
5294.73684210526  2.198976E-17
5299.24812030075  2.128342E-17
5303.75939849624  2.276790E-17
5308.27067669173  2.105342E-17
5312.78195488722  2.474888E-17
5317.29323308271  2.496708E-17
5321.80451127819  1.939392E-17
5326.31578947368  2.242347E-17
5330.82706766917  2.652237E-17
5335.33834586466  2.391309E-17
5339.84962406015  2.341979E-17
5344.36090225564  2.610873E-17
5348.87218045113  2.728360E-17
5353.38345864662  2.382381E-17
5357.8947368421  1.748029E-17
5362.40601503759  2.122528E-17
5366.91729323308  2.219112E-17
5371.42857142857  2.200124E-17
5375.93984962406  2.248364E-17
5380.45112781955  1.877480E-17
5384.96240601504  1.633946E-17
5389.47368421052  1.433123E-17
5393.98496240601  1.294837E-17
5398.4962406015  1.519175E-17
5403.00751879699  2.467693E-17
5407.51879699248  2.496249E-17
5412.03007518797  1.705013E-17
5416.54135338346  1.930647E-17
5421.05263157895  2.037506E-17
5425.56390977444  2.130273E-17
5430.07518796992  2.136634E-17
5434.58646616541  2.037860E-17
5439.0977443609  2.123053E-17
5443.60902255639  2.396496E-17
5448.12030075188  2.040104E-17
5452.63157894737  1.284693E-17
5457.14285714286  1.965638E-17
5461.65413533834  2.324328E-17
5466.16541353384  1.664325E-17
5470.67669172932  1.929883E-17
5475.18796992481  2.266277E-17
5479.6992481203  1.770828E-17
5484.21052631579  1.577892E-17
5488.72180451128  1.670757E-17
5493.23308270677  1.747505E-17
5497.74436090226  2.174897E-17
5502.25563909774  2.355846E-17
5506.76691729323  1.848630E-17
5511.27819548872  2.342291E-17
5515.78947368421  2.768196E-17
5520.3007518797  1.987091E-17
5524.81203007519  1.843200E-17
5529.32330827068  2.312803E-17
5533.83458646616  2.661767E-17
5538.34586466165  2.344314E-17
5542.85714285714  1.659895E-17
5547.36842105263  1.977576E-17
5551.87969924812  2.496870E-17
5556.39097744361  2.323777E-17
5560.9022556391  1.925852E-17
5565.41353383459  2.685305E-17
5569.92481203007  2.804491E-17
5574.43609022556  2.056806E-17
5578.94736842105  1.502308E-17
5583.45864661654  2.400569E-17
5587.96992481203  1.455985E-17
5592.48120300752  1.936072E-17
5596.99248120301  3.642620E-17
5601.5037593985  2.224123E-17
5606.01503759398  2.797201E-17
5610.52631578947  3.181321E-17
5615.03759398496  3.172529E-17
5619.54887218045  3.124535E-17
5624.06015037594  3.516821E-17
5628.57142857143  3.590431E-17
5633.08270676692  3.072490E-17
5637.59398496241  2.694935E-17
5642.10526315789  2.892668E-17
5646.61654135338  3.189205E-17
5651.12781954887  3.700390E-17
5655.63909774436  3.980201E-17
5660.15037593985  3.276573E-17
5664.66165413534  2.893166E-17
5669.17293233083  2.704533E-17
5673.68421052631  3.153902E-17
5678.1954887218  3.420387E-17
5682.70676691729  2.706740E-17
5687.21804511278  2.773492E-17
5691.72932330827  3.364617E-17
5696.24060150376  2.837407E-17
5700.75187969925  2.945268E-17
5705.26315789474  2.808258E-17
5709.77443609022  2.325341E-17
5714.28571428571  2.630190E-17
5718.7969924812  2.652321E-17
5723.30827067669  2.606331E-17
5727.81954887218  2.310752E-17
5732.33082706767  2.326303E-17
5736.84210526316  2.434784E-17
5741.35338345865  1.801635E-17
5745.86466165413  1.805344E-17
5750.37593984962  1.819769E-17
5754.88721804511  1.912968E-17
5759.3984962406  1.943188E-17
5763.90977443609  1.808869E-17
5768.42105263158  2.092407E-17
5772.93233082707  1.852785E-17
5777.44360902256  1.975372E-17
5781.95488721804  1.842636E-17
5786.46616541353  1.550479E-17
5790.97744360902  1.658953E-17
5795.48872180451  1.592987E-17
5800.  1.699990E-17
5804.51127819549  2.136825E-17
5809.02255639098  2.001776E-17
5813.53383458646  1.592263E-17
5818.04511278195  1.778459E-17
5822.55639097744  1.908437E-17
5827.06766917293  1.697757E-17
5831.57894736842  1.341733E-17
5836.09022556391  1.224974E-17
5840.6015037594  1.414546E-17
5845.11278195489  1.400376E-17
5849.62406015037  1.754105E-17
5854.13533834586  2.260498E-17
5858.64661654135  2.068291E-17
5863.15789473684  1.638757E-17
5867.66917293233  1.555851E-17
5872.18045112782  1.535144E-17
5876.69172932331  2.237268E-17
5881.2030075188  1.403400E-17
5885.71428571428  1.744750E-18
5890.22556390977  1.172915E-17
5894.73684210526  1.628115E-17
5899.24812030075  2.013347E-17
5903.75939849624  1.800906E-17
5908.27067669173  1.534216E-17
5912.78195488722  1.628086E-17
5917.2932330827  1.333479E-17
5921.8045112782  1.536519E-17
5926.31578947368  1.752393E-17
5930.82706766917  1.231622E-17
5935.33834586466  1.677012E-17
5939.84962406015  1.952788E-17
5944.36090225564  9.211182E-18
5948.87218045113  1.313705E-17
5953.38345864662  1.496716E-17
5957.8947368421  1.442690E-17
5962.40601503759  1.649598E-17
5966.91729323308  1.727689E-17
5971.42857142857  2.059989E-17
5975.93984962406  1.658368E-17
5980.45112781955  1.679883E-17
5984.96240601504  1.886520E-17
5989.47368421053  1.680713E-17
5993.98496240601  1.788366E-17
5998.4962406015  1.716462E-17
6003.00751879699  1.710227E-17
6007.51879699248  1.952642E-17
6012.03007518797  2.069850E-17
6016.54135338346  1.865427E-17
6021.05263157895  1.619908E-17
6025.56390977444  1.769860E-17
6030.07518796992  1.645915E-17
6034.58646616541  1.605406E-17
6039.0977443609  1.543779E-17
6043.60902255639  1.578592E-17
6048.12030075188  1.331693E-17
6052.63157894737  1.189381E-17
6057.14285714286  1.665225E-17
6061.65413533834  1.651214E-17
6066.16541353383  1.478629E-17
6070.67669172932  1.225084E-17
6075.18796992481  1.104434E-17
6079.6992481203  1.552056E-17
6084.21052631579  1.723477E-17
6088.72180451128  1.479392E-17
6093.23308270677  1.728665E-17
6097.74436090225  1.818463E-17
6102.25563909774  1.315387E-17
6106.76691729323  1.790704E-17
6111.27819548872  1.864960E-17
6115.78947368421  1.225396E-17
6120.3007518797  1.471055E-17
6124.81203007519  2.302775E-17
6129.32330827067  1.919351E-17
6133.83458646616  1.314767E-17
6138.34586466165  1.449301E-17
6142.85714285714  1.053371E-17
6147.36842105263  1.287170E-17
6151.87969924812  1.919649E-17
6156.39097744361  1.901663E-17
6160.9022556391  1.504118E-17
6165.41353383458  1.295969E-17
6169.92481203007  1.237442E-17
6174.43609022556  1.671974E-17
6178.94736842105  1.889376E-17
6183.45864661654  1.787254E-17
6187.96992481203  1.511822E-17
6192.48120300752  1.619383E-17
6196.99248120301  1.698571E-17
6201.5037593985  2.215028E-17
6206.01503759398  1.749615E-17
6210.52631578947  1.434697E-17
6215.03759398496  1.164120E-17
6219.54887218045  1.334117E-17
6224.06015037594  2.038855E-17
6228.57142857143  1.407892E-17
6233.08270676692  2.086299E-17
6237.5939849624  2.362630E-17
6242.10526315789  1.485426E-17
6246.61654135338  1.508049E-17
6251.12781954887  1.461722E-17
6255.63909774436  1.069199E-17
6260.15037593985  1.534484E-17
6264.66165413534  1.542846E-17
6269.17293233082  1.255789E-17
6273.68421052631  1.681817E-17
6278.1954887218  1.234079E-17
6282.70676691729  1.454472E-17
6287.21804511278  1.896253E-17
6291.72932330827  1.522261E-17
6296.24060150376  1.806456E-17
6300.75187969925  2.015969E-17
6305.26315789474  2.391532E-17
6309.77443609022  1.532839E-17
6314.28571428571  1.031151E-17
6318.7969924812  2.308001E-17
6323.30827067669  1.851686E-17
6327.81954887218  1.706688E-17
6332.33082706767  1.827856E-17
6336.84210526315  2.026558E-17
6341.35338345864  2.314422E-17
6345.86466165413  2.436951E-17
6350.37593984962  1.901113E-17
6354.88721804511  1.551933E-17
6359.3984962406  2.262796E-17
6363.90977443609  2.219110E-17
6368.42105263158  2.052860E-17
6372.93233082707  1.666081E-17
6377.44360902255  1.734122E-17
6381.95488721804  1.824044E-17
6386.46616541353  1.302620E-17
6390.97744360902  1.254284E-17
6395.48872180451  1.431181E-17
6400.  1.874870E-17
6404.51127819549  1.982945E-17
6409.02255639098  1.527424E-17
6413.53383458647  1.528927E-17
6418.04511278195  2.277424E-17
6422.55639097744  2.123847E-17
6427.06766917293  2.182250E-17
6431.57894736842  2.583651E-17
6436.09022556391  2.465224E-17
6440.6015037594  2.088464E-17
6445.11278195489  1.981357E-17
6449.62406015037  1.741240E-17
6454.13533834586  1.775050E-17
6458.64661654135  1.843533E-17
6463.15789473684  1.393641E-17
6467.66917293233  1.349411E-17
6472.18045112782  1.605950E-17
6476.69172932331  1.421491E-17
6481.2030075188  1.381840E-17
6485.71428571428  1.976069E-17
6490.22556390977  2.096551E-17
6494.73684210526  1.675547E-17
6499.24812030075  1.384429E-17
6503.75939849624  1.155082E-17
6508.27067669173  1.555942E-17
6512.78195488722  1.882841E-17
6517.2932330827  2.461153E-17
6521.80451127819  2.632174E-17
6526.31578947368  1.729837E-17
6530.82706766917  1.980268E-17
6535.33834586466  2.004367E-17
6539.84962406015  1.638253E-17
6544.36090225564  2.115234E-17
6548.87218045112  2.330792E-17
6553.38345864661  1.832720E-17
6557.8947368421  1.724574E-17
6562.40601503759  1.958727E-17
6566.91729323308  1.788587E-17
6571.42857142857  1.495189E-17
6575.93984962406  1.484253E-17
6580.45112781955  1.223216E-17
6584.96240601504  1.842486E-17
6589.47368421052  2.512147E-17
6593.98496240601  1.687711E-17
6598.4962406015  1.763952E-17
6603.00751879699  2.823944E-17
6607.51879699248  2.279165E-17
6612.03007518797  1.306370E-17
6616.54135338346  1.498061E-17
6621.05263157895  1.666991E-17
6625.56390977443  1.972343E-17
6630.07518796992  2.350512E-17
6634.58646616541  2.268781E-17
6639.0977443609  1.840325E-17
6643.60902255639  2.072815E-17
6648.12030075188  1.942947E-17
6652.63157894737  2.093511E-17
6657.14285714285  2.255682E-17
6661.65413533834  2.233319E-17
6666.16541353383  1.711893E-17
6670.67669172932  1.466031E-17
6675.18796992481  1.869659E-17
6679.6992481203  2.406760E-17
6684.21052631579  2.085189E-17
6688.72180451128  1.838382E-17
6693.23308270676  1.944870E-17
6697.74436090225  1.747620E-17
6702.25563909774  1.703113E-17
6706.76691729323  1.677273E-17
6711.27819548872  1.380643E-17
6715.78947368421  1.450813E-17
6720.3007518797  1.253808E-17
6724.81203007519  1.184886E-17
6729.32330827067  1.637521E-17
6733.83458646616  1.702947E-17
6738.34586466165  1.648099E-17
6742.85714285714  1.931385E-17
6747.36842105263  2.075659E-17
6751.87969924812  2.043509E-17
6756.39097744361  2.140612E-17
6760.9022556391  2.403074E-17
6765.41353383458  2.134345E-17
6769.92481203007  1.788901E-17
6774.43609022556  2.478789E-17
6778.94736842105  2.384365E-17
6783.45864661654  1.672837E-17
6787.96992481203  1.850714E-17
6792.48120300752  1.756779E-17
6796.992481203  1.715826E-17
6801.50375939849  1.582014E-17
6806.01503759398  1.858111E-17
6810.52631578947  1.815054E-17
6815.03759398496  1.687037E-17
6819.54887218045  1.679749E-17
6824.06015037594  1.887921E-17
6828.57142857143  2.292236E-17
6833.08270676691  1.903037E-17
6837.5939849624  1.759707E-17
6842.10526315789  1.197860E-17
6846.61654135338  1.746993E-17
6851.12781954887  2.270934E-17
6855.63909774436  1.981168E-17
6860.15037593985  1.691572E-17
6864.66165413534  1.744620E-17
6869.17293233082  1.380727E-17
6873.68421052631  1.498685E-17
6878.1954887218  1.248837E-17
6882.70676691729  1.380704E-17
6887.21804511278  2.333571E-17
6891.72932330827  1.914827E-17
6896.24060150376  1.580844E-17
6900.75187969925  1.906277E-17
6905.26315789473  2.075139E-17
6909.77443609022  1.829662E-17
6914.28571428571  1.788976E-17
6918.7969924812  1.969227E-17
6923.30827067669  2.029910E-17
6927.81954887218  1.970659E-17
6932.33082706767  2.133311E-17
6936.84210526316  1.823244E-17
6941.35338345864  1.812892E-17
6945.86466165413  2.161876E-17
6950.37593984962  1.754392E-17
6954.88721804511  1.923815E-17
6959.3984962406  1.895261E-17
6963.90977443609  1.649432E-17
6968.42105263158  1.798767E-17
6972.93233082707  1.633869E-17
6977.44360902255  1.568037E-17
6981.95488721804  1.724503E-17
6986.46616541353  2.302422E-17
6990.97744360902  2.402218E-17
6995.48872180451  2.135846E-17
7000.  2.075468E-17
7004.51127819548  2.197995E-17
7009.02255639097  1.823405E-17
7013.53383458646  1.833457E-17
7018.04511278195  1.509635E-17
7022.55639097744  2.001560E-17
7027.06766917293  2.623273E-17
7031.57894736842  1.992760E-17
7036.09022556391  1.817844E-17
7040.6015037594  2.158969E-17
7045.11278195488  1.997918E-17
7049.62406015037  2.316944E-17
7054.13533834586  2.152243E-17
7058.64661654135  1.643136E-17
7063.15789473684  1.561349E-17
7067.66917293233  1.776122E-17
7072.18045112782  2.220123E-17
7076.69172932331  2.463732E-17
7081.2030075188  2.347502E-17
7085.71428571428  1.700501E-17
7090.22556390977  1.425567E-17
7094.73684210526  1.749493E-17
7099.24812030075  1.832486E-17
7103.75939849624  1.638298E-17
7108.27067669173  1.708993E-17
7112.78195488722  1.664890E-17
7117.2932330827  1.605024E-17
7121.80451127819  2.004624E-17
7126.31578947368  2.253927E-17
7130.82706766917  2.083722E-17
7135.33834586466  1.369057E-17
7139.84962406015  1.241990E-17
7144.36090225564  2.111044E-17
7148.87218045113  1.994308E-17
7153.38345864661  1.498069E-17
7157.8947368421  1.653255E-17
7162.40601503759  2.138846E-17
7166.91729323308  2.124717E-17
7171.42857142857  1.679166E-17
7175.93984962406  1.427677E-17
7180.45112781955  1.593362E-17
7184.96240601503  2.135139E-17
7189.47368421052  1.823746E-17
7193.98496240601  1.300361E-17
7198.4962406015  1.629081E-17
7203.00751879699  1.691102E-17
7207.51879699248  1.869893E-17
7212.03007518797  1.946450E-17
7216.54135338346  1.607060E-17
7221.05263157894  1.947709E-17
7225.56390977443  2.163424E-17
7230.07518796992  1.940021E-17
7234.58646616541  2.563583E-17
7239.0977443609  1.851780E-17
7243.60902255639  1.643232E-17
7248.12030075188  2.130630E-17
7252.63157894736  1.780295E-17
7257.14285714285  1.918012E-17
7261.65413533834  2.377618E-17
7266.16541353383  2.101387E-17
7270.67669172932  2.088055E-17
7275.18796992481  1.825213E-17
7279.6992481203  1.641305E-17
7284.21052631579  1.799595E-17
7288.72180451127  1.520146E-17
7293.23308270676  1.765028E-17
7297.74436090225  2.268556E-17
7302.25563909774  2.287151E-17
7306.76691729323  2.488457E-17
7311.27819548872  1.698332E-17
7315.78947368421  2.041157E-17
7320.3007518797  1.983807E-17
7324.81203007518  1.938909E-17
7329.32330827067  1.851116E-17
7333.83458646616  1.361695E-17
7338.34586466165  2.582049E-17
7342.85714285714  2.054452E-17
7347.36842105263  1.732520E-17
7351.87969924812  2.531520E-17
7356.3909774436  1.875636E-17
7360.9022556391  1.805216E-17
7365.41353383458  1.401415E-17
7369.92481203007  1.964687E-17
7374.43609022556  1.602450E-17
7378.94736842105  1.629771E-17
7383.45864661654  2.034835E-17
7387.96992481203  1.844455E-17
7392.48120300752  2.047499E-17
7396.992481203  2.162301E-17
7401.50375939849  2.527502E-17
7406.01503759398  1.644034E-17
7410.52631578947  1.727222E-17
7415.03759398496  2.381802E-17
7419.54887218045  1.758248E-17
7424.06015037594  1.617798E-17
7428.57142857143  2.178370E-17
7433.08270676691  2.067140E-17
7437.5939849624  1.404750E-17
7442.10526315789  1.933480E-17
7446.61654135338  2.187296E-17
7451.12781954887  1.601552E-17
7455.63909774436  1.409233E-17
7460.15037593985  1.865345E-17
7464.66165413533  2.028279E-17
7469.17293233082  2.135627E-17
7473.68421052631  1.521809E-17
7478.1954887218  1.217076E-17
7482.70676691729  1.879373E-17
7487.21804511278  1.989816E-17
7491.72932330827  1.707702E-17
7496.24060150376  1.525321E-17
7500.75187969924  1.517721E-17
7505.26315789473  1.419230E-17
7509.77443609022  1.760947E-17
7514.28571428571  2.105520E-17
7518.7969924812  1.333261E-17
7523.30827067669  1.092338E-17
7527.81954887218  1.322047E-17
7532.33082706767  1.927578E-17
7536.84210526315  2.334114E-17
7541.35338345864  1.837100E-17
7545.86466165413  2.353115E-17
7550.37593984962  2.262831E-17
7554.88721804511  1.903853E-17
7559.3984962406  2.311669E-17
7563.90977443609  1.811393E-17
7568.42105263158  1.876095E-17
7572.93233082706  1.810777E-17
7577.44360902255  1.513493E-17
7581.95488721804  1.565321E-17
7586.46616541353  1.966571E-17
7590.97744360902  1.713352E-17
7595.48872180451  1.093390E-17
7600.  2.329535E-17
7604.51127819548  1.563040E-17
7609.02255639097  4.395127E-18
7613.53383458646  2.313474E-17
7618.04511278195  2.222740E-17
7622.55639097744  1.573918E-17
7627.06766917293  2.482581E-17
7631.57894736842  2.527462E-17
7636.09022556391  2.495424E-17
7640.60150375939  2.876700E-17
7645.11278195488  1.464577E-17
7649.62406015037  1.569676E-17
7654.13533834586  2.806115E-17
7658.64661654135  3.583634E-17
7663.15789473684  3.066721E-17
7667.66917293233  1.985858E-17
7672.18045112782  1.218168E-17
7676.6917293233  1.059374E-17
7681.20300751879  1.238631E-17
7685.71428571428  1.541898E-17
7690.22556390977  2.378366E-17
7694.73684210526  2.384512E-17
7699.24812030075  1.423943E-17
7703.75939849624  1.241924E-17
7708.27067669173  1.138274E-17
7712.78195488721  1.295597E-17
7717.2932330827  1.208794E-17
7721.80451127819  -3.052441E-19
7726.31578947368  8.357541E-18
7730.82706766917  1.748268E-17
7735.33834586466  1.786295E-17
7739.84962406015  1.434663E-17
7744.36090225564  5.646590E-18
7748.87218045113  1.416550E-17
7753.38345864661  5.515897E-18
7757.8947368421  1.552411E-19
7762.40601503759  9.040758E-18
7766.91729323308  1.264802E-17
7771.42857142857  9.594936E-18
7775.93984962406  1.133289E-17
7780.45112781954  1.113668E-17
7784.96240601503  2.912064E-17
7789.47368421052  4.278809E-17
7793.98496240601  3.347556E-17
7798.4962406015  1.737108E-17
7803.00751879699  1.330201E-17
7807.51879699248  2.119008E-17
7812.03007518797  1.269716E-17
7816.54135338345  1.761681E-17
7821.05263157894  2.575812E-17
7825.56390977443  1.351581E-17
7830.07518796992  1.394933E-17
7834.58646616541  1.307043E-17
7839.0977443609  1.638441E-17
7843.60902255639  1.537127E-17
7848.12030075188  2.367449E-17
7852.63157894736  1.964231E-17
7857.14285714285  2.651368E-17
7861.65413533834  1.620232E-17
7866.16541353383  2.759071E-18
7870.67669172932  1.700019E-17
7875.18796992481  1.337602E-17
7879.6992481203  1.268488E-17
7884.21052631579  1.988654E-17
7888.72180451128  1.662757E-17
7893.23308270676  1.711317E-17
7897.74436090225  2.273074E-17
7902.25563909774  1.874726E-17
7906.76691729323  4.697758E-18
7911.27819548872  1.058252E-17
7915.78947368421  1.115048E-17
7920.3007518797  2.438322E-17
7924.81203007518  1.798940E-17
7929.32330827067  8.920827E-18
7933.83458646616  2.066770E-17
7938.34586466165  1.950684E-17
7942.85714285714  2.099835E-17
7947.36842105263  1.263864E-17
7951.87969924812  1.628684E-17
7956.3909774436  1.935576E-17
7960.9022556391  2.199399E-17
7965.41353383458  1.730861E-17
7969.92481203007  7.091769E-18
7974.43609022556  8.037244E-18
7978.94736842105  2.728483E-17
7983.45864661654  2.833894E-17
7987.96992481203  2.678712E-17
7992.48120300751  2.932433E-17
7996.992481203  2.430521E-17
8001.50375939849  1.671110E-17
8006.01503759398  8.058569E-18
8010.52631578947  4.768360E-18
8015.03759398496  1.070878E-17
8019.54887218045  1.364331E-17
8024.06015037593  1.415487E-17
8028.57142857143  9.190628E-18
8033.08270676691  9.915671E-18
8037.5939849624  1.348990E-17
8042.10526315789  1.055787E-17
8046.61654135338  1.542911E-17
8051.12781954887  2.219636E-17
8055.63909774436  2.516285E-17
8060.15037593985  1.954370E-17
8064.66165413533  1.850204E-17
8069.17293233082  7.256527E-18
8073.68421052631  3.374849E-18
8078.1954887218  7.563793E-18
8082.70676691729  3.410003E-18
8087.21804511278  1.161158E-17
8091.72932330827  2.508228E-17
8096.24060150376  2.307815E-17
8100.75187969924  1.592798E-17
8105.26315789473  9.236352E-18
8109.77443609022  5.440847E-18
8114.28571428571  1.134492E-17
8118.7969924812  1.437262E-17
8123.30827067669  1.120815E-17
8127.81954887218  7.645511E-18
8132.33082706767  1.233497E-17
8136.84210526315  1.748607E-17
8141.35338345864  1.577267E-17
8145.86466165413  9.577469E-18
8150.37593984962  1.368106E-17
8154.88721804511  1.612336E-17
8159.3984962406  7.795994E-18
8163.90977443609  1.007056E-17
8168.42105263158  1.228597E-17
8172.93233082706  1.284692E-17
8177.44360902255  1.717039E-17
8181.95488721804  1.999781E-17
8186.46616541353  1.569763E-17
8190.97744360902  1.240274E-17
8195.48872180451  1.525343E-17
8200.  1.182995E-17
8204.51127819548  1.174946E-17
8209.02255639097  1.132273E-17
8213.53383458646  1.369683E-17
8218.04511278195  1.402122E-17
8222.55639097744  8.135175E-18
8227.06766917293  9.544436E-18
8231.57894736842  1.068018E-17
8236.0902255639  9.241078E-18
8240.60150375939  1.288596E-17
8245.11278195488  2.164954E-17
8249.62406015037  2.651913E-17
8254.13533834586  1.648552E-17
8258.64661654135  1.190371E-17
8263.15789473684  1.889148E-17
8267.66917293233  1.622931E-17
8272.18045112782  2.801160E-18
8276.6917293233  3.066464E-18
8281.20300751879  2.878468E-17
8285.71428571428  4.113375E-17
8290.22556390977  1.519208E-17
8294.73684210526  1.160660E-17
8299.24812030075  -4.375729E-18
8303.75939849624  1.244862E-17
8308.27067669173  1.690572E-17
8312.78195488721  2.084526E-17
8317.2932330827  1.953712E-17
8321.80451127819  1.312312E-17
8326.31578947368  1.970387E-17
8330.82706766917  1.479558E-17
8335.33834586466  -1.349121E-17
8339.84962406015  -2.453857E-17
8344.36090225563  1.125082E-17
8348.87218045112  1.413523E-17
8353.38345864661  1.850093E-17
8357.8947368421  2.308175E-17
8362.40601503759  1.666199E-17
8366.91729323308  1.632758E-17
8371.42857142857  8.498220E-18
8375.93984962406  9.823441E-18
8380.45112781954  1.439307E-17
8384.96240601503  9.262429E-18
8389.47368421052  3.455487E-18
8393.98496240601  2.093063E-17
8398.4962406015  1.411168E-17
8403.00751879699  1.876753E-17
8407.51879699248  2.264566E-17
8412.03007518797  1.049064E-17
8416.54135338345  1.608302E-17
8421.05263157894  5.861676E-18
8425.56390977443  -2.253508E-18
8430.07518796992  -2.211827E-18
8434.58646616541  3.920447E-18
8439.0977443609  2.012641E-17
8443.60902255639  1.056065E-17
8448.12030075187  -5.503570E-18
8452.63157894736  1.140458E-17
8457.14285714285  2.687489E-17
8461.65413533834  2.376389E-17
8466.16541353383  9.231543E-18
8470.67669172932  1.689663E-17
8475.18796992481  4.354585E-18
8479.6992481203  1.799242E-18
8484.21052631579  7.144982E-18
8488.72180451127  8.577353E-18
8493.23308270676  1.760371E-17
8497.74436090225  2.424402E-17
8502.25563909774  2.021773E-17
8506.76691729323  1.333306E-17
8511.27819548872  1.448189E-17
8515.7894736842  1.260335E-17
8520.3007518797  4.515319E-18
8524.81203007518  4.889671E-18
8529.32330827067  1.293810E-17
8533.83458646616  1.514103E-17
8538.34586466165  1.623769E-17
8542.85714285714  2.077464E-17
8547.36842105263  2.520716E-17
8551.87969924812  6.741358E-18
8556.3909774436  5.743543E-18
8560.90225563909  1.406029E-17
8565.41353383458  2.067956E-17
8569.92481203007  2.297269E-17
8574.43609022556  9.501765E-18
8578.94736842105  1.527557E-17
8583.45864661654  1.469875E-17
8587.96992481203  1.129034E-17
8592.48120300751  1.531634E-17
8596.992481203  7.078989E-18
8601.50375939849  5.818965E-18
8606.01503759398  1.940226E-17
8610.52631578947  1.516152E-17
8615.03759398496  2.782148E-17
8619.54887218045  5.788714E-17
8624.06015037594  4.630586E-17
8628.57142857142  4.638347E-18
8633.08270676691  4.322134E-18
8637.5939849624  4.694146E-18
8642.10526315789  -1.978186E-17
8646.61654135338  1.352300E-17
8651.12781954887  1.344364E-17
8655.63909774436  1.747416E-17
8660.15037593984  1.254156E-17
8664.66165413533  2.829910E-17
8669.17293233082  1.384278E-17
8673.68421052631  1.077975E-17
8678.1954887218  2.013967E-17
8682.70676691729  1.932918E-17
8687.21804511278  2.647192E-17
8691.72932330827  3.337442E-17
8696.24060150376  2.156409E-17
8700.75187969924  1.854681E-17
8705.26315789473  1.292031E-17
8709.77443609022  7.635898E-18
8714.28571428571  1.348398E-17
8718.7969924812  5.360225E-18
8723.30827067669  3.543361E-19
8727.81954887218  2.375384E-17
8732.33082706767  2.450600E-17
8736.84210526315  1.677363E-17
8741.35338345864  1.924912E-17
8745.86466165413  1.224453E-17
8750.37593984962  -7.901304E-18
8754.88721804511  1.308152E-17
8759.3984962406  4.817771E-17
8763.90977443608  5.493984E-17
8768.42105263157  1.495068E-17
8772.93233082706  -1.836470E-17
8777.44360902255  -2.049323E-18
8781.95488721804  7.366279E-18
8786.46616541353  1.173836E-17
8790.97744360902  9.831677E-18
8795.48872180451  9.516280E-18
8799.99999999999  1.815986E-17
8804.51127819548  1.881284E-17
8809.02255639098  2.311868E-17
8813.53383458646  2.734330E-17
8818.04511278195  1.268450E-17
8822.55639097744  -2.873954E-17
8827.06766917293  -4.277047E-17
8831.57894736842  2.939397E-17
8836.0902255639  2.687288E-17
8840.60150375939  5.608752E-17
8845.11278195488  6.456554E-17
8849.62406015037  3.720732E-18
8854.13533834586  6.693657E-18
8858.64661654135  1.488214E-17
8863.15789473684  -5.758941E-18
8867.66917293233  2.519347E-17
8872.18045112781  3.559344E-17
8876.6917293233  2.577418E-17
8881.20300751879  5.288766E-17
8885.71428571428  2.253812E-17
8890.22556390977  -2.800852E-17
8894.73684210526  2.736368E-18
8899.24812030075  4.896537E-19
8903.75939849623  -2.105919E-17
8908.27067669173  -3.171870E-17
8912.78195488721  -4.118236E-17
8917.2932330827  -8.091578E-18
8921.80451127819  4.111792E-17
8926.31578947368  6.102113E-17
8930.82706766917  7.849161E-17
8935.33834586466  5.250506E-17
8939.84962406015  1.606998E-17
8944.36090225563  -7.369850E-18
8948.87218045112  -2.233653E-17
8953.38345864661  5.631791E-18
8957.8947368421  4.604218E-17
8962.40601503759  6.702476E-17
8966.91729323308  9.385963E-17
8971.42857142856  4.942618E-17
8975.93984962405  2.777491E-18
8980.45112781954  -2.131041E-19
8984.96240601503  -2.866142E-17
8989.47368421052  -2.684502E-17
8993.98496240601  4.773572E-18
8998.4962406015  5.877215E-17
9003.00751879699  5.658171E-17
9007.51879699248  4.960333E-17
9012.03007518796  4.963001E-17
9016.54135338345  2.777336E-17
9021.05263157894  8.812574E-18
9025.56390977443  -1.176050E-17
9030.07518796992  -1.694177E-18
9034.58646616541  4.814450E-17
9039.0977443609  7.096756E-17
9043.60902255639  4.239686E-17
9048.12030075187  8.237485E-18
9052.63157894736  -9.917226E-19
9057.14285714285  1.147857E-17
9061.65413533834  1.265013E-17
9066.16541353383  1.043969E-17
9070.67669172932  2.559793E-17
9075.18796992481  2.801464E-17
9079.69924812029  1.154127E-17
9084.21052631578  1.830066E-17
9088.72180451127  1.327319E-17
9093.23308270676  2.064132E-17
9097.74436090225  2.204151E-17
9102.25563909774  6.075200E-18
9106.76691729323  2.429532E-17
9111.27819548872  3.252898E-17
9115.78947368421  2.909062E-17
9120.3007518797  2.677239E-17
9124.81203007518  1.638543E-17
9129.32330827067  1.238337E-17
9133.83458646616  8.066975E-18
9138.34586466165  1.636153E-17
9142.85714285714  2.510100E-17
9147.36842105263  3.387267E-17
9151.87969924811  4.460621E-17
9156.3909774436  2.875045E-17
9160.90225563909  7.928749E-18
9165.41353383458  7.611551E-20
9169.92481203007  -2.766184E-18
9174.43609022556  4.958209E-18
9178.94736842105  2.089126E-17
9183.45864661653  1.294360E-17
9187.96992481202  1.735492E-17
9192.48120300751  1.963975E-17
9196.992481203  1.849214E-17
9201.50375939849  3.302494E-17
9206.01503759398  3.636813E-17
9210.52631578947  1.542695E-17
9215.03759398496  5.942047E-18
9219.54887218045  -1.191395E-17
9224.06015037594  -1.149197E-17
9228.57142857142  1.681251E-17
9233.08270676691  3.390832E-17
9237.5939849624  3.491819E-17
9242.10526315789  3.313723E-17
9246.61654135338  2.371411E-17
9251.12781954887  2.165907E-17
9255.63909774436  -3.903340E-18
9260.15037593984  9.262639E-18
9264.66165413533  9.306419E-18
9269.17293233082  1.845829E-18
9273.68421052631  5.515884E-18
9278.1954887218  2.059662E-17
9282.70676691729  3.376003E-17
9287.21804511278  5.307120E-17
9291.72932330826  1.474894E-17
9296.24060150375  1.250859E-17
9300.75187969924  1.122839E-17
9305.26315789473  3.975975E-17
9309.77443609022  8.988045E-18
9314.28571428571  8.347946E-18
9318.7969924812  1.058829E-17
9323.30827067669  4.827398E-18
9327.81954887218  1.314869E-17
9332.33082706767  1.442889E-17
9336.84210526315  1.250859E-17
9341.35338345864  2.511272E-18
9345.86466165413  1.506899E-17
9350.37593984962  3.867249E-18
9354.88721804511  4.827398E-18
9359.3984962406  3.867249E-18
9363.90977443608  -7.470539E-18
9368.42105263157  -1.717363E-17
9372.93233082706  1.954969E-17
9377.44360902255  2.243013E-17
9381.95488721804  2.082989E-17
9386.46616541353  2.114993E-17
9390.97744360901  1.442889E-17
9395.4887218045  1.746424E-17
9399.99999999999  -4.711967E-18
9404.51127819548  -1.670188E-17
9409.02255639097  1.440493E-17
9413.53383458646  2.715140E-17
9418.04511278195  2.146999E-17
9422.55639097744  2.563063E-17
9427.06766917293  2.563063E-17
9431.57894736842  6.467534E-17
9436.09022556391  1.698929E-17
9440.60150375939  1.282864E-17
9445.11278195488  1.090834E-17
9449.62406015037  1.698929E-17
9454.13533834586  1.474894E-17
9458.64661654135  5.466064E-17
9463.15789473683  7.746416E-17
9467.66917293233  3.533236E-17
9472.18045112781  3.143753E-17
9476.6917293233  3.785399E-17
9481.20300751879  1.537153E-17
9485.71428571428  3.971473E-17
9490.22556390977  7.710619E-17
9494.73684210526  4.747260E-17
9499.24812030075  -2.732378E-17
9503.75939849623  2.439461E-17
9508.27067669172  -2.679418E-18
9512.78195488721  2.828339E-17
9517.2932330827  3.171158E-17
9521.80451127819  3.011133E-17
9526.31578947368  5.350987E-17
9530.82706766917  3.755848E-17
9535.33834586466  3.592433E-17
9539.84962406015  8.183291E-17
9544.36090225563  4.518552E-17
9548.87218045112  7.701338E-18
9553.38345864661  -3.462964E-17
9557.8947368421  -4.928151E-17
9562.40601503759  -1.104655E-17
9566.91729323308  1.186022E-16
9571.42857142857  1.702828E-16
9575.93984962405  1.209723E-16
9580.45112781954  6.401807E-17
9584.96240601503  2.482531E-17
9589.47368421052  -1.402176E-17
9593.98496240601  -1.578360E-19
9598.4962406015  3.274259E-17
9603.00751879699  3.259322E-17
9607.51879699247  2.456945E-17
9612.03007518796  2.658307E-17
9616.54135338345  4.932888E-17
9621.05263157894  6.360211E-17
9625.56390977443  7.534748E-17
9630.07518796992  4.784226E-17
9634.58646616541  2.570520E-17
9639.0977443609  2.401655E-17
9643.60902255639  2.283708E-17
9648.12030075187  2.141155E-18
9652.63157894736  -3.572436E-18
9657.14285714285  1.311948E-18
9661.65413533834  1.595966E-17
9666.16541353383  1.654300E-17
9670.67669172932  3.880783E-18
9675.18796992481  1.833421E-17
9679.69924812029  -6.680469E-18
9684.21052631578  1.733769E-18
9688.72180451127  2.542397E-17
9693.23308270676  -2.398927E-17
9697.74436090225  -5.856377E-17
9702.25563909774  -1.443709E-17
9706.76691729323  -2.270260E-17
9711.27819548871  -2.121822E-17
9715.78947368421  1.581968E-17
9720.30075187969  4.982231E-17
9724.81203007518  5.440792E-17
9729.32330827067  2.214936E-17
9733.83458646616  -4.297605E-18
9738.34586466165  -3.609199E-17
9742.85714285714  -5.089541E-17
9747.36842105263  -5.469115E-18
9751.87969924811  -2.768346E-17
9756.39097744361  -7.591132E-18
9760.90225563909  1.717029E-17
9765.41353383458  4.207859E-17
9769.92481203007  1.627194E-17
9774.43609022556  -9.556009E-18
9778.94736842105  1.550972E-17
9783.45864661653  -1.289667E-18
9787.96992481202  -2.652710E-17
9792.48120300751  -2.501022E-17
9796.992481203  -3.600640E-17
9801.50375939849  -5.335573E-17
9806.01503759398  -5.745391E-17
9810.52631578947  -5.692456E-17
9815.03759398496  -4.397979E-17
9819.54887218044  -1.140730E-17
9824.06015037593  3.687722E-17
9828.57142857142  4.292224E-17
9833.08270676691  3.572237E-17
9837.5939849624  5.060104E-17
9842.10526315789  7.496930E-17
9846.61654135338  7.351287E-17
9851.12781954887  3.872320E-17
9855.63909774436  2.759598E-17
9860.15037593984  4.857971E-17
9864.66165413533  3.694653E-18
9869.17293233082  -3.472133E-17
9873.68421052631  -9.492377E-19
9878.1954887218  -1.481289E-17
9882.70676691729  -2.990875E-17
9887.21804511278  -5.681154E-18
9891.72932330826  -1.414066E-17
9896.24060150375  -2.670381E-17
9900.75187969924  7.411174E-18
9905.26315789473  1.260634E-17
9909.77443609022  -3.785748E-17
9914.28571428571  -2.399208E-18
9918.7969924812  6.784927E-17
9923.30827067669  7.705444E-17
9927.81954887217  4.476132E-17
9932.33082706766  -1.912084E-17
9936.84210526315  -3.874075E-17
9941.35338345864  8.079788E-18
9945.86466165413  4.643525E-17
9950.37593984962  6.607271E-18
9954.88721804511  9.421999E-18
9959.3984962406  6.795691E-18
9963.90977443608  8.546736E-17
9968.42105263157  5.355391E-17
9972.93233082706  1.525465E-17
9977.44360902255  1.336763E-17
9981.95488721804  -8.360276E-18
9986.46616541353  -2.885304E-17
9990.97744360902  -4.185701E-17
9995.4887218045  -6.201987E-17
9999.99999999999  -3.774906E-17
