3615.14983039916  -3.128155557936135E-13
3618.09608023126  -8.819546926542438E-14
3621.04379489434  1.955160412367950E-14
3623.9929718812  -1.321623203671268E-13
3626.94360868798  1.972436970698599E-13
3629.8957028141  1.587303828957595E-14
3632.84925176234  -1.280173341465518E-13
3635.80425303874  2.355407874494487E-14
3638.76070415267  1.212082192426911E-13
3641.71860261682  8.862464222507329E-15
3644.67794594716  -5.463162610014684E-15
3647.63873166297  1.189029275971802E-14
3650.60095728682  1.722755747465051E-14
3653.56462034458  -1.378984122393399E-14
3656.52971836542  -2.728220066514401E-15
3659.49624888178  2.069176976299009E-15
3662.4642094294  -8.239478266065368E-15
3665.43359754731  -3.695529786454681E-15
3668.40441077781  8.724882354950707E-15
3671.37664666648  -3.878445280864826E-16
3674.3503027622  -4.181015190502956E-15
3677.3253766171  -2.149578190685335E-15
3680.30186578658  1.012183958474860E-14
3683.27976782933  -5.379259337907936E-15
3686.2590803073  -3.832157471396220E-15
3689.23980078569  -9.663981007307974E-16
3692.22192683298  2.010245717784975E-15
3695.20545602091  -1.304978133813786E-15
3698.19038592446  -1.623962377299401E-15
3701.17671412188  1.137258939872975E-15
3704.16443819467  -7.682740768131418E-16
3707.15355572757  2.505466071496043E-15
3710.14406430859  1.173334073096535E-15
3713.13596152896  -8.145190581783520E-16
3716.12924498315  -8.636409869489114E-16
3719.12391226891  6.595787856149705E-16
3722.11996098717  -2.794726975950440E-16
3725.11738874214  -1.023530658311557E-16
3728.11619314124  -9.749032644332960E-16
3731.11637179513  -8.905971222810100E-16
3734.1179223177  3.951993151674916E-16
3737.12084232603  7.971316952327077E-16
3740.12512944048  8.661794388127141E-16
3743.13078128458  -2.121716947709536E-16
3746.13779548511  -1.560328656560007E-16
3749.14616967204  3.357592016103947E-16
3752.15590147857  1.980950130392120E-16
3755.1669885411  -3.427421676973388E-16
3758.17942849923  -4.277061368122864E-16
3761.1932189958  2.621180777667670E-16
3764.20835767681  7.918522248992553E-18
3767.22484219148  2.293881853631015E-17
3770.24267019222  -1.793204483539816E-16
3773.26183933465  1.705156202766120E-16
3776.28234727756  2.813174294750455E-16
3779.30419168295  1.488934499367209E-16
3782.32737021599  1.246476215124891E-16
3785.35188054503  5.304522987228619E-17
3788.37772034165  -2.507922116318502E-17
3791.40488728054  -1.599096957509143E-17
3794.43337903962  1.229465924115840E-17
3797.46319329996  1.752731131737638E-16
3800.4943277458  1.196451508051236E-16
3803.52678006457  4.837265864554157E-17
3806.56054794686  -3.414910272423503E-17
3809.5956290864  2.078209232722717E-16
3812.63202118011  2.667964028618526E-17
3815.66972192807  4.909241165758110E-17
3818.7087290335  1.353936241118390E-16
3821.74904020279  9.728765660534227E-17
3824.79065314546  3.376831509232992E-17
3827.83356557421  3.737342959090958E-17
3830.87777520487  1.686225942837272E-16
3833.9232797564  1.081837097678093E-16
3836.97007695094  7.080705086378830E-17
3840.01816451374  6.734338094123273E-17
3843.06754017319  5.163883423376638E-17
3846.11820166083  8.114819156668533E-17
3849.17014671131  4.857272054849363E-17
3852.22337306243  1.176618893335767E-16
3855.27787845511  5.229805085985685E-17
3858.33366063338  7.126924630285841E-17
3861.39071734442  4.591636897762249E-17
3864.44904633851  6.816266694201957E-17
3867.50864536905  1.017364324629995E-16
3870.56951219256  1.032034141183051E-16
3873.63164456866  4.463745841510935E-17
3876.6950402601  7.954314354097724E-17
3879.75969703272  9.218199346219954E-17
3882.82561265547  9.094483566828568E-17
3885.89278490039  8.338142040190088E-17
3888.96121154265  9.587508358200791E-17
3892.03089036049  7.054313392626956E-17
3895.10181913526  8.908396384017205E-17
3898.17399565138  8.348784876823442E-17
3901.24741769638  8.291947642573695E-17
3904.32208306087  7.914323811075480E-17
3907.39798953856  5.921077938662779E-17
3910.47513492622  9.130893410415188E-17
3913.5535170237  1.040397003350411E-16
3916.63313363393  6.180862281841184E-17
3919.71398256294  7.784723799678632E-17
3922.7960616198  6.416913158884216E-17
3925.87936861665  9.482789939629538E-17
3928.96390136873  7.015721115712172E-17
3932.0496576943  9.218148391894223E-17
3935.13663541472  6.503376032208668E-17
3938.22483235439  7.273215161210542E-17
3941.31424634076  8.444477100550516E-17
3944.40487520436  7.118149236603390E-17
3947.49671677875  8.814414769796892E-17
3950.58976890054  8.976890247459047E-17
3953.68402940941  9.411384400431510E-17
3956.77949614805  8.423784350346890E-17
3959.87616696222  9.144593506592537E-17
3962.97403970071  6.012898295378617E-17
3966.07311221534  6.959380851574453E-17
3969.17338236097  6.227541076424286E-17
3972.2748479955  7.162439133577437E-17
3975.37750697985  7.246948537167287E-17
3978.48135717797  8.077557647923224E-17
3981.58639645684  1.033261412514284E-16
3984.69262268644  7.485958073825299E-17
3987.80003373979  7.602176288144509E-17
3990.90862749292  7.883393211866406E-17
3994.01840182489  1.022189169881343E-16
3997.12935461775  9.224236441202613E-17
4000.24148375656  9.772236317829602E-17
4003.3547871294  9.026012864443876E-17
4006.46926262736  9.603485517168374E-17
4009.58490814451  1.023924793329826E-16
4012.70172157792  1.103973112614502E-16
4015.81970082769  1.152448940534763E-16
4018.93884379688  1.020514360751495E-16
4022.05914839155  1.122803713823149E-16
4025.18061252077  1.042180735623321E-16
4028.30323409655  1.008897370054351E-16
4031.42701103394  1.044027267448335E-16
4034.55194125094  1.126648978705888E-16
4037.67802266853  1.078168452399747E-16
4040.80525321068  1.041070990113520E-16
4043.93363080432  1.163535807720934E-16
4047.06315337937  1.065867614946593E-16
4050.19381886869  1.151891222278556E-16
4053.32562520814  1.149318359701271E-16
4056.45857033652  1.021391833945291E-16
4059.59265219561  1.025442305794391E-16
4062.72786873013  1.088495239864655E-16
4065.86421788777  1.136531470920181E-16
4069.00169761919  9.564551118352238E-17
4072.14030587796  1.208011257849992E-16
4075.28004062063  1.034718044485765E-16
4078.42089980669  1.043218350983707E-16
4081.56288139858  9.748025072172422E-17
4084.70598336167  1.096346044145620E-16
4087.85020366428  1.029263218479896E-16
4090.99554027766  1.039457590872347E-16
4094.14199117599  9.404786807865788E-17
4097.2895543364  1.056469387350113E-16
4100.43822773893  9.563083369073327E-17
4103.58800936656  8.660898650785419E-17
4106.73889720518  9.390318426335500E-17
4109.89088924362  9.120672105021993E-17
4113.04398347361  9.372942339515965E-17
4116.19817788982  9.372393091589231E-17
4119.35347048981  1.059403694767859E-16
4122.50985927406  1.041903332333095E-16
4125.66734224598  9.854561964602311E-17
4128.82591741185  1.039602645264565E-16
4131.98558278088  9.998516537477160E-17
4135.14633636518  1.023022372368755E-16
4138.30817617975  1.007213759722785E-16
4141.47110024248  1.129661239624561E-16
4144.63510657419  1.005432277381142E-16
4147.80019319855  1.239105704994799E-16
4150.96635814214  1.181787514849692E-16
4154.13359943442  1.065268603834207E-16
4157.30191510774  1.308588876449253E-16
4160.47130319733  1.273256352892418E-16
4163.6417617413  1.124305476768851E-16
4166.81328878063  1.209976109589825E-16
4169.98588235918  1.093979314976983E-16
4173.15954052369  1.107088804196969E-16
4176.33426132375  1.031002349174177E-16
4179.51004281183  1.066967765161288E-16
4182.68688304327  1.091421076952928E-16
4185.86478007625  1.146694410449355E-16
4189.04373197183  1.079442509066425E-16
4192.22373679391  1.207185930122011E-16
4195.40479260927  1.107325510201057E-16
4198.58689748751  1.099391656986591E-16
4201.7700495011  1.169691752014003E-16
4204.95424672536  1.046714545647948E-16
4208.13948723843  9.883530491398408E-17
4211.32576912131  1.074658294926766E-16
4214.51309045783  1.137206847346718E-16
4217.70144933469  1.062502048644686E-16
4220.89084384137  1.082073141937691E-16
4224.08127207021  1.100931337891573E-16
4227.2727321164  1.168207723820634E-16
4230.46522207791  1.121123941609625E-16
4233.65874005557  1.081968851006060E-16
4236.85328415302  1.101225086270703E-16
4240.04885247671  1.096921430979712E-16
4243.24544313594  1.050129676612159E-16
4246.44305424277  1.125130142752342E-16
4249.64168391213  1.032654195770221E-16
4252.84133026171  1.063648918020379E-16
4256.04199141204  1.015379157334316E-16
4259.24366548644  1.006164100612680E-16
4262.44635061103  1.031727687309712E-16
4265.65004491473  9.784941812038416E-17
4268.85474652927  1.069209954016899E-16
4272.06045358916  1.071784338606512E-16
4275.2671642317  1.032634608133316E-16
4278.47487659699  1.082191130980265E-16
4281.68358882791  1.069028636026628E-16
4284.89329907012  1.000576528662109E-16
4288.10400547208  9.651852421945578E-17
4291.315706185  9.583233488795118E-17
4294.52839936289  9.318875167701540E-17
4297.74208316253  9.615941533704443E-17
4300.95675574346  9.035706759478506E-17
4304.172415268  8.836035285775558E-17
4307.38905990125  9.074617997237492E-17
4310.60668781103  8.939065594152712E-17
4313.82529716798  8.893447575987146E-17
4317.04488614544  8.980089782068404E-17
4320.26545291955  8.357387555193994E-17
4323.48699566919  8.453515868540005E-17
4326.70951257599  8.322293921398063E-17
4329.93300182434  7.905270484707211E-17
4333.15746160134  8.276071730513089E-17
4336.38289009689  8.374263363179055E-17
4339.60928550358  8.760133192767693E-17
4342.83664601678  8.455283388072910E-17
4346.06496983456  8.886552198400906E-17
4349.29425515776  8.115850816328508E-17
4352.52450018992  9.146413303940153E-17
4355.75570313733  9.987887597478097E-17
4358.987862209  9.184621769050714E-17
4362.22097561665  9.241929503632878E-17
4365.45504157476  1.001284859964250E-16
4368.69005830048  1.009053872626246E-16
4371.92602401372  9.867202607851101E-17
4375.16293693707  9.513271214329870E-17
4378.40079529585  1.069479747245489E-16
4381.63959731809  1.003409522998429E-16
4384.87934123451  1.032136579230110E-16
4388.12002527856  1.157677383750589E-16
4391.36164768637  1.149468708049409E-16
4394.60420669677  1.149441444176419E-16
4397.84770055131  1.229443176648995E-16
4401.0921274942  1.156916112889244E-16
4404.33748577237  1.216228933276236E-16
4407.58377363542  1.172169588082518E-16
4410.83098933565  1.147344508236372E-16
4414.07913112803  1.212668615570910E-16
4417.32819727022  1.177699125041312E-16
4420.57818602256  1.162723979580550E-16
4423.82909564807  1.157689824547001E-16
4427.08092441244  1.197199014627188E-16
4430.33367058402  1.180585389809081E-16
4433.58733243384  1.137587615126289E-16
4436.84190823561  1.138572555625268E-16
4440.09739626567  1.097089050859040E-16
4443.35379480306  1.120355523907788E-16
4446.61110212945  1.173042032018190E-16
4449.86931652917  1.120798760367218E-16
4453.12843628922  1.142513641110165E-16
4456.38845969925  1.128197328463689E-16
4459.64938505153  1.120062106400903E-16
4462.91121064101  1.092522815354400E-16
4466.17393476527  1.103273979560772E-16
4469.43755572454  1.130275338511320E-16
4472.70207182167  1.099482580679523E-16
4475.96748136216  1.132588532550712E-16
4479.23378265414  1.151767476058918E-16
4482.50097400839  1.144309218609446E-16
4485.76905373828  1.048918618020932E-16
4489.03802015985  1.118449832125364E-16
4492.30787159172  1.102101500673315E-16
4495.57860635518  1.119853789235438E-16
4498.85022277409  1.145154133974332E-16
4502.12271917496  1.134220129765361E-16
4505.39609388691  1.030032099402877E-16
4508.67034524165  1.003976571851946E-16
4511.94547157352  9.486489753073367E-17
4515.22147121947  9.979946001853098E-17
4518.49834251903  1.018138036287752E-16
4521.77608381435  1.006419997206979E-16
4525.05469345018  1.016901765231455E-16
4528.33416977385  1.047540733643766E-16
4531.61451113531  1.018105412284393E-16
4534.89571588707  1.093017535535156E-16
4538.17778238425  1.093911817038999E-16
4541.46070898455  1.086318232841313E-16
4544.74449404827  1.131322747690159E-16
4548.02913593825  1.100836311382803E-16
4551.31463301996  1.035556871801343E-16
4554.6009836614  1.031072824962367E-16
4557.88818623319  1.053200700441548E-16
4561.17623910848  1.026871475369536E-16
4564.46514066301  1.001912259915259E-16
4567.75488927507  1.048590789800566E-16
4571.04548332555  1.055407419792492E-16
4574.33692119786  1.047727147066611E-16
4577.62920127799  1.021040447621079E-16
4580.92232195449  9.890809680788875E-17
4584.21628161844  9.543918586897209E-17
4587.51107866351  1.012347705825432E-16
4590.80671148587  1.084236318501190E-16
4594.10317848428  1.098338027409546E-16
4597.40047806003  1.092405355707418E-16
4600.69860861693  1.093721697847010E-16
4603.99756856136  1.086206795069190E-16
4607.29735630222  1.097876659151088E-16
4610.59797025095  1.100622634086968E-16
4613.89940882152  1.077167365335210E-16
4617.20167043042  1.128259400096855E-16
4620.50475349667  1.126207330433233E-16
4623.80865644182  1.032234517414636E-16
4627.11337768995  1.089646939975124E-16
4630.41891566763  1.135688276090969E-16
4633.72526880397  1.170883686189468E-16
4637.03243553059  1.168109123891618E-16
4640.34041428161  1.126499953846730E-16
4643.64920349368  1.195295308078234E-16
4646.95880160593  1.101568002265443E-16
4650.26920706002  1.181345469530344E-16
4653.5804183001  1.124717875935046E-16
4656.89243377279  1.177775755053259E-16
4660.20525192727  1.114439263469013E-16
4663.51887121515  1.129357631252529E-16
4666.83329009057  1.217826516824096E-16
4670.14850701015  1.146312980925294E-16
4673.46452043298  1.147395065515412E-16
4676.78132882066  1.072657907507817E-16
4680.09893063726  1.130115328693628E-16
4683.41732434931  1.078176922729219E-16
4686.73650842585  1.153554847926522E-16
4690.05648133838  1.169451141717424E-16
4693.37724156085  1.107115869546611E-16
4696.69878756971  1.124112909122249E-16
4700.02111784386  1.170179987098756E-16
4703.34423086467  1.137681582843875E-16
4706.66812511596  1.112441853900269E-16
4709.99279908402  1.136335329853333E-16
4713.3182512576  1.152726476173888E-16
4716.64448012789  1.127417264058827E-16
4719.97148418855  1.147336434953594E-16
4723.29926193565  1.158383332772566E-16
4726.62781186776  1.147879462482123E-16
4729.95713248585  1.141494157548805E-16
4733.28722229336  1.130235898539714E-16
4736.61807979614  1.139809885472749E-16
4739.94970350251  1.102626396402817E-16
4743.28209192319  1.136074337826460E-16
4746.61524357136  1.102845566177919E-16
4749.94915696261  1.147092383585666E-16
4753.28383061497  1.081741012378139E-16
4756.61926304887  1.115297413723700E-16
4759.9554527872  1.122425725370437E-16
4763.29239835522  1.081983277035943E-16
4766.63009828065  1.052897753814007E-16
4769.9685510936  1.090558625359056E-16
4773.30775532659  1.164536497738776E-16
4776.64770951456  1.099988351993262E-16
4779.98841219486  1.093690463507080E-16
4783.32986190722  1.070889395358178E-16
4786.6720571938  1.090463334152490E-16
4790.01499659914  1.041117378402272E-16
4793.35867867018  1.130692766935639E-16
4796.70310195624  1.106546570761828E-16
4800.04826500907  1.098577843612737E-16
4803.39416638277  1.074813076962987E-16
4806.74080463385  9.932307677759435E-17
4810.08817832118  1.059778043625876E-16
4813.43628600604  1.032961311388050E-16
4816.78512625206  1.001976713828589E-16
4820.13469762526  1.006033273726998E-16
4823.48499869405  1.014527690698979E-16
4826.83602802918  1.003077922834469E-16
4830.18778420379  1.020471281185193E-16
4833.54026579337  9.908950082494410E-17
4836.89347137579  9.445135354657143E-17
4840.24739953127  9.375499320225490E-17
4843.6020488424  9.632052365059017E-17
4846.95741789411  9.080910525593305E-17
4850.31350527369  8.960233476900189E-17
4853.67030957079  9.657744594884915E-17
4857.0278293774  9.576498915119955E-17
4860.38606328786  1.003909007739513E-16
4863.74500989884  9.615621249371264E-17
4867.10466780937  9.662581285362634E-17
4870.46503562082  1.048195066595520E-16
4873.82611193687  1.018427020106554E-16
4877.18789536356  1.038446974687154E-16
4880.55038450925  1.065442444111741E-16
4883.91357798463  1.046392011383502E-16
4887.27747440271  1.135158218754445E-16
4890.64207237884  1.107047312817443E-16
4894.00737053067  1.198867140137687E-16
4897.37336747818  1.181765677281521E-16
4900.74006184368  1.324656032667483E-16
4904.10745225176  1.352091826875744E-16
4907.47553732935  1.332499425410160E-16
4910.84431570567  1.356170555214569E-16
4914.21378601226  1.426315735856862E-16
4917.58394688296  1.462621156162957E-16
4920.9547969539  1.443307878523274E-16
4924.32633486353  1.500782240368030E-16
4927.69855925257  1.436504483421147E-16
4931.07146876405  1.408874401030610E-16
4934.44506204329  1.494059578093689E-16
4937.81933773789  1.388832542707389E-16
4941.19429449775  1.434924634625620E-16
4944.56993097505  1.383982087944276E-16
4947.94624582423  1.474291020244856E-16
4951.32323770204  1.451200505056009E-16
4954.70090526748  1.415341100536203E-16
4958.07924718184  1.373451880223129E-16
4961.45826210867  1.349488259354121E-16
4964.8379487138  1.366239659375055E-16
4968.21830566532  1.349950554054865E-16
4971.59933163357  1.279283654056623E-16
4974.98102529119  1.270144433253545E-16
4978.36338531303  1.392238938644332E-16
4981.74641037622  1.249483314436542E-16
4985.13009916015  1.365676117767335E-16
4988.51445034645  1.352165942258629E-16
4991.899462619  1.321675535484332E-16
4995.28513466393  1.253689891810844E-16
4998.67146516961  1.275409801811914E-16
5002.05845282665  1.275347333132054E-16
5005.4460963279  1.261656236679771E-16
5008.83439436844  1.326475168270610E-16
5012.2233456456  1.256414161527450E-16
5015.61294885892  1.399003555519342E-16
5019.00320271019  1.251358565972424E-16
5022.39410590341  1.230667668653370E-16
5025.7856571448  1.247018713257828E-16
5029.17785514281  1.245854042955354E-16
5032.57069860812  1.303162306933109E-16
5035.9641862536  1.258642652272117E-16
5039.35831679435  1.234006566652328E-16
5042.75308894768  1.213754405930172E-16
5046.14850143311  1.202347651457514E-16
5049.54455297235  1.248324599834478E-16
5052.94124228932  1.247771381440802E-16
5056.33856811017  1.213474223313088E-16
5059.7365291632  1.264061545552177E-16
5063.13512417895  1.239051177248819E-16
5066.53435189011  1.196694500627980E-16
5069.9342110316  1.201685774618574E-16
5073.33470034052  1.271050890856004E-16
5076.73581855612  1.258950098762191E-16
5080.13756441989  1.228190891376039E-16
5083.53993667547  1.248049314126620E-16
5086.94293406866  1.255524115188344E-16
5090.34655534747  1.225512282029245E-16
5093.75079926208  1.149384401801377E-16
5097.15566456481  1.224827905877643E-16
5100.56115001018  1.176191935790792E-16
5103.96725435487  1.169060712468299E-16
5107.37397635771  1.142095418592458E-16
5110.7813147797  1.151542615281202E-16
5114.189268384  1.142380498118768E-16
5117.59783593592  1.116511185467336E-16
5121.00701620293  1.175911091429217E-16
5124.41680795465  1.132338790180170E-16
5127.82720996284  1.150082939285066E-16
5131.23822100141  1.175442708679166E-16
5134.64983984642  1.119994476114021E-16
5138.06206527607  1.131672413478698E-16
5141.47489607068  1.081348200848849E-16
5144.88833101272  1.107374876340014E-16
5148.30236888681  1.107928491780383E-16
5151.71700847966  1.100398435053742E-16
5155.13224858016  1.047565615236592E-16
5158.54808797928  1.054964315681960E-16
5161.96452547012  1.056504195110289E-16
5165.38155984794  1.059899473739799E-16
5168.79918991007  1.020404908212842E-16
5172.21741445597  1.005684931427440E-16
5175.63623228724  1.013546191271348E-16
5179.05564220756  9.771096793817751E-17
5182.47564302273  1.023990041336544E-16
5185.89623354064  9.942430383223614E-17
5189.31741257132  9.750297502751227E-17
5192.73917892685  1.045349829986134E-16
5196.16153142146  1.003416603664473E-16
5199.58446887144  1.013760199439428E-16
5203.00799009519  9.893516877497637E-17
5206.43209391319  9.900743127328903E-17
5209.85677914802  1.043714857874586E-16
5213.28204462433  1.066992646754114E-16
5216.70788916887  1.038529626573961E-16
5220.13431161046  1.072410613591888E-16
5223.56131078001  1.049197543323485E-16
5226.98888551049  1.041951110285276E-16
5230.41703463695  1.022314438113308E-16
5233.84575699651  9.886184086803480E-17
5237.27505142836  1.092814247627815E-16
5240.70491677376  1.057189431529728E-16
5244.13535187602  1.094867309908171E-16
5247.56635558053  1.046291095348770E-16
5250.99792673471  1.048489609068038E-16
5254.43006418808  1.053946287958479E-16
5257.86276679215  1.088378706659958E-16
5261.29603340055  1.061292842938032E-16
5264.72986286891  1.089067119452949E-16
5268.16425405492  1.026373247942983E-16
5271.59920581831  1.006315573926450E-16
5275.03471702086  1.040809270167708E-16
5278.47078652638  1.036573973082538E-16
5281.90741320073  1.067384598015566E-16
5285.34459591177  1.032985068015242E-16
5288.78233352942  1.043585685350130E-16
5292.22062492563  1.012029009679028E-16
5295.65946897435  1.026174459898175E-16
5299.09886455159  1.026046478513801E-16
5302.53881053533  1.027313520688885E-16
5305.97930580562  1.031996487921568E-16
5309.4203492445  1.046636327449225E-16
5312.86193973602  1.068924609792793E-16
5316.30407616625  1.039156033908235E-16
5319.74675742326  1.027230802627629E-16
5323.18998239713  1.070907593331654E-16
5326.63374997996  1.014879341720988E-16
5330.07805906582  9.939361874023289E-17
5333.52290855079  1.018953570197281E-16
5336.96829733296  1.086450581739322E-16
5340.41422431239  1.064210474394629E-16
5343.86068839114  1.026422680256389E-16
5347.30768847327  1.036234498159146E-16
5350.75522346481  1.026053426830946E-16
5354.20329227379  1.049504063371273E-16
5357.65189381018  1.054544835849722E-16
5361.10102698599  1.014367548532389E-16
5364.55069071514  1.052609961135287E-16
5368.00088391359  1.055779254021447E-16
5371.45160549921  1.031628160938410E-16
5374.90285439188  1.066839254381322E-16
5378.35462951342  1.026142828511551E-16
5381.80692978762  1.047172009613914E-16
5385.25975414025  1.059767720411831E-16
5388.713101499  1.046623158733873E-16
5392.16697079356  1.011353699426939E-16
5395.62136095553  1.064106977556386E-16
5399.07627091849  1.068901250212294E-16
5402.53169961796  1.004439660646078E-16
5405.9876459914  1.015690838989127E-16
5409.44410897822  9.892775061924302E-17
5412.90108751977  1.038835484877258E-16
5416.35858055932  9.945535950115383E-17
5419.81658704212  9.959323396565418E-17
5423.27510591529  1.007458803707448E-16
5426.73413612795  1.026539279635535E-16
5430.19367663108  9.666313524286474E-17
5433.65372637764  1.019276832380666E-16
5437.11428432248  1.019885504962607E-16
5440.57534942239  1.019167776888707E-16
5444.03692063607  9.831061432527434E-17
5447.49899692413  9.881597535742994E-17
5450.9615772491  9.839813665152734E-17
5454.42466057541  1.019798948783310E-16
5457.88824586942  1.036291143487494E-16
5461.35233209938  9.706545604047583E-17
5464.81691823544  9.959663533233298E-17
5468.28200324966  9.680359712832114E-17
5471.74758611599  1.032036324939868E-16
5475.21366581028  9.951129014545221E-17
5478.68024131027  9.825682773312372E-17
5482.1473115956  1.003627038412306E-16
5485.61487564778  9.945176622857292E-17
5489.08293245023  9.831906480241221E-17
5492.55148098822  9.932487010516236E-17
5496.02052024894  1.003089900409739E-16
5499.49004922142  9.824204436121616E-17
5502.96006689659  1.022600179384108E-16
5506.43057226725  1.003278497589401E-16
5509.90156432805  9.716385082870024E-17
5513.37304207554  9.613541386439061E-17
5516.84500450812  9.541753358925788E-17
5520.31745062604  9.689336276839542E-17
5523.79037943143  9.767521388338050E-17
5527.26378992827  1.000074860164207E-16
5530.7376811224  9.880027216068123E-17
5534.2120520215  1.021130643395071E-16
5537.68690163511  9.741761660574168E-17
5541.16222897463  9.759213848010061E-17
5544.63803305328  9.750543009957034E-17
5548.11431288614  9.811415562107056E-17
5551.59106749012  9.163665644540051E-17
5555.06829588399  9.356095648288466E-17
5558.54599708831  9.311411351598353E-17
5562.02417012554  9.650661943607989E-17
5565.5028140199  9.479664520403067E-17
5568.98192779749  9.606307857418407E-17
5572.46151048621  9.154109392359348E-17
5575.94156111578  1.003172552296545E-16
5579.42207871776  1.022218154290007E-16
5582.90306232551  9.087320844468347E-17
5586.38451097422  9.966821623382088E-17
5589.86642370088  9.541846003154395E-17
5593.3487995443  9.582390426314804E-17
5596.83163754508  9.400386207007006E-17
5600.31493674565  9.331849991917801E-17
5603.79869619023  9.784997398575580E-17
5607.28291492484  9.304962651542890E-17
5610.7675919973  9.705026900442936E-17
5614.25272645722  9.376793692448012E-17
5617.73831735602  9.679317465260297E-17
5621.22436374688  9.809810169974214E-17
5624.71086468481  9.422221128200446E-17
5628.19781922656  9.808210071797290E-17
5631.6852264307  9.367698014432379E-17
5635.17308535755  9.442234928557288E-17
5638.66139506922  9.375561524207554E-17
5642.15015462962  9.375689240894132E-17
5645.63936310439  9.719294111648249E-17
5649.12901956096  9.733760507945067E-17
5652.61912306854  9.235643592721965E-17
5656.10967269809  9.280266347174505E-17
5659.60066752233  8.926892804258381E-17
5663.09210661576  9.267092337866740E-17
5666.58398905461  9.213682940075418E-17
5670.07631391688  9.128724873721322E-17
5673.56908028234  8.961218814445864E-17
5677.06228723248  9.323980526442216E-17
5680.55593385054  9.161983490046363E-17
5684.05001922154  9.186000182823473E-17
5687.5445424322  9.330989062336257E-17
5691.03950257101  9.204699758623091E-17
5694.53489872817  9.018946756779202E-17
5698.03072999565  9.188673630563247E-17
5701.52699546713  9.182676240249987E-17
5705.02369423802  9.270751123152187E-17
5708.52082540547  8.977192002946505E-17
5712.01838806834  9.274239178359199E-17
5715.51638132723  9.239023783577103E-17
5719.01480428444  9.004600797979572E-17
5722.513656044  9.368838200188724E-17
5726.01293571166  9.232428176244850E-17
5729.51264239487  9.366374525452293E-17
5733.01277520281  8.892123425262575E-17
5736.51333324634  8.843063674004298E-17
5740.01431563804  9.362073186267018E-17
5743.5157214922  9.267415930922371E-17
5747.01754992481  9.346560571931448E-17
5750.51980005352  8.960007160284595E-17
5754.02247099774  8.993936123778050E-17
5757.52556187852  8.965142297527323E-17
5761.02907181862  8.748361420034324E-17
5764.53299994249  8.901127120794091E-17
5768.03734537626  9.322125656636629E-17
5771.54210724774  8.816264345646560E-17
5775.04728468642  9.094451141348553E-17
5778.55287682349  8.935382324321137E-17
5782.05888279178  8.422339100380636E-17
5785.56530172582  8.800681586395041E-17
5789.0721327618  8.891811081863272E-17
5792.57937503756  8.709770466608523E-17
5796.08702769264  9.067171386491045E-17
5799.59508986823  8.724715965916130E-17
5803.10356070715  9.066223768381304E-17
5806.61243935393  8.990469906139207E-17
5810.12172495472  8.788547177681133E-17
5813.63141665732  8.366401838637349E-17
5817.1415136112  8.588370131187792E-17
5820.65201496748  8.363834270015985E-17
5824.16291987889  8.542251834187753E-17
5827.67422749984  9.089056600265726E-17
5831.18593698637  8.642541196887155E-17
5834.69804749614  9.151099778418636E-17
5838.21055818848  8.890521341852181E-17
5841.72346822431  8.280242706033826E-17
5845.23677676622  8.442312534323587E-17
5848.7504829784  8.777617805683592E-17
5852.26458602667  8.696377419874556E-17
5855.77908507849  8.231979695141562E-17
5859.29397930292  8.216154737406689E-17
5862.80926787065  8.686678892628494E-17
5866.32494995398  8.385464050417512E-17
5869.84102472681  8.097344469919981E-17
5873.35749136468  8.787087369336100E-17
5876.87434904471  8.514906566625732E-17
5880.39159694563  8.286698023534190E-17
5883.9092342478  7.857822743026677E-17
5887.42726013314  8.061524902418476E-17
5890.94567378518  8.210179184661605E-17
5894.46447438907  8.122127462816560E-17
5897.98366113153  8.360931196938171E-17
5901.50323320086  7.629951027880570E-17
5905.02318978697  8.276840015866028E-17
5908.54353008135  7.871299831310880E-17
5912.06425327706  8.520645214843380E-17
5915.58535856875  8.533604157191877E-17
5919.10684515265  8.424721380544788E-17
5922.62871222656  8.445831029777142E-17
5926.15095898986  8.131634745905001E-17
5929.67358464348  8.946342798309709E-17
5933.19658838994  8.312812446344736E-17
5936.71996943331  8.301002954175437E-17
5940.24372697924  8.671279436600716E-17
5943.76786023492  8.570581777550961E-17
5947.29236840911  8.810791718713907E-17
5950.81725071212  8.680511433981298E-17
5954.34250635582  8.954283732190218E-17
5957.86813455361  9.090943895551328E-17
5961.39413452046  9.208740370479290E-17
5964.92050547288  9.142528202039114E-17
5968.44724662892  8.818945072575720E-17
5971.97435720816  8.674401547104736E-17
5975.50183643173  8.915149486538087E-17
5979.0296835223  9.292334581439408E-17
5982.55789770405  8.992602708630615E-17
5986.08647820271  9.085980811876011E-17
5989.61542424553  9.287996184562691E-17
5993.14473506129  8.922696020702531E-17
5996.67440988029  8.774230335639066E-17
6000.20444793434  8.888336261546060E-17
6003.73484845679  9.128251726410940E-17
6007.26561068248  8.710258834042173E-17
6010.79673384778  9.016755059028183E-17
6014.32821719055  8.867370872612536E-17
6017.8600599502  8.830614936657619E-17
6021.39226136758  8.727849326076480E-17
6024.92482068511  8.884521966305456E-17
6028.45773714666  9.064003615617211E-17
6031.99100999762  8.848814233622768E-17
6035.52463848487  9.129777047460486E-17
6039.05862185679  8.958075528118158E-17
6042.59295936324  9.119842277431482E-17
6046.12765025556  8.899297397279124E-17
6049.66269378661  8.734366847558911E-17
6053.19808921068  8.928355259581376E-17
6056.73383578358  8.838184631879215E-17
6060.26993276259  8.834698561905673E-17
6063.80637940646  8.593041385542999E-17
6067.3431749754  9.079152932227753E-17
6070.88031873112  9.148212587208579E-17
6074.41780993677  8.955001724961913E-17
6077.95564785697  8.627344234673330E-17
6081.49383175782  8.412297789488732E-17
6085.03236090686  9.036698714469080E-17
6088.57123457309  8.739705802104571E-17
6092.11045202698  8.885102977967711E-17
6095.65001254043  8.779853840315446E-17
6099.18991538681  8.789863387471827E-17
6102.73015984093  8.856491793196239E-17
6106.27074517904  8.466353711646828E-17
6109.81167067884  8.769356587469900E-17
6113.35293561946  8.451999811913317E-17
6116.89453928148  8.273993191069866E-17
6120.4364809469  8.702624287860555E-17
6123.97875989917  8.780347501705016E-17
6127.52137542316  8.855149113625943E-17
6131.06432680516  8.632063134631822E-17
6134.60761333289  8.841563499245371E-17
6138.15123429551  8.734385376404629E-17
6141.69518898358  8.668282395805313E-17
6145.23947668908  8.386363361179482E-17
6148.7840967054  8.456469234199065E-17
6152.32904832736  8.698422210348786E-17
6155.87433085118  8.107805326818573E-17
6159.41994357447  8.230713777932113E-17
6162.96588579628  8.258521604892676E-17
6166.51215681704  8.352988939568682E-17
6170.05875593858  8.660019854102642E-17
6173.60568246413  8.376293595274503E-17
6177.15293569832  8.663822899686918E-17
6180.70051494716  8.253380511949536E-17
6184.24841951806  8.168264950406809E-17
6187.79664871983  8.365789063239571E-17
6191.34520186263  8.479988295119660E-17
6194.89407825803  8.418714725808673E-17
6198.44327721897  8.351194950256173E-17
6201.99279805978  7.863030010418823E-17
6205.54264009613  8.083604669073231E-17
6209.09280264512  8.414807124594972E-17
6212.64328502515  8.204130178278129E-17
6216.19408655605  8.413637160336579E-17
6219.74520655898  7.994378350758363E-17
6223.29664435647  8.075682264038444E-17
6226.8483992724  7.976086409564608E-17
6230.40047063203  7.967903938945233E-17
6233.95285776197  8.412538002738617E-17
6237.50555999015  7.852687605783947E-17
6241.05857664589  8.054596437607731E-17
6244.61190705984  8.045363778482659E-17
6248.16555056399  7.876989510436266E-17
6251.71950649169  8.344349865251176E-17
6255.27377417761  7.989606511240666E-17
6258.82835295776  8.037115795158770E-17
6262.3832421695  8.071551654931598E-17
6265.93844115151  8.176048389098689E-17
6269.4939492438  8.001744890421512E-17
6273.04976578771  8.046275000645447E-17
6276.6058901259  8.041061115808405E-17
6280.16232160236  7.929843042855954E-17
6283.71905956239  7.603757195731219E-17
6287.27610335263  8.133813870510710E-17
6290.833452321  7.878881437933298E-17
6294.39110581675  7.580244090511031E-17
6297.94906319045  7.455169087937094E-17
6301.50732379397  7.884641923719115E-17
6305.06588698047  8.381951510664368E-17
6308.62475210442  8.137270823726693E-17
6312.18391852161  8.332932125819986E-17
6315.74338558909  7.821567747650723E-17
6319.30315266525  8.004299885897568E-17
6322.86321910973  7.789227632677862E-17
6326.42358428347  7.744127098703508E-17
6329.98424754872  8.261396884701909E-17
6333.545208269  8.108951468275325E-17
6337.1064658091  8.081266064045422E-17
6340.66801953511  7.762048462982838E-17
6344.22986881438  7.550580070255900E-17
6347.79201301555  8.098649430054345E-17
6351.35445150851  7.565111979257233E-17
6354.91718366445  7.156198883036339E-17
6358.48020885581  7.762528227738117E-17
6362.04352645629  7.436066509743040E-17
6365.60713584086  7.685849908443432E-17
6369.17103638574  7.380843932048999E-17
6372.73522746843  7.903428188046932E-17
6376.29970846767  7.409383648415550E-17
6379.86447876343  7.491650399928644E-17
6383.42953773697  7.435728358308629E-17
6386.99488477078  7.371458409946728E-17
6390.56051924858  7.181705162660534E-17
6394.12644055536  7.427190530898100E-17
6397.69264807732  7.595315983016238E-17
6401.25914120192  6.892604876828761E-17
6404.82591931784  7.380642761724026E-17
6408.392981815  7.254473233763558E-17
6411.96032808456  7.572680350989847E-17
6415.52795751888  7.219419966381522E-17
6419.09586951157  7.807508985959772E-17
6422.66406345745  7.240389325781986E-17
6426.23253875256  7.750078166902460E-17
6429.80129479415  7.599755626799932E-17
6433.3703309807  7.501527598187016E-17
6436.9396467119  7.538403309894629E-17
6440.50924138864  7.575892458744514E-17
6444.07911441303  7.957519844407487E-17
6447.64926518836  7.662230262360348E-17
6451.21969311915  7.713733836020351E-17
6454.7903976111  7.680784254372158E-17
6458.36137807112  7.733389632608080E-17
6461.93263390731  7.637097206628538E-17
6465.50416452896  7.787860468561431E-17
6469.07596934655  7.608938655088254E-17
6472.64804777176  7.815149487841801E-17
6476.22039921742  7.416214836786259E-17
6479.79302309758  7.634325820704241E-17
6483.36591882745  7.592554523259292E-17
6486.93908582342  8.070333383325431E-17
6490.51252350307  7.456120676513776E-17
6494.08623128511  7.445244244075438E-17
6497.66020858947  7.210287230674445E-17
6501.23445483722  7.541094624735633E-17
6504.80896945059  7.163317930260215E-17
6508.38375185298  7.910322242144191E-17
6511.95880146897  7.268211711121330E-17
6515.53411772426  7.412845233842961E-17
6519.10970004572  7.442571458080157E-17
6522.68554786138  7.197168146159355E-17
6526.26166060041  7.425726752086125E-17
6529.83803769314  7.527400484258695E-17
6533.41467857102  7.768235773964735E-17
6536.99158266667  7.490551242330683E-17
6540.56874941383  7.455891712920220E-17
6544.14617824737  7.802898612097647E-17
6547.72386860333  7.802689500838794E-17
6551.30181991885  8.158403634016197E-17
6554.8800316322  8.514970755841265E-17
6558.4585031828  8.176825938874488E-17
6562.03723401118  8.184810547891341E-17
6565.61622355898  8.545636657254320E-17
6569.19547126898  9.013420528542859E-17
6572.77497658507  9.434227158483285E-17
6576.35473895225  9.561324452218793E-17
6579.93475781663  9.225975505722445E-17
6583.51503262544  9.225305820298522E-17
6587.09556282702  9.609750252255606E-17
6590.67634787079  9.978922283127003E-17
6594.25738720729  1.028156119948056E-16
6597.83868028817  1.044222614421796E-16
6601.42022656615  1.054722514245299E-16
6605.00202549506  1.087924220544197E-16
6608.58407652984  1.086582732113983E-16
6612.16637912647  1.130909686779475E-16
6615.74893274207  1.179784414278334E-16
6619.33173683481  1.186076413238555E-16
6622.91479086395  1.209698441601804E-16
6626.49809428984  1.191249269917217E-16
6630.0816465739  1.245687548041659E-16
6633.66544717862  1.241915207401723E-16
6637.24949556756  1.285630180762824E-16
6640.83379120536  1.334995922673294E-16
6644.41833355773  1.293011278804756E-16
6648.00312209142  1.330963384099874E-16
6651.58815627428  1.260942346723913E-16
6655.17343557517  1.331212597074824E-16
6658.75895946406  1.269955306678290E-16
6662.34472741193  1.267340886547031E-16
6665.93073889084  1.225209600099500E-16
6669.51699337388  1.214445928922266E-16
6673.10349033521  1.196891038741523E-16
6676.69022925001  1.196032359091243E-16
6680.27720959452  1.182862981994909E-16
6683.86443084601  1.182313866417072E-16
6687.45189248279  1.101418977406285E-16
6691.0395939842  1.063064862333467E-16
6694.62753483062  1.057114125006761E-16
6698.21571450345  1.062719564058563E-16
6701.80413248512  1.054739918125387E-16
6705.39278825909  1.020682179154169E-16
6708.98168130983  9.944173418210384E-17
6712.57081112285  9.988422948770544E-17
6716.16017718466  1.012818934076791E-16
6719.74977898278  1.032778140513206E-16
6723.33961600575  1.065459517119584E-16
6726.92968774313  1.053559630652947E-16
6730.51999368547  1.055417147436496E-16
6734.11053332432  1.021125746485845E-16
6737.70130615225  9.073041060117720E-17
6741.29231166283  9.109091576446250E-17
6744.8835493506  9.003232972118656E-17
6748.47501871113  8.698393093591223E-17
6752.06671924095  9.324140668608809E-17
6755.6586504376  9.160041931712578E-17
6759.2508117996  9.118408938866050E-17
6762.84320282646  9.104641344750717E-17
6766.43582301865  9.493968789299824E-17
6770.02867187765  9.302479786216249E-17
6773.62174890589  9.510925991857162E-17
6777.2150536068  9.586213985978266E-17
6780.80858548476  9.496394082855829E-17
6784.40234404512  9.689876260343414E-17
6787.99632879422  9.985622446088683E-17
6791.59053923934  9.920234149538609E-17
6795.18497488873  9.658164802636092E-17
6798.7796352516  9.965116307831248E-17
6802.37451983812  9.445059254040790E-17
6805.9696281594  9.604554234519792E-17
6809.56495972752  9.667095706273704E-17
6813.16051405551  9.511472592805937E-17
6816.75629065731  9.637143827165404E-17
6820.35228904786  9.792992595504273E-17
6823.948508743  9.330500694902605E-17
6827.54494925952  9.163981958406292E-17
6831.14161011517  9.223821527407359E-17
6834.73849082859  8.884031613638333E-17
6838.33559091939  9.291492842448075E-17
6841.93290990808  9.174516930687769E-17
6845.53044731613  8.871122302126586E-17
6849.12820266591  8.780954321402386E-17
6852.72617548071  8.937154476065469E-17
6856.32436528475  9.217090924199135E-17
6859.92277160317  8.360054385488863E-17
6863.52139396201  8.675803121934645E-17
6867.12023188823  8.903272496430805E-17
6870.7192849097  7.998517562543577E-17
6874.31855255519  7.977153803427048E-17
6877.91803435439  7.952208683130407E-17
6881.51772983787  8.181763876259184E-17
6885.11763853711  8.363141423534912E-17
6888.71775998449  8.569752611704936E-17
6892.31809371329  7.966744562598680E-17
6895.91863925766  7.951843400171903E-17
6899.51939615265  7.537959279341811E-17
6903.12036393421  8.263848648037516E-17
6906.72154213915  7.823224755853788E-17
6910.32293030518  7.817145309223770E-17
6913.92452797088  7.157029372371342E-17
6917.52633467572  7.856746084741378E-17
6921.12834996002  7.965538864137823E-17
6924.73057336499  7.708723106741749E-17
6928.3330044327  7.477542669145430E-17
6931.9356427061  7.464838498425594E-17
6935.53848772899  7.479795247389533E-17
6939.14153904604  7.843804347749617E-17
6942.74479620278  7.670598683181426E-17
6946.34825874558  7.309746765783331E-17
6949.95192622169  7.631649064242019E-17
6953.55579817919  7.618259987974989E-17
6957.15987416701  7.251142673745174E-17
6960.76415373495  7.695754238225898E-17
6964.36863643362  7.376733837021345E-17
6967.97332181451  7.765980548742668E-17
6971.57820942992  7.530319439204271E-17
6975.18329883299  7.563218728271220E-17
6978.7885895777  7.584540135740390E-17
6982.39408121887  6.779390320749851E-17
6985.99977331213  7.224408858091951E-17
6989.60566541395  7.432614850482978E-17
6993.21175708162  7.001444640083997E-17
6996.81804787326  7.003931475877577E-17
7000.42453734778  7.239938677784268E-17
7004.03122506495  7.213769330181049E-17
7007.63811058532  7.304382003202558E-17
7011.24519347027  7.122490942202558E-17
7014.85247328198  7.243409527634541E-17
7018.45994958343  7.040034270020822E-17
7022.06762193842  7.050546081245146E-17
7025.67548991155  7.040811819796621E-17
7029.28355306821  6.995442617559312E-17
7032.89181097458  7.051461273874874E-17
7036.50026319765  7.096021824345351E-17
7040.10890930521  7.447760858371069E-17
7043.7177488658  7.457076235557398E-17
7047.32678144878  7.296303426468120E-17
7050.93600662429  6.799081189795553E-17
7054.54542396325  7.007722610061031E-17
7058.15503303734  6.755105621454276E-17
7061.76483341905  7.064894025278245E-17
7065.37482468161  6.869014347503238E-17
7068.98500639904  7.395767593788437E-17
7072.59537814614  6.715210369638599E-17
7076.20593949845  6.782947859128319E-17
7079.81669003229  6.854594935065215E-17
7083.42762932474  6.843610638275000E-17
7087.03875695363  6.651618709378992E-17
7090.65007249756  6.978051310616507E-17
7094.26157553588  6.793083799482301E-17
7097.87326564869  6.925363214319330E-17
7101.48514241683  7.229191285521487E-17
7105.0972054219  6.908220723304782E-17
7108.70945424624  6.922448229840694E-17
7112.32188847292  6.915760640024325E-17
7115.93450768577  7.314554339503489E-17
7119.54731146934  6.865913412822900E-17
7123.16029940893  6.453523511051322E-17
7126.77347109054  6.809432197108799E-17
7130.38682610094  6.766666959439806E-17
7134.0003640276  7.185296450007994E-17
7137.61408445871  6.682292551725930E-17
7141.2279869832  6.787744844936637E-17
7144.84207119071  6.869832925437422E-17
7148.4563366716  6.961127857028165E-17
7152.07078301693  7.161886576928253E-17
7155.68540981849  7.016508591655323E-17
7159.30021666877  6.782680514354343E-17
7162.91520316097  6.552378873440800E-17
7166.53036888899  6.779349954335960E-17
7170.14571344743  6.617208657641277E-17
7173.76123643159  6.862946150529549E-17
7177.37693743747  7.293829825564341E-17
7180.99281606176  7.077790101900193E-17
7184.60887190185  6.920542405709372E-17
7188.22510455581  6.974846482051233E-17
7191.84151362239  6.432718926028879E-17
7195.45809870104  7.067168441090522E-17
7199.07485939189  6.761276388823922E-17
7202.69179529573  6.618340240719248E-17
7206.30890601404  6.941996162076547E-17
7209.92619114898  6.610707018026609E-17
7213.54365030337  6.441266017862266E-17
7217.1612830807  6.286675225798966E-17
7220.77908908514  6.374884442832641E-17
7224.3970679215  6.596977805091698E-17
7228.01521919528  6.552844741561790E-17
7231.63354251261  6.185863746696923E-17
7235.25203748029  7.280367295658917E-17
7238.87070370578  6.528684450230340E-17
7242.48954079718  6.645420810485253E-17
7246.10854836325  6.541074954061894E-17
7249.72772601338  6.759521442436328E-17
7253.34707335763  6.787259124480947E-17
7256.96659000667  6.633031630142680E-17
7260.58627557183  6.679495357766519E-17
7264.20612966506  6.523960256315928E-17
7267.82615189897  6.298730225174069E-17
7271.44634188678  6.552143292402345E-17
7275.06669924235  7.036570699359939E-17
7278.68722358014  6.911898037435947E-17
7282.30791451528  6.466385838704278E-17
7285.92877166347  6.581598201398623E-17
7289.54979464108  6.345396446611861E-17
7293.17098306505  7.065185192853864E-17
7296.79233655296  6.448616675657658E-17
7300.41385472301  6.520525802412607E-17
7304.03553719397  6.750822811114721E-17
7307.65738358527  6.830236120386752E-17
7311.27939351688  6.572525684440142E-17
7314.90156660944  7.029760025068422E-17
7318.52390248413  6.670582321230138E-17
7322.14640076275  6.587471845492240E-17
7325.76906106772  6.373340592937371E-17
7329.391883022  6.603834801497519E-17
7333.01486624918  6.685283636820921E-17
7336.6380103734  6.092854896876971E-17
7340.26131501943  6.540938634696946E-17
7343.88477981259  6.434285936981298E-17
7347.50840437877  6.603292832760175E-17
7351.13218834447  6.444576725545948E-17
7354.75613133672  6.573517639430716E-17
7358.38023298317  6.608282386215092E-17
7362.004492912  6.408642014503175E-17
7365.62891075198  6.649626858463964E-17
7369.25348613243  6.145105580066230E-17
7372.87821868323  6.256506294497931E-17
7376.50310803483  6.754060726904499E-17
7380.12815381823  6.643626821172748E-17
7383.75335566499  6.615859360626079E-17
7387.3787132072  6.579454810995377E-17
7391.00422607753  6.304938050235158E-17
7394.62989390917  6.871689780476480E-17
7398.25571633586  6.340580931957823E-17
7401.8816929919  6.320373902209887E-17
7405.50782351211  6.620746343685041E-17
7409.13410753183  6.590674027079554E-17
7412.76054468698  6.642380756297999E-17
7416.38713461398  6.670633937300360E-17
7420.01387694977  6.686635580814076E-17
7423.64077133184  6.438642200959248E-17
7427.26781739819  6.254281509522410E-17
7430.89501478734  6.707894122556689E-17
7434.52236313835  6.507949348379352E-17
7438.14986209076  6.488273037712430E-17
7441.77751128465  6.541925295731600E-17
7445.4053103606  6.352315646999744E-17
7449.03325895971  6.279925432000535E-17
7452.66135672358  6.607318224493102E-17
7456.2896032943  6.367016962590526E-17
7459.91799831449  6.448227569897513E-17
7463.54654142724  6.210723501954347E-17
7467.17523227616  6.495067168391697E-17
7470.80407050532  6.465771739817518E-17
7474.43305575933  6.330686528342708E-17
7478.06218768324  6.313583741997561E-17
7481.69146592262  7.043028663838263E-17
7485.32089012351  6.180141642091527E-17
7488.95045993243  6.734290448519991E-17
7492.58017499638  6.542292563923572E-17
7496.21003496284  6.206002616762385E-17
7499.84003947976  6.292946578331099E-17
7503.47018819556  6.110627368646040E-17
7507.10048075913  6.413050556295837E-17
7510.73091681983  6.271767445927291E-17
7514.36149602748  6.335730344845811E-17
7517.99221803236  6.696318887936868E-17
7521.62308248521  5.857024380749122E-17
7525.25408903723  6.613442008003955E-17
7528.88523734006  6.498259423811659E-17
7532.51652704581  6.559613064205944E-17
7536.14795780702  6.429166681606330E-17
7539.77952927669  6.086100470867109E-17
7543.41124110826  6.338729370874682E-17
7547.04309295561  6.115357518260865E-17
7550.67508447305  6.058124560806076E-17
7554.30721531535  6.262386556036450E-17
7557.93948513768  6.002847058319361E-17
7561.57189359567  6.358845079882993E-17
7565.20444034537  6.269842431205757E-17
7568.83712504325  6.618780962549617E-17
7572.4699473462  6.578525059986866E-17
7576.10290691154  6.432826790380754E-17
7579.73600339702  6.303817716813515E-17
7583.36923646078  6.463582027299965E-17
7587.00260576138  6.291056636067537E-17
7590.63611095782  6.739908659240452E-17
7594.26975170946  7.116488257933383E-17
7597.90352767611  6.393985697537716E-17
7601.53743851795  6.644248860993390E-17
7605.17148389559  5.754903309301285E-17
7608.80566347002  4.540015864455265E-17
7612.43997690263  4.907473315352961E-17
7616.0744238552  5.738803727603045E-17
7619.70900398992  5.630075137422134E-17
7623.34371696933  6.565242524582735E-17
7626.9785624564  6.219106481154205E-17
7630.61354011445  4.762109557586567E-17
7634.2486496072  5.342636492004858E-17
7637.88389059874  5.447815484741179E-17
7641.51926275354  5.542782767379412E-17
7645.15476573645  5.412020401785806E-17
7648.79039921266  5.319700097107742E-17
7652.42616284778  5.599834737716175E-17
7656.06205630774  5.634776170279396E-17
7659.69807925885  5.685076030712009E-17
7663.33423136779  6.091923822379483E-17
7666.97051230158  5.783614417490757E-17
7670.60692172762  5.838943536047693E-17
7674.24345931363  6.230561940021330E-17
7677.88012472772  5.969017356499413E-17
7681.51691763832  5.942099575877957E-17
7685.15383771421  5.848650004227637E-17
7688.79088462453  6.170503333594059E-17
7692.42805803874  6.082417862780022E-17
7696.06535762666  5.672291127164391E-17
7699.70278305841  6.343796348434938E-17
7703.34033400449  6.031535005451681E-17
7706.97801013569  6.174432772375931E-17
7710.61581112316  6.083682456500492E-17
7714.25373663836  6.043827571098709E-17
7717.89178635307  6.017630430226908E-17
7721.52995993939  6.280053148687112E-17
7725.16825706976  6.231027146397829E-17
7728.80667741692  5.620366684008722E-17
7732.44522065391  5.680674768108739E-17
7736.0838864541  5.990193180180770E-17
7739.72267449118  5.709713439820780E-17
7743.3615844391  5.770582021503861E-17
7747.00061597217  5.910292826964068E-17
7750.63976876496  5.814507297263897E-17
7754.27904249235  5.553928198952952E-17
7757.91843682952  5.730231489479034E-17
7761.55795145194  5.736315568320486E-17
7765.19758603538  5.681078432247664E-17
7768.83734025588  5.523998488285069E-17
7772.47721378978  5.824315674095305E-17
7776.1172063137  5.637863208325443E-17
7779.75731750454  5.496714762960619E-17
7783.39754703947  5.509315370667762E-17
7787.03789459596  5.192513467866079E-17
7790.67835985173  6.162002563874975E-17
7794.31894248478  5.592292835763162E-17
7797.95964217338  5.710925755726537E-17
7801.60045859605  5.647512104734752E-17
7805.2413914316  5.704152139126463E-17
7808.88244035908  5.209260235675582E-17
7812.52360505781  5.374806869516024E-17
7816.16488520735  5.099399731544455E-17
7819.80628048754  6.268959664056040E-17
7823.44779057844  5.584030294060493E-17
7827.08941516038  5.609186510849455E-17
7830.73115391393  4.973276525698290E-17
7834.37300651991  5.743201019739377E-17
7838.01497265936  5.395079411968475E-17
7841.65705201358  5.238866684160080E-17
7845.29924426409  5.368127220633535E-17
7848.94154909265  4.799122250403621E-17
7852.58396618126  5.551381144410779E-17
7856.22649521214  5.176300066115548E-17
7859.86913586773  6.197514420188610E-17
7863.5118878307  5.634115087533842E-17
7867.15475078394  5.532446649317195E-17
7870.79772441055  6.085221012439843E-17
7874.44080839387  5.927477007881489E-17
7878.08400241742  6.688109947537891E-17
7881.72730616496  5.857815165414725E-17
7885.37071932044  5.917705688741524E-17
7889.01424156802  6.101204127107838E-17
7892.65787259207  5.577330131098814E-17
7896.30161207714  6.036538455540892E-17
7899.94545970802  5.749664939918110E-17
7903.58941516965  5.639173462415727E-17
7907.23347814719  5.660906474957700E-17
7910.87764832598  6.087806448162437E-17
7914.52192539155  5.621127690172270E-17
7918.16630902962  6.892099304038367E-17
7921.81079892609  5.608672335380692E-17
7925.45539476705  5.936511805404039E-17
7929.10009623874  5.719821586906177E-17
7932.74490302762  5.981573296453477E-17
7936.38981482027  5.168456077802831E-17
7940.03483130349  5.529202446954762E-17
7943.67995216422  5.713921473032959E-17
7947.32517708958  5.516707387493782E-17
7950.97050576683  5.713412591520117E-17
7954.61593788342  5.745740133347668E-17
7958.26147312694  5.576326926451908E-17
7961.90711118515  6.004359806223598E-17
7965.55285174594  5.512802433258041E-17
7969.19869449737  6.082734176646262E-17
7972.84463912765  5.709942403414334E-17
7976.49068532511  5.847591874788059E-17
7980.13683277826  5.841914107063495E-17
7983.78308117572  6.425695170011569E-17
7987.42943020628  5.891928755620901E-17
7991.07587955882  6.281123851272001E-17
7994.72242892239  5.755779459006102E-17
7998.36907798616  6.019322510887948E-17
8002.01582643943  5.605749409968173E-17
8005.66267397162  5.653298398555683E-17
8009.30962027228  6.242575911238049E-17
8012.95666503107  5.439686284553255E-17
8016.60380793779  6.143252695494112E-17
8020.25104868232  6.059893403827959E-17
8023.8983869547  6.455031626744130E-17
8027.54582244503  6.087494104763138E-17
8031.19335484356  6.037580703112707E-17
8034.84098384062  5.552120974750646E-17
8038.48870912665  5.751807006832377E-17
8042.1365303922  5.966900435875767E-17
8045.7844473279  5.956830669970791E-17
8049.4324596245  5.396093866271710E-17
8053.08056697282  6.357035208702726E-17
8056.72876906378  6.044201456735582E-17
8060.37706558839  5.605855289086580E-17
8064.02545623774  5.740899472403009E-17
8067.673940703  5.601794163151191E-17
8071.32251867544  6.038124657083523E-17
8074.9711898464  5.501029006163451E-17
8078.61995390727  5.957706157931118E-17
8082.26881054955  5.532086660314612E-17
8085.91775946478  5.578025624557847E-17
8089.5668003446  5.640799368627762E-17
8093.21593288068  5.610240008077603E-17
8096.86515676479  5.763414666932211E-17
8100.51447168872  5.402357277869961E-17
8104.16387734435  5.458668094377876E-17
8107.81337342361  5.230426133189589E-17
8111.46295961848  5.834265002503093E-17
8115.11263562097  5.570536000419546E-17
8118.76240112317  5.470463359040637E-17
8122.41225581721  5.432452093788110E-17
8126.06219939524  5.729826501851129E-17
8129.71223154947  5.570234906676577E-17
8133.36235197215  5.320165634356487E-17
8137.01256035555  5.495730748903927E-17
8140.66285639199  5.255159826121658E-17
8144.31323977381  5.826885227950141E-17
8147.96371019338  5.407648586812340E-17
8151.6142673431  5.566155251895467E-17
8155.26491091538  5.411711367108956E-17
8158.91564060267  5.450647751158561E-17
8162.56645609742  5.423550637780305E-17
8166.21735709211  5.503085377166259E-17
8169.86834327923  5.482991174853875E-17
8173.51941435126  5.681100269815836E-17
8177.17057000072  5.767340796991636E-17
8180.82180992012  5.429114585452580E-17
8184.47313380196  5.632307201587048E-17
8188.12454133876  5.995793523799999E-17
8191.77603222304  5.299823277860337E-17
8195.42760614731  5.329725195259639E-17
8199.07926280405  5.264491085175747E-17
8202.73100188576  5.332092255300522E-17
8206.38282308492  5.143991384005962E-17
8210.034726094  5.483930521157490E-17
8213.68671060544  5.400868683639609E-17
8217.33877631167  5.785589724793533E-17
8220.99092290509  5.703614802600549E-17
8224.64315007809  5.519795749028810E-17
8228.29545752301  5.419873985393629E-17
8231.94784493219  5.364724199593494E-17
8235.60031199791  5.517430343349152E-17
8239.25285841244  5.564762279743929E-17
8242.90548386798  5.234571300675215E-17
8246.55818805674  5.490462601018698E-17
8250.21097067083  5.752896900007478E-17
8253.86383140235  5.657479300243770E-17
8257.51676994336  4.999689064401597E-17
8261.16978598586  5.635226156532623E-17
8264.82287922177  5.363181342314958E-17
8268.47604934301  5.827582044898155E-17
8272.1292960414  5.449612782776135E-17
8275.78261900871  5.718805809113963E-17
8279.43601793665  5.599767239778190E-17
8283.08949251688  5.671291892984426E-17
8286.74304244098  5.944955003352490E-17
8290.39666740045  5.570277258323939E-17
8294.05036708673  5.772027271470115E-17
8297.70414119119  5.511884262778108E-17
8301.35798940511  5.355592787375398E-17
8305.01191141971  5.539985242547757E-17
8308.6659069261  4.942422688850061E-17
8312.31997561532  5.445827273420849E-17
8315.97411717834  5.837148223246208E-17
8319.62833130601  4.789326777589767E-17
8323.28261768911  5.517393947402200E-17
8326.9369760183  5.164089887657531E-17
8330.59140598418  5.252665049394201E-17
8334.24590727721  5.738096322743190E-17
8337.90047958779  5.011193161488739E-17
8341.55512260618  5.392211080476386E-17
8345.20983602254  5.109892021306322E-17
8348.86461952694  5.212205329528516E-17
8352.51947280932  5.916468226545143E-17
8356.1743955595  5.042030454724716E-17
8359.8293874672  5.317713871020880E-17
8363.48444822202  5.592473492008944E-17
8367.13957751342  5.118411650743373E-17
8370.79477503075  5.653123036265822E-17
8374.45004046322  5.281268624104038E-17
8378.10537349993  5.888543270809844E-17
8381.76077382983  5.815863211723995E-17
8385.41624114174  5.448044779206979E-17
8389.07177512436  5.377796961994281E-17
8392.72737546621  5.444855832509466E-17
8396.38304185572  5.377620607087685E-17
8400.03877398112  5.097537251677230E-17
8403.69457153055  5.529757981454154E-17
8407.35043419195  5.763642307036787E-17
8411.00636165313  5.935773298553153E-17
8414.66235360175  5.801828934579173E-17
8418.31840972531  5.232943078357465E-17
8421.97452971115  5.547433838527675E-17
8425.63071324643  5.585267756256872E-17
8429.28696001816  5.905798258387699E-17
8432.9432697132  4.170626119646644E-17
8436.59964201822  4.651286215222428E-17
8440.25607661971  5.111325690743997E-17
8443.912573204  5.114764776858749E-17
8447.56913145724  5.033813904264104E-17
8451.2257510654  5.077899983935221E-17
8454.88243171427  5.046550169591706E-17
8458.53917308945  5.125290153845120E-17
8462.19597487635  5.197640664174927E-17
8465.8528367602  5.286225090334458E-17
8469.50975842603  4.888157986305358E-17
8473.16673955868  4.925288138769393E-17
8476.82377984278  4.873346159384738E-17
8480.48087896279  4.885539463358259E-17
8484.13803660294  5.337282979080414E-17
8487.79525244726  4.834347240480823E-17
8491.45252617958  4.628132437260334E-17
8495.10985748352  5.360664728019328E-17
8498.76724604248  4.178928696890961E-17
8502.42469153965  5.157439024660360E-17
8506.082193658  4.929582198765278E-17
8509.73975208028  4.916734429491105E-17
8513.39736648904  4.531365209609185E-17
8517.05503656656  4.907902125782508E-17
8520.71276199493  4.789438612408583E-17
8524.370542456  5.032174763162270E-17
8528.02837763138  4.447326306351758E-17
8531.68626720245  4.830894257731782E-17
8535.34421085037  4.727440432881000E-17
8539.00220825602  4.616717675679346E-17
8542.66025910007  4.550511793811828E-17
8546.31836306295  4.437022613769553E-17
8549.97651982481  4.687432684502016E-17
8553.63472906559  4.705578049291223E-17
8557.29299046493  4.648561151412433E-17
8560.95130370226  4.929556721602413E-17
8564.60966845674  4.589354210143847E-17
8568.26808440725  4.812739297647468E-17
8571.92655123244  4.869586127192317E-17
8575.58506861065  5.107718521528779E-17
8579.24363622001  4.731021132316620E-17
8582.90225373834  4.451260046472815E-17
8586.56092084319  5.047871342466077E-17
8590.21963721185  4.719923346346362E-17
8593.87840252133  4.937371262285322E-17
8597.53721644834  4.974438549022804E-17
8601.19607866934  4.766028077584353E-17
8604.85498886049  4.993456093049888E-17
8608.51394669765  4.717348498535608E-17
8612.17295185641  5.047846196175455E-17
8615.83200401205  5.208096557989843E-17
8619.49110283957  4.540427800400316E-17
8623.15024801366  4.613450643132008E-17
8626.80943920872  5.159996336242129E-17
8630.46867609886  5.182516162982762E-17
8634.12795835784  4.988726605179555E-17
8637.78728565917  5.116273223423801E-17
8641.446657676  4.701599310544843E-17
8645.1060740812  4.911492420513233E-17
8648.76553454731  4.772678609709280E-17
8652.42503874657  5.188865270492475E-17
8656.08458635087  5.248340218279528E-17
8659.7441770318  5.047840571347288E-17
8663.40381046062  4.757088902140615E-17
8667.06348630827  4.544507786053673E-17
8670.72320424534  5.081001911232294E-17
8674.38296394211  4.726401824903878E-17
8678.04276506851  5.208123358641689E-17
8681.70260729414  4.867301785212691E-17
8685.36249028825  4.517325638508445E-17
8689.02241371976  5.025878264339516E-17
8692.68237725725  4.577988417655124E-17
8696.34238056893  4.770243389985925E-17
8700.00242332266  4.587843447473081E-17
8703.662505186  4.443251283782077E-17
8707.32262582607  4.418473584841418E-17
8710.98278490971  5.016504984510310E-17
8714.64298210335  4.573890234028291E-17
8718.30321707308  4.554724128363192E-17
8721.96348948463  4.677362256852550E-17
8725.62379900333  4.735280781599023E-17
8729.28414529418  4.864495657702666E-17
8732.94452802179  4.656799870313462E-17
8736.60494685039  4.931394055179014E-17
8740.26540144383  4.848476147087719E-17
8743.9258914656  4.640170231278696E-17
8747.58641657879  4.832726628224709E-17
8751.24697644611  4.971636391979719E-17
8754.90757072989  4.977519962240687E-17
8758.56819909204  5.298441886237375E-17
8762.22886119412  4.587421585360679E-17
8765.88955669727  5.125847673577980E-17
8769.55028526224  4.500160317308989E-17
8773.21104654937  4.709866484458943E-17
8776.8718402186  4.339204204995971E-17
8780.53266592949  4.626525721638511E-17
8784.19352334115  4.723157953413690E-17
8787.85441211231  4.923029604824879E-17
8791.51533190128  4.587658820760359E-17
8795.17628236596  4.162266301503938E-17
8798.83726316382  4.542538103579062E-17
8802.49827395191  5.181908681540904E-17
8806.15931438688  4.803019594577725E-17
8809.82038412492  4.550318233548490E-17
8813.48148282183  5.001827822593414E-17
8817.14261013295  5.008172628763941E-17
8820.8037657132  5.578572887251112E-17
8824.46494921707  5.242546314396960E-17
8828.12616029859  5.878340494262369E-17
8831.78739861138  6.180462588169199E-17
8835.4486638086  4.169780079316126E-17
8839.10995554297  5.006608264789481E-17
8842.77127346676  5.548659389323233E-17
8846.43261723178  4.796510344901423E-17
8850.09398648941  4.838053009625060E-17
8853.75538089055  5.132032337581916E-17
8857.41680008568  4.521040010331052E-17
8861.07824372476  4.685644320017676E-17
8864.73971145735  4.752921897086818E-17
8868.40120293251  3.937543166641452E-17
8872.06271779884  4.495843096255953E-17
8875.72425570445  4.537111467888468E-17
8879.38581629702  5.296905977275986E-17
8883.04739922373  4.183324003793823E-17
8886.70900413127  4.139364648192550E-17
8890.37063066587  4.327579339539396E-17
8894.03227847328  4.607495604466116E-17
8897.69394719875  4.702010253873160E-17
8901.35563648703  4.802862430261339E-17
8905.01734598243  3.958921815009008E-17
8908.67907532872  4.238398019849849E-17
8912.34082416918  4.823066482159071E-17
8916.00259214662  4.812465335428591E-17
8919.66437890331  3.824788522983124E-17
8923.32618408107  4.223513731907570E-17
8926.98800732116  4.411443542251452E-17
8930.64984826436  4.070294405299883E-17
8934.31170655095  4.204908785570027E-17
8937.97358182068  4.673648546774431E-17
8941.63547371277  4.407576638323890E-17
8945.29738186596  4.865396291953613E-17
8948.95930591845  4.571460970005346E-17
8952.62124550791  4.581762346481836E-17
8956.28320027149  4.662941520925546E-17
8959.94516984583  4.555313742703821E-17
8963.60715386701  4.217410131603664E-17
8967.2691519706  4.092824158207867E-17
8970.93116379162  4.325024013191097E-17
8974.59318896457  4.214113651426517E-17
8978.25522712339  3.931818745930341E-17
8981.91727790149  4.626353998943344E-17
8985.57934093172  4.934618736078991E-17
8989.24141584642  4.676316369686038E-17
8992.90350227732  4.493502175122427E-17
8996.56559985565  5.431968689438136E-17
9000.22770821206  4.460051652895274E-17
9003.88982697664  4.594244171053016E-17
9007.55195577895  4.747215674349184E-17
9011.21409424793  4.187686223472183E-17
9014.87624201202  4.780218857301067E-17
9018.53839869905  4.433525294139678E-17
9022.20056393628  4.171620059870689E-17
9025.86273735042  4.510202951689874E-17
9029.52491856759  4.481499453562038E-17
9033.18710721333  4.393341852598587E-17
9036.84930291261  4.199281310426706E-17
9040.51150528982  4.548231422299141E-17
9044.17371396874  4.637223152192291E-17
9047.83592857258  4.030185740886166E-17
9051.49814872397  4.378090958208825E-17
9055.16037404493  4.156379753392767E-17
9058.82260415689  4.912910208083149E-17
9062.48483868068  4.647708493637014E-17
9066.14707723654  4.424665528034746E-17
9069.80931944409  4.457615109682938E-17
9073.47156492236  4.542517920372114E-17
9077.13381328977  4.117977066274380E-17
9080.79606416411  4.179844220392936E-17
9084.45831716259  3.967581734277948E-17
9088.12057190178  4.539812708896821E-17
9091.78282799764  4.073773526956280E-17
9095.4450850655  4.138486844126509E-17
9099.1073427201  3.851507118513077E-17
9102.76960057552  3.813292697702106E-17
9106.43185824521  4.254780166445339E-17
9110.09411534202  4.155697163951288E-17
9113.75637147815  4.063129035961703E-17
9117.41862626516  4.140052531589949E-17
9121.08087931397  4.315363536253213E-17
9124.74313023487  4.792109413170396E-17
9128.40537863752  4.134757583052875E-17
9132.0676241309  4.090690032227480E-17
9135.72986632336  3.876175960485124E-17
9139.39210482262  3.992630748459524E-17
9143.05433923571  4.254366907011308E-17
9146.71656916902  4.433899179776553E-17
9150.37879422829  4.418215504490301E-17
9154.04101401859  4.327506547645493E-17
9157.70322814434  3.359588763928202E-17
9161.36543620928  4.285326953850187E-17
9165.02763781649  4.157426964048259E-17
9168.68983256837  4.374440113857260E-17
9172.35202006665  4.241572077296337E-17
9176.01419991241  4.216160758006463E-17
9179.676371706  4.307559583482143E-17
9183.33853504715  4.130540616290080E-17
9187.00068953486  4.157260204436768E-17
9190.66283476747  4.197767900777980E-17
9194.32497034261  4.194824130414026E-17
9197.98709585725  4.102443606987369E-17
9201.64921090765  4.518288807613702E-17
9205.31131508937  4.321923078510759E-17
9208.97340799727  3.844709017366871E-17
9212.63548922553  4.081222122936198E-17
9216.29755836761  4.405246305102206E-17
9219.95961501626  3.830315082091713E-17
9223.62165876354  4.019743081961052E-17
9227.28368920079  4.339838817961922E-17
9230.94570591863  3.858074270832258E-17
9234.60770850697  3.875161506181888E-17
9238.26969655502  4.078940427934531E-17
9241.93166965123  4.155989985888131E-17
9245.59362738338  3.824052332237951E-17
9249.25556933846  3.660070724116459E-17
9252.91749510279  3.932381890491367E-17
9256.57940426193  3.825758971277771E-17
9260.24129640071  4.275858051942170E-17
9263.90317110323  4.172026370987575E-17
9267.56502795285  3.923802042305721E-17
9271.2268665322  3.689940546907994E-17
9274.88868642314  3.764691535375431E-17
9278.5504872068  3.506970511516980E-17
9282.21226846358  3.386761316178323E-17
9285.87402977309  3.478988645755536E-17
9289.53577071423  3.897665451054761E-17
9293.19749086511  3.767906290108058E-17
9296.8591898031  3.623805802573154E-17
9300.5208671048  3.617607241934928E-17
9304.18252234606  3.814120540059151E-17
9307.84415510196  3.462379189927717E-17
9311.50576494679  3.878296851575709E-17
9315.16735145411  4.646127586050302E-17
9318.82891419667  3.942643562298453E-17
9322.49045274646  3.514480980606716E-17
9326.1519666747  1.997151819265176E-17
9329.81345555182  3.438987514821452E-17
9333.47491894746  2.921986397086008E-17
9337.13635643048  3.369865324986315E-17
9340.79776756897  3.590224254936972E-17
9344.4591519302  3.676885320736192E-17
9348.12050908066  3.557699513251387E-17
9351.78183858605  3.828889022715673E-17
9355.44314001126  4.201817115312548E-17
9359.1044129204  3.656628329279259E-17
9362.76565687676  3.179448678848854E-17
9366.42687144281  4.542854086573057E-17
9370.08805618025  5.313920089859466E-17
9373.74921064994  3.805212797478689E-17
9377.41033441193  2.879700593300052E-17
9381.07142702547  3.955712023360058E-17
9384.73248804898  2.646796145871049E-17
9388.39351704006  3.256382762388940E-17
9392.05451355549  3.527481612858090E-17
9395.71547715122  3.509288602465598E-17
9399.37640738237  4.014059689408322E-17
9403.03730380325  3.837899666564334E-17
9406.6981659673  2.946560278723734E-17
9410.35899342716  3.621361318426938E-17
9414.01978573462  3.978849257709900E-17
9417.68054244061  3.656655460803351E-17
9421.34126309525  4.576072005611962E-17
9425.00194724778  3.324100730416207E-17
9428.66259444663  3.648293326554929E-17
9432.32320423935  3.855355824467163E-17
9435.98377617264  3.058734572464295E-17
9439.64430979235  3.572385277846654E-17
9443.30480464348  3.070591710236875E-17
9446.96526027017  2.152654164363509E-17
9450.62567621566  3.636432880059899E-17
9454.28605202238  3.450504515926150E-17
9457.94638723185  3.081178629460819E-17
9461.60668138473  3.453014181904636E-17
9465.26693402083  4.123766668817760E-17
9468.92714467904  4.032762573930392E-17
9472.58731289741  4.261068062589722E-17
9476.2474382131  3.264102011865285E-17
9479.90752016238  3.912560326908881E-17
9483.56755828062  2.979864886290834E-17
9487.22755210235  2.596153832664838E-17
9490.88750116115  3.397664549268508E-17
9494.54740498976  3.861527915325790E-17
9498.20726311997  3.695424423496977E-17
9501.86707508273  3.954479193375108E-17
9505.52684040803  3.891086056462515E-17
9509.18655862502  3.891104916180481E-17
9512.84622926189  3.752736790290570E-17
9516.50585184595  3.579400100313348E-17
9520.16542590359  3.629609632623072E-17
9523.82495096029  2.864471205606216E-17
9527.48442654061  3.983103943908627E-17
9531.1438521682  3.850161791964821E-17
9534.80322736579  3.395847729771096E-17
9538.46255165517  3.506353434780015E-17
9542.12182455722  4.078729662314453E-17
9545.78104559189  3.407170839740212E-17
9549.4402142782  3.203900137755921E-17
9553.09933013421  3.523208397813641E-17
9556.7583926771  3.174974955223921E-17
9560.41740142306  4.126163838232938E-17
9564.07635588737  4.548640049521742E-17
9567.73525558434  2.815862102345660E-17
9571.39410002736  3.363086745302565E-17
9575.05288872886  2.859168647007507E-17
9578.71162120031  3.716321321875781E-17
9582.37029695225  2.970775494847856E-17
9586.02891549426  3.505088841059544E-17
9589.68747633493  3.548791108926436E-17
9593.34597898192  3.563768702841811E-17
9597.00442294193  3.735684958271157E-17
9600.66280772067  3.286067296723263E-17
9604.3211328229  3.266291062638346E-17
9607.97939775241  3.383682880810646E-17
9611.637602012  3.044481588765516E-17
9615.29574510351  3.007945021109049E-17
9618.9538265278  2.446797439517773E-17
9622.61184578474  3.394407112016274E-17
9626.26980237323  3.291930022032794E-17
9629.92769579116  3.023928466649289E-17
9633.58552553547  3.200313482619891E-17
9637.24329110207  3.147485758235314E-17
9640.90099198591  3.227015534537593E-17
9644.55862768092  3.367255073845343E-17
9648.21619768003  3.107086257118225E-17
9651.8737014752  3.521533191637098E-17
9655.53113855735  3.447552473756070E-17
9659.18850841642  2.830405261003323E-17
9662.84581054132  2.560203901498793E-17
9666.50304441997  3.438588482893956E-17
9670.16020953927  2.476137701281152E-17
9673.81730538509  3.433552938196978E-17
9677.4743314423  3.648004805957271E-17
9681.13128719475  3.758438380816776E-17
9684.78817212524  4.223205028102966E-17
9688.44498571558  4.110140357151052E-17
9692.10172744653  3.854591840453409E-17
9695.75839679782  4.262535811868636E-17
9699.41499324816  4.368546617428942E-17
9703.07151627521  3.568091879595258E-17
9706.72796535558  3.902369792634472E-17
9710.38433996488  3.410541435300243E-17
9714.04063957764  3.929472199968649E-17
9717.69686366735  2.508040072273852E-17
9721.35301170647  4.043101008098324E-17
