3614.75926641207  -3.741565976315975E-13
3617.7023739733  -1.101443697533455E-13
3620.64696440205  2.716030796535291E-13
3623.59303512061  -1.513992381983742E-13
3626.54058355475  -1.557915851446018E-13
3629.48960713371  -4.813509007074550E-14
3632.44010329022  4.548006826219221E-16
3635.39206946043  2.184800192324421E-14
3638.34550308401  2.889798589224973E-14
3641.30040160404  4.651118560932387E-14
3644.25676246709  4.228907873296724E-14
3647.21458312317  1.024630684118288E-14
3650.17386102575  -3.430226573638662E-15
3653.13459363174  -9.238906840090821E-15
3656.09677840151  6.587472639585628E-15
3659.06041279887  -1.152128031514785E-14
3662.02549429107  -2.508542961028592E-14
3664.9920203488  -5.872214302001573E-15
3667.95998844618  7.845264897248481E-15
3670.92939606078  -2.362652716698943E-15
3673.90024067358  8.419079744069382E-15
3676.87251976901  -7.588353875115622E-15
3679.84623083491  -2.095781434139320E-15
3682.82137136255  -1.678020019993171E-15
3685.79793884663  5.258761277864487E-15
3688.77593078524  -2.515966315426682E-15
3691.75534467992  -1.555936208393343E-15
3694.7361780356  -2.554755130455009E-15
3697.71842836062  1.460132970410619E-15
3700.70209316675  7.983985388844448E-16
3703.68716996913  1.227192715987259E-16
3706.67365628632  -3.160064197502041E-16
3709.66154964029  1.923696314751005E-15
3712.6508475564  5.488976786115207E-16
3715.64154756338  4.310926010051886E-16
3718.63364719339  7.325007520165995E-16
3721.62714398196  5.957860344397297E-16
3724.62203546799  6.464825974592349E-16
3727.61831919379  -4.602732367626789E-17
3730.61599270505  8.173773179193023E-16
3733.61505355081  1.138501087220344E-16
3736.61549928351  -3.565475341881630E-16
3739.61732745897  -2.251048820239019E-16
3742.62053563635  -4.393084500166410E-16
3745.6251213782  8.975632271183474E-16
3748.63108225043  1.517847836672836E-16
3751.63841582231  -1.242438779642244E-16
3754.64711966647  -4.183870604742598E-17
3757.6571913589  -1.318996926137538E-16
3760.66862847894  1.046734596505997E-16
3763.68142860929  -1.462766673776318E-17
3766.69558933598  7.628711580450719E-17
3769.7111082484  3.774237464342089E-16
3772.72798293929  9.920693400214702E-17
3775.74621100472  -3.627332900705080E-17
3778.7657900441  2.134842120273936E-16
3781.78671766018  -6.142281254582728E-17
3784.80899145902  -1.689137221546765E-16
3787.83260905005  -6.902368916779336E-17
3790.85756804601  1.480000948751636E-16
3793.88386606294  2.344601260070317E-17
3796.91150072025  -5.736880036370490E-17
3799.94046964062  -2.007980109791863E-17
3802.97077045008  4.005023237524548E-17
3806.00240077798  6.937072038608080E-18
3809.03535825694  5.788251261132484E-17
3812.06964052294  1.345853826265910E-16
3815.10524521522  -3.536984594607344E-18
3818.14216997636  2.758637623492150E-18
3821.18041245222  4.175886492034114E-18
3824.21997029197  -9.321096313082367E-18
3827.26084114807  2.062609268114457E-17
3830.30302267627  -9.664334081080635E-18
3833.34651253562  -1.836914692340588E-17
3836.39130838844  2.313256243374355E-17
3839.43740790036  2.400193752934290E-17
3842.48480874026  4.783774906754434E-18
3845.53350858034  2.760363080890905E-17
3848.58350509605  2.541494647686008E-18
3851.63479596611  8.746147884715133E-18
3854.68737887253  3.779291934931483E-17
3857.74125150058  7.316850096575569E-18
3860.79641153879  3.160195222911069E-17
3863.85285667898  3.570687572357449E-17
3866.91058461619  1.433047563292390E-17
3869.96959304876  -3.606880032879095E-17
3873.02987967824  -5.759012577148326E-18
3876.09144220949  1.606014482856286E-18
3879.15427835058  2.438340510371154E-17
3882.21838581282  2.844578504491051E-17
3885.28376231081  1.355728840767466E-17
3888.35040556234  3.647710991403692E-18
3891.41831328849  1.408937895414430E-17
3894.48748321353  8.311142699560235E-18
3897.557913065  -2.174981671611724E-18
3900.62960057366  1.913420792631741E-17
3903.70254347349  4.917772706595981E-17
3906.77673950171  2.824287764065125E-17
3909.85218639876  5.561658036341139E-18
3912.92888190829  2.247880850841839E-17
3916.00682377718  1.415316450553949E-17
3919.08600975554  1.349058704462022E-17
3922.16643759666  2.346850198719726E-17
3925.24810505706  2.424514517304575E-17
3928.33100989648  2.526011067389934E-17
3931.41514987783  2.154858931568208E-17
3934.50052276726  1.902556602466469E-17
3937.5871263341  2.093398750311028E-17
3940.67495835087  7.099858288026372E-18
3943.76401659331  1.996734258491959E-17
3946.85429884033  5.906206472019994E-18
3949.94580287404  1.775563243974928E-18
3953.03852647973  1.556345781910565E-17
3956.13246744588  1.359389611286381E-17
3959.22762356415  1.646384226150839E-17
3962.32399262937  2.288727525798075E-17
3965.42157243956  2.433489096078531E-17
3968.52036079591  2.420400286373858E-17
3971.62035550278  1.581731789473695E-17
3974.72155436768  2.538307603503903E-17
3977.82395520131  2.513777727874765E-17
3980.92755581753  1.812552734375799E-17
3984.03235403334  1.840476201185996E-17
3987.13834766892  2.158950663186263E-17
3990.2455345476  2.084140283150845E-17
3993.35391249585  2.984840543111463E-17
3996.4634793433  2.819185383174653E-17
3999.57423292272  1.602895536318108E-17
4002.68617107004  2.084927759093995E-17
4005.7992916243  2.241692050934840E-17
4008.91359242772  2.015446903745256E-17
4012.02907132563  3.163051643002337E-17
4015.14572616649  2.564320117662980E-17
4018.2635548019  1.769871538257043E-17
4021.38255508658  2.520337601004555E-17
4024.50272487841  1.779805646541560E-17
4027.62406203834  1.677357011571152E-17
4030.74656443047  2.275554012798678E-17
4033.87022992202  1.980443598072217E-17
4036.99505638332  1.416116003334042E-17
4040.1210416878  1.892545566384984E-17
4043.24818371201  1.703666318134014E-17
4046.37648033562  1.511795488479684E-17
4049.50592944137  1.558386105609488E-17
4052.63652891515  1.894874906989934E-17
4055.7682766459  2.643818626538104E-17
4058.90117052568  2.146807155485617E-17
4062.03520844965  2.800654883092241E-17
4065.17038831604  2.582166870251056E-17
4068.30670802619  2.362090505197648E-17
4071.44416548452  2.760720753787773E-17
4074.58275859851  2.290708127056772E-17
4077.72248527876  2.353257870616807E-17
4080.86334343892  2.412981965204361E-17
4084.00533099572  3.010519538047558E-17
4087.14844586897  2.250682677012679E-17
4090.29268598153  1.507951249300905E-17
4093.43804925935  1.790838416115670E-17
4096.58453363144  2.485375488926021E-17
4099.73213702986  3.307799316648502E-17
4102.88085738974  2.491512341890552E-17
4106.03069264925  2.312432040612007E-17
4109.18164074965  2.209184845478241E-17
4112.33369963521  2.453924262239408E-17
4115.48686725326  2.067456215631772E-17
4118.6411415542  2.134106128052110E-17
4121.79652049144  2.111471819514699E-17
4124.95300202145  2.431713801047869E-17
4128.11058410373  1.889515603801203E-17
4131.26926470082  2.746655870960288E-17
4134.42904177829  2.502941992722565E-17
4137.58991330474  2.297638907973231E-17
4140.7518772518  2.252500158254580E-17
4143.91493159411  1.867710130237570E-17
4147.07907430935  2.607282720626126E-17
4150.24430337822  1.863182143564454E-17
4153.41061678442  1.994977657743141E-17
4156.57801251467  2.305711032698891E-17
4159.74648855871  2.144946329979618E-17
4162.91604290928  2.008625641541899E-17
4166.08667356213  2.233143801048594E-17
4169.25837851601  2.041542301401711E-17
4172.43115577267  1.842647384857826E-17
4175.60500333686  1.944059066212337E-17
4178.77991921633  2.508892895485394E-17
4181.95590142181  2.469583287543404E-17
4185.13294796704  1.736937342168244E-17
4188.31105686872  2.222024508382411E-17
4191.49022614656  2.166888288344321E-17
4194.67045382323  2.250099845553074E-17
4197.8517379244  1.721041412336812E-17
4201.0340764787  2.483194709959086E-17
4204.21746751775  1.967418812146957E-17
4207.40190907613  1.726511061419258E-17
4210.58739919139  2.059400634518364E-17
4213.77393590404  2.448230116338715E-17
4216.96151725757  1.798601837036725E-17
4220.15014129841  1.988923026531498E-17
4223.33980607597  2.002690620646831E-17
4226.53050964259  1.901726113131466E-17
4229.7222500536  2.239931976027449E-17
4232.91502536723  2.302858583074563E-17
4236.10883364471  2.387189646524344E-17
4239.30367295017  2.351414746775915E-17
4242.4995413507  1.882962678988558E-17
4245.69643691634  2.585550204392521E-17
4248.89435772006  2.256094754324490E-17
4252.09330183776  2.692217956795317E-17
4255.29326734826  2.456324409504791E-17
4258.49425233333  2.179526615487397E-17
4261.69625487766  2.298441604039653E-17
4264.89927306885  2.710328745434920E-17
4268.10330499745  2.239071377318149E-17
4271.30834875689  2.450677743771260E-17
4274.51440244355  2.175924905664218E-17
4277.72146415669  2.143970256856805E-17
4280.92953199852  1.826661457775749E-17
4284.13860407412  1.992698940591680E-17
4287.3486784915  1.606227916133840E-17
4290.55975336155  1.681267921507303E-17
4293.77182679809  2.406521850056444E-17
4296.9848969178  2.258013151601124E-17
4300.19896184029  2.486217062481233E-17
4303.41401968803  2.682542094298038E-17
4306.6300685864  2.526538312312375E-17
4309.84710666366  2.228576771450566E-17
4313.06513205095  2.166982421498030E-17
4316.2841428823  2.595455857663966E-17
4319.50413729461  1.846229407782425E-17
4322.72511342765  2.411561365220362E-17
4325.94706942408  1.995611774400724E-17
4329.17000342941  2.523510004089819E-17
4332.39391359205  2.012323138880011E-17
4335.61879806323  1.809687049861670E-17
4338.84465499708  2.050778103813111E-17
4342.07148255057  1.940090419069430E-17
4345.29927888353  1.949861738209397E-17
4348.52804215865  2.243636752554952E-17
4351.75777054147  1.927423967785528E-17
4354.98846220038  1.853536225005351E-17
4358.2201153066  1.851765231313875E-17
4361.45272803422  1.859824452021979E-17
4364.68629856016  1.959888656158641E-17
4367.92082506416  1.853534736080248E-17
4371.15630572883  1.746076199011853E-17
4374.39273873959  1.641209715110952E-17
4377.63012228469  2.251630295122419E-17
4380.86845455521  2.107164690065135E-17
4384.10773374508  1.964753470777189E-17
4387.34795805101  1.658559663023130E-17
4390.58912567256  1.786710123114540E-17
4393.83123481209  1.913803942691475E-17
4397.07428367479  1.555192030392176E-17
4400.31827046865  2.020412138090167E-17
4403.56319340447  1.725080866140154E-17
4406.80905069586  1.688915206270356E-17
4410.05584055924  1.763890360683795E-17
4413.30356121382  1.873546220331377E-17
4416.55221088162  1.701649817236732E-17
4419.80178778743  1.862151807393459E-17
4423.05229015887  1.721994655274719E-17
4426.30371622632  1.766159813412395E-17
4429.55606422296  1.778974495462066E-17
4432.80933238477  1.890577372835476E-17
4436.06351895048  2.040334617707384E-17
4439.31862216163  1.535959584841950E-17
4442.57464026251  1.679171845835094E-17
4445.83157150022  1.503713437586673E-17
4449.08941412459  1.461205122215941E-17
4452.34816638826  1.602610159006778E-17
4455.6078265466  1.854347689186266E-17
4458.86839285777  1.946644667371055E-17
4462.12986358268  2.286867527472688E-17
4465.39223698499  2.475766462622237E-17
4468.65551133115  1.893710236687459E-17
4471.91968489032  1.657223104589367E-17
4475.18475593443  1.878885836621529E-17
4478.45072273817  1.942033631764439E-17
4481.71758357896  1.566451778326370E-17
4484.98533673696  1.712241864980474E-17
4488.25398049508  1.155782991255332E-17
4491.52351313897  1.502514025698471E-17
4494.793932957  1.878432707081972E-17
4498.06523824028  1.635814181411392E-17
4501.33742728265  1.667919542526412E-17
4504.61049838068  1.531019827659906E-17
4507.88444983365  1.706986951985047E-17
4511.15927994359  1.435658476177853E-17
4514.43498701521  1.380616802883778E-17
4517.71156935597  1.609936166819915E-17
4520.98902527602  1.385041805570630E-17
4524.26735308824  1.340524682082313E-17
4527.5465511082  1.686002372461312E-17
4530.82661765419  1.492582895264159E-17
4534.1075510472  1.643062434246949E-17
4537.3893496109  1.551948158901988E-17
4540.67201167169  1.463046922567851E-17
4543.95553555863  1.432108216988775E-17
4547.23991960352  1.803152323022501E-17
4550.5251621408  1.188622061573687E-17
4553.81126150761  1.838081844184901E-17
4557.09821604381  1.453573388448403E-17
4560.38602409188  1.782212907560212E-17
4563.67468399704  1.563045944872244E-17
4566.96419410713  1.807693544585417E-17
4570.25455277272  1.748861812442686E-17
4573.545758347  1.533739101205613E-17
4576.83780918585  1.566868842791219E-17
4580.13070364784  1.531313973085730E-17
4583.42444009415  2.010846290614359E-17
4586.71901688867  1.899176907919700E-17
4590.01443239791  2.106203506193349E-17
4593.31068499106  1.872774295383742E-17
4596.60777303995  2.087205649064844E-17
4599.90569491906  1.888728127858052E-17
4603.20444900554  2.344813018307131E-17
4606.50403367914  1.837286096435624E-17
4609.80444732228  2.185712768416436E-17
4613.10568832002  2.006415249509034E-17
4616.40775506006  2.301258154025396E-17
4619.71064593271  2.250046575121626E-17
4623.01435933092  2.131918069895785E-17
4626.31889365029  3.202221953729173E-17
4629.62424728903  2.417382069754775E-17
4632.93041864796  2.419206003005454E-17
4636.23740613054  2.159822180679649E-17
4639.54520814284  2.221983314787906E-17
4642.85382309354  2.308496149821357E-17
4646.16324939395  2.349664928908121E-17
4649.47348545796  2.128506777049616E-17
4652.7845297021  2.453151840983406E-17
4656.09638054548  2.734173384644618E-17
4659.40903640983  2.593025435588162E-17
4662.72249571945  2.447252057982432E-17
4666.03675690128  2.488099229247036E-17
4669.35181838481  2.660237334516668E-17
4672.66767860216  2.986561740530063E-17
4675.984335988  2.936134825155361E-17
4679.30178897962  2.717903900048558E-17
4682.62003601686  2.901337652890970E-17
4685.93907554218  2.895787932725229E-17
4689.25890600058  2.598611220828610E-17
4692.57952583966  2.748162663164115E-17
4695.90093350958  2.947776565096432E-17
4699.22312746308  2.901382982388538E-17
4702.54610615545  2.639278232155800E-17
4705.86986804457  3.171731745478224E-17
4709.19441159085  2.629620733068121E-17
4712.51973525728  3.072520364553104E-17
4715.84583750941  2.527450857964144E-17
4719.17271681534  2.991303470673462E-17
4722.5003716457  2.486743480223061E-17
4725.82880047371  2.704002964418481E-17
4729.15800177509  2.783084243392634E-17
4732.48797402814  2.626486380291035E-17
4735.81871571368  2.778000391347883E-17
4739.15022531508  2.687466465920689E-17
4742.48250131823  2.936856788393997E-17
4745.81554221157  2.464631288088294E-17
4749.14934648605  2.353838551406818E-17
4752.48391263516  2.476832863867941E-17
4755.81923915493  2.220418123632833E-17
4759.15532454389  2.515772887512242E-17
4762.49216730308  2.370490524318124E-17
4765.82976593608  2.670389156738409E-17
4769.16811894898  2.642726086385044E-17
4772.50722485037  2.612618862757706E-17
4775.84708215136  2.514905009613552E-17
4779.18768936556  2.613978085940253E-17
4782.52904500909  3.010067235688615E-17
4785.87114760055  2.604575689353485E-17
4789.21399566106  2.997623130553368E-17
4792.55758771424  3.269153769302270E-17
4795.90192228617  3.111680749112589E-17
4799.24699790546  2.790944113573113E-17
4802.59281310318  2.940693913819508E-17
4805.9393664129  2.484658654207183E-17
4809.28665637065  3.176527738669805E-17
4812.63468151497  2.837714559768086E-17
4815.98344038686  2.765479854724036E-17
4819.3329315298  3.074273325707226E-17
4822.68315348972  2.934620092017653E-17
4826.03410481504  2.950984702384157E-17
4829.38578405666  2.937484453042802E-17
4832.7381897679  3.089162576733180E-17
4836.09132050459  2.589238768180017E-17
4839.44517482498  2.984119572489562E-17
4842.7997512898  2.850355864761366E-17
4846.15504846221  2.805110739615941E-17
4849.51106490783  3.229461673045034E-17
4852.86779919475  3.082066359694211E-17
4856.22524989347  2.992050249330475E-17
4859.58341557695  2.792720235784387E-17
4862.9422948206  2.829928474098247E-17
4866.30188620223  2.917966630181245E-17
4869.66218830212  3.411985030905271E-17
4873.02319970297  3.007842781585337E-17
4876.38491898991  2.832138369822743E-17
4879.74734475049  2.788368273145623E-17
4883.11047557469  3.010631041994131E-17
4886.47431005491  2.445858754958648E-17
4889.83884678597  2.876629767994010E-17
4893.20408436509  2.827380426939338E-17
4896.57002139193  2.629083231106084E-17
4899.93665646854  2.354147420647546E-17
4903.30398819939  2.511754774968705E-17
4906.67201519133  2.728960988732676E-17
4910.04073605365  2.449122975091905E-17
4913.41014939802  2.468896396762740E-17
4916.7802538385  2.439732986214325E-17
4920.15104799155  2.739640717621349E-17
4923.52253047602  2.467168581899239E-17
4926.89469991317  2.626053599394547E-17
4930.26755492661  2.554994648873179E-17
4933.64109414237  2.502278097562930E-17
4937.01531618883  2.499943628438183E-17
4940.39021969676  2.740259283283416E-17
4943.76580329932  2.696529056711820E-17
4947.14206563202  2.327473658306794E-17
4950.51900533276  2.517766227352373E-17
4953.89662104179  2.324190909327815E-17
4957.27491140174  2.536939777642985E-17
4960.6538750576  2.666856102906073E-17
4964.0335106567  2.483751071639090E-17
4967.41381684876  2.592076990297809E-17
4970.79479228582  2.362413436508789E-17
4974.17643562231  2.223654385061386E-17
4977.55874551498  2.032422800584437E-17
4980.94172062293  2.339659517654802E-17
4984.32535960761  2.412405089445166E-17
4987.70966113281  2.489669548921907E-17
4991.09462386466  2.386586962730038E-17
4994.48024647162  2.352692575386188E-17
4997.8665276245  2.663815056102083E-17
5001.25346599641  2.123295704626654E-17
5004.64106026282  2.406441282664781E-17
5008.02930910151  2.106657793785763E-17
5011.41821119257  1.928783687276443E-17
5014.80776521843  2.139108089216219E-17
5018.19796986384  2.072877061058077E-17
5021.58882381584  2.308006128026480E-17
5024.98032576381  2.199108958436732E-17
5028.37247439942  2.152602879165530E-17
5031.76526841665  2.303133868782420E-17
5035.15870651179  1.845901017079242E-17
5038.55278738343  1.904613635213766E-17
5041.94750973245  1.996942708006322E-17
5045.34287226204  1.803679402508820E-17
5048.73887367767  2.094183248403973E-17
5052.1355126871  1.930522586360152E-17
5055.5327880004  2.042895238011603E-17
5058.9306983299  1.892166055919945E-17
5062.32924239023  1.820105224240653E-17
5065.72841889828  2.058950482829013E-17
5069.12822657323  2.046508528363357E-17
5072.52866413655  1.724424581042154E-17
5075.92973031195  1.713588845889955E-17
5079.33142382544  1.884622499605707E-17
5082.73374340526  1.728499107303469E-17
5086.13668778196  1.817254263541428E-17
5089.54025568831  1.998664898041657E-17
5092.94444585937  2.006369589139222E-17
5096.34925703244  1.568868634640127E-17
5099.75468794707  1.666296779600705E-17
5103.16073734507  1.484560566811375E-17
5106.56740397049  1.623095452312776E-17
5109.97468656963  1.514792032966718E-17
5113.38258389105  1.851010677159104E-17
5116.79109468551  1.973593549983543E-17
5120.20021770604  1.749784946006295E-17
5123.60995170789  1.936026480719957E-17
5127.02029544856  1.908329330525354E-17
5130.43124768776  1.785279266090946E-17
5133.84280718743  1.914113804548937E-17
5137.25497271174  1.924515766187914E-17
5140.66774302708  1.944418724342675E-17
5144.08111690206  1.832626588045114E-17
5147.4950931075  1.943819514706941E-17
5150.90967041643  1.791249524880109E-17
5154.32484760412  1.972251366721614E-17
5157.74062344802  1.731965490378433E-17
5161.15699672778  1.953183033804920E-17
5164.57396622527  2.090605526818559E-17
5167.99153072456  2.166050685256050E-17
5171.40968901191  2.100805490951950E-17
5174.82843987578  1.830544574443317E-17
5178.24778210682  2.382923545233163E-17
5181.66771449787  1.892194510933018E-17
5185.08823584395  2.064393000387366E-17
5188.50934494229  2.043207085102535E-17
5191.93104059226  2.000026602766042E-17
5195.35332159544  2.143123885654041E-17
5198.77618675558  2.168800068176055E-17
5202.1996348786  1.949641211858090E-17
5205.62366477259  2.054873971334228E-17
5209.04827524782  2.158617474835527E-17
5212.4734651167  2.362426671398590E-17
5215.89923319383  2.339104314027657E-17
5219.32557829597  2.208079566743748E-17
5222.752499242  2.289911386690761E-17
5226.17999485301  2.192966646080158E-17
5229.6080639522  2.034927668915370E-17
5233.03670536494  2.343417399177631E-17
5236.46591791873  2.381695843768012E-17
5239.89570044325  2.279992829401760E-17
5243.32605177027  2.308407310623569E-17
5246.75697073374  1.966894710510843E-17
5250.18845616974  1.616482143315415E-17
5253.62050691647  1.877479795016311E-17
5257.05312181426  1.969108080393913E-17
5260.48629970559  1.861229831882707E-17
5263.92003943504  1.658294138046500E-17
5267.35433984934  2.043406601066283E-17
5270.78919979731  1.952573898001835E-17
5274.22461812991  1.816606746557921E-17
5277.66059370021  1.973680073075616E-17
5281.0971253634  1.862968730966416E-17
5284.53421197675  1.926231338778349E-17
5287.97185239968  1.852256576597732E-17
5291.41004549367  1.744890683757941E-17
5294.84879012235  1.806146385967698E-17
5298.2880851514  1.828171724138148E-17
5301.72792944864  2.065567927729436E-17
5305.16832188395  1.908950046857014E-17
5308.60926132932  2.010531796545466E-17
5312.05074665882  1.932242294853649E-17
5315.49277674862  2.031717711830296E-17
5318.93535047696  2.090253975058224E-17
5322.37846672415  1.886577458265414E-17
5325.82212437261  2.453590412144181E-17
5329.2663223068  2.263029340271767E-17
5332.71105941329  2.125584844253834E-17
5336.15633458068  2.304838191716525E-17
5339.60214669966  2.268009960176072E-17
5343.04849466299  2.168820747691369E-17
5346.49537736548  2.257833322535955E-17
5349.942793704  2.416585329388764E-17
5353.39074257748  2.415186070664570E-17
5356.83922288689  2.006144926884852E-17
5360.28823353529  2.286407615052108E-17
5363.73777342775  2.353335791030509E-17
5367.1878414714  2.435676657926488E-17
5370.6384365754  2.077174429776413E-17
5374.08955765099  2.366957635921910E-17
5377.54120361139  2.454952447740811E-17
5380.99337337191  2.288205409395432E-17
5384.44606584986  2.171151908093666E-17
5387.8992799646  2.372609264739117E-17
5391.35301463749  2.480358638510887E-17
5394.80726879193  2.253373660981436E-17
5398.26204135336  2.195270178649996E-17
5401.71733124922  2.414252680061364E-17
5405.17313740896  2.485196817913710E-17
5408.62945876406  2.211510546488494E-17
5412.086294248  2.477725722621130E-17
5415.54364279629  2.218106484692993E-17
5419.00150334641  2.348325392624153E-17
5422.45987483787  2.145308635087916E-17
5425.91875621218  2.298059446596653E-17
5429.37814641283  2.318809272262546E-17
5432.83804438534  2.200350225663929E-17
5436.29844907718  2.387744519279245E-17
5439.75935943784  2.337184096953676E-17
5443.22077441879  2.407017000371118E-17
5446.68269297347  2.595710463856510E-17
5450.14511405734  2.318569224448783E-17
5453.60803662779  2.388119066660609E-17
5457.07145964423  2.349563516565023E-17
5460.53538206802  2.052841257696941E-17
5463.9998028625  2.419473678651677E-17
5467.46472099297  2.381061892546552E-17
5470.93013542672  2.216899959051523E-17
5474.39604513296  2.221373186368087E-17
5477.8624490829  2.390251207407525E-17
5481.32934624971  2.365161495939813E-17
5484.79673560848  2.474280349933725E-17
5488.26461613629  2.205522255161978E-17
5491.73298681214  1.991113069921293E-17
5495.201846617  2.312700212566597E-17
5498.67119453378  2.182206680672069E-17
5502.14102954733  2.367349223223893E-17
5505.61135064443  1.976353355379265E-17
5509.08215681382  2.197722603730093E-17
5512.55344704614  2.571833233730676E-17
5516.02522033401  2.420189686189902E-17
5519.49747567193  2.083090590953515E-17
5522.97021205635  2.181457089600973E-17
5526.44342848564  2.129399139494438E-17
5529.91712396011  2.219014067261086E-17
5533.39129748195  2.177962582385182E-17
5536.8659480553  1.976649155166314E-17
5540.34107468619  2.073111649479797E-17
5543.81667638257  2.256227434094744E-17
5547.29275215431  2.110584751025797E-17
5550.76930101316  2.047894552197751E-17
5554.24632197279  2.036412127242657E-17
5557.72381404877  2.077663128082309E-17
5561.20177625855  2.107998157250344E-17
5564.6802076215  2.091854238671269E-17
5568.15910715885  2.057818403442672E-17
5571.63847389376  2.761618079316270E-17
5575.11830685124  2.360001377842584E-17
5578.5986050582  2.240306688844936E-17
5582.07936754342  1.746763586100884E-17
5585.56059333759  2.383564941080137E-17
5589.04228147324  1.913695912903475E-17
5592.52443098478  2.084790777984557E-17
5596.00704090851  2.127883413739996E-17
5599.49011028258  2.288438674328172E-17
5602.973638147  1.879395876187229E-17
5606.45762354367  2.168329402407512E-17
5609.94206551631  2.136717537245940E-17
5613.42696311055  1.897287131092261E-17
5616.91231537382  1.924231381493318E-17
5620.39812135544  1.692317731002031E-17
5623.88438010655  1.877486081588967E-17
5627.37109068017  1.909011919966833E-17
5630.85825213113  1.818243240681796E-17
5634.34586351614  2.008266314283805E-17
5637.8339238937  1.910595805403749E-17
5641.32243232418  1.904700489178084E-17
5644.81138786978  1.893931424783256E-17
5648.30078959453  2.020822915982361E-17
5651.79063656427  1.906610449212469E-17
5655.28092784669  2.004307593308249E-17
5658.77166251129  1.832660171577983E-17
5662.26283962939  2.205397516325605E-17
5665.75445827413  1.667081608565896E-17
5669.24651752046  1.974626864004744E-17
5672.73901644515  2.126381253747600E-17
5676.23195412678  1.576215652840823E-17
5679.72532964572  1.841250276803224E-17
5683.21914208417  1.882954076310187E-17
5686.7133905261  1.829140187199325E-17
5690.20807405732  1.620188905076387E-17
5693.70319176539  1.814941135676485E-17
5697.19874273969  2.027423320962166E-17
5700.69472607139  1.696824707287587E-17
5704.19114085345  2.087361489892249E-17
5707.6879861806  2.213784300556281E-17
5711.18526114937  2.141142622650853E-17
5714.68296485807  1.766508221886402E-17
5718.18109640676  1.904305427717528E-17
5721.67965489731  1.980319686416457E-17
5725.17863943334  1.778097022268270E-17
5728.67804912025  1.957932704882199E-17
5732.17788306521  1.932613533512563E-17
5735.67814037714  2.018097521300121E-17
5739.17882016672  1.774893848064220E-17
5742.67992154642  1.854207730226622E-17
5746.18144363043  1.912444388636683E-17
5749.68338553471  1.611139880047302E-17
5753.18574637697  1.892325867214291E-17
5756.68852527667  1.684412862196229E-17
5760.19172135501  1.578636810493766E-17
5763.69533373493  1.645014249620329E-17
5767.19936154113  1.567112861071922E-17
5770.70380390001  1.617207249840379E-17
5774.20865993975  1.613353415366494E-17
5777.71392879023  1.507274780995959E-17
5781.21960958307  1.836869693715265E-17
5784.72570145163  1.713463776181337E-17
5788.23220353096  1.644781480995956E-17
5791.73911495787  1.677809313930096E-17
5795.24643487086  1.636349367267713E-17
5798.75416241017  1.641479706862889E-17
5802.26229671773  1.670977463814898E-17
5805.7708369372  1.706216350526392E-17
5809.27978221395  1.856284780744743E-17
5812.78913169502  1.462987530999869E-17
5816.29888452921  1.678459312455440E-17
5819.80903986697  1.862332463639240E-17
5823.31959686048  1.675688588275633E-17
5826.83055466359  1.614067272235127E-17
5830.34191243187  1.626955077050948E-17
5833.85366932256  1.393685181227319E-17
5837.36582449459  1.363155185588906E-17
5840.87837710857  1.895108171922674E-17
5844.39132632681  1.454586188390414E-17
5847.90467131329  1.777165616898536E-17
5851.41841123365  1.710643421164776E-17
5854.93254525522  1.555840705428539E-17
5858.44707254701  1.606665163805636E-17
5861.96199227968  1.792705362758202E-17
5865.47730362556  1.547913502746199E-17
5868.99300575865  1.721247545745461E-17
5872.50909785461  1.603292913884379E-17
5876.02557909075  1.728990783459569E-17
5879.54244864604  1.376764705489180E-17
5883.0597057011  1.434666686623402E-17
5886.5773494382  8.609206479945756E-18
5890.09537904127  1.831809002727666E-17
5893.61379369587  1.533854410183002E-17
5897.13259258919  1.835815700178750E-17
5900.6517749101  1.615757533098818E-17
5904.17133984907  1.435530097746785E-17
5907.6912865982  1.715238574903630E-17
5911.21161435126  1.446569484765795E-17
5914.73232230361  1.750557201826175E-17
5918.25340965226  1.394403008562893E-17
5921.77487559583  1.389647547221326E-17
5925.29671933456  1.338549622933720E-17
5928.81894007032  1.760344237397779E-17
5932.34153700659  1.386518819272405E-17
5935.86450934845  1.375803935207699E-17
5939.38785630261  1.376880262620753E-17
5942.91157707737  1.417038475153161E-17
5946.43567088265  1.329366098337033E-17
5949.96013692996  1.581360219942535E-17
5953.48497443241  1.385847396769196E-17
5957.01018260472  1.200060563238254E-17
5960.53576066319  1.708532787113786E-17
5964.06170782571  1.543772471163636E-17
5967.58802331178  1.635230191898929E-17
5971.11470634245  1.610104746228753E-17
5974.64175614039  1.385661860157800E-17
5978.16917192982  1.509774686243217E-17
5981.69695293657  1.656159019449378E-17
5985.22509838802  1.776027250939540E-17
5988.75360751313  1.651333578627989E-17
5992.28247954243  1.579850946196871E-17
5995.81171370801  1.624905158056919E-17
5999.34130924355  1.621846740460066E-17
6002.87126538427  1.524658643313251E-17
6006.40158136695  1.656395096796201E-17
6009.93225642994  1.647265173503208E-17
6013.46328981312  1.485113123460561E-17
6016.99468075794  1.420581620588971E-17
6020.52642850741  1.485128343583832E-17
6024.05853230606  1.787457894388288E-17
6027.59099139999  1.692845968541207E-17
6031.1238050368  1.559322804935143E-17
6034.65697246568  1.572129546050934E-17
6038.19049293731  1.705614493912699E-17
6041.72436570393  1.778828580802012E-17
6045.25859001931  1.588207124744882E-17
6048.79316513874  1.872212805183941E-17
6052.32809031903  1.619333269450762E-17
6055.86336481851  1.815835979663144E-17
6059.39898789705  1.723197706757616E-17
6062.93495881602  1.516458967337135E-17
6066.47127683831  1.675189798366263E-17
6070.00794122831  1.442616554054526E-17
6073.54495125194  1.798241186289651E-17
6077.08230617661  1.556222035690926E-17
6080.62000527124  1.644056539907115E-17
6084.15804780625  1.514184220652614E-17
6087.69643305356  1.587326839137003E-17
6091.23516028658  1.511447741750166E-17
6094.77422878022  1.531502073957024E-17
6098.31363781087  1.773257519376467E-17
6101.85338665641  1.832810718449468E-17
6105.39347459623  1.760795381703866E-17
6108.93390091117  1.593611426558936E-17
6112.47466488355  1.834174573843445E-17
6116.0157657972  1.660764430227828E-17
6119.55720293739  1.747763151153093E-17
6123.09897559088  1.904621079839279E-17
6126.64108304588  1.535552446544452E-17
6130.1835245921  1.635665785209499E-17
6133.72629952068  1.754429896018026E-17
6137.26940712424  1.663018331960913E-17
6140.81284669686  1.372703662271851E-17
6144.35661753405  1.800666645281779E-17
6147.9007189328  1.953819466568218E-17
6151.44515019156  1.549270575259154E-17
6154.98991061018  1.570467905636437E-17
6158.53499949001  1.456957053462113E-17
6162.0804161338  1.425850264782566E-17
6165.62615984578  1.725594545300550E-17
6169.17222993157  1.618610975339882E-17
6172.71862569826  1.710294185510156E-17
6176.26534645436  1.666113972685332E-17
6179.81239150982  1.818159364567684E-17
6183.35976017599  1.625484515357952E-17
6186.90745176567  1.562359384963825E-17
6190.45546559307  1.738152305051962E-17
6194.00380097382  1.629628359354597E-17
6197.55245722496  1.595179926436459E-17
6201.10143366496  1.710377730752024E-17
6204.65072961368  1.754174958953237E-17
6208.20034439241  1.528072417701257E-17
6211.75027732382  1.516430346887941E-17
6215.300527732  1.514919253344928E-17
6218.85109494244  1.530224245346752E-17
6222.40197828202  1.536723237983459E-17
6225.95317707901  1.566505545066186E-17
6229.50469066309  1.390129131773954E-17
6233.05651836531  1.650561322808109E-17
6236.60865951813  1.486036422460292E-17
6240.16111345535  1.423145880487886E-17
6243.71387951221  1.319788587614588E-17
6247.26695702528  1.519074843306273E-17
6250.82034533254  1.562196099510907E-17
6254.37404377331  1.316163882170381E-17
6257.92805168832  1.458356808494675E-17
6261.48236841963  1.483196876853520E-17
6265.03699331069  1.242438763098632E-17
6268.5919257063  1.196731492144973E-17
6272.14716495263  1.322675696106582E-17
6275.7027103972  1.239922479675246E-17
6279.25856138889  1.300195987625657E-17
6282.81471727792  1.188289204095196E-17
6286.37117741588  1.450850806180247E-17
6289.92794115569  1.186971753533583E-17
6293.48500785162  1.282436916182511E-17
6297.04237685928  1.787964459795415E-17
6300.60004753562  1.641736794597271E-17
6304.15801923893  1.525559939308688E-17
6307.71629132882  1.394252792563653E-17
6311.27486316624  1.294340293351333E-17
6314.83373411348  1.169435524547458E-17
6318.39290353413  1.278379677996000E-17
6321.95237079312  1.354993642639029E-17
6325.51213525671  1.191022870583561E-17
6329.07219629244  1.185560996998873E-17
6332.63255326921  1.331285405512340E-17
6336.1932055572  1.156725646281397E-17
6339.75415252791  1.544043620968431E-17
6343.31539355414  1.369224292461268E-17
6346.87692801002  1.375133009012857E-17
6350.43875527096  1.391249299759473E-17
6354.00087471365  1.266473984721463E-17
6357.56328571612  1.538569339674555E-17
6361.12598765767  1.576285136012278E-17
6364.68897991889  1.368924853079525E-17
6368.25226188165  1.515929075436733E-17
6371.81583292912  1.542233915224287E-17
6375.37969244576  1.363326494693766E-17
6378.94383981729  1.445827503756335E-17
6382.50827443073  1.502713872534464E-17
6386.07299567434  1.488749574869466E-17
6389.63800293769  1.200444871350846E-17
6393.2032956116  1.412773035606471E-17
6396.76887308817  1.315279212505255E-17
6400.33473476073  1.637162651245975E-17
6403.90088002393  1.339687327148225E-17
6407.46730827362  1.538261463050563E-17
6411.03401890694  1.423742277709536E-17
6414.60101132229  1.311394027886155E-17
6418.16828491928  1.223073720496215E-17
6421.73583909881  1.381177300466843E-17
6425.30367326302  1.228406388469221E-17
6428.87178681527  1.439345054731879E-17
6432.44017916018  1.191131231243806E-17
6436.0088497036  1.626323938243571E-17
6439.57779785261  1.389728941793601E-17
6443.14702301555  1.488130843771277E-17
6446.71652460195  1.259183959264972E-17
6450.28630202259  1.316350163244328E-17
6453.85635468948  1.236928582166171E-17
6457.42668201584  1.278391423960698E-17
6460.9972834161  1.320853086344883E-17
6464.56815830593  1.258943332424780E-17
6468.1393061022  1.384454755489902E-17
6471.71072622299  1.228748344934451E-17
6475.2824180876  1.293175705766920E-17
6478.85438111651  1.340038382600193E-17
6482.42661473144  1.452812216848733E-17
6485.99911835527  1.321607144191286E-17
6489.57189141212  1.344503089956448E-17
6493.14493332727  1.439889835883306E-17
6496.71824352722  1.476898723669541E-17
6500.29182143963  1.368905414335130E-17
6503.86566649337  1.478516854383818E-17
6507.4397781185  1.061154604514062E-17
6511.01415574623  1.153108633616887E-17
6514.58879880899  1.266094639692546E-17
6518.16370674034  1.508496361324577E-17
6521.73887897506  1.169410957283266E-17
6525.31431494908  1.308874353022257E-17
6528.89001409949  1.540352079330729E-17
6532.46597586456  1.583447031191884E-17
6536.04219968373  1.341652873719774E-17
6539.61868499757  1.152737312239912E-17
6543.19543124784  1.231725533395152E-17
6546.77243787744  1.141215596205722E-17
6550.34970433042  1.357353009900214E-17
6553.92723005199  1.470032959149229E-17
6557.5050144885  1.419171939389058E-17
6561.08305708745  1.429751248551367E-17
6564.66135729749  1.620180467834139E-17
6568.23991456838  1.502034426379313E-17
6571.81872835104  1.720335165529815E-17
6575.39779809752  1.741640360258975E-17
6578.97712326101  1.424937884566920E-17
6582.55670329581  1.392697858448176E-17
6586.13653765736  1.453801855733591E-17
6589.71662580222  1.318812018183408E-17
6593.29696718806  1.398836200337810E-17
6596.87756127368  1.366611807932643E-17
6600.45840751901  1.459086381794947E-17
6604.03950538505  1.148046453704185E-17
6607.62085433395  1.353462035016826E-17
6611.20245382896  1.352019101156288E-17
6614.78430333442  1.081873410906984E-17
6618.36640231577  1.467528752562786E-17
6621.94875023958  1.367302586462185E-17
6625.53134657349  1.277370104058379E-17
6629.11419078623  1.382068091268502E-17
6632.69728234764  1.283718467105540E-17
6636.28062072864  1.342803895542141E-17
6639.86420540124  1.319463505633855E-17
6643.44803583853  1.321037051313115E-17
6647.03211151469  1.332556947549957E-17
6650.61643190494  1.186670163482246E-17
6654.20099648564  1.259244508885811E-17
6657.78580473417  1.509031547180899E-17
6661.370856129  1.423971406739213E-17
6664.95615014967  1.216107039941170E-17
6668.54168627677  1.292725057769201E-17
6672.12746399198  1.585361127129332E-17
6675.71348277801  1.616716731737135E-17
6679.29974211864  1.509651932640314E-17
6682.88624149872  1.310130178628235E-17
6686.47298040411  1.501763442010640E-17
6690.05995832177  1.595985434916963E-17
6693.64717473966  1.569968784854823E-17
6697.23462914681  1.423913007787967E-17
6700.82232103329  1.340568439936717E-17
6704.4102498902  1.425752657470285E-17
6707.99841520968  1.291775702580173E-17
6711.5868164849  1.308286723915100E-17
6715.17545321007  1.594024685992967E-17
6718.76432488041  1.457084108404201E-17
6722.35343099218  1.350591883727390E-17
6725.94277104267  1.284038586002598E-17
6729.53234453015  1.509120055506442E-17
6733.12215095395  1.409003408118944E-17
6736.71218981441  1.341626073067927E-17
6740.30246061285  1.510860443515254E-17
6743.89296285162  1.208328895205212E-17
6747.48369603409  1.562801595719296E-17
6751.07465966462  1.356088664333927E-17
6754.66585324856  1.687611238752727E-17
6758.25727629227  1.387474461034087E-17
6761.8489283031  1.535410833223582E-17
6765.44080878942  1.536633406168936E-17
6769.03291726055  1.432144116627360E-17
6772.62525322682  1.533132116072122E-17
6776.21781619954  1.494629505535738E-17
6779.810605691  1.341396034139576E-17
6783.40362121449  1.420801981504155E-17
6786.99686228424  1.755280733996098E-17
6790.59032841549  1.493176480071727E-17
6794.18401912443  1.404912172809256E-17
6797.77793392824  1.304289952631366E-17
6801.37207234503  1.274738842529848E-17
6804.96643389391  1.172228169013499E-17
6808.56101809494  1.382874178775435E-17
6812.15582446913  1.311759310844659E-17
6815.75085253846  1.537837450268568E-17
6819.34610182584  1.545878638439318E-17
6822.94157185516  1.467013915349533E-17
6826.53726215125  1.521174227700932E-17
6830.13317223986  1.363359664636329E-17
6833.72930164771  1.588017534948485E-17
6837.32564990246  1.264782234932670E-17
6840.92221653269  1.254963849215849E-17
6844.51900106793  1.654025720649604E-17
6848.11600303863  1.486494845955769E-17
6851.71322197617  1.389272999839961E-17
6855.31065741288  1.330424310494673E-17
6858.90830888198  1.460131276344724E-17
6862.50617591763  1.567898351781602E-17
6866.1042580549  1.457369154843287E-17
6869.7025548298  1.463375313271034E-17
6873.30106577921  1.335786260661364E-17
6876.89979044097  1.498982129918992E-17
6880.49872835378  1.347088608397105E-17
6884.09787905729  1.324608320889751E-17
6887.69724209202  1.474330493303687E-17
6891.29681699941  1.125991585185867E-17
6894.89660332177  1.294695071116057E-17
6898.49660060235  1.339290611326445E-17
6902.09680838525  1.165911569701860E-17
6905.69722621548  1.051805643794865E-17
6909.29785363892  1.434255908731208E-17
6912.89869020237  1.329241111346477E-17
6916.49973545347  1.425261643058673E-17
6920.10098894076  1.207744657538565E-17
6923.70245021365  1.373462186893562E-17
6927.30411882243  1.451046020804809E-17
6930.90599431826  1.356687708533538E-17
6934.50807625316  1.432440081850531E-17
6938.11036418002  1.418319943358129E-17
6941.71285765259  1.537808995255496E-17
6945.31555622549  1.501550525720969E-17
6948.91845945419  1.364080221667924E-17
6952.52156689502  1.517120380954932E-17
6956.12487810515  1.457255003918755E-17
6959.72839264261  1.213619128812795E-17
6963.33211006627  1.424073480826803E-17
6966.93602993585  1.473972324098451E-17
6970.54015181192  1.333967042340176E-17
6974.14447525587  1.069176023068172E-17
6977.74899982994  1.327235777387465E-17
6981.35372509719  1.226665255997858E-17
6984.95865062153  1.327681545019569E-17
6988.56377596768  1.418536830114740E-17
6992.1691007012  1.272257466128311E-17
6995.77462438847  1.319974124225984E-17
6999.38034659667  1.371181898098936E-17
7002.98626689383  1.462661787274646E-17
7006.59238484877  1.476964236374056E-17
7010.19870003114  1.430785720625425E-17
7013.80521201139  1.144842617755644E-17
7017.41192036077  1.129931529161518E-17
7021.01882465136  1.295182776805218E-17
7024.625924456  1.255856377096793E-17
7028.23321934837  1.292988349358177E-17
7031.84070890293  1.289745387766662E-17
7035.44839269493  1.264442594573155E-17
7039.05627030041  1.419745175553558E-17
7042.66434129621  1.409170829474925E-17
7046.27260525994  1.271913938019918E-17
7049.88106177001  1.578508762934943E-17
7053.48971040561  1.294201823316792E-17
7057.09855074668  1.281022520053107E-17
7060.70758237396  1.480102890490326E-17
7064.31680486896  1.133451844412422E-17
7067.92621781396  1.500913265777058E-17
7071.53582079201  1.477575191974487E-17
7075.1456133869  1.665843484625026E-17
7078.75559518322  1.493708357205599E-17
7082.36576576628  1.449209514408819E-17
7085.97612472219  1.557883510669301E-17
7089.58667163777  1.343532889815984E-17
7093.19740610061  1.396577500957172E-17
7096.80832769907  1.213344339413304E-17
7100.41943602221  1.274471415037810E-17
7104.03073065988  1.281583017636173E-17
7107.64221120263  1.192310625361184E-17
7111.25387724178  1.513168442860399E-17
7114.86572836938  1.347402854311814E-17
7118.47776417818  1.356896158047901E-17
7122.0899842617  1.154687225097883E-17
7125.70238821417  1.348660251560956E-17
7129.31497563055  1.388839888071229E-17
7132.92774610651  1.534239710912330E-17
7136.54069923845  1.214318013712341E-17
7140.15383462348  1.466195833723718E-17
7143.76715185944  1.399558329012569E-17
7147.38065054486  1.290533608172364E-17
7150.99433027899  1.317533693264769E-17
7154.60819066179  1.392403216713984E-17
7158.2222312939  1.475822396256488E-17
7161.8364517767  1.426721616839830E-17
7165.45085171222  1.245736649482820E-17
7169.06543070324  1.502286716466142E-17
7172.68018835318  1.366545798919761E-17
7176.29512426618  1.319869816750741E-17
7179.91023804707  1.394077595709914E-17
7183.52552930135  1.456721968732026E-17
7187.1409976352  1.224950676024159E-17
7190.7566426555  1.529148579678189E-17
7194.37246396978  1.083634147558864E-17
7197.98846118627  1.247984926387739E-17
7201.60463391386  1.283058956003151E-17
7205.2209817621  1.308303598399596E-17
7208.83750434121  1.200254454373837E-17
7212.45420126209  1.179339192585433E-17
7216.07107213628  1.435547799411893E-17
7219.68811657599  1.193253114951127E-17
7223.30533419409  1.060139902056643E-17
7226.92272460407  1.029119801905292E-17
7230.54028742012  1.088873757712959E-17
7234.15802225703  1.104625013655255E-17
7237.77592873028  1.338505203334826E-17
7241.39400645595  1.464069814113334E-17
7245.01225505078  1.188416755345651E-17
7248.63067413216  1.139966553480767E-17
7252.24926331809  1.466326528260501E-17
7255.86802222721  9.635119716206485E-18
7259.48695047879  1.426087003873879E-17
7263.10604769273  8.664822795611371E-18
7266.72531348955  1.011560494580078E-17
7270.34474749038  9.012769702836902E-18
7273.96434931699  1.044388728832408E-17
7277.58411859175  1.313958453221192E-17
7281.20405493765  1.065799389089670E-17
7284.82415797828  9.383476484616828E-18
7288.44442733785  1.331415438304634E-17
7292.06486264117  1.024650875927913E-17
7295.68546351366  1.009679651303255E-17
7299.30622958131  7.327652248194899E-18
7302.92716047075  9.893741870624253E-18
7306.54825580917  9.756527496252733E-18
7310.16951522437  7.704434671574029E-18
7313.79093834474  1.147989957268347E-17
7317.41252479923  1.150993284636405E-17
7321.03427421741  8.175250159807577E-18
7324.65618622941  7.955350811405250E-18
7328.27826046595  1.051333737255404E-17
7331.9004965583  1.273481197126522E-17
7335.52289413834  1.260090466498269E-17
7339.14545283849  9.109979141243520E-18
7342.76817229176  1.201872833242297E-17
7346.39105213171  1.213203966863354E-17
7350.01409199246  1.082425553965863E-17
7353.6372915087  9.517606302484139E-18
7357.26065031568  9.479283024704560E-18
7360.88416804919  8.896158743162851E-18
7364.50784434559  1.231215411111390E-17
7368.13167884177  1.149954924813467E-17
7371.75567117518  9.112617847397565E-18
7375.3798209838  1.366194908903916E-17
7379.00412790617  1.162304152332455E-17
7382.62859158136  1.020036531598847E-17
7386.25321164896  1.045805523785589E-17
7389.87798774913  8.679616920866882E-18
7393.50291952252  9.975399486334262E-18
7397.12800661033  8.052680191000691E-18
7400.75324865428  9.116531238875554E-18
7404.37864529663  1.050039778623187E-17
7408.00419618011  1.226326360100896E-17
7411.62990094803  1.155609117890573E-17
7415.25575924418  8.747736071491235E-18
7418.88177071285  1.257301213472740E-17
7422.50793499888  9.472807027688880E-18
7426.13425174757  1.212850512587611E-17
7429.76072060476  1.326153742428184E-17
7433.38734121678  1.344298280036779E-17
7437.01411323044  1.051094516622253E-17
7440.64103629308  9.568832770638938E-18
7444.26811005251  1.127260066655217E-17
7447.89533415703  1.134547114261503E-17
7451.52270825544  1.137510819678219E-17
7455.15023199702  1.159384452924327E-17
7458.77790503153  1.167464849456112E-17
7462.4057270092  1.262896345854110E-17
7466.03369758077  1.007544201833888E-17
7469.66181639743  1.119114074700856E-17
7473.29008311083  1.125429267805454E-17
7476.91849737312  1.436043776907180E-17
7480.54705883689  1.116724184475068E-17
7484.17576715521  1.023203723446252E-17
7487.80462198162  1.362846399066240E-17
7491.43362297009  1.060990491880531E-17
7495.06276977506  1.085398358369317E-17
7498.69206205144  9.926943246050907E-18
7502.32149945456  1.301427328685504E-17
7505.95108164022  9.572416944233129E-18
7509.58080826467  1.295130416272444E-17
7513.21067898457  1.171824918464879E-17
7516.84069345706  1.056675504215149E-17
7520.47085133969  6.644006083483604E-18
7524.10115229047  1.381684444900400E-17
7527.7315959678  1.233148614920988E-17
7531.36218203056  1.222022952964088E-17
7534.99291013801  1.187158779070081E-17
7538.62377994988  1.069507805211868E-17
7542.25479112628  1.403720536418813E-17
7545.88594332776  1.205078571706246E-17
7549.51723621529  1.329064756439881E-17
7553.14866945025  1.108760254973530E-17
7556.78024269441  1.324718170475098E-17
7560.41195560999  9.757513495542895E-18
7564.04380785956  1.072522878544623E-17
7567.67579910615  8.717866579571948E-18
7571.30792901315  9.303760261804482E-18
7574.94019724437  8.930035925149960E-18
7578.572603464  1.343231796073015E-17
7582.20514733663  1.115441310063060E-17
7585.83782852723  9.504910734442677E-18
7589.47064670119  1.258707668668264E-17
7593.10360152423  1.169863011488026E-17
7596.73669266251  1.024970912106910E-17
7600.36991978251  1.189077176346714E-17
7604.00328255113  1.408555737971430E-17
7607.63678063564  9.677537538018205E-18
7611.27041370365  1.158473065325416E-17
7614.90418142317  7.537855385456875E-18
7618.53808346257  1.008555678286918E-17
7622.17211949057  9.553026176313661E-18
7625.80628917625  1.296522147653065E-17
7629.44059218907  1.013161089065368E-17
7633.07502819882  8.615826406388018E-18
7636.70959687566  1.004564283677165E-17
7640.34429789009  7.472707467592810E-18
7643.97913091296  1.019580755081331E-17
7647.61409561546  1.321106617202630E-17
7651.24919166913  1.091349095696024E-17
7654.88441874583  1.269159840170423E-17
7658.5197765178  1.192751264473491E-17
7662.15526465756  1.200419642342164E-17
7665.79088283799  1.474827297979586E-17
7669.4266307323  1.120477020196160E-17
7673.06250801402  1.357028837818154E-17
7676.698514357  9.458022828600720E-18
7680.33464943541  9.945668960757883E-18
7683.97091292374  1.097050851658352E-17
7687.60730449681  1.182224398562019E-17
7691.24382382972  7.807058007089807E-18
7694.88047059791  1.346317924220389E-17
7698.51724447711  9.304379820083282E-18
7702.15414514336  1.022753489038839E-17
7705.79117227301  8.292915774762629E-18
7709.42832554269  1.237188151442391E-17
7713.06560462935  6.239760436587103E-18
7716.70300921021  1.252166986128684E-17
7720.34053896279  9.609060218188615E-18
7723.97819356491  7.599917092455505E-18
7727.61597269467  9.325819514380045E-18
7731.25387603044  1.284635148660371E-17
7734.89190325088  1.204626848373731E-17
7738.53005403493  1.127535269645014E-17
7742.16832806181  9.213661267943368E-18
7745.80672501101  1.668990741419668E-17
7749.44524456226  1.724370152557848E-17
7753.08388639562  1.435470871614926E-17
7756.72265019135  1.266340312334475E-17
7760.36153563001  7.004778839697078E-18
7764.00054239241  1.315871970132211E-17
7767.63967015961  9.585377210070609E-18
7771.27891861294  8.486566200786805E-18
7774.91828743396  1.199207161000283E-17
7778.55777630449  1.043498847929424E-17
7782.19738490661  1.220235498378423E-17
7785.83711292261  1.129085819703244E-17
7789.47696003505  1.240153511220332E-17
7793.11692592672  1.468899721710031E-17
7796.75701028064  1.146804607450559E-17
7800.39721278006  1.039289325792141E-17
7804.03753310847  6.593590252329111E-18
7807.67797094958  1.041733975374481E-17
7811.31852598733  1.036188391111803E-17
7814.95919790588  1.168817372475698E-17
7818.59998638961  1.034155429320331E-17
7822.24089112312  8.028232867996687E-18
7825.88191179121  1.475735873164414E-17
7829.52304807891  1.064742086830704E-17
7833.16429967144  1.181286954773812E-17
7836.80566625424  1.117518195145058E-17
7840.44714751296  1.094641109097862E-17
7844.08874313342  8.414458385248721E-18
7847.73045280168  8.113119796818102E-18
7851.37227620396  1.683474343073227E-17
7855.01421302669  1.272887198728648E-17
7858.65626295649  1.693623022008640E-17
7862.29842568016  1.767835185025060E-17
7865.9407008847  2.044128398868797E-17
7869.58308825726  9.879715368977192E-18
7873.22558748521  8.227480825226010E-18
7876.86819825607  4.923176346665545E-18
7880.51092025754  1.299990185089254E-17
7884.1537531775  1.465415306097713E-17
7887.79669670398  1.513263734066965E-17
7891.43975052521  9.845001907390791E-18
7895.08291432954  1.192879642904559E-17
7898.72618780551  6.427385265439138E-18
7902.36957064181  1.154445688359017E-17
7906.0130625273  8.279478225711706E-18
7909.65666315096  2.737204753435441E-18
7913.30037220195  4.982493054801417E-18
7916.94418936957  9.089334367515423E-18
7920.58811434325  7.031195679739571E-18
7924.23214681259  1.083030140275578E-17
7927.87628646731  1.217971422323804E-17
7931.52053299726  1.209154090584295E-17
7935.16488609245  1.252745681685227E-17
7938.809345443  1.473028676455651E-17
7942.45391073917  9.154012446791558E-18
7946.09858167133  1.027067153215242E-17
7949.74335793  9.677650861762124E-18
7953.38823920581  9.120426432380066E-18
7957.0332251895  7.811632315877226E-18
7960.67831557192  8.523739697514940E-18
7964.32351004406  1.197037714407740E-17
7967.968808297  8.008335865542337E-18
7971.61421002193  1.301540404275240E-17
7975.25971491014  8.859956356473855E-18
7978.90532265305  1.302323248006960E-17
7982.55103294215  1.238911085940277E-17
7986.19684546903  9.019601387515976E-18
7989.84275992538  1.167006012370329E-17
7993.48877600299  1.428596835288487E-17
7997.13489339373  1.756545327716568E-17
8000.78111178956  7.478223107917314E-18
8004.42743088253  1.010685254773935E-17
8008.07385036474  1.054715168881459E-17
8011.72036992841  1.031005277393546E-17
8015.36698926581  8.866023726266934E-18
8019.01370806931  1.014029876862732E-17
8022.6605260313  1.179999944458741E-17
8026.30744284429  1.215207646461142E-17
8029.95445820082  1.310732945140603E-17
8033.60157179352  9.668970428413993E-18
8037.24878331506  9.285037855819954E-18
8040.89609245818  7.889029951432588E-18
8044.54349891566  9.995790315614307E-18
8048.19100238034  1.004541039901953E-17
8051.83860254512  6.587674670178438E-18
8055.48629910292  1.109573869824037E-17
8059.13409174674  1.113433411844148E-17
8062.78198016958  8.102751087839752E-18
8066.42996406451  1.264862388734026E-17
8070.07804312463  9.722118437131751E-18
8073.72621704306  1.027346657544223E-17
8077.37448551297  1.037858634204670E-17
8081.02284822753  7.820643621470378E-18
8084.67130487997  6.577233582896486E-18
8088.31985516352  8.419671277469030E-18
8091.96849877143  1.088512114349151E-17
8095.61723539697  9.316973644909403E-18
8099.26606473345  6.482070589325323E-18
8102.91498647414  7.368778841070424E-18
8106.56400031237  1.183965696469504E-17
8110.21310594144  7.866612529651789E-18
8113.86230305468  8.141203405794893E-18
8117.51159134541  1.120347566430295E-17
8121.16097050694  9.347942459862776E-18
8124.8104402326  6.022982454226250E-18
8128.46000021568  1.072242050726662E-17
8132.1096501495  9.858117683183429E-18
8135.75938972733  1.059789094758859E-17
8139.40921864245  1.067798767348272E-17
8143.05913658813  7.956686708094524E-18
8146.70914325758  1.162181150575368E-17
8150.35923834403  7.445183859890724E-18
8154.00942154066  7.576895001646928E-18
8157.65969254064  9.404643209311448E-18
8161.31005103708  1.193146160497924E-17
8164.9604967231  9.178772444067107E-18
8168.61102929175  9.075611441153165E-18
8172.26164843605  8.777759419004462E-18
8175.91235384899  7.128743435016724E-18
8179.56314522349  9.712150910750489E-18
8183.21402225246  1.099694438178010E-17
8186.86498462873  9.579205615520351E-18
8190.51603204509  1.179860068217158E-17
8194.16716419427  1.030969625909144E-17
8197.81838076896  9.259717857269709E-18
8201.46968146177  1.062402737340343E-17
8205.12106596527  9.670750521092209E-18
8208.77253397193  8.490735191074072E-18
8212.42408517418  1.048933341835836E-17
8216.07571926437  5.572815048443253E-18
8219.7274359348  5.999561662362422E-18
8223.37923487764  8.736435129962538E-18
8227.03111578504  1.010475812642837E-17
8230.68307834903  1.028819287188752E-17
8234.33512226159  1.109114122839580E-17
8237.98724721457  1.005895961745315E-17
8241.63945289976  8.965882624175559E-18
8245.29173900887  1.107562249292370E-17
8248.94410523348  4.210075934702462E-18
8252.5965512651  8.625410948145670E-18
8256.24907679513  1.092613606698434E-17
8259.90168151488  8.090425269532097E-18
8263.55436511553  8.570632566440570E-18
8267.20712728818  1.035846848236880E-17
8270.85996772379  8.647589314729442E-18
8274.51288611324  8.076568339910608E-18
8278.16588214727  7.671765173281248E-18
8281.81895551651  7.827913711874106E-18
8285.47210591148  7.507152095480131E-18
8289.12533302255  1.132661390619066E-17
8292.77863653999  5.250167046662350E-18
8296.43201615393  1.002456792912503E-17
8300.08547155436  8.550122623152317E-18
8303.73900243115  9.941351905140969E-18
8307.39260847402  1.486088203966638E-17
8311.04628937258  9.114714750250387E-18
8314.70004481625  7.625060901535278E-18
8318.35387449435  1.071213534353013E-17
8322.00777809602  1.136043483989612E-17
8325.66175531027  9.684149192654341E-18
8329.31580582595  1.049422536450100E-17
8332.96992933175  1.208640907732267E-17
8336.62412551621  1.050663390086991E-17
8340.27839406771  7.013838121765757E-18
8343.93273467446  1.789800139010793E-17
8347.58714702449  8.495790091797385E-19
8351.24163080571  1.220284881060992E-17
8354.8961857058  9.464237436542831E-18
8358.5508114123  1.006655313547638E-17
8362.20550761256  9.787158821516182E-18
8365.86027399377  7.814058436613844E-18
8369.51511024291  1.059749390089457E-17
8373.17001604679  1.020352183720597E-17
8376.82499109203  5.524178069196055E-18
8380.48003506507  8.445555413197038E-18
8384.13514765215  1.110960472684860E-17
8387.7903285393  1.282300762253685E-17
8391.44557741237  7.012631265252043E-18
8395.10089395701  6.669022093158739E-18
8398.75627785865  4.380994610313069E-18
8402.41172880254  5.895075516107175E-18
8406.06724647369  1.373048844741469E-17
8409.72283055693  1.042727915598524E-17
8413.37848073685  1.121630688996488E-17
8417.03419669784  7.599916265274892E-18
8420.68997812406  1.191469299960156E-17
8424.34582469945  7.138963251484815E-18
8428.00173610775  1.204677306391096E-17
8431.65771203243  6.375230700637056E-18
8435.31375215675  5.214731042810885E-18
8438.96985616375  9.243773950962747E-18
8442.62602373621  8.503132974095017E-18
8446.2822545567  8.034290311622410E-18
8449.93854830753  9.869775139556141E-18
8453.59490467076  9.013525745916775E-18
8457.25132332823  6.334754685313304E-18
8460.90780396151  1.479347012846576E-17
8464.56434625193  4.052361956800345E-18
8468.22094988055  1.320578462381515E-17
8471.87761452821  1.407790099596451E-17
8475.53433987543  9.088104349944558E-18
8479.19112560254  8.565585937523385E-18
8482.84797138954  9.298670619495442E-18
8486.50487691622  9.369785818298463E-18
8490.16184186205  5.818251116716313E-18
8493.81886590626  4.938571832226382E-18
8497.47594872779  1.314319021250204E-17
8501.13309000532  9.173429684490628E-18
8504.79028941722  9.157499840254081E-18
8508.4475466416  4.326545860082073E-18
8512.10486135628  8.617389777745742E-18
8515.76223323879  8.902779496785726E-18
8519.41966196636  8.305028180472241E-18
8523.07714721595  6.802957523582104E-18
8526.7346886642  8.292044753577611E-18
8530.39228598745  1.070977870596497E-17
8534.04993886175  8.189878848940574E-18
8537.70764696285  1.037680459500726E-17
8541.36540996619  9.773397017665137E-18
8545.02322754688  1.113426380808942E-17
8548.68109937975  9.800879266336600E-18
8552.33902513929  9.424029841327854E-18
8555.99700449968  8.691710301422405E-18
8559.65503713477  7.445460138215313E-18
8563.31312271812  8.571225654939771E-18
8566.97126092293  5.211256057057550E-18
8570.62945142209  1.003981204063377E-17
8574.28769388814  7.784332874121138E-18
8577.94598799331  6.264825663508686E-18
8581.60433340947  7.904380769240347E-18
8585.26272980818  8.880920421918400E-18
8588.92117686063  1.131604998258775E-17
8592.57967423767  1.001104435329040E-17
8596.23822160984  6.402453628186482E-18
8599.89681864727  8.668357338368808E-18
8603.55546501979  8.429590827374767E-18
8607.21416039684  1.191632089104706E-17
8610.87290444752  7.148120968046391E-18
8614.53169684057  8.667062800710166E-18
8618.19053724436  1.666722777616170E-17
8621.8494253269  2.406415846860945E-18
8625.50836075583  7.317367911639029E-18
8629.16734319841  3.118726094543887E-18
8632.82637232154  8.001606751259217E-18
8636.48544779174  1.250243956640621E-17
8640.14456927515  1.384299328252803E-17
8643.80373643753  6.449376275614166E-18
8647.46294894425  1.342497342407129E-17
8651.1222064603  5.429822817493049E-18
8654.78150865027  3.700037609773183E-18
8658.44085517838  1.207573348433706E-17
8662.10024570843  1.073255098822855E-17
8665.75967990384  6.607859117895651E-18
8669.41915742762  9.137830312468182E-18
8673.07867794238  7.245983051956315E-18
8676.73824111033  7.260665507829131E-18
8680.39784659326  6.295935926346805E-18
8684.05749405255  7.794261523013613E-18
8687.71718314919  6.430303145049918E-18
8691.37691354373  5.543055985135740E-18
8695.03668489631  7.763708779908354E-18
8698.69649686664  8.340094020999590E-18
8702.35634911401  5.571829462743396E-18
8706.0162412973  6.017884540111086E-18
8709.67617307493  8.119239278989770E-18
8713.33614410492  5.749868509066859E-18
8716.99615404483  8.008802395407816E-18
8720.65620255179  6.250482351687015E-18
8724.3162892825  8.580434656699322E-18
8727.97641389321  1.222605701705632E-17
8731.63657603971  6.835063711877733E-18
8735.29677537738  1.020655759005405E-17
8738.95701156111  8.208514400960781E-18
8742.61728424536  7.381853257832436E-18
8746.27759308411  9.181958743786660E-18
8749.93793773092  9.706607146285156E-18
8753.59831783886  7.068438659639157E-18
8757.25873306053  6.275188995813056E-18
8760.91918304809  1.147863564070749E-17
8764.57966745321  4.822322764070324E-18
8768.2401859271  1.970917455265811E-18
8771.9007381205  1.285581774153377E-17
8775.56132368364  7.457026604720642E-18
8779.2219422663  9.195858686800001E-18
8782.88259351777  1.156064480817784E-17
8786.54327708687  1.122604280577462E-17
8790.20399262191  5.453064111163952E-18
8793.86473977071  4.342535261322723E-18
8797.52551818061  1.081846362100953E-17
8801.18632749845  6.024491231663545E-18
8804.84716737056  1.135454944983780E-17
8808.50803744279  7.827999738657815E-18
8812.16893736047  8.168442463366261E-18
8815.82986676843  9.602641296635203E-18
8819.49082531098  1.360562718831103E-17
8823.15181263194  5.423709952766282E-18
8826.81282837459  -8.491749831492947E-19
8830.47387218172  9.680820617869429E-18
8834.13494369557  4.560015520023632E-18
8837.79604255788  5.884595447938858E-19
8841.45716840986  5.879675894643275E-18
8845.1183208922  1.017137098115726E-17
8848.77949964504  7.233529847834327E-18
8852.44070430799  1.307352257977099E-17
8856.10193452014  1.007665631947811E-17
8859.76318992003  9.276507969343310E-18
8863.42447014567  1.082360951160023E-17
8867.0857748345  5.637553511904104E-18
8870.74710362346  8.988247933577767E-18
8874.40845614888  1.227547526839207E-17
8878.0698320466  8.840384436000238E-18
8881.73123095186  8.709110872788073E-18
8885.39265249937  1.240622936217956E-17
8889.05409632326  9.891439826979517E-18
8892.71556205711  6.799749303576313E-18
8896.37704933394  9.814244850674231E-18
8900.03855778619  1.576696100020109E-18
8903.70008704574  8.513982275009263E-18
8907.36163674388  1.350529679745325E-17
8911.02320651135  9.296011233826085E-18
8914.68479597829  1.494863928521336E-17
8918.34640477427  5.658651994198188E-18
8922.00803252827  1.245679243148309E-17
8925.6696788687  9.552837579133999E-18
8929.33134342335  9.229335513370635E-18
8932.99302581945  8.805152332169768E-18
8936.65472568362  5.209706334179932E-18
8940.31644264188  1.074531603944147E-17
8943.97817631967  4.140798731220533E-18
8947.63992634179  7.162102801940375E-18
8951.30169233249  7.802396844338072E-18
8954.96347391536  8.966759435624865E-18
8958.62527071341  4.619215595693134E-18
8962.28708234903  1.242148919011994E-17
8965.94890844398  5.484355940146525E-18
8969.61074861943  9.461784846026610E-18
8973.27260249591  7.459870451666601E-18
8976.93446969333  8.273266926492045E-18
8980.59634983097  7.967982686539548E-18
8984.2582425275  8.044405076152710E-18
8987.92014740092  1.401178775832560E-17
8991.58206406865  8.326797919833413E-18
8995.24399214743  8.782361851932707E-18
8998.90593125337  1.168034342628340E-19
9002.56788100194  9.169968760807702E-18
9006.22984100798  9.498230423815698E-18
9009.89181088565  9.073286236451282E-18
9013.55379024851  7.305968535617434E-18
9017.21577870941  7.399445735100213E-18
9020.87777588058  6.897567960504079E-18
9024.53978137359  7.946200539469192E-18
9028.20179479934  8.654547558042237E-18
9031.86381576807  9.662215671531885E-18
9035.52584388935  6.067943442831263E-18
9039.18787877209  7.459618988760386E-18
9042.84992002451  8.778599007326203E-18
9046.5119672542  5.425358523727100E-18
9050.17402006801  1.799710714006883E-18
9053.83607807216  4.296219764464654E-18
9057.49814087217  8.360902576488978E-18
9061.16020807288  8.585245539141933E-18
9064.82227927844  4.393571064346326E-18
9068.4843540923  6.564335769195254E-18
9072.14643211724  1.006343466456706E-17
9075.80851295532  9.700820190719737E-18
9079.47059620793  6.849772637530153E-18
9083.13268147573  7.616706377348492E-18
9086.7947683587  9.280708392493853E-18
9090.45685645609  4.956842597596454E-18
9094.11894536648  6.376076079223086E-18
9097.78103468769  6.156314869983060E-18
9101.44312401686  3.802140648683666E-18
9105.10521295041  1.730077099078520E-18
9108.76730108403  4.384720645382313E-18
9112.4293880127  6.453358736673302E-18
9116.09147333066  6.126938377708852E-18
9119.75355663144  9.465435194069806E-18
9123.41563750782  7.825387502283370E-18
9127.07771555187  6.633833002720121E-18
9130.73979035491  6.980280231495092E-18
9134.40186150753  6.346934092652535E-18
9138.06392859957  4.376706506017594E-18
9141.72599122014  7.923041136678930E-18
9145.3880489576  6.322967361584424E-18
9149.05010139954  8.067647197004227E-18
9152.71214813283  1.027603662560543E-17
9156.37418874358  8.769405721998289E-18
9160.03622281713  9.082770689354815E-18
9163.69824993807  7.469766840515185E-18
9167.36026969023  4.875580787809552E-18
9171.02228165667  6.057226077224719E-18
9174.68428541968  7.846463237110610E-18
9178.34628056079  6.696304164121964E-18
9182.00826666075  6.711500712745483E-18
9185.67024329954  5.201796005982087E-18
9189.33221005637  8.607489252994094E-18
9192.99416650965  6.468051118713469E-18
9196.65611223701  9.046720503898528E-18
9200.31804681532  7.678956681526782E-18
9203.97996982063  7.461502479015170E-18
9207.64188082821  9.998877353660354E-18
9211.30377941255  7.487554532407525E-18
9214.96566514733  1.600589729001586E-18
9218.62753760543  1.026544871376475E-17
9222.28939635893  8.545522671765912E-18
9225.9512409791  9.033474033569104E-18
9229.61307103643  6.383843305174957E-18
9233.27488610057  1.167695301974770E-17
9236.93668574037  8.759528358303791E-18
9240.59846952386  6.303469473775631E-18
9244.26023701826  1.066736336569509E-17
9247.92198778996  9.229218880904264E-18
9251.58372140455  6.878744638484821E-18
9255.24543742676  5.859522052608728E-18
9258.90713542051  1.024673209804452E-17
9262.5688149489  9.230765708649741E-18
9266.23047557418  8.704591157921083E-18
9269.89211685777  7.412592116575520E-18
9273.55373836025  1.122043369404090E-17
9277.21533964135  6.228926852104494E-18
9280.87692025997  5.166638348406745E-18
9284.53847977416  6.372691256156519E-18
9288.20001774112  7.963218126211244E-18
9291.86153371719  4.846062847650595E-18
9295.52302725786  1.015690111070187E-17
9299.18449791778  8.921287662991600E-18
9302.8459452507  7.302204863830318E-18
9306.50736880954  1.285632563042987E-17
9310.16876814636  1.682662796174251E-18
9313.83014281232  1.197765964219032E-17
9317.49149235773  5.245108837216589E-18
9321.15281633202  2.662134721405742E-17
9324.81411428376  4.743746809732380E-18
9328.47538576062  6.599570768157869E-18
9332.13663030939  3.122109676839536E-18
9335.79784747599  1.796393926545698E-18
9339.45903680545  9.609485389023468E-18
9343.12019784191  2.080635518895457E-18
9346.78133012861  1.276345640869732E-17
9350.44243320789  8.859824834756459E-18
9354.10350662123  9.561457628297411E-18
9357.76454990915  9.860423035550615E-18
9361.42556261131  1.534237891114982E-17
9365.08654426648  1.091537858311808E-17
9368.74749441246  1.410200834773676E-17
9372.40841258621  2.799715867660870E-17
9376.06929832372  9.571011564372401E-18
9379.73015116009  2.894608373171728E-17
9383.39097062951  1.180289374955073E-17
9387.05175626523  1.053246840576116E-17
9390.71250759959  1.283048119937127E-17
9394.37322416399  5.582090224651812E-18
9398.0339054889  8.138807890740938E-18
9401.69455110388  5.437164872610069E-18
9405.35516053754  6.071272017616175E-18
9409.01573331755  1.044773285099184E-17
9412.67626897064  1.337292887429068E-17
9416.33676702261  4.588298479528046E-18
9419.99722699831  4.275502612432957E-18
9423.65764842162  7.352322082783682E-18
9427.3180308155  8.275548290621465E-18
9430.97837370195  1.767952975544288E-17
9434.638676602  9.888045904926213E-18
9438.29893903574  4.176093959271500E-19
9441.95916052228  1.347569034896876E-17
9445.61934057978  1.360520201747618E-17
9449.27947872542  6.788883045459512E-18
9452.93957447544  8.247719453273344E-18
9456.59962734507  -6.341324567328509E-18
9460.2596368486  5.806900130760555E-18
9463.91960249931  1.457951324558402E-17
9467.57952380953  1.122669627845854E-17
9471.23940029059  -5.057033194930713E-18
9474.89923145284  -2.180222274382554E-17
9478.55901680564  -3.242665129982606E-17
9482.21875585736  9.264302092224475E-18
9485.87844811538  5.219287153624827E-18
9489.53809308609  1.166887311952428E-17
9493.19769027487  9.350053424786009E-18
9496.8572391861  8.391828378050496E-18
9500.51673932315  1.522252705783579E-17
9504.17619018842  9.475675690053215E-18
9507.83559128325  3.909235722590908E-18
9511.49494210801  1.573241607666450E-17
9515.15424216202  -6.166291081760755E-18
9518.81349094362  1.437969287937081E-17
9522.4726879501  1.229964052280720E-17
9526.13183267774  7.472249209533458E-18
9529.7909246218  3.160477829167347E-18
9533.44996327651  1.395205373757069E-17
9537.10894813505  5.513042150199558E-18
9540.7678786896  3.686238169204269E-18
9544.42675443128  6.633540594373583E-18
9548.08557485019  5.114004018849385E-18
9551.74433943536  1.206690581283989E-17
9555.40304767482  1.144915657803733E-17
9559.06169905551  1.995754819778029E-19
9562.72029306334  -3.538771718320765E-18
9566.37882918319  9.441751358771190E-18
9570.03730689883  1.900555217002412E-20
9573.69572569304  1.085249465859058E-17
9577.3540850475  1.276932029205971E-17
9581.01238444283  7.075717021849010E-18
9584.67062335859  4.853246911270620E-18
9588.32880127327  8.096782152539567E-18
9591.9869176643  7.504530760118949E-18
9595.64497200804  1.070980269420273E-17
9599.30296377975  6.253159935329849E-18
9602.96089245364  1.068844240924478E-17
9606.61875750281  4.264054846345529E-18
9610.27655839931  4.095178479667315E-18
9613.93429461408  3.620462007664971E-18
9617.59196561697  1.168548952366924E-17
9621.24957087676  -6.887010654346063E-18
9624.90710986112  3.599310172221377E-18
9628.56458203661  3.115390695518920E-18
9632.22198686873  7.343269418159902E-18
9635.87932382183  7.794891834640377E-18
9639.53659235921  5.357151278367508E-18
9643.193791943  7.068838394670173E-19
9646.85092203427  9.273521847331991E-18
9650.50798209296  9.382779998541060E-18
9654.16497157789  6.613782971852448E-18
9657.82188994677  1.162190249562107E-17
9661.47873665618  9.101043936266723E-18
9665.13551116158  1.343547448194765E-17
9668.79221291731  5.123554232611616E-18
9672.44884137658  1.097944640989731E-18
9676.10539599147  1.159851148225929E-17
9679.76187621291  2.899035402451082E-18
9683.41828149071  4.651608402071017E-18
9687.07461127354  6.006839197391665E-18
9690.73086500893  8.654861059494395E-18
9694.38704214324  1.116244171565603E-17
9698.04314212173  -4.320779584031965E-18
9701.69916438846  1.330109216719836E-18
9705.35510838637  7.287223382166063E-19
9709.01097355723  1.023402329511326E-17
9712.66675934165  5.114579736555722E-18
9716.32246517911  7.990434849906078E-18
9719.97809050789  -5.345072580267857E-19
