3615.6333886374  -6.525291781521101E-14
3618.57357563277  2.467682769279403E-14
3621.51526219905  2.072685386766537E-14
3624.45844568618  5.581159042951712E-14
3627.40312344771  8.155256933086928E-15
3630.34929284087  2.160220143228048E-14
3633.29695122651  2.454956099246907E-14
3636.24609596914  2.594242027686815E-14
3639.19672443691  2.625028117781130E-14
3642.1488340016  -2.506083770272829E-15
3645.10242203862  3.882996219483834E-14
3648.05748592702  4.929414962697754E-14
3651.01402304947  -2.200124881812735E-15
3653.97203079227  -2.352699063129168E-14
3656.93150654533  -6.329194167462720E-14
3659.89244770221  -2.981303219703677E-14
3662.85485166005  5.153857200259106E-16
3665.81871581964  -1.394659737631761E-14
3668.78403758533  -1.142612378682035E-14
3671.75081436514  -9.364343102216762E-15
3674.71904357065  -1.741010323917918E-14
3677.68872261705  -3.934625588124414E-15
3680.65984892316  1.278660100164589E-14
3683.63241991134  7.184618161905699E-16
3686.60643300761  -5.190445953086060E-15
3689.58188564152  -1.190068500694788E-14
3692.55877524625  -7.196779013929431E-15
3695.53709925855  -6.868419068629776E-15
3698.51685511874  -2.662548755080828E-15
3701.49804027075  4.669494856019774E-15
3704.48065216206  8.385034313545677E-16
3707.46468824373  7.712957609733530E-16
3710.4501459704  -1.616328598741390E-15
3713.43702280026  1.263703382964386E-15
3716.42531619509  -6.284956940056122E-16
3719.41502362021  2.851185745291439E-15
3722.40614254452  -3.149044563556058E-16
3725.39867044045  4.321566596753973E-16
3728.39260478401  -5.110421350723905E-16
3731.38794305474  -4.621476346481690E-16
3734.38468273574  -4.598090296203592E-16
3737.38282131367  1.007615676856257E-15
3740.38235627869  -2.846549510454643E-17
3743.38328512454  6.474220099372991E-16
3746.38560534848  1.998962947759972E-16
3749.3893144513  -5.039119771585265E-18
3752.39440993733  5.288218330912912E-16
3755.40088931443  -9.216147938300824E-17
3758.40875009396  -3.164962694915131E-16
3761.41798979084  1.630359884801115E-16
3764.42860592349  9.972666150718143E-17
3767.44059601385  -6.409483836212571E-18
3770.45395758735  1.823437604056384E-16
3773.46868817298  4.601668613359048E-17
3776.4847853032  1.700887156711958E-16
3779.50224651398  -2.418916986099429E-16
3782.52106934481  1.034224436862933E-18
3785.54125133866  -1.064104595276222E-16
3788.562790042  -7.302045383408218E-17
3791.58568300481  -4.531624613449282E-17
3794.60992778055  2.039728459754505E-17
3797.63552192616  3.397723775400367E-17
3800.66246300208  -2.140687011569459E-17
3803.69074857221  8.218550914205133E-17
3806.72037620396  5.744565536877844E-17
3809.7513434682  5.205102246890461E-18
3812.78364793928  1.012585139748459E-16
3815.817287195  9.352760786930897E-18
3818.85225881665  -4.013706648722886E-17
3821.88856038899  3.521864394754365E-17
3824.92618950022  7.146752480440983E-17
3827.96514374202  -7.672415171806591E-17
3831.00542070952  -8.279083991431763E-17
3834.0470180013  1.415204450299009E-17
3837.08993321939  -6.499625264439107E-17
3840.13416396927  4.360401204501010E-17
3843.17970785987  1.188262817033655E-17
3846.22656250356  2.606865645821519E-19
3849.27472551615  -7.876479967178933E-18
3852.32419451689  1.879806488643300E-17
3855.37496712845  2.746135078046625E-17
3858.42704097694  -5.092581447191303E-17
3861.48041369191  1.722943183283133E-18
3864.53508290632  2.036242389780962E-18
3867.59104625655  7.643498757389086E-18
3870.6483013824  6.529572676772100E-18
3873.70684592712  -1.026098855590187E-17
3876.76667753732  -6.161151808614963E-18
3879.82779386306  2.125009622855865E-18
3882.8901925578  -3.215437156631443E-18
3885.95387127839  1.392112876318979E-17
3889.0188276851  -8.195175286402754E-18
3892.08505944159  -1.381966099898974E-17
3895.15256421493  1.134830919929670E-17
3898.22133967557  1.111989485366876E-17
3901.29138349735  1.089988714460619E-17
3904.3626933575  1.068780630735372E-17
3907.43526693665  1.048338681693472E-17
3910.5091019188  1.028654843682976E-17
3913.58419599133  1.009691728140198E-17
3916.660546845  -3.502216952690821E-18
3919.73815217393  -3.516126821871512E-18
3922.81700967564  1.375454864989202E-17
3925.89711705099  -5.461704839842679E-18
3928.97847200421  8.958538087516700E-18
3932.06107224292  8.932156816240546E-18
3935.14491547806  -5.338278842499382E-19
3938.22999942396  -8.900628000012476E-18
3941.31632179828  1.033149081387099E-17
3944.40388032205  1.016584624184602E-17
3947.49267271963  -1.794983997191601E-18
3950.58269671873  4.489517397957577E-18
3953.67395005042  5.495195314893422E-18
3956.76643044909  -7.288321464429228E-18
3959.86013565247  7.832554091712955E-19
3962.95506340164  1.806799362343248E-17
3966.05121144098  8.077376495369074E-18
3969.14857751824  -8.689937653369707E-19
3972.24715938445  1.280288645413650E-17
3975.346954794  -2.987806564633894E-18
3978.44796150458  -8.630019171338203E-18
3981.5501772772  4.763172215840000E-19
3984.65359987619  -6.157726453698381E-18
3987.75822706918  5.670456275129625E-18
3990.86405662712  9.988003237327735E-19
3993.97108632425  -6.607196649622571E-19
3997.07931393814  -1.488228409724527E-18
4000.18873724964  -5.124451723576235E-18
4003.29935404289  -1.833867948330129E-19
4006.41116210534  -2.187256618311705E-18
4009.52415922772  1.279313647625633E-17
4012.63834320406  -3.819257497099227E-18
4015.75371183166  3.900294313759516E-18
4018.87026291112  -1.450520967910991E-18
4021.98799424631  -7.109151558810831E-19
4025.10690364438  -8.911174552822526E-18
4028.22698891574  5.569231288439367E-18
4031.34824787409  -2.348427177198528E-18
4034.4706783364  -2.777329423794010E-18
4037.59427812289  1.197492829180767E-19
4040.71904505704  -4.599007883521195E-19
4043.84497696562  -3.409928618543434E-18
4046.97207167862  -4.976454222739473E-18
4050.10032702931  1.345153564110644E-18
4053.22974085419  2.820287601340881E-18
4056.36031099304  -2.835428315273051E-18
4059.49203528885  -3.417258240101872E-20
4062.62491158787  -1.439277929025170E-18
4065.75893773958  7.488604638195162E-19
4068.89411159673  5.795154166062300E-18
4072.03043101526  -4.926212099513615E-18
4075.16789385436  -3.026766978280295E-18
4078.30649797646  1.791773502439130E-18
4081.4462412472  -1.652566346574392E-18
4084.58712153544  3.151267793432029E-18
4087.72913671327  5.640642204311376E-18
4090.872284656  -1.042666642194649E-18
4094.01656324214  -2.856331169352266E-19
4097.16197035342  8.312364341927400E-19
4100.30850387478  2.090625792743567E-18
4103.45616169437  3.967776121721899E-18
4106.60494170353  -2.840855860862317E-18
4109.7548417968  -2.724543306594245E-18
4112.90585987193  5.524798454655471E-18
4116.05799382985  -3.471215877693559E-18
4119.2112415747  2.657213906659727E-18
4122.36560101378  4.735751281931443E-18
4125.52107005761  1.572684480844380E-18
4128.67764661986  2.145170082335313E-18
4131.8353286174  5.939732205644345E-19
4134.99411397027  -2.385474890774765E-19
4138.1540006017  -7.192958913535286E-19
4141.31498643805  6.281412289151599E-18
4144.4770694089  3.994085014694453E-18
4147.64024744696  7.550429668141024E-19
4150.80451848812  -9.925385664957470E-19
4153.96988047142  6.194235724394633E-18
4157.13633133905  -3.371197333926711E-18
4160.30386903638  7.910211358583081E-19
4163.47249151192  -3.660746530676916E-18
4166.64219671731  1.706206941346924E-18
4169.81298260736  8.115481397466941E-18
4172.98484714001  8.286688138725871E-19
4176.15778827635  2.583213915470426E-18
4179.33180398059  9.373133004647160E-19
4182.50689222009  3.441012825192257E-18
4185.68305096533  3.687216723868918E-18
4188.86027818993  9.253386203270920E-19
4192.03857187063  3.229192549832741E-18
4195.21792998729  3.698241800663332E-18
4198.39835052289  2.646457870359546E-18
4201.57983146354  1.716969698489581E-18
4204.76237079845  1.912202727820725E-18
4207.94596651993  -3.826050717879819E-18
4211.13061662344  2.926409290462300E-18
4214.31631910749  1.600752580184683E-18
4217.50307197375  1.497944369801998E-18
4220.69087322695  3.437290098845462E-18
4223.87972087493  3.514565104875012E-18
4227.06961292861  -4.978602100597543E-19
4230.26054740204  1.414201845358049E-18
4233.45252231232  3.254216004133388E-18
4236.64553567965  5.012933301343367E-18
4239.83958552731  2.114135092932936E-18
4243.03466988167  3.046798604379338E-18
4246.23078677215  -6.876184928079277E-19
4249.42793423129  -2.482492681773213E-18
4252.62611029465  -1.367407585408722E-20
4255.82531300091  -1.711436273781908E-18
4259.02554039176  1.661104194664435E-18
4262.226790512  2.536629998503583E-18
4265.42906140947  1.040016045319300E-18
4268.63235113506  1.023988800565626E-18
4271.83665774273  1.609528759688717E-18
4275.04197928949  2.966014077805878E-18
4278.24831383538  3.937209730136532E-18
4281.45565944351  1.750516215026823E-18
4284.66401418002  -3.984708146969340E-19
4287.87337611408  -1.407645043136282E-19
4291.08374331793  3.984238670272928E-18
4294.2951138668  1.054798486648659E-18
4297.507485839  2.887158950011198E-18
4300.72085731582  -9.538562923303171E-19
4303.93522638162  1.916006724662704E-18
4307.15059112374  2.917218279881069E-18
4310.36694963257  1.423604303983363E-18
4313.58430000152  1.713774920168749E-18
4316.802640327  3.168034330858173E-18
4320.02196870843  4.054329819477609E-18
4323.24228324824  2.320139874995898E-18
4326.46358205187  3.325082221572031E-18
4329.68586322777  2.564369500345549E-18
4332.90912488738  1.376055067241670E-18
4336.13336514513  4.910878755896296E-19
4339.35858211847  3.433724330019900E-18
4342.58477392781  3.051998675300153E-18
4345.81193869658  1.556004176997095E-18
4349.04007455116  1.394652982544006E-18
4352.26917962095  2.406418741993089E-18
4355.49925203831  1.422555542364222E-18
4358.73028993857  1.464535889029477E-18
4361.96229146005  1.663002574170244E-18
4365.19525474404  4.923434427016662E-18
4368.42917793479  2.548598474786613E-18
4371.66405917952  1.895210783677661E-18
4374.89989662842  2.286992473104214E-18
4378.13668843462  1.511493898428347E-18
4381.37443275423  2.677193213585026E-18
4384.61312774631  1.962772931557037E-19
4387.85277157286  1.408337160664442E-19
4391.09336239883  4.499412546035242E-18
4394.33489839213  2.983998225093700E-18
4397.57737772359  1.498785612484965E-18
4400.82079856702  1.367158843151239E-18
4404.06515909912  1.577497121045790E-18
4407.31045749955  1.410346666715669E-18
4410.5566919509  2.653642192473510E-19
4413.80386063868  3.477364724776972E-18
4417.05196175135  2.428718290536600E-18
4420.30099348025  3.367112302471617E-18
4423.55095401968  9.003721380911338E-19
4426.80184156685  1.689987997486291E-18
4430.05365432185  -8.392634465557428E-19
4433.30639048774  1.215035675611792E-18
4436.56004827043  4.403439742644389E-18
4439.81462587878  1.445435771697745E-18
4443.07012152453  3.571836195356040E-18
4446.32653342233  2.696205546374251E-18
4449.58385978971  2.717421488315317E-18
4452.84209884713  2.285992825333944E-18
4456.1012488179  2.673731669516644E-18
4459.36130792825  1.878163004843250E-18
4462.62227440727  8.531832936025734E-19
4465.88414648697  3.591591336335339E-18
4469.14692240219  4.045677510270304E-18
4472.4106003907  3.792599947498481E-18
4475.6751786931  4.806418976023073E-18
4478.94065555289  5.700362162995866E-18
4482.20702921643  2.403488868263426E-18
4485.47429793294  5.841883253226647E-18
4488.74245995451  4.169949816777821E-18
4492.0115135361  4.530257697487038E-18
4495.2814569355  6.074584875969452E-18
4498.55228841337  1.331942869342713E-18
4501.82400623324  3.261588044547614E-18
4505.09660866145  4.149417539613030E-18
4508.37009396722  6.057746373830017E-18
4511.6444604226  3.128331729407158E-18
4514.91970630248  2.230352107840258E-18
4518.19582988457  2.052228068708855E-18
4521.47282944945  2.224602168607249E-18
4524.75070328052  3.069163293396088E-18
4528.02944966398  1.483290968648198E-18
4531.3090668889  7.681611931293080E-18
4534.58955324713  7.707589331635155E-19
4537.87090703338  2.391589668356698E-18
4541.15312654515  3.273025677672538E-18
4544.43621008277  3.515664014318789E-18
4547.72015594937  5.020388266614002E-18
4551.0049624509  3.862126132344787E-18
4554.2906278961  3.723668091922292E-18
4557.57715059653  4.092677912675568E-18
4560.86452886654  3.549843944410093E-18
4564.15276102329  4.510313132147465E-18
4567.44184538672  5.128755957893655E-18
4570.73178027956  4.316130828989416E-18
4574.02256402734  3.782897532503540E-18
4577.31419495838  2.989949376010713E-18
4580.60667140377  2.528475858820189E-18
4583.89999169738  3.990033070463862E-18
4587.19415417587  4.612788402333597E-18
4590.48915717866  5.550166843271552E-18
4593.78499904796  3.967324894697750E-18
4597.08167812873  5.081746042911348E-18
4600.37919276871  6.012432592693748E-18
4603.67754131839  4.775474562897771E-18
4606.97672213103  4.832737381572672E-18
4610.27673356265  4.659830990950101E-18
4613.57757397201  7.477301628714933E-18
4616.87924172064  5.163191486794237E-18
4620.18173517281  5.106641284217049E-18
4623.48505269552  5.500291988237668E-18
4626.78919265855  5.509783058586100E-18
4630.0941534344  5.441910821374593E-18
4633.39993339829  5.418404002727061E-18
4636.7065309282  4.167478201107511E-18
4640.01394440484  6.821662972364068E-18
4643.32217221164  4.184760485645583E-18
4646.63121273474  4.001471737564552E-18
4649.94106436305  2.100552787274815E-18
4653.25172548816  4.599122965023915E-18
4656.56319450438  4.927634850167207E-18
4659.87546980876  3.206832203514207E-18
4663.18854980104  4.265411422550116E-18
4666.50243288367  4.844762106137357E-18
4669.81711746181  3.061304250396222E-18
4673.13260194334  2.775937485618237E-18
4676.44888473881  1.342273941603194E-18
4679.76596426148  3.697741356392737E-18
4683.08383892732  3.674415690299354E-18
4686.40250715497  2.185625831734057E-18
4689.72196736576  3.674123695543123E-18
4693.04221798373  3.364603050083437E-18
4696.36325743558  2.854670397477412E-18
4699.68508415069  2.106851147253948E-18
4703.00769656113  2.106953717649904E-18
4706.33109310165  2.602756057441991E-18
4709.65527220964  2.996951253100821E-18
4712.9802323252  2.986135039411077E-18
4716.30597189106  1.484351724386221E-18
4719.63248935264  3.391513510156471E-18
4722.95978315801  3.359414559691198E-18
4726.28785175789  2.167675805646502E-18
4729.61669360568  2.537989469840314E-18
4732.94630715739  2.787827379743074E-18
4736.27669087171  3.519965767094372E-18
4739.60784320999  2.715536964084768E-18
4742.93976263617  2.539882265876988E-18
4746.27244761689  1.205787279375566E-18
4749.60589662139  9.660543112333302E-19
4752.94010812154  2.425621533118355E-18
4756.27508059189  2.326048012521058E-18
4759.61081250956  2.360752168325568E-18
4762.94730235433  2.640958360056987E-18
4766.2845486086  1.831773268525204E-18
4769.62254975738  3.029192271836300E-18
4772.9613042883  2.132379388523406E-18
4776.30081069162  2.241748795524861E-18
4779.64106746019  2.597474716025993E-18
4782.98207308949  2.871420391291305E-18
4786.32382607758  1.344950594667839E-18
4789.66632492516  2.329861728735235E-18
4793.00956813549  2.089120737619027E-18
4796.35355421445  3.321135536074388E-18
4799.69828167052  1.483859655319328E-18
4803.04374901476  2.558310195563445E-18
4806.38995476082  2.755415341415950E-18
4809.73689742494  4.491835985214562E-18
4813.08457552594  3.605559935339521E-18
4816.43298758523  4.225338657774984E-18
4819.78213212678  3.268849449554911E-18
4823.13200767715  3.630076741514981E-18
4826.48261276547  3.945296247804850E-18
4829.83394592344  3.492313946397336E-18
4833.1860056853  3.360895419782821E-18
4836.53879058791  4.157940808644775E-18
4839.89229917063  3.610302575381594E-18
4843.2465299754  4.176550304475688E-18
4846.60148154674  4.766829698315978E-18
4849.9571524317  3.513764394042062E-18
4853.31354117985  5.691086159606699E-18
4856.67064634337  4.435745695057955E-18
4860.02846647693  5.123194409045154E-18
4863.38700013777  6.349507037947883E-18
4866.74624588565  5.931641862265694E-18
4870.10620228287  7.604211814195879E-18
4873.46686789427  5.500364366541265E-18
4876.82824128722  5.813469185595145E-18
4880.1903210316  5.892093943589227E-18
4883.55310569982  5.940452990150610E-18
4886.91659386682  6.348353534583677E-18
4890.28078411006  7.017773019939674E-18
4893.64567500948  7.917071374198135E-18
4897.01126514759  8.993153114610207E-18
4900.37755310935  5.268172287055793E-18
4903.74453748227  8.007920620874836E-18
4907.11221685635  8.373779297084588E-18
4910.48058982407  8.183072806860486E-18
4913.84965498044  8.496336031001670E-18
4917.21941092294  7.923094076238132E-18
4920.58985625156  6.895057880935286E-18
4923.96098956877  6.821852810314650E-18
4927.33280947953  7.157511949540705E-18
4930.70531459127  8.089204350947969E-18
4934.07850351393  7.083724957359137E-18
4937.45237485989  7.827600210421950E-18
4940.82692724404  7.144047103529569E-18
4944.20215928372  7.178858999608861E-18
4947.57806959874  7.849516360751542E-18
4950.95465681139  7.610087278086846E-18
4954.33191954641  7.463340474336260E-18
4957.709856431  8.554246945686507E-18
4961.08846609484  7.766221754609290E-18
4964.46774717005  8.934799658297654E-18
4967.84769829118  6.367628497217387E-18
4971.22831809526  9.081268529362418E-18
4974.60960522176  7.282766119435322E-18
4977.99155831259  8.102724618060150E-18
4981.37417601209  7.305540883240744E-18
4984.75745696706  7.132009144075082E-18
4988.14139982672  6.896059183066782E-18
4991.52600324272  8.649597709256720E-18
4994.91126586915  7.597836733214933E-18
4998.29718636252  6.439901335287677E-18
5001.68376338176  5.599659540862438E-18
5005.07099558823  6.278989063547124E-18
5008.4588816457  7.253503778085645E-18
5011.84742022035  6.753530173259607E-18
5015.2366099808  7.681374530457275E-18
5018.62644959804  7.572302494886034E-18
5022.01693774549  4.829533711060255E-18
5025.40807309897  5.297077699971152E-18
5028.79985433671  7.583300688310538E-18
5032.19228013931  6.237146545851436E-18
5035.58534918979  6.046995093818356E-18
5038.97906017355  5.379497976205936E-18
5042.3734117784  5.731158510791524E-18
5045.7684026945  6.925429471486397E-18
5049.16403161442  6.351659775492052E-18
5052.56029723311  6.486872786371500E-18
5055.95719824789  7.556078174351419E-18
5059.35473335846  4.928465339502209E-18
5062.75290126688  6.261977680659665E-18
5066.15170067759  9.897308673425584E-18
5069.55113029741  5.689757293952631E-18
5072.95118883549  5.799457986789414E-18
5076.35187500337  5.548169202092236E-18
5079.75318751493  6.641274319510648E-18
5083.15512508641  5.182194307006417E-18
5086.55768643642  6.212568114720341E-18
5089.9608702859  5.223138092966567E-18
5093.36467535813  6.700901220376227E-18
5096.76910037874  7.823798488326656E-18
5100.17414407572  6.512553435668822E-18
5103.57980517938  6.941737750853185E-18
5106.98608242235  5.435459226186986E-18
5110.39297453963  6.704719486083772E-18
5113.80048026853  6.683221061963519E-18
5117.20859834866  6.676801313229495E-18
5120.61732752201  7.115676462880222E-18
5124.02666653284  5.700369607621381E-18
5127.43661412775  5.518794364179253E-18
5130.84716905565  6.371947207195526E-18
5134.25833006778  6.559282522833167E-18
5137.67009591766  8.348403877433298E-18
5141.08246536114  7.663586838564935E-18
5144.49543715636  6.298721457059577E-18
5147.90901006376  7.724950405126572E-18
5151.32318284609  6.484062853830659E-18
5154.73795426839  6.540095654934694E-18
5158.15332309799  5.861270712423665E-18
5161.5692881045  5.081772512690950E-18
5164.98584805983  5.627222853233928E-18
5168.40300173818  7.154108101320050E-18
5171.82074791601  6.984778439666159E-18
5175.23908537207  8.003223889356759E-18
5178.65801288738  7.049277020749365E-18
5182.07752924525  8.117071238604269E-18
5185.49763323124  7.587642559345828E-18
5188.91832363318  8.272041044824241E-18
5192.33959924116  8.340711097736555E-18
5195.76145884754  7.524130804733395E-18
5199.18390124694  6.397251489314137E-18
5202.60692523622  6.459810745451216E-18
5206.03052961451  6.692568616475674E-18
5209.45471318318  7.254362391561476E-18
5212.87947474584  6.988236054626630E-18
5216.30481310836  6.978663920578166E-18
5219.73072707884  7.141633390502137E-18
5223.15721546762  7.119214314360112E-18
5226.58427708728  5.789553326134704E-18
5230.01191075262  5.438991287402585E-18
5233.44011528067  6.469143824302651E-18
5236.86888949072  8.368231396716197E-18
5240.29823220423  7.097820114997041E-18
5243.72814224492  6.494635876420309E-18
5247.15861843872  5.870391205857673E-18
5250.58965961377  7.624692806162692E-18
5254.02126460041  8.144103501022501E-18
5257.45343223122  8.312274282638210E-18
5260.88616134097  7.333025613454045E-18
5264.31945076662  7.367485957773003E-18
5267.75329934735  6.684417578719576E-18
5271.18770592454  6.430973161346086E-18
5274.62266934175  7.468001637087996E-18
5278.05818844474  8.669491402988619E-18
5281.49426208146  7.002333693806370E-18
5284.93088910205  7.440137230973537E-18
5288.36806835883  7.278559078839879E-18
5291.80579870629  7.815712797838950E-18
5295.24407900113  6.876817307657573E-18
5298.68290810218  7.755550297526742E-18
5302.12228487047  7.646513830721840E-18
5305.56220816922  6.823096889955930E-18
5309.00267686376  7.483155585909967E-18
5312.44368982164  8.995494862924344E-18
5315.88524591254  7.431774434980624E-18
5319.3273440083  6.172475497610506E-18
5322.76998298292  7.586381936092299E-18
5326.21316171256  6.922030586349416E-18
5329.65687907552  8.326675497102755E-18
5333.10113395224  7.506218208568559E-18
5336.54592522533  7.430857091681303E-18
5339.99125177952  7.527255065907008E-18
5343.43711250166  7.980980175504594E-18
5346.88350628079  6.916048829749738E-18
5350.33043200802  7.741391446981673E-18
5353.77788857664  7.296831498571174E-18
5357.22587488203  7.518246241855692E-18
5360.67438982172  7.891220325694627E-18
5364.12343229535  7.350297971824764E-18
5367.57300120468  8.437936252574814E-18
5371.02309545357  6.272341840144648E-18
5374.47371394802  8.081145957420478E-18
5377.92485559612  8.263242324648517E-18
5381.37651930808  6.649051471629872E-18
5384.82870399619  6.603586316441507E-18
5388.28140857488  7.511993583605405E-18
5391.73463196064  7.652947641526280E-18
5395.18837307207  6.527148623987013E-18
5398.64263082987  7.306518610724785E-18
5402.09740415681  6.256687860642388E-18
5405.55269197778  5.232393003250117E-18
5409.00849321972  6.092234428699495E-18
5412.46480681167  6.953563124890243E-18
5415.92163168474  7.381256860610786E-18
5419.37896677211  7.561343178950319E-18
5422.83681100905  6.358194502331221E-18
5426.29516333289  6.843430230183402E-18
5429.75402268302  7.236715320373271E-18
5433.21338800091  6.442229021531399E-18
5436.67325823007  5.888758751359413E-18
5440.13363231609  5.145303292457471E-18
5443.59450920659  5.574147222819770E-18
5447.05588785128  5.157319745216028E-18
5450.51776720188  5.725041923752000E-18
5453.98014621218  6.083580465130965E-18
5457.443023838  5.489149865386577E-18
5460.90639903722  5.669076124277580E-18
5464.37027076975  6.384155979446504E-18
5467.83463799751  4.890132962735889E-18
5471.2994996845  5.492765058253741E-18
5474.76485479671  4.676023878621439E-18
5478.23070230218  5.565041618636787E-18
5481.69704117095  5.031031185965416E-18
5485.16387037511  4.618671310850074E-18
5488.63118888876  4.672785880113599E-18
5492.09899568799  3.690356701474170E-18
5495.56728975094  4.410045607016238E-18
5499.03607005773  6.096764483324141E-18
5502.50533559051  4.795292569603621E-18
5505.97508533341  5.841419618493310E-18
5509.44531827258  4.299122754824407E-18
5512.91603339617  6.285719005010856E-18
5516.38722969431  5.169507424361387E-18
5519.85890615912  6.257911260768354E-18
5523.33106178474  5.540744015323653E-18
5526.80369556726  5.881161924613726E-18
5530.27680650478  3.392900898838877E-18
5533.75039359736  4.581632230971482E-18
5537.22445584706  5.328852188841151E-18
5540.69899225791  3.982193052618085E-18
5544.1740018359  5.496042347840676E-18
5547.649483589  6.312676407583651E-18
5551.12543652714  5.812279286283985E-18
5554.60185966222  5.646562749545724E-18
5558.0787520081  4.906663753687455E-18
5561.5561125806  4.774155623411054E-18
5565.03394039749  5.686807154297961E-18
5568.5122344785  6.291343005995603E-18
5571.9909938453  4.688455989637804E-18
5575.47021752152  5.604695416431661E-18
5578.94990453272  6.125206261506165E-18
5582.43005390641  6.151579674566500E-18
5585.91066467203  4.813690307197720E-18
5589.39173586097  5.341292985253948E-18
5592.87326650654  3.888378777035690E-18
5596.35525564398  6.011431704152560E-18
5599.83770231047  7.554291464228304E-18
5603.32060554509  6.807725392632857E-18
5606.80396438887  6.142287127565079E-18
5610.28777788474  5.881376577982684E-18
5613.77204507754  6.570630613656782E-18
5617.25676501405  8.952059608959185E-18
5620.74193674292  6.887907731720378E-18
5624.22755931475  9.230851735433445E-18
5627.71363178201  6.921556611858421E-18
5631.20015319908  8.126979207981431E-18
5634.68712262226  7.217099559327188E-18
5638.17453910971  6.288799839202309E-18
5641.66240172151  8.725753746712639E-18
5645.15070951962  6.835167109454304E-18
5648.63946156788  8.315680612400699E-18
5652.12865693204  7.111820146864502E-18
5655.61829467969  8.356702153338432E-18
5659.10837388033  8.282580980189392E-18
5662.59889360532  8.467072862471383E-18
5666.08985292791  7.040985362289133E-18
5669.58125092321  7.918609930137485E-18
5673.07308666818  8.763872710880921E-18
5676.56535924168  8.020280353587601E-18
5680.05806772439  8.128166212160445E-18
5683.55121119889  6.583809255175976E-18
5687.04478874958  8.293038197493288E-18
5690.53879946273  9.461541654926520E-18
5694.03324242647  7.947873098667773E-18
5697.52811673074  9.278138342330652E-18
5701.02342146737  9.381418459252797E-18
5704.51915573001  7.250005631275159E-18
5708.01531861414  1.010232207952440E-17
5711.51190921708  9.378131243498511E-18
5715.00892663799  9.339617714178043E-18
5718.50636997787  9.812465585176632E-18
5722.00423833951  8.265564220627950E-18
5725.50253082756  8.857297797985109E-18
5729.00124654848  9.878423312860384E-18
5732.50038461055  9.214606735383517E-18
5735.99994412385  8.552646351201218E-18
5739.4999242003  8.646147538921761E-18
5743.0003239536  9.540318200563008E-18
5746.50114249929  8.250981026428640E-18
5750.00237895468  8.079295554390197E-18
5753.50403243891  9.050970557885825E-18
5757.0061020729  1.097021155874361E-17
5760.50858697937  1.132274766400759E-17
5764.01148628285  8.377499128299241E-18
5767.51479910962  1.004470398677641E-17
5771.01852458779  1.158748433751335E-17
5774.52266184723  9.824852614849611E-18
5778.02721001959  1.050421522475880E-17
5781.53216823832  9.461121447175344E-18
5785.03753563862  9.905405117261249E-18
5788.54331135747  9.128553481898400E-18
5792.04949453364  9.722465852989024E-18
5795.55608430764  1.157254959155370E-17
5799.06307982176  9.486903012507397E-18
5802.57048022004  9.727648139526667E-18
5806.07828464829  9.895918182815879E-18
5809.58649225406  1.016327288296037E-17
5813.09510218668  9.598706398461288E-18
5816.6041135972  1.028209737795362E-17
5820.11352563844  9.861812698979708E-18
5823.62333746495  1.029933664909983E-17
5827.13354823302  9.757599522326600E-18
5830.64415710069  1.109432339221229E-17
5834.15516322773  8.870021490167401E-18
5837.66656577564  9.850261121725402E-18
5841.17836390766  8.532868462755073E-18
5844.69055678875  9.057380380452499E-18
5848.20314358558  9.277072933701681E-18
5851.71612346657  9.177035364780746E-18
5855.22949560184  8.793123471702022E-18
5858.74325916323  9.114268899900221E-18
5862.25741332428  7.321122484439407E-18
5865.77195726027  8.807107787137841E-18
5869.28689014817  8.267820769338996E-18
5872.80221116664  7.979773318990879E-18
5876.31791949606  7.914113376327646E-18
5879.83401431851  7.545754133126143E-18
5883.35049481776  7.872803976536748E-18
5886.86736017926  9.330278017881708E-18
5890.38460959017  6.997753594754662E-18
5893.90224223933  8.173781087039680E-18
5897.42025731727  7.186542680318865E-18
5900.93865401619  7.010126562357232E-18
5904.45743152996  7.454487987420719E-18
5907.97658905416  6.438136959041101E-18
5911.49612578601  7.472420435920255E-18
5915.01604092442  5.832884355342682E-18
5918.53633366996  6.360531701151988E-18
5922.05700322486  5.973136550513804E-18
5925.57804879301  6.535757092621854E-18
5929.09946957997  4.807327633925962E-18
5932.62126479295  7.727572567668362E-18
5936.14343364081  6.176876925649902E-18
5939.66597533406  5.770699812023090E-18
5943.18888908487  5.980007526271976E-18
5946.71217410703  7.214711488898748E-18
5950.235829616  4.926686074004607E-18
5953.75985482885  5.331786612064183E-18
5957.28424896431  6.218724406429267E-18
5960.80901124273  5.193486563138687E-18
5964.33414088609  5.684484017547606E-18
5967.85963711801  4.912427961786031E-18
5971.38549916371  2.725667651841858E-18
5974.91172625005  4.633494387427024E-18
5978.43831760552  6.107546782608771E-18
5981.96527246018  5.677725538352742E-18
5985.49259004576  4.218528066201530E-18
5989.02026959556  5.076089781882710E-18
5992.54831034451  4.617614587617539E-18
5996.07671152912  5.109375529731844E-18
5999.60547238754  5.616234172386469E-18
6003.13459215947  4.716670293151375E-18
6006.66407008624  4.907036398553410E-18
6010.19390541077  6.011302663977000E-18
6013.72409737755  3.492239500142206E-18
6017.25464523269  4.021354264358182E-18
6020.78554822385  4.733529061215818E-18
6024.31680560029  4.303018775509531E-18
6027.84841661285  5.639984182134090E-18
6031.38038051394  5.164806556940248E-18
6034.91269655755  5.354483207301719E-18
6038.44536399922  4.841437667255505E-18
6041.97838209609  4.986408514230936E-18
6045.51175010683  5.413949221538157E-18
6049.04546729169  5.584956819064613E-18
6052.57953291249  3.587068312745898E-18
6056.11394623258  5.289319986596323E-18
6059.64870651687  5.883033834339935E-18
6063.18381303185  4.780747425712490E-18
6066.71926504551  6.480662727922759E-18
6070.25506182741  4.925832010022147E-18
6073.79120264865  5.091729285724250E-18
6077.32768678188  6.346263249175755E-18
6080.86451350126  5.163344515207559E-18
6084.4016820825  4.742546984253872E-18
6087.93919180283  5.713874985482534E-18
6091.47704194103  5.976233514727202E-18
6095.01523177738  4.649955281616831E-18
6098.55376059368  4.921837554844127E-18
6102.09262767327  5.897869318626072E-18
6105.63183230099  4.973493743327145E-18
6109.1713737632  4.041271119147234E-18
6112.71125134777  4.971333974747770E-18
6116.25146434406  4.415030610977789E-18
6119.79201204297  5.626135110728423E-18
6123.33289373687  3.548117204881388E-18
6126.87410871965  5.633088390957542E-18
6130.41565628667  4.816821185816234E-18
6133.9575357348  5.470513486185758E-18
6137.49974636242  6.185626842169490E-18
6141.04228746935  4.454784911217085E-18
6144.58515835694  5.419168317613060E-18
6148.12835832799  4.904666526098446E-18
6151.6718866868  5.747844398107943E-18
6155.21574273913  4.398049006592382E-18
6158.75992579222  4.956009213129306E-18
6162.30443515479  5.750492616839030E-18
6165.84927013701  5.279484395522761E-18
6169.39443005053  7.320856959462775E-18
6172.93991420844  7.388947985946304E-18
6176.48572192532  6.647000890891353E-18
6180.03185251717  5.957497046672265E-18
6183.57830530148  6.556604112009721E-18
6187.12507959716  7.387007420229254E-18
6190.67217472458  6.087842926827451E-18
6194.21959000556  6.504774215598069E-18
6197.76732476336  5.576393018182851E-18
6201.31537832265  6.116753302826484E-18
6204.86375000959  7.100717728682814E-18
6208.41243915173  7.443864506813699E-18
6211.96144507807  7.293585641847516E-18
6215.51076711902  7.125346204240969E-18
6219.06040460643  5.794156172653255E-18
6222.61035687357  5.869871736432990E-18
6226.16062325513  5.100170663875354E-18
6229.71120308721  6.341981348734872E-18
6233.26209570732  5.518777820567002E-18
6236.81330045439  6.403150527852559E-18
6240.36481666875  6.812400617455006E-18
6243.91664369214  5.725170963927556E-18
6247.4687808677  5.404109494561533E-18
6251.02122753997  5.674625265416892E-18
6254.57398305489  5.848411776211221E-18
6258.12704675977  6.183680072597845E-18
6261.68041800334  5.344310953718849E-18
6265.2340961357  6.162554706933853E-18
6268.78808050835  5.175803509593833E-18
6272.34237047415  4.705426840675249E-18
6275.89696538735  4.959846503990940E-18
6279.45186460359  4.993739402409687E-18
6283.00706747985  5.611958889390487E-18
6286.56257337452  5.330328292644253E-18
6290.11838164732  3.833554900396899E-18
6293.67449165937  3.736414531571429E-18
6297.23090277312  5.515299112500910E-18
6300.78761435239  5.385182774965706E-18
6304.34462576237  5.468290851879828E-18
6307.90193636959  5.091480717950178E-18
6311.45954554193  4.690741489670288E-18
6315.01745264862  5.466391645193406E-18
6318.57565706023  5.353239954841052E-18
6322.13415814868  5.107011861131472E-18
6325.69295528723  5.447502148725145E-18
6329.25204785046  3.811658188811702E-18
6332.81143521431  5.163827588685290E-18
6336.37111675602  3.711983752179675E-18
6339.93109185417  3.760022266253692E-18
6343.49135988869  3.994865459602397E-18
6347.05192024079  5.669335858989922E-18
6350.61277229301  4.887589382352289E-18
6354.17391542924  5.811763125581752E-18
6357.73534903463  4.907061627562093E-18
6361.29707249569  6.272148693471615E-18
6364.8590852002  6.237302469396901E-18
6368.42138653726  5.013173597311314E-18
6371.98397589728  5.494147277057316E-18
6375.54685267196  5.602402885363969E-18
6379.11001625429  6.176364073670121E-18
6382.67346603856  6.342403624437585E-18
6386.23720142035  5.539978046076430E-18
6389.80122179654  6.465434332845656E-18
6393.36552656527  5.944100029471356E-18
6396.93011512597  6.070015943856015E-18
6400.49498687937  6.258663995125777E-18
6404.06014122744  7.005299963482985E-18
6407.62557757346  5.624856703091721E-18
6411.19129532195  6.080987253910611E-18
6414.75729387872  7.116841960363311E-18
6418.32357265083  5.471753016333670E-18
6421.89013104661  6.367301347285124E-18
6425.45696847565  6.054720960739603E-18
6429.02408434878  6.652774611566974E-18
6432.59147807811  6.976696885081513E-18
6436.15914907697  6.041311949419813E-18
6439.72709675997  7.098361091117650E-18
6443.29532054294  7.022691435861911E-18
6446.86381984297  5.916558637386096E-18
6450.43259407836  5.505685205831513E-18
6454.00164266868  6.542933711616363E-18
6457.57096503472  7.519510173831676E-18
6461.1405605985  7.156104915318753E-18
6464.71042878325  7.443231713645097E-18
6468.28056901347  6.001042315658892E-18
6471.85098071483  7.011421927196488E-18
6475.42166331425  7.261419069367168E-18
6478.99261623986  7.190188892459000E-18
6482.563838921  7.251464777875704E-18
6486.13533078823  7.631670901810190E-18
6489.7070912733  6.988720782465583E-18
6493.27911980918  7.376618858916201E-18
6496.85141583005  7.358349747907356E-18
6500.42397877125  8.245835135837950E-18
6503.99680806936  8.616739613784275E-18
6507.56990316213  5.814802187152272E-18
6511.14326348851  9.009964733379735E-18
6514.71688848863  8.775370521395407E-18
6518.29077760381  8.074334952256718E-18
6521.86493027655  9.924687524520475E-18
6525.43934595054  8.382396037525554E-18
6529.01402407062  8.014647253616114E-18
6532.58896408283  7.682252169087194E-18
6536.16416543436  8.923296884699492E-18
6539.73962757359  8.505843644962354E-18
6543.31534995005  8.516376962882604E-18
6546.89133201442  8.565853116861239E-18
6550.46757321857  9.128367366260576E-18
6554.0440730155  8.822119460894455E-18
6557.62083085938  9.090106127026933E-18
6561.19784620552  7.712100154310558E-18
6564.77511851039  9.083076746181459E-18
6568.35264723158  8.214284812913950E-18
6571.93043182785  9.102425327889685E-18
6575.50847175908  7.142468842920816E-18
6579.0867664863  8.369701296664702E-18
6582.66531547166  9.015167699432693E-18
6586.24411817846  8.138395127615273E-18
6589.8231740711  8.373670109243731E-18
6593.40248261513  8.856288637637794E-18
6596.98204327721  8.727304710361178E-18
6600.56185552513  8.161922625778119E-18
6604.14191882777  8.741438745487871E-18
6607.72223265515  7.844829555400817E-18
6611.3027964784  7.817814663775449E-18
6614.88360976974  7.385428332439892E-18
6618.4646720025  7.269551909149787E-18
6622.04598265112  7.788168510621547E-18
6625.62754119115  7.636638121388569E-18
6629.2093470992  7.319666646561313E-18
6632.79139985301  6.306170632065922E-18
6636.37369893138  7.714719008129902E-18
6639.95624381424  7.069401497872169E-18
6643.53903398255  8.632987095376043E-18
6647.12206891841  5.759187939438189E-18
6650.70534810494  6.283606385726394E-18
6654.28887102638  7.830942020096665E-18
6657.87263716804  6.226666994671001E-18
6661.45664601627  7.405020105248210E-18
6665.04089705853  7.317031249129718E-18
6668.6253897833  7.406959016604033E-18
6672.21012368016  6.735697813614189E-18
6675.79509823973  7.656635212697040E-18
6679.38031295369  7.149303836322341E-18
6682.96576731478  6.100688214559788E-18
6686.55146081678  7.089575605831726E-18
6690.13739295452  7.349598177026546E-18
6693.72356322388  7.202672702263650E-18
6697.30997112178  6.779149197601292E-18
6700.89661614619  7.933492563718537E-18
6704.48349779608  7.483263119389600E-18
6708.0706155715  7.169962672120853E-18
6711.65796897351  7.326653841195547E-18
6715.24555750418  5.735613705570735E-18
6718.83338066664  7.638818569483259E-18
6722.42143796501  7.194620926181060E-18
6726.00972890445  6.611325831842861E-18
6729.59825299114  7.061542454872302E-18
6733.18700973225  8.176332939229403E-18
6736.77599863598  8.033815509950809E-18
6740.36521921153  6.546787959680554E-18
6743.95467096911  6.000619626365878E-18
6747.54435341992  7.382081559681501E-18
6751.13426607618  6.593932291512400E-18
6754.7244084511  7.966502033243081E-18
6758.31478005886  8.247324888121156E-18
6761.90538041466  7.903506439332876E-18
6765.49620903468  6.975035906411507E-18
6769.08726543607  6.031844040128530E-18
6772.67854913699  5.805500954754418E-18
6776.27005965656  6.498571188184531E-18
6779.86179651487  6.626081079609580E-18
6783.453759233  6.809143180202771E-18
6787.045947333  7.590828031884772E-18
6790.63836033787  6.064036668798175E-18
6794.2309977716  6.412106825934976E-18
6797.82385915912  6.537722887347586E-18
6801.41694402633  7.087246265226776E-18
6805.01025190009  6.062122159270421E-18
6808.60378230821  6.595916697801916E-18
6812.19753477944  6.909514930091182E-18
6815.7915088435  7.149088769363078E-18
6819.38570403103  7.476880593783141E-18
6822.98011987363  7.261562998793752E-18
6826.57475590385  6.846240576314550E-18
6830.16961165513  5.211292453004502E-18
6833.7646866619  6.525757719787005E-18
6837.35998045948  5.984820476666115E-18
6840.95549258414  5.763138554043742E-18
6844.55122257306  7.343065931729214E-18
6848.14716996436  5.827786854817823E-18
6851.74333429707  6.700631559496534E-18
6855.33971511113  7.008519350427042E-18
6858.93631194741  5.527120350634905E-18
6862.53312434766  6.831734723502514E-18
6866.13015185458  4.283853000716680E-18
6869.72739401174  7.194845919307675E-18
6873.32485036363  5.354798776705407E-18
6876.92252045564  4.933447861921923E-18
6880.52040383404  6.114988512989603E-18
6884.11850004602  6.759625667193511E-18
6887.71680863964  5.238174995731863E-18
6891.31532916385  5.740288930392884E-18
6894.9140611685  6.259288516488254E-18
6898.5130042043  4.457412450432862E-18
6902.11215782285  7.918348541063918E-18
6905.71152157664  4.552435650480503E-18
6909.31109501902  5.502798759084008E-18
6912.9108777042  6.895902018750397E-18
6916.51086918728  5.976594165474276E-18
6920.1110690242  4.255671784427611E-18
6923.7114767718  4.862474938184259E-18
6927.31209198775  6.322911940483383E-18
6930.91291423057  6.847804774852889E-18
6934.51394305966  6.622371174562281E-18
6938.11517803526  6.834096324151353E-18
6941.71661871845  6.444808997861954E-18
6945.31826467116  5.879408715305420E-18
6948.92011545617  8.282103696975948E-18
6952.52217063709  6.123457601691228E-18
6956.12442977836  5.964667875402485E-18
6959.72689244528  5.916357218906940E-18
6963.32955820395  6.296086473218290E-18
6966.93242662132  7.903361682725682E-18
6970.53549726516  6.987560248066172E-18
6974.13876970406  5.648474363941335E-18
6977.74224350742  6.108036887121707E-18
6981.34591824547  6.738148336178878E-18
6984.94979348925  7.357436540511097E-18
6988.55386881061  6.095698661104869E-18
6992.15814378221  6.813724520025399E-18
6995.76261797751  5.815418436708625E-18
6999.36729097078  5.967182918054954E-18
7002.97216233709  7.446006904600213E-18
7006.57723165229  6.439285085731325E-18
7010.18249849305  6.594687507411661E-18
7013.7879624368  5.796086398612647E-18
7017.3936230618  6.360690106239291E-18
7020.99947994704  6.078756347798557E-18
7024.60553267234  5.612576379717758E-18
7028.21178081829  5.912492217494785E-18
7031.81822396623  6.185229381885157E-18
7035.4248616983  5.440911173604322E-18
7039.03169359741  5.753704972747881E-18
7042.63871924722  6.621619267385470E-18
7046.24593823217  6.017482530333384E-18
7049.85335013747  5.274685093608729E-18
7053.46095454907  5.726388987379542E-18
7057.06875105368  6.510700551096703E-18
7060.67673923878  5.997954864022538E-18
7064.28491869258  4.887030621848510E-18
7067.89328900405  5.743004564343894E-18
7071.50184976292  5.337257584635608E-18
7075.11060055962  5.873130414456142E-18
7078.71954098536  6.162670512219610E-18
7082.32867063208  4.629961912621116E-18
7085.93798909243  5.940914970522721E-18
7089.54749595981  6.244157315133129E-18
7093.15719082835  4.754780158332917E-18
7096.76707329291  4.873629882334845E-18
7100.37714294904  5.402403020957834E-18
7103.98739939305  5.807177236265759E-18
7107.59784222195  4.973780361409396E-18
7111.20847103344  6.465328453727250E-18
7114.81928542598  5.947838885840095E-18
7118.4302849987  5.532176905719442E-18
7122.04146935146  5.731750358519805E-18
7125.65283808479  6.190268566176831E-18
7129.26439079995  5.294816188176431E-18
7132.87612709889  5.427694068186644E-18
7136.48804658424  5.579580145083017E-18
7140.10014885935  5.558124320764311E-18
7143.71243352821  5.618704133695551E-18
7147.32490019555  6.398185789816015E-18
7150.93754846675  4.872664562559994E-18
7154.55037794787  5.466624496535841E-18
7158.16338824566  3.248325650991399E-18
7161.77657896754  4.732505011617480E-18
7165.38994972159  4.240782119811349E-18
7169.00350011657  5.317212930441917E-18
7172.61722976191  5.576181259946038E-18
7176.23113826768  5.415645355384198E-18
7179.84522524463  6.559933927565553E-18
7183.45949030417  5.096569533078604E-18
7187.07393305834  4.579060526447054E-18
7190.68855311986  5.550856711902421E-18
7194.30335010207  5.244580682395474E-18
7197.91832361898  5.938295289522764E-18
7201.53347328523  3.130813478039971E-18
7205.1487987161  5.605799702549417E-18
7208.76429952751  6.049881540565861E-18
7212.37997533601  3.812123891496570E-18
7215.99582575878  4.856503107751934E-18
7219.61185041364  4.739215100746509E-18
7223.22804891902  6.681507970914922E-18
7226.84442089399  4.865258400945500E-18
7230.46096595822  3.999407508345926E-18
7234.077683732  4.410365725913296E-18
7237.69457383626  5.219169280387538E-18
7241.3116358925  7.484224303261387E-18
7244.92886952287  5.301473337746259E-18
7248.54627435008  4.577651837863877E-18
7252.16384999749  7.020839378470405E-18
7255.78159608903  5.674990052067029E-18
7259.39951224923  5.180701659591067E-18
7263.01759810321  5.461263952576191E-18
7266.63585327671  3.921422160965346E-18
7270.25427739602  5.763284137831552E-18
7273.87287008805  8.808007759644299E-18
7277.49163098026  5.348448097552534E-18
7281.1105597007  3.675614275006943E-18
7284.72965587802  4.976990649366713E-18
7288.34891914142  5.948361663987229E-18
7291.96834912067  6.344303244714311E-18
7295.58794544612  5.453189015436448E-18
7299.20770774868  7.550909122703575E-18
7302.82763565983  6.582706209829138E-18
7306.44772881159  8.112756664529193E-18
7310.06798683656  6.477480150515962E-18
7313.68840936788  7.560139631159055E-18
7317.30899603925  8.932752386281585E-18
7320.92974648491  8.642535241186742E-18
7324.55066033965  8.856646806843031E-18
7328.1717372388  7.752397085031691E-18
7331.79297681823  7.770641380622160E-18
7335.41437871435  7.252050421749391E-18
7339.0359425641  5.830118676964612E-18
7342.65766800496  5.233186683047862E-18
7346.27955467493  7.260098061928919E-18
7349.90160221254  7.955295390304208E-18
7353.52381025682  7.969707358116721E-18
7357.14617844737  7.026119272320331E-18
7360.76870642426  8.606012735600689E-18
7364.39139382809  8.416317887265741E-18
7368.01424029997  7.904615688534313E-18
7371.63724548154  6.920281926534478E-18
7375.2604090149  6.178653709605665E-18
7378.88373054269  6.507989880229365E-18
7382.50720970804  6.820379601643693E-18
7386.13084615457  7.245110376410069E-18
7389.7546395264  7.126227978773949E-18
7393.37858946815  6.956306055801468E-18
7397.00269562491  7.988160930402167E-18
7400.62695764227  8.109399965603454E-18
7404.25137516628  5.858033541096437E-18
7407.87594784352  7.879743194695455E-18
7411.50067532098  7.727633779033692E-18
7415.12555724618  8.165207359990567E-18
7418.75059326708  7.040747961453332E-18
7422.37578303212  6.789615927482234E-18
7426.00112619021  8.856765920851238E-18
7429.6266223907  7.475185700708020E-18
7433.25227128343  6.438931879609766E-18
7436.87807251867  9.159169917910825E-18
7440.50402574717  7.633229310084239E-18
7444.13013062012  6.891005936704697E-18
7447.75638678914  6.477217107081169E-18
7451.38279390632  6.804857971039441E-18
7455.0093516242  6.728225477550692E-18
7458.63605959572  8.146081289867117E-18
7462.26291747429  7.812706823492931E-18
7465.88992491376  8.512724960478180E-18
7469.51708156839  6.603222770562290E-18
7473.14438709286  6.312011354371160E-18
7476.77184114231  4.396094378804918E-18
7480.39944337227  6.521309969633309E-18
7484.02719343872  8.373077020744529E-18
7487.65509099803  6.866207889120969E-18
7491.283135707  6.149609330347399E-18
7494.91132722283  7.653625102447959E-18
7498.53966520314  7.687003494525699E-18
7502.16814930595  6.400301304232620E-18
7505.79677918969  6.227985934157715E-18
7509.42555451317  7.072828507149976E-18
7513.05447493561  7.583894603990353E-18
7516.68354011664  6.273477559125683E-18
7520.31274971625  5.173541170618501E-18
7523.94210339484  6.857894723964809E-18
7527.5716008132  6.096947703829822E-18
7531.20124163247  6.516616546837682E-18
7534.83102551422  5.769241492603159E-18
7538.46095212034  7.059257782020432E-18
7542.09102111316  6.712402339613165E-18
7545.72123215531  5.840518818806240E-18
7549.35158490983  6.422326642403069E-18
7552.98207904014  6.788207652489362E-18
7556.61271420999  5.520106272630762E-18
7560.2434900835  5.983334860285970E-18
7563.87440632515  5.273838060661475E-18
7567.50546259978  6.603343952522029E-18
7571.13665857256  7.293587296208742E-18
7574.76799390904  5.539459817422666E-18
7578.39946827509  5.593911876376111E-18
7582.03108133694  7.746352876295768E-18
7585.66283276114  4.673566325021544E-18
7589.2947222146  5.838946348461777E-18
7592.92674936454  5.573846129076800E-18
7596.55891387854  6.377595610008346E-18
7600.19121542448  4.980918930095729E-18
7603.82365367059  6.125139673466856E-18
7607.4562282854  2.454957079952241E-18
7611.08893893778  3.186469705170142E-18
7614.72178529691  2.972312851375317E-18
7618.35476703228  3.394599514226754E-18
7621.98788381369  5.514341650941880E-18
7625.62113531126  4.283484491753787E-18
7629.2545211954  4.156525502616698E-18
7632.88804113685  4.139521150764446E-18
7636.52169480662  3.479211819084802E-18
7640.15548187602  2.922779001548956E-18
7643.78940201667  4.248649021027035E-18
7647.42345490049  3.064708925797490E-18
7651.05764019965  2.459359955557708E-18
7654.69195758664  2.725081387582712E-18
7658.32640673421  2.159504088375091E-18
7661.96098731543  3.876008290974958E-18
7665.59569900359  4.780522018995568E-18
7669.2305414723  3.493028630446582E-18
7672.86551439541  2.175037092712766E-18
7676.50061744707  2.263521636813329E-18
7680.13585030168  2.410782946904919E-18
7683.77121263388  2.234920626363388E-18
7687.40670411861  2.168591080994293E-18
7691.04232443104  2.263160572475949E-18
7694.67807324662  3.236724236105190E-18
7698.31395024102  4.161379398451160E-18
7701.94995509017  2.951655049552570E-18
7705.58608747027  3.037373708479909E-18
7709.22234705772  4.590930154646884E-18
7712.8587335292  2.318245838188305E-18
7716.49524656159  3.475967203132063E-18
7720.13188583205  4.082520134753416E-18
7723.76865101792  4.759462827780581E-18
7727.40554179681  3.338484408651769E-18
7731.04255784654  3.974701277810192E-18
7734.67969884515  2.917953643445629E-18
7738.3169644709  1.639265902709999E-18
7741.95435440227  2.898418325714117E-18
7745.59186831796  2.944979288418961E-18
7749.22950589687  6.524550449682986E-18
7752.86726681812  2.543078698559047E-18
7756.50515076103  2.672606290293266E-18
7760.14315740513  3.392704029853089E-18
7763.78128643013  4.211823767336786E-18
7767.41953751596  2.673328212172872E-18
7771.05791034273  2.045132720209528E-18
7774.69640459075  4.814013734817229E-18
7778.33501994052  2.656797421221306E-18
7781.97375607271  3.077023577166873E-18
7785.6126126682  3.823016205802668E-18
7789.25158940803  5.115621570537233E-18
7792.89068597341  5.689671267168926E-18
7796.52990204575  3.081202080031185E-18
7800.16923730662  4.117394069378653E-18
7803.80869143774  4.398086643310251E-18
7807.44826412102  4.845025976752761E-18
7811.08795503854  5.249267487746199E-18
7814.72776387251  4.301816054898880E-18
7818.36769030531  4.783116884577149E-18
7822.00773401949  1.572583875002378E-18
7825.64789469773  4.596822575740405E-18
7829.28817202287  4.060085342179753E-18
7832.9285656779  5.195601250374677E-18
7836.56907534594  5.465798970284511E-18
7840.20970071026  4.113440146050648E-18
7843.85044145426  3.546834247751319E-18
7847.49129726148  5.201630983449883E-18
7851.1322678156  9.470246076512417E-18
7854.7733528004  7.230923401724174E-18
7858.41455189982  6.914563213369593E-18
7862.0558647979  4.764717492621826E-18
7865.69729117881  4.805160834311379E-18
7869.33883072684  1.309199641798144E-18
7872.98048312639  5.041309732256999E-18
7876.62224806197  6.009482039448771E-18
7880.26412521819  5.742407339941632E-18
7883.90611427979  5.065706597243639E-18
7887.5482149316  6.008025374390067E-18
7891.19042685854  3.962634780624575E-18
7894.83274974564  3.889455352602927E-18
7898.47518327803  4.941065781773231E-18
7902.11772714091  7.285755550169088E-18
7905.76038101959  3.202605310584061E-18
7909.40314459945  8.629402094601239E-18
7913.04601756597  2.802638875791449E-18
7916.6889996047  3.696625076156097E-18
7920.33209040126  4.608736871693313E-18
7923.97528964137  5.521073246766836E-18
7927.61859701079  5.605259553609421E-18
7931.26201219537  4.603582709296495E-18
7934.90553488101  4.016307221850691E-18
7938.5491647537  4.813877250016157E-18
7942.19290149946  6.573290412916446E-18
7945.83674480438  4.018222972149364E-18
7949.48069435461  5.856704675442372E-18
7953.12474983635  4.875062145565479E-18
7956.76891093583  6.820850681002542E-18
7960.41317733936  6.884565094865051E-18
7964.05754873327  7.272890410102050E-18
7967.70202480392  6.892311641301609E-18
7971.34660523774  5.503129217738723E-18
7974.99128972117  5.652221078525894E-18
7978.63607794069  3.797759900159586E-18
7982.28096958281  4.701424113691104E-18
7985.92596433406  6.859898982589025E-18
7989.57106188099  6.708758609014870E-18
7993.21626191019  6.875135235881946E-18
7996.86156410824  6.168088545231833E-18
8000.50696816176  3.599001220262589E-18
8004.15247375737  4.887216737486334E-18
8007.79808058169  6.354678571137563E-18
8011.44378832136  5.876408531223691E-18
8015.08959666303  6.780200957750155E-18
8018.73550529333  6.958484849534933E-18
8022.38151389889  5.404312567401915E-18
8026.02762216635  6.545349906185631E-18
8029.67382978233  4.611935579122055E-18
8033.32013643344  4.142081274760297E-18
8036.96654180629  5.752456343613232E-18
8040.61304558744  3.836890919807326E-18
8044.25964746347  6.508846839343971E-18
8047.9063471209  4.918099939246307E-18
8051.55314424626  7.172554228979982E-18
8055.20003852604  7.326974787273218E-18
8058.84702964667  5.640033812970845E-18
8062.49411729459  3.354684327358314E-18
8066.14130115618  5.870015665859575E-18
8069.78858091778  6.142326005053869E-18
8073.43595626569  4.704635642419342E-18
8077.08342688617  4.711258463993748E-18
8080.73099246543  5.298383818158372E-18
8084.37865268962  6.662762817463550E-18
8088.02640724485  5.752987807156797E-18
8091.67425581716  4.041287249169179E-18
8095.32219809254  5.743182821765900E-18
8098.97023375691  6.233200480739251E-18
8102.61836249614  7.328053430791987E-18
8106.266583996  5.930292730686619E-18
8109.91489794223  5.572346037035935E-18
8113.56330402046  6.711624789837364E-18
8117.21180191627  4.493084200758905E-18
8120.86039131514  5.968073377984367E-18
8124.50907190249  3.999538202882709E-18
8128.15784336363  4.159192746501875E-18
8131.80670538379  4.948826803870509E-18
8135.45565764812  4.305623980848769E-18
8139.10469984167  5.177734976324145E-18
8142.75383164939  5.966921942571694E-18
8146.40305275613  5.359675006416409E-18
8150.05236284664  4.690250557976738E-18
8153.70176160556  5.703360692716374E-18
8157.35124871744  5.638036585381835E-18
8161.00082386669  4.291228556648507E-18
8164.65048673763  4.151282831894337E-18
8168.30023701445  5.176365165229757E-18
8171.95007438123  5.648282458039222E-18
8175.59999852192  4.752239059491155E-18
8179.25000912035  4.690218711523154E-18
8182.90010586021  5.956443632162176E-18
8186.55028842508  4.237812955002590E-18
8190.20055649839  4.203148297072330E-18
8193.85090976344  4.429999684932854E-18
8197.50134790338  5.752532030639279E-18
8201.15187060124  6.576164038364456E-18
8204.80247753988  6.371801209817412E-18
8208.45316840202  7.244847332975279E-18
8212.10394287025  5.366943442458912E-18
8215.75480062696  5.824721737058008E-18
8219.40574135443  6.310086918676055E-18
8223.05676473476  7.454968579356612E-18
8226.70787044989  6.587879397380045E-18
8230.35905818159  5.222093777443220E-18
8234.01032761147  4.320157957801631E-18
8237.66167842096  6.094448791199299E-18
8241.31311029132  5.331918960962190E-18
8244.96462290364  4.482256406540586E-18
8248.61621593882  3.876343712713349E-18
8252.26788907759  3.590808823475863E-18
8255.91964200049  5.072689242384504E-18
8259.57147438786  4.147637033344509E-18
8263.22338591986  4.385130513375835E-18
8266.87537627646  4.263640015268333E-18
8270.52744513742  4.274691561842348E-18
8274.17959218232  5.239868648036065E-18
8277.83181709052  5.105307041889002E-18
8281.48411954118  6.781176617282660E-18
8285.13649921325  2.464178282625830E-18
8288.78895578549  3.956777101116779E-18
8292.44148893641  4.475645992675369E-18
8296.09409834433  3.604613227128455E-18
8299.74678368734  2.143697494049815E-18
8303.3995446433  6.308527269631087E-18
8307.05238088988  4.785168706086585E-18
8310.70529210448  2.890485663639734E-18
8314.35827796429  5.411011076002369E-18
8318.01133814626  3.352276197800019E-18
8321.6644723271  2.847571740255636E-18
8325.31768018331  4.702706243640562E-18
8328.9709613911  5.921468367911905E-18
8332.62431562647  6.766813866716596E-18
8336.27774256516  4.264159484693017E-18
8339.93124188266  7.142464707017754E-18
8343.5848132542  7.939047081531834E-18
8347.23845635477  3.132177498870071E-18
8350.89217085909  1.726890489166236E-18
8354.5459564416  4.513695060081889E-18
8358.19981277652  5.898087280717481E-18
8361.85373953776  3.022910662264572E-18
8365.50773639898  4.183823290011560E-18
8369.16180303355  3.595267326977524E-18
8372.81593911459  2.502009181145789E-18
8376.47014431492  3.972031552383176E-18
8380.12441830707  4.681881558129234E-18
8383.77876076331  6.523551629093327E-18
8387.43317135561  2.854771313512144E-18
8391.08764975564  3.329983059906255E-18
8394.7421956348  2.544853414563279E-18
8398.39680866416  3.611156225773748E-18
8402.05148851452  2.733066368830839E-18
8405.70623485636  4.849412929131435E-18
8409.36104735987  6.077551145646066E-18
8413.01592569492  3.974502754463178E-18
8416.67086953108  2.892129891902337E-18
8420.32587853759  4.780027364989262E-18
8423.98095238338  3.498107105817352E-18
8427.63609073707  2.593212874714966E-18
8431.29129326696  4.705992632214234E-18
8434.946559641  2.427601183119347E-18
8438.60188952684  6.840069395354598E-18
8442.25728259178  4.088783132761362E-18
8445.9127385028  3.952937742303614E-18
8449.56825692654  5.241018842677820E-18
8453.22383752928  2.542270129510276E-18
8456.879479977  5.615744481463837E-18
8460.5351839353  5.470502319247488E-18
8464.19094906945  3.279570123883904E-18
8467.84677504435  3.913337711248558E-18
8471.50266152457  5.669265962228161E-18
8475.1586081743  5.344481352925035E-18
8478.81461465739  4.570723786643438E-18
8482.47068063733  3.233560477057327E-18
8486.12680577723  3.098405782411063E-18
8489.78298973982  5.760223155974798E-18
8493.43923218751  4.769044474406090E-18
8497.09553278228  3.516900235744250E-18
8500.75189118576  9.833188113882309E-19
8504.40830705921  3.186748258241419E-18
8508.06478006349  4.875547700585049E-18
8511.72130985907  5.789655896530660E-18
8515.37789610606  2.548793482616023E-18
8519.03453846415  3.895696430324640E-18
8522.69123659266  3.851828147308808E-18
8526.34799015048  3.871794219344307E-18
8530.00479879615  3.302606069967740E-18
8533.66166218777  4.450102241769425E-18
8537.31857998305  1.908882838432244E-18
8540.97555183928  1.786626991462978E-18
8544.63257741335  2.561354220217641E-18
8548.28965636173  2.049936158026624E-18
8551.94678834049  3.464171194006751E-18
8555.60397300526  3.203598340909431E-18
8559.26121001126  2.513941881867325E-18
8562.91849901328  3.300752565010162E-18
8566.57583966568  3.544578526220887E-18
8570.23323162239  4.450459583794048E-18
8573.89067453693  2.616134669874270E-18
8577.54816806233  3.240938928121300E-18
8581.20571185124  1.890617449736154E-18
8584.86330555584  3.172211386156412E-18
8588.52094882785  2.881900562857198E-18
8592.17864131857  3.478263456512510E-18
8595.83638267884  1.577779293032247E-18
8599.49417255904  5.534984356718447E-18
8603.1520106091  1.958897693784803E-18
8606.80989647849  3.227126666252889E-18
8610.46782981622  4.247855341229290E-18
8614.12581027082  3.978881435035728E-18
8617.78383749039  5.449685078361672E-18
8621.4419111225  2.733701643541280E-18
8625.10003081431  2.141779055414152E-18
8628.75819621246  2.185764591281812E-18
8632.41640696312  4.325631411914895E-18
8636.07466271199  1.847290763226392E-18
8639.73296310429  4.040505977080623E-18
8643.39130778472  5.376381986838449E-18
8647.04969639751  4.154484020864917E-18
8650.70812858642  1.490139507132254E-18
8654.36660399467  3.034003567869215E-18
8658.025122265  2.980320580090289E-18
8661.68368303965  6.756654434433220E-18
8665.34228596036  2.958106851535331E-18
8669.00093066836  1.139578812568633E-18
8672.65961680436  4.147232128434665E-18
8676.31834400855  4.093638269366740E-18
8679.97711192063  3.592720851461779E-18
8683.63592017977  3.044831982472993E-18
8687.2947684246  3.329074402003366E-18
8690.95365629326  4.697070248536932E-18
8694.61258342332  2.343302793303761E-18
8698.27154945186  5.931973561691327E-18
8701.93055401539  9.450900389936334E-19
8705.58959674992  4.856671439006588E-18
8709.24867729089  4.243550693321564E-18
8712.90779527322  3.142353061175393E-18
8716.56695033127  4.225172808062167E-18
8720.22614209886  3.975666597585041E-18
8723.88537020926  2.912498800896148E-18
8727.54463429518  4.981402830754071E-18
8731.20393398878  1.777650634250706E-18
8734.86326892166  3.894124373570482E-18
8738.52263872486  2.296993707095440E-18
8742.18204302884  4.246561630751257E-18
8745.84148146352  3.268967115997046E-18
8749.50095365823  3.541527056941179E-18
8753.16045924173  4.317876593672210E-18
8756.8199978422  5.952266370068785E-18
8760.47956908724  1.307910377415903E-18
8764.13917260389  -6.359992689585335E-19
8767.79880801858  5.868061038072111E-18
8771.45847495717  2.666478122725167E-18
8775.1181730449  5.183187750922094E-18
8778.77790190645  1.155231447902397E-18
8782.4376611659  1.110073693709172E-18
8786.09745044671  1.645240318081739E-18
8789.75726937175  9.913078251418443E-19
8793.41711756329  4.878237691937071E-18
8797.07699464298  3.228787024537436E-18
8800.73690023188  2.215893817913443E-18
8804.39683395041  3.408727552294006E-18
8808.05679541841  2.937534249315678E-18
8811.71678425505  3.680793252822139E-18
8815.37680007892  3.754646419452710E-18
8819.03684250798  2.810965069042254E-18
8822.69691115954  4.763504018663208E-18
8826.35700565031  6.609164822492566E-18
8830.01712559633  8.854166919366599E-18
8833.67727061304  9.328975001621785E-19
8837.33744031523  5.560433395444253E-18
8840.99763431703  5.127525526732483E-18
8844.65785223194  3.499391717308646E-18
8848.31809367282  2.295084367446515E-18
8851.97835825186  1.762130658007680E-18
8855.63864558062  5.008502921982533E-18
8859.29895526998  4.152232848827853E-18
8862.95928693019  3.290153486231215E-18
8866.6196401708  5.286034425203263E-18
8870.28001460072  3.481088278304380E-18
8873.9404098282  5.619499881444827E-18
8877.6008254608  4.967133138006921E-18
8881.26126110542  8.783983125933312E-18
8884.92171636827  6.068633311462133E-19
8888.58219085489  2.740913210916670E-18
8892.24268417015  2.692587665170096E-18
8895.90319591821  3.508867484815747E-18
8899.56372570257  2.457073214754305E-18
8903.224273126  3.852944841135755E-18
8906.88483779063  2.238025448792607E-18
8910.54541929785  3.663271913087040E-18
8914.20601724837  3.577238925526930E-18
8917.86663124219  4.029503647753055E-18
8921.52726087862  5.206423667919014E-18
8925.18790575626  2.599652372386116E-19
8928.84856547297  4.270427032194332E-18
8932.50923962593  2.866092107375544E-18
8936.16992781159  4.092968253070574E-18
8939.8306296257  3.271723075002919E-18
8943.49134466326  3.802731255641030E-18
8947.15207251855  2.493558704007948E-19
8950.81281278515  -1.607803777918815E-18
8954.47356505587  3.776475302227678E-18
8958.13432892282  4.282596513366211E-18
8961.79510397736  5.144601843298026E-18
8965.4558898101  3.937689908482118E-18
8969.11668601094  4.638441754670704E-18
8972.777492169  5.502039820871992E-18
8976.43830787267  3.633039702469146E-18
8980.09913270959  5.627326664400804E-18
8983.75996626665  3.487658160319582E-18
8987.42080812997  7.813474136908650E-19
8991.08165788492  1.415049395293186E-18
8994.74251511611  2.005792837457119E-18
8998.40337940739  2.996548416142508E-18
9002.06425034182  2.711751785601725E-18
9005.72512750172  3.536299689060149E-18
9009.38601046862  2.412082654442393E-18
9013.04689882327  3.300540186387889E-18
9016.70779214566  4.489544694917790E-18
9020.36869001497  1.903464805420022E-18
9024.02959200962  2.835154104899990E-18
9027.69049770723  2.665842848014726E-18
9031.35140668463  2.766642870665285E-18
9035.01231851787  3.247084673277416E-18
9038.67323278219  -8.865189307824017E-20
9042.33414905204  3.371889890894570E-18
9045.99506690105  2.555959348262570E-18
9049.65598590208  4.925767076344062E-18
9053.31690562714  8.727302228819338E-18
9056.97782564746  5.495201932338321E-18
9060.63874553346  3.339449314836312E-18
9064.29966485471  1.702880744706272E-18
9067.96058318  3.450362861246251E-18
9071.62150007728  2.291452424171947E-18
9075.28241511368  3.906384431019437E-18
9078.94332785549  4.466436577325509E-18
9082.60423786818  3.141942779591566E-18
9086.2651447164  1.761783242150407E-18
9089.92604796393  3.171704117645765E-18
9093.58694717376  3.340208046253176E-18
9097.24784190798  3.378670497170819E-18
9100.90873172789  2.822998479003370E-18
9104.5696161939  3.679625687387519E-18
9108.2304948656  2.148241403949723E-18
9111.89136730171  2.626387573566866E-18
9115.55223306011  3.214863093286331E-18
9119.21309169779  1.972970310751015E-18
9122.87394277091  3.230655211950887E-18
9126.53478583476  1.129761522866124E-18
9130.19562044374  1.515323227676584E-18
9133.85644615142  3.753918500513663E-18
9137.51726251045  2.459848405709421E-18
9141.17806907264  2.576838834489480E-18
9144.83886538891  3.965744152547161E-18
9148.49965100929  5.470915082373153E-18
9152.16042548295  2.308035534297258E-18
9155.82118835813  2.882354271423184E-18
9159.48193918222  4.433272011436114E-18
9163.1426775017  4.489276274809016E-18
9166.80340286216  4.568166557779730E-18
9170.46411480828  2.660793323965396E-18
9174.12481288386  3.948389903295799E-18
9177.78549663176  2.580253229262946E-18
9181.44616559397  4.765009073787749E-18
9185.10681931156  2.755304706009020E-18
9188.76745732466  4.457889320055999E-18
9192.42807917252  3.562618921790362E-18
9196.08868439345  3.992918690030753E-18
9199.74927252485  3.094059361882402E-18
9203.40984310318  3.474428233602409E-18
9207.070395664  2.764618552911214E-18
9210.73092974192  1.965725035765663E-18
9214.39144487061  1.961973978482888E-18
9218.05194058282  2.790534741887960E-18
9221.71241641035  1.300656623829273E-18
9225.37287188407  4.170529670387221E-18
9229.0333065339  3.289287841720178E-18
9232.69371988881  3.571844053571859E-18
9236.35411147682  2.474497981152888E-18
9240.014480825  1.800110242242746E-18
9243.67482745947  5.228217395517951E-18
9247.33515090538  4.574901048736831E-18
9250.99545068692  4.495339922289337E-18
9254.65572632732  4.961997173583577E-18
9258.31597734884  2.854437132544673E-18
9261.97620327278  2.542844192855388E-18
9265.63640361945  2.845365235971650E-18
9269.2965779082  4.611345799345304E-18
9272.95672565738  3.075465168892823E-18
9276.61684638439  8.279793588320242E-19
9280.27693960562  2.160440870418808E-18
9283.93700483648  2.783700162076741E-18
9287.5970415914  9.536554942366199E-19
9291.25704938378  2.995732609263377E-18
9294.91702772608  5.108971968990494E-19
9298.57697612973  9.919182844339086E-19
9302.23689410516  1.687256750501217E-18
9305.89678116179  4.635083814974045E-18
9309.55663680804  9.863207325492473E-18
9313.21646055133  3.469231471404044E-18
9316.87625189805  5.994229242543600E-18
9320.53601035358  1.871884703993972E-18
9324.1957354223  3.885167300006240E-19
9327.85542660753  -5.269862217047237E-19
9331.5150834116  3.675373358653537E-19
9335.17470533579  1.628941861484724E-18
9338.83429188037  -2.379339743870247E-18
9342.49384254457  -2.139820084928474E-18
9346.15335682657  4.430249079887539E-18
9349.81283422352  1.749271928590390E-18
9353.47227423155  -3.353964473430239E-18
9357.13167634571  2.282160290760832E-18
9360.79104006003  8.816176788578722E-19
9364.45036486747  1.170910553015763E-18
9368.10965025996  4.376520390379769E-18
9371.76889572835  3.637574306587161E-18
9375.42810076244  2.868260561351352E-18
9379.08726485098  2.261455960028630E-18
9382.74638748165  1.582507767606331E-18
9386.40546814106  8.372347861034565E-19
9390.06450631474  6.852534180005163E-18
9393.72350148716  4.838342357403331E-18
9397.38245314171  4.598401973722499E-19
9401.0413607607  5.953372310547768E-18
9404.70022382538  -2.046219687233211E-19
9408.35904181587  -7.716523011497695E-20
9412.01781421125  2.850876740393091E-18
9415.67654048949  1.448894524031559E-18
9419.33522012745  2.224226628609150E-18
9422.99385260093  3.809611847373823E-19
9426.6524373846  6.999626331661483E-18
9430.31097395205  9.646830525728706E-19
9433.96946177575  -2.902280431994128E-18
9437.62790032707  1.729898035155418E-17
9441.28628907629  -2.007600020300394E-18
9444.94462749253  -4.799976583219780E-19
9448.60291504383  1.659046686288285E-18
9452.26115119711  4.675423345496725E-18
9455.91933541816  -1.723931974307864E-18
9459.57746717165  8.597295906305603E-18
9463.23554592111  1.514946757100296E-18
9466.89357112896  -4.680002824162971E-19
9470.55154225647  3.680483473682738E-18
9474.20945876379  1.371649503299213E-18
9477.86732010992  1.207445233666458E-19
9481.52512575273  3.040569934366815E-18
9485.18287514893  -1.718353675051959E-18
9488.84056775409  4.795450561100620E-18
9492.49820302263  8.160894647071868E-19
9496.15578040782  2.355391831161071E-18
9499.81329936178  9.129532863743662E-18
9503.47075933546  6.426098999586615E-18
9507.12815977865  5.949315816823808E-18
9510.78550013998  6.365813973146177E-19
9514.44277986691  -5.385123631551909E-19
9518.09999840574  6.546782169416266E-18
9521.75715520158  1.135067245430676E-17
9525.41424969838  4.500618988958650E-18
9529.0712813389  4.396917009924102E-18
9532.72824956473  5.491763239134362E-19
9536.38515381626  2.808724443558002E-18
9540.04199353271  1.066411895653750E-18
9543.6987681521  1.862935850537067E-18
9547.35547711127  -2.527824370077272E-20
9551.01211984583  -1.714715424525222E-18
9554.66869579024  2.270375448573790E-18
9558.32520437773  -2.753520684222896E-18
9561.98164504032  7.776950287154104E-18
9565.63801720885  2.411573938365673E-18
9569.29432031292  -6.808838364147046E-18
9572.95055378093  6.905970047576087E-18
9576.60671704007  5.660062440540167E-19
9580.26280951631  1.641576890245107E-19
9583.91883063439  2.382724360141661E-18
9587.57477981784  3.422864068962538E-18
9591.23065648894  5.788250620067509E-19
9594.88646006878  3.697134205823123E-18
9598.54218997717  3.170134335638292E-18
9602.19784563271  5.448442239491312E-18
9605.85342645276  4.030827136733140E-18
9609.50893185344  2.010880618609780E-18
9613.16436124963  3.431406156353220E-18
9616.81971405493  6.118513543169998E-18
9620.47498968175  3.879236776905754E-18
9624.13018754119  6.280557397988523E-18
9627.78530704313  3.661243666225060E-18
9631.44034759617  2.410110655862066E-18
9635.09530860766  1.531585391724224E-18
9638.75018948369  3.855885054623075E-18
9642.40498962908  9.115358710357259E-19
9646.05970844736  4.339245150436293E-18
9649.71434534083  3.757854225868191E-18
9653.36889971047  4.232737788354271E-18
9657.02337095601  2.803600680048695E-18
9660.67775847588  2.058271657059321E-18
9664.33206166725  1.525900489566877E-18
9667.98627992598  7.485243389776052E-18
9671.64041264666  6.395198427033779E-18
9675.29445922256  -3.291663918029736E-18
9678.94841904568  6.266734382772149E-18
9682.60229150671  7.488011136105655E-18
9686.25607599505  -2.056981668894044E-18
9689.90977189877  2.711564480891770E-19
9693.56337860467  -1.570931478331227E-18
9697.21689549821  1.715691601045611E-18
9700.87032196355  2.867553321927619E-18
9704.52365738353  4.981451634410213E-18
9708.17690113968  2.914628790973472E-18
9711.8300526122  7.295362425803279E-18
9715.48311117998  3.994284365222079E-18
9719.13607622055  4.306604603464950E-18
