3884.0577254453  3.190461E-17
3887.12449100835  3.401218E-17
3890.1912565714  1.468998E-17
3893.25802213444  5.670913E-17
3896.32478769749  3.967268E-17
3899.39155326054  3.283992E-17
3902.45831882358  1.452888E-17
3905.52508438663  4.075757E-17
3908.59184994968  4.284742E-17
3911.65861551272  4.247949E-17
3914.72538107577  4.260926E-17
3917.79214663882  4.161989E-17
3920.85891220186  4.077427E-17
3923.92567776491  4.359186E-17
3926.99244332796  2.163763E-17
3930.059208891  3.495444E-17
3933.12597445405  3.313056E-17
3936.1927400171  4.512208E-17
3939.25950558014  3.195002E-17
3942.32627114319  4.244253E-17
3945.39303670624  3.727691E-17
3948.45980226928  3.814169E-17
3951.52656783233  4.802267E-17
3954.59333339538  3.777462E-17
3957.66009895842  3.909572E-17
3960.72686452147  3.771341E-17
3963.79363008452  3.648274E-17
3966.86039564756  2.752288E-17
3969.92716121061  3.016419E-17
3972.99392677366  3.965292E-17
3976.0606923367  2.777535E-17
3979.12745789975  3.635024E-17
3982.1942234628  5.379707E-17
3985.26098902584  4.979425E-17
3988.32775458889  3.591874E-17
3991.39452015194  3.042490E-17
3994.46128571498  3.992114E-17
3997.52805127803  5.367200E-17
4000.59481684107  4.398223E-17
4003.66158240412  3.359519E-17
4006.72834796717  4.662338E-17
4009.79511353022  4.169666E-17
4012.86187909326  4.400047E-17
4015.92864465631  3.122856E-17
4018.99541021936  3.260548E-17
4022.0621757824  4.276613E-17
4025.12894134545  4.489485E-17
4028.19570690849  4.084511E-17
4031.26247247154  4.685042E-17
4034.32923803459  5.517301E-17
4037.39600359763  4.802019E-17
4040.46276916068  4.381963E-17
4043.52953472373  2.761496E-17
4046.59630028677  3.322330E-17
4049.66306584982  4.044361E-17
4052.72983141287  4.518429E-17
4055.79659697591  5.222929E-17
4058.86336253896  4.487096E-17
4061.93012810201  4.467505E-17
4064.99689366505  5.158898E-17
4068.0636592281  4.651374E-17
4071.13042479115  4.909430E-17
4074.19719035419  5.129871E-17
4077.26395591724  5.432631E-17
4080.33072148029  4.799311E-17
4083.39748704333  5.562416E-17
4086.46425260638  4.462323E-17
4089.53101816943  4.366343E-17
4092.59778373247  6.226598E-17
4095.66454929552  5.474137E-17
4098.73131485857  3.870346E-17
4101.79808042161  3.730831E-17
4104.86484598466  4.360665E-17
4107.93161154771  4.647371E-17
4110.99837711075  3.816659E-17
4114.0651426738  3.374372E-17
4117.13190823684  2.669350E-17
4120.19867379989  2.757342E-17
4123.26543936294  1.621959E-17
4126.33220492599  4.292280E-17
4129.39897048903  2.297983E-17
4132.46573605208  1.876839E-17
4135.53250161513  3.911151E-17
4138.59926717817  3.107161E-17
4141.66603274122  1.635918E-17
4144.73279830427  2.388724E-17
4147.79956386731  2.930808E-17
4150.86632943036  1.813079E-17
4153.9330949934  1.892904E-17
4156.99986055645  3.212572E-17
4160.0666261195  2.433905E-17
4163.13339168255  2.420903E-17
4166.20015724559  4.678532E-17
4169.26692280864  2.270445E-17
4172.33368837169  1.310605E-17
4175.40045393473  2.149710E-17
4178.46721949778  3.342490E-18
4181.53398506082  1.443597E-17
4184.60075062387  1.358857E-17
4187.66751618692  1.928364E-17
4190.73428174996  2.903661E-17
4193.80104731301  2.510395E-17
4196.86781287606  2.234992E-17
4199.9345784391  1.645801E-17
4203.00134400215  2.995185E-17
4206.0681095652  1.571820E-17
4209.13487512824  7.732373E-18
4212.20164069129  2.177153E-17
4215.26840625434  1.113906E-17
4218.33517181738  1.613221E-17
4221.40193738043  1.436730E-17
4224.46870294348  2.106432E-17
4227.53546850652  2.280291E-17
4230.60223406957  2.575940E-17
4233.66899963262  2.501197E-17
4236.73576519566  3.500635E-17
4239.80253075871  1.401402E-17
4242.86929632176  1.613661E-17
4245.9360618848  2.149278E-17
4249.00282744785  1.633859E-17
4252.0695930109  3.012563E-17
4255.13635857394  2.364045E-17
4258.20312413699  5.602149E-18
4261.26988970004  3.227634E-17
4264.33665526308  2.563015E-17
4267.40342082613  1.752338E-17
4270.47018638918  9.918889E-18
4273.53695195222  1.349257E-17
4276.60371751527  2.296980E-17
4279.67048307832  1.273684E-17
4282.73724864136  2.594518E-17
4285.80401420441  1.977002E-17
4288.87077976746  2.088607E-17
4291.9375453305  1.034705E-17
4295.00431089355  2.088472E-17
4298.0710764566  2.565004E-17
4301.13784201964  2.758424E-17
4304.20460758269  3.968330E-17
4307.27137314573  1.441138E-17
4310.33813870878  2.295897E-17
4313.40490427183  2.411667E-17
4316.47166983487  2.406159E-17
4319.53843539792  3.485320E-17
4322.60520096097  2.690591E-17
4325.67196652401  3.683525E-17
4328.73873208706  2.799031E-17
4331.80549765011  2.773854E-17
4334.87226321316  3.273504E-17
4337.9390287762  3.438353E-17
4341.00579433925  3.392771E-17
4344.07255990229  3.619683E-17
4347.13932546534  3.670282E-17
4350.20609102839  3.418720E-17
4353.27285659143  5.044944E-17
4356.33962215448  4.767372E-17
4359.40638771753  4.018953E-17
4362.47315328057  4.583269E-17
4365.53991884362  3.487280E-17
4368.60668440667  3.925804E-17
4371.67344996971  4.322239E-17
4374.74021553276  4.509384E-17
4377.80698109581  5.875346E-17
4380.87374665885  6.500595E-17
4383.9405122219  5.247618E-17
4387.00727778495  4.886649E-17
4390.07404334799  6.321846E-17
4393.14080891104  6.805589E-17
4396.20757447409  5.283100E-17
4399.27434003713  4.550235E-17
4402.34110560018  5.355345E-17
4405.40787116323  5.853865E-17
4408.47463672627  5.155900E-17
4411.54140228932  5.459194E-17
4414.60816785237  5.051094E-17
4417.67493341541  4.581210E-17
4420.74169897846  5.598081E-17
4423.80846454151  6.038197E-17
4426.87523010455  5.514293E-17
4429.9419956676  6.802463E-17
4433.00876123065  7.329655E-17
4436.07552679369  5.948548E-17
4439.14229235674  4.848543E-17
4442.20905791978  5.243469E-17
4445.27582348283  4.619269E-17
4448.34258904588  4.674679E-17
4451.40935460892  4.869831E-17
4454.47612017197  4.409242E-17
4457.54288573502  5.007343E-17
4460.60965129807  5.559755E-17
4463.67641686111  4.636548E-17
4466.74318242416  4.778514E-17
4469.80994798721  4.355015E-17
4472.87671355025  4.447689E-17
4475.9434791133  5.707661E-17
4479.01024467635  4.300073E-17
4482.07701023939  4.107572E-17
4485.14377580244  4.160367E-17
4488.21054136549  3.235666E-17
4491.27730692853  4.689356E-17
4494.34407249158  5.819069E-17
4497.41083805463  5.458023E-17
4500.47760361767  4.571283E-17
4503.54436918072  4.488459E-17
4506.61113474376  4.677522E-17
4509.67790030681  4.783651E-17
4512.74466586986  3.408132E-17
4515.8114314329  3.322313E-17
4518.87819699595  3.928374E-17
4521.944962559  3.838113E-17
4525.01172812204  5.322190E-17
4528.07849368509  4.309323E-17
4531.14525924814  4.104651E-17
4534.21202481118  4.678643E-17
4537.27879037423  4.805980E-17
4540.34555593728  5.387875E-17
4543.41232150032  4.425130E-17
4546.47908706337  4.056452E-17
4549.54585262642  4.567388E-17
4552.61261818946  5.184032E-17
4555.67938375251  5.703529E-17
4558.74614931556  6.050914E-17
4561.8129148786  5.528890E-17
4564.87968044165  6.832685E-17
4567.9464460047  5.268878E-17
4571.01321156774  5.062917E-17
4574.07997713079  6.070878E-17
4577.14674269384  5.900856E-17
4580.21350825688  6.782396E-17
4583.28027381993  6.537730E-17
4586.34703938298  5.656475E-17
4589.41380494602  5.789509E-17
4592.48057050907  6.208703E-17
4595.54733607212  7.472621E-17
4598.61410163516  6.102982E-17
4601.68086719821  5.177652E-17
4604.74763276126  6.781213E-17
4607.8143983243  6.514827E-17
4610.88116388735  6.210299E-17
4613.9479294504  6.817901E-17
4617.01469501344  6.622190E-17
4620.08146057649  7.191081E-17
4623.14822613954  7.519178E-17
4626.21499170258  7.499810E-17
4629.28175726563  7.511043E-17
4632.34852282868  6.930653E-17
4635.41528839172  6.171292E-17
4638.48205395477  6.723073E-17
4641.54881951781  6.295856E-17
4644.61558508086  6.227930E-17
4647.68235064391  6.542122E-17
4650.74911620695  6.948453E-17
4653.81588177  7.025810E-17
4656.88264733305  6.794853E-17
4659.94941289609  6.810594E-17
4663.01617845914  6.810594E-17
4666.08294402219  6.794853E-17
4669.14970958523  6.810594E-17
4672.21647514828  6.810594E-17
4675.28324071133  6.810594E-17
4678.35000627437  6.810594E-17
4681.41677183742  6.842075E-17
4684.48353740047  5.865280E-17
4687.55030296351  6.698225E-17
4690.61706852656  6.006851E-17
4693.68383408961  5.017116E-17
4696.75059965265  5.642877E-17
4699.8173652157  5.136655E-17
4702.88413077875  6.043740E-17
4705.95089634179  5.683353E-17
4709.01766190484  5.940370E-17
4712.08442746789  5.517499E-17
4715.15119303093  6.225621E-17
4718.21795859398  5.283538E-17
4721.28472415703  4.443262E-17
4724.35148972007  6.723573E-17
4727.41825528312  6.226597E-17
4730.48502084617  5.675783E-17
4733.55178640921  6.153932E-17
4736.61855197226  5.248101E-17
4739.68531753531  6.590116E-17
4742.75208309835  5.644731E-17
4745.8188486614  5.061361E-17
4748.88561422445  4.470926E-17
4751.95237978749  5.378122E-17
4755.01914535054  5.612056E-17
4758.08591091359  5.324803E-17
4761.15267647663  5.414119E-17
4764.21944203968  6.146760E-17
4767.28620760273  5.371002E-17
4770.35297316577  4.510695E-17
4773.41973872882  3.626213E-17
4776.48650429187  4.960840E-17
4779.55326985491  3.915688E-17
4782.62003541796  4.561568E-17
4785.68680098101  5.487608E-17
4788.75356654405  4.171174E-17
4791.8203321071  3.940484E-17
4794.88709767015  4.101673E-17
4797.95386323319  3.726510E-17
4801.02062879624  3.983146E-17
4804.08739435929  3.575033E-17
4807.15415992233  3.522105E-17
4810.22092548538  3.777319E-17
4813.28769104842  3.609994E-17
4816.35445661147  2.904613E-17
4819.42122217452  3.106701E-17
4822.48798773757  4.153947E-17
4825.55475330061  4.596520E-17
4828.62151886366  4.109620E-17
4831.68828442671  3.465636E-17
4834.75504998975  3.889645E-17
4837.8218155528  3.588962E-17
4840.88858111584  3.474284E-17
4843.95534667889  3.920980E-17
4847.02211224194  3.862759E-17
4850.08887780498  2.195265E-17
4853.15564336803  2.011812E-17
4856.22240893108  2.905296E-17
4859.28917449412  3.198777E-17
4862.35594005717  3.154453E-17
4865.42270562022  3.164191E-17
4868.48947118326  3.252109E-17
4871.55623674631  3.252843E-17
4874.62300230936  4.328851E-17
4877.6897678724  4.246149E-17
4880.75653343545  3.727259E-17
4883.8232989985  3.699432E-17
4886.89006456154  3.886625E-17
4889.95683012459  3.550141E-17
4893.02359568764  3.684409E-17
4896.09036125068  4.181963E-17
4899.15712681373  3.963792E-17
4902.22389237678  3.823534E-17
4905.29065793982  3.906773E-17
4908.35742350287  3.426837E-17
4911.42418906592  3.710079E-17
4914.49095462896  4.284556E-17
4917.55772019201  3.623757E-17
4920.62448575506  4.036517E-17
4923.6912513181  4.970525E-17
4926.75801688115  4.062445E-17
4929.8247824442  4.087127E-17
4932.89154800724  5.143948E-17
4935.95831357029  4.886488E-17
4939.02507913334  4.399365E-17
4942.09184469638  3.674506E-17
4945.15861025943  3.491161E-17
4948.22537582248  3.586331E-17
4951.29214138552  4.225913E-17
4954.35890694857  5.232581E-17
4957.42567251162  5.283808E-17
4960.49243807466  4.236900E-17
4963.55920363771  3.265674E-17
4966.62596920076  3.765357E-17
4969.6927347638  4.368692E-17
4972.75950032685  4.904426E-17
4975.82626588989  4.224971E-17
4978.89303145294  3.778451E-17
4981.95979701599  4.210154E-17
4985.02656257903  3.935421E-17
4988.09332814208  3.906844E-17
4991.16009370513  3.600864E-17
4994.22685926817  3.260989E-17
4997.29362483122  3.534929E-17
5000.36039039427  3.699961E-17
5003.42715595731  3.485553E-17
5006.49392152036  4.286185E-17
5009.56068708341  4.273214E-17
5012.62745264646  3.870402E-17
5015.6942182095  3.992958E-17
5018.76098377255  4.173727E-17
5021.82774933559  3.556671E-17
5024.89451489864  3.791420E-17
5027.96128046169  4.526690E-17
5031.02804602474  3.768995E-17
5034.09481158778  3.667709E-17
5037.16157715083  4.227795E-17
5040.22834271387  5.042855E-17
5043.29510827692  4.752565E-17
5046.36187383997  4.600866E-17
5049.42863940301  4.046699E-17
5052.49540496606  4.091867E-17
5055.56217052911  4.724312E-17
5058.62893609215  5.240401E-17
5061.6957016552  5.378648E-17
5064.76246721825  4.514591E-17
5067.82923278129  4.954081E-17
5070.89599834434  4.789281E-17
5073.96276390739  4.721244E-17
5077.02952947043  5.239752E-17
5080.09629503348  4.781977E-17
5083.16306059653  5.027464E-17
5086.22982615957  5.044291E-17
5089.29659172262  4.947197E-17
5092.36335728567  4.951707E-17
5095.43012284871  5.198818E-17
5098.49688841176  5.242329E-17
5101.56365397481  5.624675E-17
5104.63041953785  4.776155E-17
5107.6971851009  4.110960E-17
5110.76395066395  4.587808E-17
5113.83071622699  5.110094E-17
5116.89748179004  4.994984E-17
5119.96424735309  5.446843E-17
5123.03101291613  5.632062E-17
5126.09777847918  5.033020E-17
5129.16454404223  5.067859E-17
5132.23130960527  5.386779E-17
5135.29807516832  4.448766E-17
5138.36484073137  4.700672E-17
5141.43160629441  5.282252E-17
5144.49837185746  5.014521E-17
5147.5651374205  4.560565E-17
5150.63190298355  4.708989E-17
5153.6986685466  5.489495E-17
5156.76543410965  4.981191E-17
5159.83219967269  4.605451E-17
5162.89896523574  5.169402E-17
5165.96573079878  4.710596E-17
5169.03249636183  5.474547E-17
5172.09926192488  5.214246E-17
5175.16602748792  4.642667E-17
5178.23279305097  5.284216E-17
5181.29955861402  4.880564E-17
5184.36632417706  4.201243E-17
5187.43308974011  3.587645E-17
5190.49985530316  4.184600E-17
5193.56662086621  5.481911E-17
5196.63338642925  4.758021E-17
5199.7001519923  5.155823E-17
5202.76691755534  4.505734E-17
5205.83368311839  4.612587E-17
5208.90044868144  5.050161E-17
5211.96721424448  4.481028E-17
5215.03397980753  4.028306E-17
5218.10074537058  5.054557E-17
5221.16751093362  5.431235E-17
5224.23427649667  4.638726E-17
5227.30104205972  4.467271E-17
5230.36780762276  5.281704E-17
5233.43457318581  4.801033E-17
5236.50133874886  3.685114E-17
5239.5681043119  4.472742E-17
5242.63486987495  5.250319E-17
5245.701635438  4.255619E-17
5248.76840100104  4.685320E-17
5251.83516656409  4.856380E-17
5254.90193212714  4.818174E-17
5257.96869769018  4.630864E-17
5261.03546325323  5.079602E-17
5264.10222881628  4.554236E-17
5267.16899437932  4.771569E-17
5270.23575994237  4.173524E-17
5273.30252550542  4.600790E-17
5276.36929106846  4.553587E-17
5279.43605663151  4.190702E-17
5282.50282219456  4.669645E-17
5285.5695877576  3.873171E-17
5288.63635332065  4.446781E-17
5291.7031188837  4.522625E-17
5294.76988444674  4.409162E-17
5297.83665000979  4.398184E-17
5300.90341557284  4.398184E-17
5303.97018113588  4.398184E-17
5307.03694669893  4.398184E-17
5310.10371226197  4.398184E-17
5313.17047782502  4.398184E-17
5316.23724338807  4.376228E-17
5319.30400895111  4.376228E-17
5322.37077451416  4.354272E-17
5325.43754007721  3.926872E-17
5328.50430564026  4.134549E-17
5331.5710712033  4.409854E-17
5334.63783676635  4.834191E-17
5337.70460232939  5.025699E-17
5340.77136789244  4.458726E-17
5343.83813345549  2.889865E-17
5346.90489901853  3.377355E-17
5349.97166458158  4.534328E-17
5353.03843014463  4.758008E-17
5356.10519570767  4.464444E-17
5359.17196127072  3.549168E-17
5362.23872683377  3.407233E-17
5365.30549239681  3.061459E-17
5368.37225795986  3.729952E-17
5371.43902352291  3.419103E-17
5374.50578908595  4.044397E-17
5377.572554649  3.951857E-17
5380.63932021205  4.651500E-17
5383.70608577509  4.640337E-17
5386.77285133814  2.523573E-17
5389.83961690119  4.182951E-17
5392.90638246423  5.572030E-17
5395.97314802728  4.850728E-17
5399.03991359033  4.607242E-17
5402.10667915337  3.421972E-17
5405.17344471642  4.436979E-17
5408.24021027947  4.459413E-17
5411.30697584251  4.174446E-17
5414.37374140556  3.926099E-17
5417.44050696861  4.880242E-17
5420.50727253165  3.339991E-17
5423.5740380947  3.930917E-17
5426.64080365775  4.292488E-17
5429.70756922079  3.547795E-17
5432.77433478384  3.674280E-17
5435.84110034689  3.771323E-17
5438.90786590993  4.156938E-17
5441.97463147298  3.399188E-17
5445.04139703603  3.486921E-17
5448.10816259907  3.935946E-17
5451.17492816212  3.523214E-17
5454.24169372517  3.503228E-17
5457.30845928821  3.762823E-17
5460.37522485126  3.300823E-17
5463.44199041431  2.361485E-17
5466.50875597735  2.397546E-17
5469.5755215404  3.402272E-17
5472.64228710344  3.441307E-17
5475.70905266649  3.441307E-17
5478.77581822954  3.441307E-17
5481.84258379258  3.402272E-17
5484.90934935563  3.441307E-17
5487.97611491868  3.389261E-17
5491.04288048173  3.441307E-17
5494.10964604477  3.441307E-17
5497.17641160782  3.402272E-17
5500.24317717086  3.441307E-17
5503.30994273391  3.402272E-17
5506.37670829696  3.402272E-17
5509.44347386  3.441307E-17
5512.51023942305  3.402272E-17
5515.5770049861  3.402272E-17
5518.64377054915  3.402272E-17
5521.71053611219  3.402272E-17
5524.77730167524  3.402272E-17
5527.84406723828  3.402272E-17
5530.91083280133  3.402272E-17
5533.97759836438  3.755827E-17
5537.04436392742  3.619496E-17
5540.11112949047  3.683710E-17
5543.17789505352  3.030090E-17
5546.24466061656  3.064298E-17
5549.31142617961  3.798141E-17
5552.37819174266  3.792534E-17
5555.4449573057  3.412690E-17
5558.51172286875  3.961030E-17
5561.5784884318  3.706577E-17
5564.64525399484  4.114074E-17
5567.71201955789  2.544042E-17
5570.77878512094  5.234960E-17
5573.84555068398  3.461427E-17
5576.91231624703  3.105814E-17
5579.97908181008  4.269317E-17
5583.04584737312  3.531577E-17
5586.11261293617  3.014557E-17
5589.17937849922  2.712576E-17
5592.24614406226  2.693869E-17
5595.31290962531  3.772180E-17
5598.37967518836  4.533851E-17
5601.4464407514  3.313514E-17
5604.51320631445  3.336956E-17
5607.5799718775  3.257657E-17
5610.64673744054  3.592711E-17
5613.71350300359  3.188586E-17
5616.78026856664  2.182715E-17
5619.84703412968  2.865309E-17
5622.91379969273  3.151548E-17
5625.98056525578  3.682936E-17
5629.04733081882  4.123567E-17
5632.11409638187  3.666774E-17
5635.18086194492  2.781126E-17
5638.24762750796  3.123734E-17
5641.31439307101  3.433728E-17
5644.38115863405  3.615379E-17
5647.4479241971  3.194203E-17
5650.51468976015  3.756608E-17
5653.5814553232  4.421382E-17
5656.64822088624  3.722684E-17
5659.71498644929  3.552303E-17
5662.78175201233  2.921880E-17
5665.84851757538  2.872654E-17
5668.91528313843  3.074868E-17
5671.98204870147  3.686180E-17
5675.04881426452  3.682246E-17
5678.11557982757  3.311543E-17
5681.18234539061  2.847055E-17
5684.24911095366  3.561054E-17
5687.31587651671  3.718917E-17
5690.38264207975  3.481613E-17
5693.4494076428  3.292636E-17
5696.51617320585  3.478811E-17
5699.58293876889  3.503205E-17
5702.64970433194  2.890034E-17
5705.71646989499  2.839877E-17
5708.78323545803  2.911847E-17
5711.85000102108  3.399227E-17
5714.91676658413  3.504123E-17
5717.98353214717  3.179939E-17
5721.05029771022  3.710404E-17
5724.11706327327  2.847424E-17
5727.18382883631  3.375356E-17
5730.25059439936  3.985384E-17
5733.31735996241  4.915081E-17
5736.38412552545  4.439475E-17
5739.4508910885  3.877511E-17
5742.51765665155  3.392204E-17
5745.58442221459  3.861696E-17
5748.65118777764  3.860666E-17
5751.71795334069  3.102679E-17
5754.78471890373  3.808996E-17
5757.85148446678  4.254687E-17
5760.91825002983  3.829959E-17
5763.98501559287  4.113541E-17
5767.05178115592  4.390449E-17
5770.11854671897  3.588777E-17
5773.18531228201  3.862222E-17
5776.25207784506  3.977906E-17
5779.31884340811  4.134931E-17
5782.38560897115  4.195363E-17
5785.4523745342  3.838390E-17
5788.51914009725  3.933491E-17
5791.58590566029  3.491237E-17
5794.65267122334  5.374204E-17
5797.71943678639  4.010324E-17
5800.78620234943  2.987817E-17
5803.85296791248  3.241499E-17
5806.91973347552  4.148027E-17
5809.98649903857  3.426836E-17
5813.05326460162  3.630789E-17
5816.12003016466  3.493515E-17
5819.18679572771  4.135354E-17
5822.25356129076  3.913882E-17
5825.32032685381  2.407864E-17
5828.38709241685  3.484552E-17
5831.4538579799  3.170612E-17
5834.52062354295  3.093164E-17
5837.58738910599  3.454890E-17
5840.65415466904  3.891503E-17
5843.72092023209  3.815549E-17
5846.78768579513  4.370457E-17
5849.85445135818  4.086005E-17
5852.92121692122  4.192052E-17
5855.98798248427  3.821489E-17
5859.05474804732  3.795441E-17
5862.12151361036  3.295599E-17
5865.18827917341  3.451997E-17
5868.25504473646  3.474264E-17
5871.3218102995  3.518798E-17
5874.38857586255  3.518798E-17
5877.4553414256  3.518798E-17
5880.52210698864  3.518798E-17
5883.58887255169  3.518798E-17
5886.65563811474  3.518798E-17
5889.72240367778  3.518798E-17
5892.78916924083  3.518798E-17
5895.85593480388  3.474264E-17
5898.92270036692  3.474264E-17
5901.98946592997  3.451997E-17
5905.05623149302  3.451997E-17
5908.12299705606  3.451997E-17
5911.18976261911  2.910508E-17
5914.25652818216  3.226775E-17
5917.3232937452  3.301125E-17
5920.39005930825  3.046071E-17
5923.4568248713  3.028389E-17
5926.52359043434  2.380968E-17
5929.59035599739  3.107674E-17
5932.65712156043  3.169841E-17
5935.72388712348  2.758802E-17
5938.79065268653  2.942884E-17
5941.85741824958  2.630058E-17
5944.92418381262  2.433211E-17
5947.99094937567  2.538132E-17
5951.05771493872  2.714516E-17
5954.12448050176  3.623424E-17
5957.19124606481  3.709509E-17
5960.25801162786  2.970280E-17
5963.3247771909  2.644591E-17
5966.39154275395  2.017611E-17
5969.458308317  3.124042E-17
5972.52507388004  2.599978E-17
5975.59183944309  2.025373E-17
5978.65860500613  2.902516E-17
5981.72537056918  2.356003E-17
5984.79213613223  2.176345E-17
5987.85890169527  2.380769E-17
5990.92566725832  3.010983E-17
5993.99243282137  3.602541E-17
5997.05919838442  3.764173E-17
6000.12596394746  3.037886E-17
6003.19272951051  3.971686E-17
6006.25949507356  3.362122E-17
6009.3262606366  2.710188E-17
6012.39302619965  2.745986E-17
6015.45979176269  2.681732E-17
6018.52655732574  2.728798E-17
6021.59332288879  2.541295E-17
6024.66008845183  2.595015E-17
6027.72685401488  2.279656E-17
6030.79361957793  2.816784E-17
6033.86038514097  3.951405E-17
6036.92715070402  3.548777E-17
6039.99391626707  2.969398E-17
6043.06068183011  3.253635E-17
6046.12744739316  2.984974E-17
6049.19421295621  2.764959E-17
6052.26097851925  2.832757E-17
6055.3277440823  3.259708E-17
6058.39450964535  3.761714E-17
6061.46127520839  3.727575E-17
6064.52804077144  2.778731E-17
6067.59480633449  3.102094E-17
6070.66157189753  3.522199E-17
6073.72833746058  3.168912E-17
6076.79510302363  3.226902E-17
6079.86186858667  3.009267E-17
6082.92863414972  3.149564E-17
6085.99539971277  3.699514E-17
6089.06216527581  3.463829E-17
6092.12893083886  2.358362E-17
6095.19569640191  3.768918E-17
6098.26246196495  2.667348E-17
6101.329227528  2.522865E-17
6104.39599309105  3.420597E-17
6107.46275865409  2.495881E-17
6110.52952421714  2.381920E-17
6113.59628978019  3.302563E-17
6116.66305534323  3.876867E-17
6119.72982090628  2.798378E-17
6122.79658646933  2.571918E-17
6125.86335203237  2.207795E-17
6128.93011759542  2.670321E-17
6131.99688315847  3.118544E-17
6135.06364872151  2.149478E-17
6138.13041428456  2.432620E-17
6141.1971798476  2.338671E-17
6144.26394541065  2.166934E-17
6147.3307109737  2.059399E-17
6150.39747653674  2.248671E-17
6153.46424209979  2.523903E-17
6156.53100766284  2.727899E-17
6159.59777322589  2.858541E-17
6162.66453878893  2.689022E-17
6165.73130435198  2.666150E-17
6168.79806991502  2.685151E-17
6171.86483547807  2.254936E-17
6174.93160104112  3.135916E-17
6177.99836660417  3.089675E-17
6181.06513216721  3.585692E-17
6184.13189773026  3.108378E-17
6187.1986632933  4.080471E-17
6190.26542885635  3.156681E-17
6193.3321944194  2.080758E-17
6196.39895998244  2.569853E-17
6199.46572554549  2.954889E-17
6202.53249110854  2.628128E-17
6205.59925667158  3.090093E-17
6208.66602223463  3.898144E-17
6211.73278779768  3.889499E-17
6214.79955336072  4.012445E-17
6217.86631892377  4.063733E-17
6220.93308448682  3.304779E-17
6223.99985004986  3.243659E-17
6227.06661561291  3.018447E-17
6230.13338117596  2.590917E-17
6233.200146739  3.751398E-17
6236.26691230205  4.211760E-17
6239.3336778651  3.948981E-17
6242.40044342815  4.160027E-17
6245.46720899119  3.504213E-17
6248.53397455424  3.068843E-17
6251.60074011728  3.360834E-17
6254.66750568033  3.605777E-17
6257.73427124338  3.251321E-17
6260.80103680642  3.222817E-17
6263.86780236947  3.345879E-17
6266.93456793252  3.268937E-17
6270.00133349556  3.436199E-17
6273.06809905861  2.979876E-17
6276.13486462166  3.203018E-17
6279.2016301847  3.444948E-17
6282.26839574775  3.344549E-17
6285.3351613108  3.235054E-17
6288.40192687384  2.596479E-17
6291.46869243689  2.364849E-17
6294.53545799993  3.227383E-17
6297.60222356298  3.823034E-17
6300.66898912603  3.502552E-17
6303.73575468908  3.460920E-17
6306.80252025212  3.163058E-17
6309.86928581517  2.912425E-17
6312.93605137821  3.237349E-17
6316.00281694126  2.720286E-17
6319.06958250431  2.854341E-17
6322.13634806736  3.119534E-17
6325.2031136304  2.993644E-17
6328.26987919345  2.903212E-17
6331.3366447565  3.354861E-17
6334.40341031954  3.470563E-17
6337.47017588259  2.887980E-17
6340.53694144563  3.640045E-17
6343.60370700868  3.974214E-17
6346.67047257173  3.444800E-17
6349.73723813477  3.107071E-17
6352.80400369782  3.024159E-17
6355.87076926087  3.848032E-17
6358.93753482391  4.037340E-17
6362.00430038696  3.333038E-17
6365.07106595001  3.196721E-17
6368.13783151305  3.622648E-17
6371.2045970761  3.804424E-17
6374.27136263915  3.808333E-17
6377.33812820219  3.782999E-17
6380.40489376524  3.506118E-17
6383.47165932829  3.022049E-17
6386.53842489133  2.806197E-17
6389.60519045438  3.266056E-17
6392.67195601743  3.085144E-17
6395.73872158047  3.346203E-17
6398.80548714352  3.338902E-17
6401.87225270657  2.869999E-17
6404.93901826961  3.298968E-17
6408.00578383266  3.689260E-17
6411.07254939571  3.757769E-17
6414.13931495875  3.372765E-17
6417.2060805218  3.262286E-17
6420.27284608485  3.534256E-17
6423.33961164789  3.253474E-17
6426.40637721094  2.423700E-17
6429.47314277399  2.857232E-17
6432.53990833703  3.071005E-17
6435.60667390008  2.806322E-17
6438.67343946313  3.426827E-17
6441.74020502617  3.237321E-17
6444.80697058922  2.652193E-17
6447.87373615227  2.712132E-17
6450.94050171531  3.414804E-17
6454.00726727836  2.483789E-17
6457.07403284141  2.265187E-17
6460.14079840445  2.666010E-17
6463.2075639675  2.659702E-17
6466.27432953055  2.624990E-17
6469.34109509359  3.658658E-17
6472.40786065664  3.664143E-17
6475.47462621968  2.997195E-17
6478.54139178273  2.784718E-17
6481.60815734578  2.802709E-17
6484.67492290882  3.419633E-17
6487.74168847187  2.839236E-17
6490.80845403492  1.958807E-17
6493.87521959797  2.034243E-17
6496.94198516101  2.903267E-17
6500.00875072406  3.122624E-17
6503.0755162871  2.272034E-17
6506.14228185015  2.287621E-17
6509.2090474132  2.421854E-17
6512.27581297625  2.730589E-17
6515.34257853929  3.179025E-17
6518.40934410234  2.664226E-17
6521.47610966538  2.561827E-17
6524.54287522843  2.399067E-17
6527.60964079148  2.514290E-17
6530.67640635452  3.304864E-17
6533.74317191757  3.022064E-17
6536.80993748062  2.176870E-17
6539.87670304366  2.810423E-17
6542.94346860671  2.474247E-17
6546.01023416976  3.086472E-17
6549.0769997328  2.981760E-17
6552.14376529585  3.757518E-17
6555.2105308589  3.220070E-17
6558.27729642194  3.082772E-17
6561.34406198499  3.725245E-17
6564.41082754804  3.489663E-17
6567.47759311108  3.032962E-17
6570.54435867413  2.868811E-17
6573.61112423718  3.049018E-17
6576.67788980022  3.532648E-17
6579.74465536327  4.019386E-17
6582.81142092632  3.240251E-17
6585.87818648936  2.881400E-17
6588.94495205241  3.121315E-17
6592.01171761545  2.400172E-17
6595.0784831785  2.342273E-17
6598.14524874155  2.862817E-17
6601.2120143046  3.355085E-17
6604.27877986764  3.226744E-17
6607.34554543069  3.708350E-17
6610.41231099374  3.629064E-17
6613.47907655678  3.062076E-17
6616.54584211983  3.127232E-17
6619.61260768288  3.794234E-17
6622.67937324592  3.922136E-17
6625.74613880897  3.605147E-17
6628.81290437201  3.529265E-17
6631.87966993506  3.093746E-17
6634.94643549811  2.805783E-17
6638.01320106116  3.302487E-17
6641.0799666242  3.388569E-17
6644.14673218725  2.519076E-17
6647.21349775029  3.271806E-17
6650.28026331334  3.300400E-17
6653.34702887639  3.460019E-17
6656.41379443943  3.309053E-17
6659.48056000248  3.367580E-17
6662.54732556553  2.111059E-17
6665.61409112857  1.881813E-17
6668.68085669162  2.722727E-17
6671.74762225467  3.060817E-17
6674.81438781772  2.591645E-17
6677.88115338076  2.973954E-17
6680.94791894381  3.506121E-17
6684.01468450685  3.051276E-17
6687.0814500699  3.550324E-17
6690.14821563295  4.027409E-17
6693.21498119599  2.883201E-17
6696.28174675904  3.558040E-17
6699.34851232209  3.322116E-17
6702.41527788513  2.525603E-17
6705.48204344818  3.819220E-17
6708.54880901123  3.630814E-17
6711.61557457427  4.173366E-17
6714.68234013732  3.324746E-17
6717.74910570037  3.227235E-17
6720.81587126341  4.260659E-17
6723.88263682646  3.860301E-17
6726.94940238951  2.706611E-17
6730.01616795255  2.596447E-17
6733.0829335156  3.229671E-17
6736.14969907865  2.293247E-17
6739.21646464169  2.751964E-17
6742.28323020474  3.753817E-17
6745.34999576779  3.246306E-17
6748.41676133083  2.632141E-17
6751.48352689388  3.853529E-17
6754.55029245693  2.946422E-17
6757.61705801997  2.770443E-17
6760.68382358302  2.957722E-17
6763.75058914607  3.374611E-17
6766.81735470911  3.153191E-17
6769.88412027216  2.664529E-17
6772.95088583521  2.193586E-17
6776.01765139825  2.136348E-17
6779.0844169613  2.712872E-17
6782.15118252435  2.519801E-17
6785.21794808739  2.436419E-17
6788.28471365044  2.005566E-17
6791.35147921348  2.475219E-17
6794.41824477653  2.064304E-17
6797.48501033958  2.230458E-17
6800.55177590262  2.542809E-17
6803.61854146567  1.913831E-17
6806.68530702872  1.995169E-17
6809.75207259176  1.924213E-17
6812.81883815481  2.006605E-17
6815.88560371786  2.455291E-17
6818.95236928091  1.726362E-17
6822.01913484395  1.894759E-17
6825.085900407  1.717163E-17
6828.15266597004  5.393958E-18
6831.21943153309  1.039800E-17
6834.28619709614  2.048864E-17
6837.35296265918  1.624333E-17
6840.41972822223  1.601718E-17
6843.48649378528  1.699160E-17
6846.55325934832  9.495392E-18
6849.62002491137  1.563514E-17
6852.68679047442  1.687909E-17
6855.75355603747  9.183392E-18
6858.82032160051  1.109058E-17
6861.88708716356  8.170204E-18
6864.9538527266  3.563943E-18
6868.02061828965  4.649641E-18
6871.0873838527  1.231837E-17
6874.15414941574  1.785256E-17
6877.22091497879  1.732758E-17
6880.28768054184  2.203732E-17
6883.35444610488  1.256772E-17
6886.42121166793  6.354245E-18
6889.48797723098  1.424386E-17
6892.55474279402  1.242421E-17
6895.62150835707  1.177392E-17
6898.68827392012  1.331996E-17
6901.75503948316  1.614434E-17
6904.82180504621  1.884781E-17
6907.88857060926  1.713803E-17
6910.9553361723  1.426354E-17
6914.02210173535  1.412746E-17
6917.0888672984  1.772028E-17
6920.15563286144  1.092704E-17
6923.22239842449  1.347016E-17
6926.28916398754  2.744112E-17
6929.35592955058  2.166010E-17
6932.42269511363  1.616557E-17
6935.48946067668  1.561427E-17
6938.55622623972  1.772544E-17
6941.62299180277  2.064003E-17
6944.68975736582  1.602529E-17
6947.75652292886  1.681989E-17
6950.82328849191  1.584165E-17
6953.89005405495  2.045313E-17
6956.956819618  1.579039E-17
6960.02358518105  1.101481E-17
6963.09035074409  1.550807E-17
6966.15711630714  1.483647E-17
6969.22388187019  1.473321E-17
6972.29064743324  2.959687E-17
6975.35741299628  1.930088E-17
6978.42417855933  2.215221E-17
6981.49094412237  2.531082E-17
6984.55770968542  2.880409E-17
6987.62447524847  2.407100E-17
6990.69124081151  2.047256E-17
6993.75800637456  2.216046E-17
6996.82477193761  2.112565E-17
6999.89153750065  2.067889E-17
7002.9583030637  1.073073E-17
7006.02506862675  1.265575E-17
7009.09183418979  2.019586E-17
7012.15859975284  2.751392E-17
7015.22536531589  2.598204E-17
7018.29213087893  2.006941E-17
7021.35889644198  2.533822E-17
7024.42566200503  2.294050E-17
7027.49242756807  2.368347E-17
7030.55919313112  1.811134E-17
7033.62595869417  2.492826E-17
7036.69272425721  2.887859E-17
7039.75948982026  1.907026E-17
7042.82625538331  2.392465E-17
7045.89302094635  1.796908E-17
7048.9597865094  1.416206E-17
7052.02655207245  1.959165E-17
7055.09331763549  1.990561E-17
7058.16008319854  1.680508E-17
7061.22684876159  1.337125E-17
7064.29361432463  3.252936E-17
7067.36037988768  3.048960E-17
7070.42714545073  2.153779E-17
7073.49391101377  1.745207E-17
7076.56067657682  1.891985E-17
7079.62744213986  2.174322E-17
7082.69420770291  2.659366E-17
7085.76097326596  2.055613E-17
7088.82773882901  2.315789E-17
7091.89450439205  2.315789E-17
7094.9612699551  2.315789E-17
7098.02803551815  2.229312E-17
7101.09480108119  2.229312E-17
7104.16156664424  2.229312E-17
7107.22833220729  2.380263E-17
7110.29509777033  2.229312E-17
7113.36186333338  2.423246E-17
7116.42862889643  2.337281E-17
7119.49539445947  2.337281E-17
7122.56216002252  2.380263E-17
7125.62892558556  2.263938E-17
7128.69569114861  1.296702E-17
7131.76245671166  2.650702E-17
7134.82922227471  1.912306E-17
7137.89598783775  3.092169E-17
7140.9627534008  3.342729E-17
7144.02951896384  2.701624E-17
7147.09628452689  3.152899E-17
7150.16305008994  3.288827E-17
7153.22981565298  1.604071E-17
7156.29658121603  2.816551E-17
7159.36334677908  3.095354E-17
7162.43011234212  2.713428E-17
7165.49687790517  3.028648E-17
7168.56364346822  1.873107E-17
7171.63040903126  3.492412E-17
7174.69717459431  3.373168E-17
7177.76394015736  2.892278E-17
7180.8307057204  3.665384E-17
7183.89747128345  2.952282E-17
7186.9642368465  2.575072E-17
7190.03100240954  2.400475E-17
7193.09776797259  2.144666E-17
7196.16453353564  2.359268E-17
7199.23129909868  3.159323E-17
7202.29806466173  3.424032E-17
7205.36483022478  2.717276E-17
7208.43159578782  2.203261E-17
7211.49836135087  2.729434E-17
7214.56512691392  3.257400E-17
7217.63189247696  3.198834E-17
7220.69865804001  2.854828E-17
7223.76542360306  2.858830E-17
7226.8321891661  3.018948E-17
7229.89895472915  2.868355E-17
7232.9657202922  3.540632E-17
7236.03248585524  2.950735E-17
7239.09925141829  1.921994E-17
7242.16601698134  2.401915E-17
7245.23278254438  2.972872E-17
7248.29954810743  3.149290E-17
7251.36631367048  3.351325E-17
7254.43307923352  3.354484E-17
7257.49984479657  2.135145E-17
7260.56661035962  2.713233E-17
7263.63337592266  2.512650E-17
7266.70014148571  2.011360E-17
7269.76690704876  2.567019E-17
7272.8336726118  2.596822E-17
7275.90043817485  2.278268E-17
7278.9672037379  3.000550E-17
7282.03396930094  3.211630E-17
7285.10073486399  3.769101E-17
7288.16750042703  3.746439E-17
7291.23426599008  3.543193E-17
7294.30103155313  1.796926E-17
7297.36779711617  1.920428E-17
7300.43456267922  2.670591E-17
7303.50132824227  3.064045E-17
7306.56809380531  1.993570E-17
7309.63485936836  2.469636E-17
7312.70162493141  3.745247E-17
7315.76839049446  3.722670E-17
7318.8351560575  2.272603E-17
7321.90192162055  2.435362E-17
7324.96868718359  4.201091E-17
7328.03545274664  4.103481E-17
7331.10221830969  3.272686E-17
7334.16898387273  2.765178E-17
7337.23574943578  1.283720E-17
7340.30251499883  1.372222E-17
7343.36928056187  1.915840E-17
