3810.3670828619  6.362381E-17
3813.4335654737  -1.853831E-17
3816.5000480855  1.378164E-17
3819.56653069729  1.398551E-16
3822.63301330909  3.180038E-17
3825.69949592089  -2.750002E-17
3828.76597853268  8.761941E-17
3831.83246114448  4.148010E-17
3834.89894375627  6.846223E-17
3837.96542636807  9.001384E-17
3841.03190897987  1.090617E-16
3844.09839159166  8.650411E-17
3847.16487420346  9.561180E-17
3850.23135681525  9.954360E-17
3853.29783942705  1.032722E-16
3856.36432203885  9.875620E-17
3859.43080465064  4.005082E-17
3862.49728726244  7.613752E-17
3865.56376987424  1.331572E-16
3868.63025248603  9.749957E-17
3871.69673509783  1.104962E-16
3874.76321770962  9.869390E-17
3877.82970032142  1.151415E-16
3880.89618293322  1.351009E-16
3883.96266554501  3.993533E-17
3887.02914815681  1.680217E-17
3890.09563076861  4.047964E-17
3893.1621133804  1.015383E-17
3896.2285959922  1.835629E-17
3899.29507860399  -6.922502E-19
3902.36156121579  9.628848E-17
3905.42804382759  3.573951E-17
3908.49452643938  -6.363949E-18
3911.56100905118  6.073252E-17
3914.62749166298  1.123046E-16
3917.69397427477  4.834902E-17
3920.76045688657  6.258251E-17
3923.82693949836  1.197739E-16
3926.89342211016  4.316945E-18
3929.95990472196  2.540033E-17
3933.02638733375  1.371204E-16
3936.09286994555  1.209697E-16
3939.15935255734  1.131281E-16
3942.22583516914  5.891517E-17
3945.29231778094  8.730681E-17
3948.35880039273  8.475244E-17
3951.42528300453  3.492080E-17
3954.49176561633  6.423741E-17
3957.55824822812  1.110312E-16
3960.62473083992  5.379731E-17
3963.69121345172  9.485703E-18
3966.75769606351  5.180630E-17
3969.82417867531  7.566715E-17
3972.8906612871  1.018103E-16
3975.9571438989  7.379243E-17
3979.0236265107  9.777101E-17
3982.09010912249  7.281805E-17
3985.15659173429  -1.575622E-17
3988.22307434608  9.919496E-17
3991.28955695788  1.656516E-16
3994.35603956968  7.700217E-17
3997.42252218147  2.898859E-17
4000.48900479327  8.330585E-17
4003.55548740506  6.056581E-17
4006.62197001686  -3.494303E-17
4009.68845262866  6.538617E-17
4012.75493524045  8.645920E-17
4015.82141785225  1.005506E-16
4018.88790046405  1.607001E-16
4021.95438307584  8.630294E-17
4025.02086568764  7.787855E-18
4028.08734829944  4.046036E-18
4031.15383091123  3.902628E-17
4034.22031352303  7.902941E-17
4037.28679613482  5.407050E-17
4040.35327874662  6.881721E-17
4043.41976135842  5.111853E-17
4046.48624397021  8.766863E-17
4049.55272658201  1.227749E-16
4052.6192091938  6.407762E-17
4055.6856918056  3.082020E-17
4058.7521744174  5.107956E-18
4061.81865702919  3.362637E-17
4064.88513964099  2.920267E-17
4067.95162225279  8.023554E-18
4071.01810486458  -9.995561E-18
4074.08458747638  5.857494E-17
4077.15107008817  1.158643E-16
4080.21755269997  7.691551E-17
4083.28403531177  1.128084E-16
4086.35051792356  1.384661E-16
4089.41700053536  -4.086101E-18
4092.48348314715  1.038515E-16
4095.54996575895  1.087223E-16
4098.61644837075  2.877642E-17
4101.68293098254  2.070846E-17
4104.74941359434  3.883298E-17
4107.81589620614  4.995898E-17
4110.88237881793  5.935382E-17
4113.94886142973  2.176705E-17
4117.01534404152  5.272608E-17
4120.08182665332  1.602212E-17
4123.14830926512  8.494696E-17
4126.21479187691  5.239331E-18
4129.28127448871  4.610893E-17
4132.34775710051  1.339312E-16
4135.4142397123  3.548947E-17
4138.4807223241  5.628740E-17
4141.54720493589  9.647418E-17
4144.61368754769  1.206284E-16
4147.68017015949  8.639108E-17
4150.74665277128  3.924754E-17
4153.81313538308  -1.128409E-17
4156.87961799488  3.451643E-17
4159.94610060667  6.011838E-17
4163.01258321847  1.032345E-16
4166.07906583026  2.784214E-17
4169.14554844206  -2.084699E-17
4172.21203105386  2.083905E-17
4175.27851366565  -1.001631E-17
4178.34499627745  2.863702E-17
4181.41147888924  4.778540E-17
4184.47796150104  3.405705E-17
4187.54444411284  -1.554432E-17
4190.61092672463  5.432836E-17
4193.67740933643  1.057939E-16
4196.74389194823  1.368915E-16
4199.81037456002  1.175885E-16
4202.87685717182  8.913332E-17
4205.94333978361  7.310958E-17
4209.00982239541  5.519000E-17
4212.07630500721  6.602114E-17
4215.142787619  7.774527E-17
4218.2092702308  9.018188E-17
4221.2757528426  8.559224E-17
4224.34223545439  9.382508E-17
4227.40871806619  9.799444E-17
4230.47520067798  1.452488E-16
4233.54168328978  1.264213E-16
4236.60816590158  1.024046E-16
4239.67464851337  8.913105E-17
4242.74113112517  1.568469E-16
4245.80761373697  1.372716E-16
4248.87409634876  1.298012E-16
4251.94057896056  1.380741E-16
4255.00706157235  8.720090E-17
4258.07354418415  1.306213E-16
4261.14002679595  1.010995E-16
4264.20650940774  2.604578E-17
4267.27299201954  7.708842E-17
4270.33947463134  1.295381E-16
4273.40595724313  1.641076E-16
4276.47243985493  1.511206E-16
4279.53892246672  9.027465E-17
4282.60540507852  1.059092E-16
4285.67188769032  1.658674E-16
4288.73837030211  1.018610E-16
4291.80485291391  6.148148E-17
4294.8713355257  1.316106E-16
4297.9378181375  1.190352E-16
4301.0043007493  5.898915E-17
4304.07078336109  1.424958E-16
4307.13726597289  1.773647E-16
4310.20374858469  9.281725E-17
4313.27023119648  9.715199E-17
4316.33671380828  1.340170E-16
4319.40319642007  7.781612E-17
4322.46967903187  9.306130E-17
4325.53616164367  1.250108E-16
4328.60264425546  1.243756E-16
4331.66912686726  1.154162E-16
4334.73560947906  1.130676E-16
4337.80209209085  8.548716E-17
4340.86857470265  7.717915E-17
4343.93505731444  1.179567E-16
4347.00153992624  1.132115E-16
4350.06802253804  1.347688E-16
4353.13450514983  8.395373E-17
4356.20098776163  5.107056E-17
4359.26747037342  5.175508E-17
4362.33395298522  9.835228E-17
4365.40043559702  9.612661E-17
4368.46691820881  9.012325E-17
4371.53340082061  1.283839E-16
4374.5998834324  9.350804E-17
4377.6663660442  8.528300E-17
4380.732848656  3.672260E-17
4383.79933126779  6.478495E-17
4386.86581387959  9.523494E-17
4389.93229649139  1.080550E-16
4392.99877910318  1.188554E-16
4396.06526171498  1.246283E-16
4399.13174432678  9.889192E-17
4402.19822693857  1.008100E-16
4405.26470955037  1.389435E-16
4408.33119216216  1.105199E-16
4411.39767477396  1.275042E-16
4414.46415738576  1.324021E-16
4417.53063999755  1.126301E-16
4420.59712260935  1.272350E-16
4423.66360522114  4.793149E-17
4426.73008783294  7.808312E-17
4429.79657044474  8.371207E-17
4432.86305305653  1.105323E-16
4435.92953566833  9.141395E-17
4438.99601828013  1.029397E-16
4442.06250089192  1.382949E-16
4445.12898350372  7.409548E-17
4448.19546611551  1.264160E-16
4451.26194872731  1.760690E-16
4454.32843133911  8.931079E-17
4457.3949139509  6.964876E-17
4460.4613965627  9.662376E-17
4463.5278791745  6.231132E-17
4466.59436178629  1.516078E-16
4469.66084439809  1.087384E-16
4472.72732700988  8.950949E-17
4475.79380962168  8.441231E-17
4478.86029223348  1.190456E-16
4481.92677484527  7.277333E-17
4484.99325745707  5.509102E-17
4488.05974006886  7.372317E-17
4491.12622268066  1.418930E-16
4494.19270529246  1.374586E-16
4497.25918790425  7.464998E-17
4500.32567051605  1.417381E-16
4503.39215312785  4.250734E-17
4506.45863573964  2.169497E-17
4509.52511835144  8.555045E-17
4512.59160096323  1.367018E-16
4515.65808357503  8.795497E-17
4518.72456618683  1.232514E-16
4521.79104879862  1.330974E-16
4524.85753141042  7.447534E-17
4527.92401402222  1.510708E-16
4530.99049663401  1.251642E-16
4534.05697924581  1.122402E-16
4537.12346185761  1.251624E-16
4540.1899444694  8.558271E-17
4543.2564270812  6.878356E-17
4546.32290969299  5.524147E-17
4549.38939230479  1.015353E-16
4552.45587491658  7.353484E-17
4555.52235752838  6.538462E-17
4558.58884014018  9.881492E-17
4561.65532275197  1.187923E-16
4564.72180536377  5.142886E-17
4567.78828797557  1.099229E-16
4570.85477058736  8.591007E-17
4573.92125319916  5.470201E-17
4576.98773581095  1.449827E-16
4580.05421842275  9.528108E-17
4583.12070103455  5.837603E-17
4586.18718364634  2.603930E-17
4589.25366625814  1.112266E-16
4592.32014886994  7.616027E-17
4595.38663148173  7.272205E-17
4598.45311409353  9.285815E-17
4601.51959670532  7.292205E-17
4604.58607931712  8.221928E-17
4607.65256192892  7.713562E-17
4610.71904454071  6.998447E-17
4613.78552715251  7.742113E-17
4616.85200976431  7.997749E-17
4619.9184923761  4.968947E-17
4622.9849749879  6.823707E-17
4626.0514575997  8.591446E-17
4629.11794021149  1.005060E-16
4632.18442282329  6.262306E-17
4635.25090543508  1.069679E-16
4638.31738804688  4.332045E-17
4641.38387065868  1.118440E-16
4644.45035327047  8.515128E-17
4647.51683588227  2.536954E-17
4650.58331849406  4.243685E-17
4653.64980110586  7.646485E-17
4656.71628371766  4.244504E-17
4659.78276632945  5.813405E-17
4662.84924894125  8.510243E-17
4665.91573155304  3.100794E-17
4668.98221416484  4.169653E-17
4672.04869677664  4.974127E-17
4675.11517938843  4.692211E-17
4678.18166200023  7.814966E-17
4681.24814461203  3.593412E-17
4684.31462722382  5.997339E-17
4687.38110983562  1.141631E-16
4690.44759244741  6.683575E-17
4693.51407505921  7.271123E-17
4696.58055767101  7.183474E-17
4699.6470402828  1.280108E-16
4702.7135228946  6.294437E-17
4705.7800055064  6.014386E-17
4708.84648811819  1.134725E-16
4711.91297072999  9.119722E-17
4714.97945334179  2.684909E-17
4718.04593595358  2.547233E-17
4721.11241856538  4.372315E-17
4724.17890117717  6.181588E-17
4727.24538378897  5.192425E-17
4730.31186640077  6.203370E-17
4733.37834901256  4.097011E-17
4736.44483162436  2.012496E-17
4739.51131423615  6.553273E-17
4742.57779684795  2.572271E-17
4745.64427945975  5.019873E-17
4748.71076207154  7.103191E-17
4751.77724468334  3.375865E-17
4754.84372729513  4.013621E-17
4757.91020990693  5.595422E-17
4760.97669251873  6.906112E-17
4764.04317513052  3.553027E-17
4767.10965774232  5.752544E-17
4770.17614035412  5.097384E-17
4773.24262296591  4.461466E-17
4776.30910557771  1.047586E-16
4779.37558818951  6.970694E-17
4782.4420708013  8.459780E-17
4785.5085534131  5.594301E-17
4788.57503602489  6.573487E-17
4791.64151863669  9.186001E-17
4794.70800124849  1.178983E-16
4797.77448386028  1.229783E-16
4800.84096647208  6.935994E-17
4803.90744908387  5.787412E-17
4806.97393169567  3.416896E-17
4810.04041430747  3.151460E-17
4813.10689691926  6.111815E-17
4816.17337953106  7.677237E-17
4819.23986214286  5.738808E-17
4822.30634475465  1.762825E-17
4825.37282736645  5.895469E-17
4828.43930997824  9.365256E-17
4831.50579259004  1.000942E-16
4834.57227520184  8.429149E-17
4837.63875781363  4.672361E-17
4840.70524042543  3.302093E-17
4843.77172303723  4.645099E-17
4846.83820564902  8.799195E-17
4849.90468826082  4.986497E-17
4852.97117087261  7.887207E-17
4856.03765348441  3.485983E-17
4859.10413609621  4.457169E-17
4862.170618708  1.283070E-16
4865.2371013198  1.031917E-16
4868.30358393159  3.131755E-17
4871.37006654339  5.126476E-17
4874.43654915519  7.300802E-17
4877.50303176698  5.109872E-17
4880.56951437878  6.264840E-17
4883.63599699057  1.095776E-16
4886.70247960237  9.832809E-17
4889.76896221417  3.279019E-17
4892.83544482596  9.814691E-17
4895.90192743776  7.740412E-17
4898.96841004956  7.448024E-17
4902.03489266135  1.273428E-16
4905.10137527315  8.612477E-17
4908.16785788495  6.713025E-17
4911.23434049674  8.793512E-17
4914.30082310854  1.030657E-16
4917.36730572034  7.704373E-17
4920.43378833213  9.268092E-17
4923.50027094393  9.651563E-17
4926.56675355572  1.098847E-16
4929.63323616752  9.031420E-17
4932.69971877932  8.772043E-17
4935.76620139111  1.260003E-16
4938.83268400291  9.467174E-17
4941.8991666147  6.654136E-17
4944.9656492265  8.184676E-17
4948.0321318383  8.153448E-17
4951.09861445009  9.066882E-17
4954.16509706189  1.069068E-16
4957.23157967368  1.032948E-16
4960.29806228548  8.782005E-17
4963.36454489728  6.418705E-17
4966.43102750907  8.149567E-17
4969.49751012087  6.865763E-17
4972.56399273266  8.738204E-17
4975.63047534446  5.944711E-17
4978.69695795626  5.587289E-17
4981.76344056806  1.133338E-16
4984.82992317985  7.204733E-17
4987.89640579165  4.899555E-17
4990.96288840344  6.380132E-17
4994.02937101524  8.400963E-17
4997.09585362704  9.210938E-17
5000.16233623883  5.918874E-17
5003.22881885063  5.804155E-17
5006.29530146242  1.083120E-16
5009.36178407422  8.974425E-17
5012.42826668602  6.378971E-17
5015.49474929781  8.372545E-17
5018.56123190961  7.434748E-17
5021.6277145214  6.755998E-17
5024.6941971332  1.035886E-16
5027.760679745  1.002523E-16
5030.82716235679  1.116209E-16
5033.89364496859  1.275373E-16
5036.96012758039  9.306324E-17
5040.02661019218  3.090802E-17
5043.09309280398  4.156908E-17
5046.15957541577  8.063818E-17
5049.22605802757  8.406759E-17
5052.29254063937  9.269325E-17
5055.35902325116  9.567501E-17
5058.42550586296  8.374643E-17
5061.49198847476  5.237821E-17
5064.55847108655  3.263245E-17
5067.62495369835  1.051077E-16
5070.69143631014  9.959090E-17
5073.75791892194  6.243150E-17
5076.82440153374  8.505796E-17
5079.89088414553  6.651913E-17
5082.95736675733  8.544964E-17
5086.02384936913  1.258754E-16
5089.09033198092  8.924835E-17
5092.15681459272  6.595312E-17
5095.22329720451  6.824928E-17
5098.28977981631  5.183911E-17
5101.35626242811  6.964840E-17
5104.4227450399  1.139508E-16
5107.4892276517  7.748298E-17
5110.5557102635  6.167648E-17
5113.62219287529  7.533881E-17
5116.68867548709  5.865251E-17
5119.75515809889  1.843026E-17
5122.82164071068  7.923911E-17
5125.88812332248  6.741746E-17
5128.95460593427  4.614393E-17
5132.02108854607  7.914624E-17
5135.08757115786  9.401127E-17
5138.15405376966  5.914620E-17
5141.22053638146  6.725210E-17
5144.28701899325  6.405384E-17
5147.35350160505  6.059201E-17
5150.41998421685  2.332876E-17
5153.48646682864  7.019895E-17
5156.55294944044  9.787010E-17
5159.61943205223  6.703427E-17
5162.68591466403  7.831197E-17
5165.75239727583  6.207831E-17
5168.81887988762  8.323482E-17
5171.88536249942  7.366618E-17
5174.95184511122  8.618658E-17
5178.01832772301  4.138537E-17
5181.08481033481  6.589301E-17
5184.1512929466  5.336932E-17
5187.2177755584  3.079197E-17
5190.2842581702  3.743777E-17
5193.35074078199  6.723645E-17
5196.41722339379  5.560296E-17
5199.48370600559  3.332797E-17
5202.55018861738  5.125489E-17
5205.61667122918  8.028012E-17
5208.68315384097  5.772813E-17
5211.74963645277  4.550091E-17
5214.81611906457  2.749019E-17
5217.88260167636  6.040969E-17
5220.94908428816  9.683480E-17
5224.01556689996  6.481066E-17
5227.08204951175  6.276058E-17
5230.14853212355  4.930843E-17
5233.21501473534  5.918177E-17
5236.28149734714  3.645570E-17
5239.34797995894  6.404407E-17
5242.41446257073  8.701454E-17
5245.48094518253  5.511771E-17
5248.54742779432  4.722135E-17
5251.61391040612  9.193859E-17
5254.68039301792  8.990817E-17
5257.74687562971  4.877557E-17
5260.81335824151  5.921803E-17
5263.87984085331  1.476387E-17
5266.9463234651  6.767627E-17
5270.0128060769  8.286534E-17
5273.07928868869  4.878309E-17
5276.14577130049  6.054353E-17
5279.21225391229  5.730389E-17
5282.27873652408  6.203180E-17
5285.34521913588  6.021366E-17
5288.41170174768  3.433353E-17
5291.47818435947  5.827867E-17
5294.54466697127  2.579379E-17
5297.61114958306  1.891938E-17
5300.67763219486  5.181995E-17
5303.74411480666  5.058406E-17
5306.81059741845  5.032343E-17
5309.87708003025  3.586689E-17
5312.94356264205  3.952863E-17
5316.01004525384  3.413587E-17
5319.07652786564  8.692564E-17
5322.14301047743  8.481948E-17
5325.20949308923  3.837038E-17
5328.27597570103  -5.609789E-18
5331.34245831282  2.364069E-17
5334.40894092462  1.993927E-17
5337.47542353641  4.940467E-17
5340.54190614821  5.019209E-17
5343.60838876001  3.041293E-17
5346.6748713718  8.191697E-17
5349.7413539836  5.936493E-17
5352.8078365954  5.420530E-18
5355.87431920719  2.637427E-17
5358.94080181899  5.307136E-17
5362.00728443078  3.585969E-17
5365.07376704258  5.636922E-17
5368.14024965438  5.106662E-17
5371.20673226617  5.053417E-17
5374.27321487797  5.554965E-17
5377.33969748976  7.259720E-17
5380.40618010156  5.371498E-17
5383.47266271336  7.407677E-17
5386.53914532515  8.268097E-17
5389.60562793695  6.568835E-17
5392.67211054875  1.727724E-17
5395.73859316054  5.050711E-17
5398.80507577234  6.550118E-17
5401.87155838414  7.437106E-17
5404.93804099593  6.047598E-17
5408.00452360773  4.355091E-17
5411.07100621952  6.477238E-17
5414.13748883132  9.029047E-17
5417.20397144312  8.350709E-17
5420.27045405491  4.794863E-17
5423.33693666671  4.194805E-17
5426.4034192785  4.912299E-17
5429.4699018903  5.050008E-17
5432.5363845021  8.040481E-17
5435.60286711389  5.604064E-17
5438.66934972569  4.280299E-17
5441.73583233749  3.480945E-17
5444.80231494928  3.711377E-17
5447.86879756108  3.582941E-17
5450.93528017287  7.774801E-17
5454.00176278467  7.045864E-17
5457.06824539647  6.436961E-17
5460.13472800826  3.593593E-17
5463.20121062006  2.478949E-17
5466.26769323185  4.828163E-18
5469.33417584365  3.745043E-17
5472.40065845545  5.608116E-17
5475.46714106724  2.603534E-17
5478.53362367904  4.971133E-17
5481.60010629084  5.695667E-17
5484.66658890263  6.218688E-17
5487.73307151443  7.165498E-17
5490.79955412623  2.761175E-17
5493.86603673802  5.480437E-17
5496.93251934982  7.267786E-17
5499.99900196161  9.204888E-17
5503.06548457341  8.085261E-17
5506.13196718521  3.744568E-17
5509.198449797  7.114353E-17
5512.2649324088  6.202395E-17
5515.33141502059  6.155810E-17
5518.39789763239  6.448547E-17
5521.46438024419  9.775114E-17
5524.53086285598  7.414330E-17
5527.59734546778  6.238562E-17
5530.66382807958  3.750583E-17
5533.73031069137  5.770861E-17
5536.79679330317  6.529174E-17
5539.86327591496  6.912015E-17
5542.92975852676  8.901733E-17
5545.99624113856  8.060916E-17
5549.06272375035  9.663946E-17
5552.12920636215  4.936926E-17
5555.19568897395  2.980223E-17
5558.26217158574  5.524866E-17
5561.32865419754  6.106597E-17
5564.39513680933  3.495527E-17
5567.46161942113  2.494000E-17
5570.52810203293  1.513451E-17
5573.59458464472  5.175954E-17
5576.66106725652  5.261543E-17
5579.72754986831  2.956467E-17
5582.79403248011  6.435755E-17
5585.86051509191  5.650518E-17
5588.9269977037  4.852093E-17
5591.9934803155  5.173738E-17
5595.0599629273  6.076681E-17
5598.12644553909  8.514453E-17
5601.19292815089  8.287879E-17
5604.25941076268  6.580462E-17
5607.32589337448  6.294376E-17
5610.39237598628  6.868449E-17
5613.45885859807  4.558099E-17
5616.52534120987  6.381390E-17
5619.59182382166  1.078103E-16
5622.65830643346  4.817549E-17
5625.72478904526  5.702921E-17
5628.79127165705  6.723345E-17
5631.85775426885  8.561123E-17
5634.92423688065  5.545718E-17
5637.99071949244  3.894358E-17
5641.05720210424  5.909792E-17
5644.12368471604  9.090569E-17
5647.19016732783  9.520613E-17
5650.25664993963  6.498919E-17
5653.32313255142  5.579189E-17
5656.38961516322  7.843070E-17
5659.45609777502  1.114346E-16
5662.52258038681  8.467468E-17
5665.58906299861  6.195761E-17
5668.6555456104  4.183574E-17
5671.7220282222  4.015394E-17
5674.788510834  7.244403E-17
5677.85499344579  4.343041E-17
5680.92147605759  6.394077E-17
5683.98795866939  6.157214E-17
5687.05444128118  5.965018E-17
5690.12092389298  4.242160E-17
5693.18740650477  6.327494E-17
5696.25388911657  4.871652E-17
5699.32037172837  2.171633E-17
5702.38685434016  3.638494E-17
5705.45333695196  6.018781E-17
5708.51981956376  6.492402E-17
5711.58630217555  4.728372E-17
5714.65278478735  4.606562E-17
5717.71926739914  4.453950E-17
5720.78575001094  5.906198E-17
5723.85223262274  5.597348E-17
5726.91871523453  3.853788E-17
5729.98519784633  6.252580E-17
5733.05168045812  9.202742E-17
5736.11816306992  4.492868E-17
5739.18464568172  2.356433E-17
5742.25112829351  2.893780E-17
5745.31761090531  5.466025E-17
5748.38409351711  7.674291E-17
5751.4505761289  3.576654E-17
5754.5170587407  3.497328E-17
5757.58354135249  4.052175E-17
5760.65002396429  3.670986E-17
5763.71650657609  5.874447E-17
5766.78298918788  2.215590E-17
5769.84947179968  2.078580E-17
5772.91595441148  4.282495E-17
5775.98243702327  5.231574E-17
5779.04891963507  3.517273E-17
5782.11540224686  1.994849E-17
5785.18188485866  5.305165E-17
5788.24836747046  3.970367E-17
5791.31485008225  6.367258E-17
5794.38133269405  3.622898E-17
5797.44781530584  9.716155E-17
5800.51429791764  5.177471E-17
5803.58078052944  1.652864E-17
5806.64726314123  9.840310E-17
5809.71374575303  6.406653E-17
5812.78022836483  4.950479E-17
5815.84671097662  3.038599E-17
5818.91319358842  2.684495E-17
5821.97967620022  5.391254E-17
5825.04615881201  6.777768E-17
5828.11264142381  1.207745E-17
5831.1791240356  2.349505E-17
5834.2456066474  6.222274E-17
5837.3120892592  6.571665E-17
5840.37857187099  6.557083E-17
5843.44505448279  6.769158E-17
5846.51153709458  3.738613E-17
5849.57801970638  5.501776E-17
5852.64450231818  6.396932E-17
5855.71098492997  5.641144E-17
5858.77746754177  5.364514E-17
5861.84395015357  5.380705E-17
5864.91043276536  5.227472E-17
5867.97691537716  3.321979E-17
5871.04339798895  5.070784E-17
5874.10988060075  2.079062E-17
5877.17636321255  7.775958E-17
5880.24284582434  7.781936E-17
5883.30932843614  8.992584E-17
5886.37581104793  5.834497E-17
5889.44229365973  4.126612E-17
5892.50877627153  6.879085E-17
5895.57525888332  5.509905E-17
5898.64174149512  3.649247E-17
5901.70822410692  8.809352E-17
5904.77470671871  9.688359E-17
5907.84118933051  4.397672E-17
5910.90767194231  6.872333E-17
5913.9741545541  5.658496E-17
5917.0406371659  3.724531E-17
5920.10711977769  6.185538E-17
5923.17360238949  4.447991E-17
5926.24008500129  2.875331E-17
5929.30656761308  3.067335E-17
5932.37305022488  3.663745E-17
5935.43953283667  8.310638E-18
5938.50601544847  2.553083E-17
5941.57249806027  4.043684E-17
5944.63898067206  4.730993E-17
5947.70546328386  5.152093E-17
5950.77194589566  2.241307E-17
5953.83842850745  5.680867E-17
5956.90491111925  7.088356E-17
5959.97139373104  4.446433E-17
5963.03787634284  2.200069E-17
5966.10435895464  5.971459E-17
5969.17084156643  3.743328E-17
5972.23732417823  4.607434E-17
5975.30380679002  3.831124E-17
5978.37028940182  6.762305E-17
5981.43677201362  6.252393E-17
5984.50325462541  6.070159E-17
5987.56973723721  7.467629E-17
5990.63621984901  4.945442E-17
5993.7027024608  8.683889E-17
5996.7691850726  2.491419E-17
5999.8356676844  3.351686E-17
6002.90215029619  3.737052E-17
6005.96863290799  7.783210E-17
6009.03511551978  6.055028E-17
6012.10159813158  4.329920E-17
6015.16808074338  2.818694E-17
6018.23456335517  5.404131E-17
6021.30104596697  4.954769E-17
6024.36752857876  3.321213E-17
6027.43401119056  6.617567E-17
6030.50049380236  5.912917E-17
6033.56697641415  6.301289E-17
6036.63345902595  4.318561E-17
6039.69994163774  6.988703E-17
6042.76642424954  5.988217E-17
6045.83290686134  5.599481E-17
6048.89938947313  4.931427E-17
6051.96587208493  6.372757E-17
6055.03235469673  6.301336E-17
6058.09883730852  5.369913E-17
6061.16531992032  5.676054E-17
6064.23180253212  3.993067E-17
6067.29828514391  1.656827E-17
6070.36476775571  3.767848E-17
6073.4312503675  6.161172E-17
6076.4977329793  3.518742E-17
6079.5642155911  4.743982E-17
6082.63069820289  5.897174E-17
6085.69718081469  7.399689E-17
6088.76366342648  3.126033E-17
6091.83014603828  4.011683E-17
6094.89662865008  4.063915E-17
6097.96311126187  5.298846E-17
6101.02959387367  5.104861E-17
6104.09607648546  2.086934E-17
6107.16255909726  3.720135E-17
6110.22904170906  4.008909E-17
6113.29552432085  6.620144E-17
6116.36200693265  5.505714E-17
6119.42848954445  5.204516E-17
6122.49497215624  3.503233E-17
6125.56145476804  2.342575E-17
6128.62793737984  5.045722E-17
6131.69441999163  4.108663E-17
6134.76090260343  6.674890E-17
6137.82738521522  4.774835E-17
6140.89386782702  5.586932E-17
6143.96035043882  4.787769E-17
6147.02683305061  3.918096E-17
6150.09331566241  4.569671E-17
6153.1597982742  4.945771E-17
6156.226280886  7.581115E-17
6159.2927634978  5.142369E-17
6162.35924610959  5.505813E-17
6165.42572872139  5.426211E-17
6168.49221133318  6.297502E-18
6171.55869394498  -4.868686E-18
6174.62517655678  5.173867E-17
6177.69165916858  4.808060E-17
6180.75814178037  3.262282E-17
6183.82462439217  6.116657E-17
6186.89110700396  4.374612E-17
6189.95758961576  8.029718E-17
6193.02407222756  7.390876E-17
6196.09055483935  4.195791E-17
6199.15703745115  4.412008E-17
6202.22352006294  1.073392E-17
6205.29000267474  1.103379E-17
6208.35648528654  3.158244E-17
6211.42296789833  3.788890E-17
6214.48945051013  4.350119E-17
6217.55593312192  5.611250E-17
6220.62241573372  7.054827E-17
6223.68889834552  4.860708E-17
6226.75538095731  3.308734E-17
6229.82186356911  5.490527E-17
6232.88834618091  4.387512E-17
6235.9548287927  3.051627E-17
6239.0213114045  5.586884E-17
6242.08779401629  5.383714E-17
6245.15427662809  5.029905E-17
6248.22075923989  5.807008E-17
6251.28724185168  9.922333E-17
6254.35372446348  6.012147E-17
6257.42020707528  5.212508E-17
6260.48668968707  7.216359E-17
6263.55317229887  6.938460E-17
6266.61965491067  3.908780E-17
6269.68613752246  4.019740E-17
6272.75262013426  4.753335E-17
6275.81910274605  3.327517E-17
6278.88558535785  4.062297E-17
6281.95206796965  3.952953E-17
6285.01855058144  1.335933E-17
6288.08503319324  3.097186E-17
6291.15151580503  2.567872E-17
6294.21799841683  5.271097E-17
6297.28448102863  7.979436E-17
6300.35096364042  5.663861E-17
6303.41744625222  5.024935E-17
6306.48392886401  5.567325E-17
6309.55041147581  5.448733E-17
6312.61689408761  7.092958E-17
6315.6833766994  6.514094E-17
6318.7498593112  7.195403E-17
6321.816341923  5.736277E-17
6324.88282453479  4.930155E-17
6327.94930714659  6.780986E-17
6331.01578975838  6.506142E-17
6334.08227237018  6.322204E-17
6337.14875498198  7.260276E-17
6340.21523759377  8.097290E-17
6343.28172020557  6.061059E-17
6346.34820281737  3.134785E-17
6349.41468542916  4.287760E-17
6352.48116804096  4.926475E-17
6355.54765065275  6.181405E-17
6358.61413326455  5.952091E-17
6361.68061587635  2.643489E-17
6364.74709848814  4.144856E-17
6367.81358109994  6.861243E-17
6370.88006371174  7.309691E-17
6373.94654632353  6.984082E-17
6377.01302893533  5.203798E-17
6380.07951154712  4.082376E-17
6383.14599415892  4.129914E-17
6386.21247677072  3.005223E-17
6389.27895938251  5.604493E-17
6392.34544199431  5.122931E-17
6395.4119246061  2.795271E-17
6398.4784072179  7.405626E-17
6401.5448898297  6.390279E-17
6404.61137244149  2.884061E-17
6407.67785505329  6.700048E-17
6410.74433766508  6.769448E-17
6413.81082027688  3.830625E-17
6416.87730288868  4.561412E-17
6419.94378550048  4.685329E-17
6423.01026811227  3.297876E-17
6426.07675072407  4.345291E-17
6429.14323333586  4.322686E-17
6432.20971594766  5.353382E-17
6435.27619855946  4.858720E-17
6438.34268117125  4.775703E-17
6441.40916378305  4.432956E-17
6444.47564639484  5.739148E-17
6447.54212900664  7.261942E-17
6450.60861161844  6.221549E-17
6453.67509423023  2.451227E-17
6456.74157684203  3.249540E-17
6459.80805945382  5.189682E-17
6462.87454206562  7.308141E-17
6465.94102467742  6.791075E-17
6469.00750728922  3.181592E-17
6472.07398990101  4.590569E-17
6475.14047251281  3.957011E-17
6478.2069551246  2.283860E-17
6481.2734377364  4.667074E-17
6484.3399203482  4.180119E-17
6487.40640295999  6.767891E-17
6490.47288557179  6.837302E-17
6493.53936818358  4.576447E-17
6496.60585079538  3.963270E-17
6499.67233340718  2.788305E-17
6502.73881601897  4.342226E-17
6505.80529863077  2.367281E-17
6508.87178124257  4.904317E-17
6511.93826385436  5.595711E-17
6515.00474646616  5.921585E-17
6518.07122907795  2.761702E-17
6521.13771168975  5.792011E-17
6524.20419430154  6.059116E-17
6527.27067691334  4.963479E-17
6530.33715952514  5.687943E-17
6533.40364213693  4.536317E-17
6536.47012474873  6.411675E-17
6539.53660736053  4.253819E-17
6542.60308997232  3.776784E-17
6545.66957258412  5.113503E-17
6548.73605519591  8.674453E-17
6551.80253780771  5.539791E-17
6554.86902041951  1.107983E-17
6557.93550303131  3.649645E-17
6561.0019856431  4.938594E-17
6564.0684682549  7.158404E-17
6567.13495086669  4.920059E-17
6570.20143347849  6.184913E-17
6573.26791609029  3.660066E-17
6576.33439870208  5.683518E-17
6579.40088131388  3.662866E-17
6582.46736392567  3.172708E-17
6585.53384653747  4.172583E-17
6588.60032914926  4.675739E-17
6591.66681176106  6.390505E-17
6594.73329437286  6.312796E-17
6597.79977698465  9.790320E-18
6600.86625959645  2.502026E-17
6603.93274220825  4.806349E-17
6606.99922482004  3.736864E-17
6610.06570743184  1.723475E-17
6613.13219004363  4.389936E-17
6616.19867265543  6.101473E-17
6619.26515526723  6.486257E-17
6622.33163787902  4.494001E-17
6625.39812049082  2.775052E-17
6628.46460310262  3.840047E-17
6631.53108571441  6.513576E-17
6634.59756832621  5.309196E-17
6637.66405093801  4.325953E-17
6640.7305335498  6.442500E-17
6643.7970161616  6.819223E-17
6646.8634987734  2.801409E-17
6649.92998138519  3.402316E-17
6652.99646399699  5.878487E-17
6656.06294660878  5.310389E-18
6659.12942922058  2.049704E-17
6662.19591183238  1.699684E-17
6665.26239444417  7.091551E-17
6668.32887705597  2.083092E-17
6671.39535966776  1.050543E-17
6674.46184227956  3.163911E-17
6677.52832489136  1.963692E-17
6680.59480750315  7.152083E-18
6683.66129011495  9.003787E-18
6686.72777272674  -5.664347E-18
6689.79425533854  2.368301E-17
6692.86073795034  4.013171E-17
6695.92722056213  4.073527E-17
6698.99370317393  1.122101E-17
6702.06018578573  4.895260E-17
6705.12666839752  1.892421E-17
6708.19315100932  2.085926E-17
6711.25963362111  2.911477E-18
6714.32611623291  1.089855E-17
6717.39259884471  1.342754E-17
6720.4590814565  6.088380E-18
6723.5255640683  3.240741E-17
6726.59204668009  5.026283E-17
6729.65852929189  6.067697E-17
6732.72501190369  4.178473E-17
6735.79149451548  3.699243E-17
6738.85797712728  -5.456646E-18
6741.92445973908  -1.136989E-17
6744.99094235087  1.995109E-17
6748.05742496267  7.078065E-18
6751.12390757447  4.360187E-17
6754.19039018626  6.364987E-17
6757.25687279806  2.501922E-17
6760.32335540985  2.083483E-17
6763.38983802165  5.079931E-17
6766.45632063345  3.754023E-17
6769.52280324524  6.112902E-18
6772.58928585704  2.925285E-17
6775.65576846884  1.541441E-17
6778.72225108063  1.652716E-17
6781.78873369243  3.781671E-17
6784.85521630422  4.291453E-17
6787.92169891602  3.467694E-17
6790.98818152782  2.615802E-17
6794.05466413961  2.191871E-17
6797.12114675141  3.581800E-17
6800.1876293632  1.799786E-17
6803.254111975  8.184116E-18
6806.3205945868  -1.883312E-18
6809.38707719859  3.948211E-17
6812.45355981039  6.664196E-17
6815.52004242218  5.017034E-17
6818.58652503398  6.260937E-17
6821.65300764578  4.732945E-17
6824.71949025757  3.668454E-17
6827.78597286937  4.561246E-17
6830.85245548117  3.932616E-17
6833.91893809296  6.514579E-17
6836.98542070476  4.798318E-17
6840.05190331656  3.796672E-17
6843.11838592835  6.731871E-17
6846.18486854015  7.886741E-17
6849.25135115194  8.373590E-17
6852.31783376374  5.006041E-17
6855.38431637554  1.988070E-17
6858.45079898733  -4.503633E-18
6861.51728159913  1.633816E-17
6864.58376421092  7.426595E-17
6867.65024682272  7.483932E-17
6870.71672943452  2.161005E-17
6873.78321204631  1.026354E-17
6876.84969465811  1.560576E-17
6879.9161772699  4.364554E-17
6882.9826598817  6.445654E-17
6886.0491424935  3.349211E-17
6889.11562510529  6.257531E-17
6892.18210771709  2.580493E-17
6895.24859032889  4.316506E-17
6898.31507294068  3.468812E-17
6901.38155555248  2.141700E-17
6904.44803816427  3.808261E-17
6907.51452077607  4.765026E-17
6910.58100338787  4.599519E-17
6913.64748599966  4.548796E-17
6916.71396861146  2.454951E-17
6919.78045122326  1.074710E-17
6922.84693383505  3.286456E-17
6925.91341644685  4.632757E-17
6928.97989905864  6.213082E-17
6932.04638167044  4.152942E-17
6935.11286428224  1.305344E-17
6938.17934689403  4.274308E-17
6941.24582950583  1.742878E-18
6944.31231211762  2.897436E-17
6947.37879472942  6.306557E-17
6950.44527734122  5.368180E-17
6953.51175995301  2.363434E-17
6956.57824256481  2.648358E-17
6959.64472517661  5.759000E-17
6962.7112077884  4.711848E-17
6965.7776904002  5.754327E-17
6968.844173012  6.204133E-17
6971.91065562379  2.527232E-17
6974.97713823559  3.355157E-18
6978.04362084739  4.371410E-17
6981.11010345918  2.766215E-17
6984.17658607098  4.826955E-17
6987.24306868277  3.539197E-17
6990.30955129457  5.658261E-17
6993.37603390636  5.592415E-17
6996.44251651816  5.136004E-17
6999.50899912996  3.200401E-17
7002.57548174175  3.851134E-17
7005.64196435355  4.286443E-17
7008.70844696535  5.704590E-17
7011.77492957714  7.145657E-17
7014.84141218894  4.559988E-17
7017.90789480074  3.934866E-17
7020.97437741253  4.794565E-17
7024.04086002433  7.250542E-17
7027.10734263612  6.345506E-17
7030.17382524792  4.965821E-17
7033.24030785971  5.718650E-17
7036.30679047151  2.296979E-17
7039.37327308331  7.081463E-17
7042.4397556951  3.964127E-17
7045.5062383069  4.658493E-17
7048.5727209187  3.632693E-17
7051.63920353049  3.131588E-17
7054.70568614229  6.436488E-17
7057.77216875408  1.084279E-16
7060.83865136588  6.921154E-17
7063.90513397768  6.364471E-17
7066.97161658948  4.163289E-17
7070.03809920127  6.072514E-17
7073.10458181307  5.327569E-17
7076.17106442486  3.905815E-17
7079.23754703666  1.532750E-17
7082.30402964846  4.705291E-17
7085.37051226025  8.238657E-17
7088.43699487205  6.441273E-17
7091.50347748384  5.876576E-17
7094.56996009564  7.686021E-17
7097.63644270744  8.099473E-17
7100.70292531923  6.435924E-17
7103.76940793103  5.315778E-17
7106.83589054282  8.163146E-17
7109.90237315462  5.072817E-17
7112.96885576642  5.963101E-17
7116.03533837821  6.804210E-17
7119.10182099001  6.007519E-17
7122.16830360181  5.910875E-17
7125.2347862136  8.638977E-17
7128.3012688254  8.770206E-17
7131.36775143719  6.051585E-17
7134.43423404899  7.669632E-17
7137.50071666079  3.703196E-17
7140.56719927258  3.225331E-17
7143.63368188438  5.182436E-17
7146.70016449618  3.939380E-17
7149.76664710797  4.789133E-17
7152.83312971977  5.414350E-17
7155.89961233156  6.620233E-17
7158.96609494336  4.527111E-17
7162.03257755516  5.524328E-17
7165.09906016695  8.736401E-17
7168.16554277875  8.218392E-17
7171.23202539054  8.513917E-17
7174.29850800234  6.610700E-17
7177.36499061414  2.725650E-17
7180.43147322593  5.061355E-17
7183.49795583773  6.586036E-17
7186.56443844953  1.803722E-17
7189.63092106132  4.021566E-17
7192.69740367312  6.685104E-17
7195.76388628492  7.614052E-17
7198.83036889671  4.393749E-17
7201.89685150851  3.001379E-17
7204.9633341203  2.677587E-17
7208.0298167321  3.590335E-17
7211.0962993439  4.569117E-17
7214.16278195569  8.314908E-17
7217.22926456749  4.047562E-17
7220.29574717928  8.363050E-17
7223.36222979108  3.907618E-17
7226.42871240288  3.125792E-17
7229.49519501467  1.574663E-17
7232.56167762647  2.813103E-17
7235.62816023826  4.132877E-17
7238.69464285006  8.547679E-18
7241.76112546186  4.475505E-17
7244.82760807365  5.417382E-17
7247.89409068545  1.033705E-16
7250.96057329725  6.019176E-17
7254.02705590904  2.964687E-17
7257.09353852084  6.831468E-17
7260.16002113263  7.070535E-17
7263.22650374443  3.470096E-17
7266.29298635623  2.585062E-17
7269.35946896802  4.226709E-17
