3624.881964037  -2.110204E-17
3628.09834072247  1.793214E-16
3631.31471740793  2.406453E-17
3634.53109409339  1.560032E-17
3637.74747077886  -2.885584E-17
3640.96384746432  6.441277E-17
3644.18022414978  -5.422481E-17
3647.39660083525  1.010222E-16
3650.61297752071  -1.834346E-18
3653.82935420617  1.007513E-16
3657.04573089164  6.402002E-17
3660.2621075771  8.884073E-17
3663.47848426256  -3.589340E-17
3666.69486094803  7.035547E-18
3669.91123763349  6.699336E-17
3673.12761431896  5.196624E-17
3676.34399100442  1.981713E-17
3679.56036768988  5.579323E-17
3682.77674437534  1.117302E-16
3685.99312106081  1.719400E-19
3689.20949774627  3.319699E-17
3692.42587443173  5.754961E-17
3695.6422511172  7.894619E-17
3698.85862780266  7.112541E-17
3702.07500448813  4.325878E-17
3705.29138117359  3.636295E-17
3708.50775785905  4.328447E-17
3711.72413454452  -8.141733E-18
3714.94051122998  9.196265E-17
3718.15688791544  2.289829E-17
3721.37326460091  -1.287258E-17
3724.58964128637  2.623596E-17
3727.80601797183  2.368714E-17
3731.0223946573  -4.584515E-17
3734.23877134276  5.091510E-17
3737.45514802822  1.014226E-16
3740.67152471369  3.616449E-17
3743.88790139915  2.884589E-17
3747.10427808461  5.767560E-17
3750.32065477008  7.774163E-17
3753.53703145554  4.260474E-17
3756.753408141  4.462224E-17
3759.96978482647  6.995678E-17
3763.18616151193  6.911693E-17
3766.40253819739  8.038642E-17
3769.61891488286  6.183817E-17
3772.83529156832  4.867889E-17
3776.05166825378  4.422212E-17
3779.26804493925  7.915230E-17
3782.48442162471  4.745498E-17
3785.70079831017  9.097103E-17
3788.91717499564  7.036079E-17
3792.1335516811  3.125144E-17
3795.34992836656  5.947601E-17
3798.56630505203  6.495554E-17
3801.78268173749  6.045002E-17
3804.99905842295  7.124307E-17
3808.21543510842  7.569940E-17
3811.43181179388  2.621898E-17
3814.64818847934  4.625105E-17
3817.86456516481  5.018630E-17
3821.08094185027  2.727175E-17
3824.29731853573  2.873890E-17
3827.5136952212  6.317648E-17
3830.73007190666  5.053305E-17
3833.94644859212  2.915620E-17
3837.16282527759  7.435390E-17
3840.37920196305  6.099929E-17
3843.59557864852  7.759877E-17
3846.81195533398  6.515589E-17
3850.02833201944  6.318146E-17
3853.2447087049  4.900803E-17
3856.46108539037  4.770063E-17
3859.67746207583  3.667398E-17
3862.8938387613  2.435770E-17
3866.11021544676  6.441013E-17
3869.32659213222  6.265959E-17
3872.54296881769  4.356545E-17
3875.75934550315  3.266885E-17
3878.97572218861  6.773484E-17
3882.19209887408  5.506828E-17
3885.40847555954  9.228831E-17
3888.624852245  7.882050E-17
3891.84122893047  6.343498E-17
3895.05760561593  7.294431E-17
3898.27398230139  5.213167E-17
3901.49035898686  8.835792E-17
3904.70673567232  1.033087E-16
3907.92311235778  7.112119E-17
3911.13948904325  7.054789E-17
3914.35586572871  7.943627E-17
3917.57224241417  7.468113E-17
3920.78861909964  8.835687E-17
3924.0049957851  5.238334E-17
3927.22137247056  6.511872E-17
3930.43774915603  6.711800E-17
3933.65412584149  6.186315E-17
3936.87050252695  1.155646E-16
3940.08687921242  9.899372E-17
3943.30325589788  9.327319E-17
3946.51963258334  8.035624E-17
3949.73600926881  7.687375E-17
3952.95238595427  8.769311E-17
3956.16876263973  6.609505E-17
3959.3851393252  7.830441E-17
3962.60151601066  8.732728E-17
3965.81789269612  8.558575E-17
3969.03426938159  5.771210E-17
3972.25064606705  5.126851E-17
3975.46702275252  8.357332E-17
3978.68339943798  8.274124E-17
3981.89977612344  5.982321E-17
3985.11615280891  5.337522E-17
3988.33252949437  8.432194E-17
3991.54890617983  8.099539E-17
3994.76528286529  7.288787E-17
3997.98165955076  7.337790E-17
4001.19803623622  7.174802E-17
4004.41441292169  7.207212E-17
4007.63078960715  8.005954E-17
4010.84716629261  8.398161E-17
4014.06354297808  7.770729E-17
4017.27991966354  7.649652E-17
4020.496296349  8.887247E-17
4023.71267303447  8.383859E-17
4026.92904971993  8.504141E-17
4030.14542640539  8.136814E-17
4033.36180309086  7.607467E-17
4036.57817977632  9.320465E-17
4039.79455646178  8.060207E-17
4043.01093314725  6.555160E-17
4046.22730983271  7.931749E-17
4049.44368651817  8.143601E-17
4052.66006320364  8.418497E-17
4055.8764398891  7.077194E-17
4059.09281657456  6.254310E-17
4062.30919326003  7.617540E-17
4065.52556994549  7.723438E-17
4068.74194663095  7.574758E-17
4071.95832331642  8.929760E-17
4075.17470000188  8.771466E-17
4078.39107668734  8.669593E-17
4081.60745337281  9.361830E-17
4084.82383005827  8.777420E-17
4088.04020674373  9.274984E-17
4091.2565834292  7.759971E-17
4094.47296011466  8.677866E-17
4097.68933680012  9.510087E-17
4100.90571348559  8.731642E-17
4104.12209017105  7.397088E-17
4107.33846685651  7.653591E-17
4110.55484354198  8.354103E-17
4113.77122022744  7.777607E-17
4116.98759691291  6.582179E-17
4120.20397359837  9.025735E-17
4123.42035028383  8.779635E-17
4126.63672696929  1.012745E-16
4129.85310365476  9.223397E-17
4133.06948034022  8.144773E-17
4136.28585702569  8.696036E-17
4139.50223371115  8.472492E-17
4142.71861039661  7.467589E-17
4145.93498708207  7.497157E-17
4149.15136376754  8.307815E-17
4152.367740453  9.272816E-17
4155.58411713847  8.216742E-17
4158.80049382393  6.967256E-17
4162.01687050939  7.868262E-17
4165.23324719486  7.988154E-17
4168.44962388032  8.119644E-17
4171.66600056578  6.797545E-17
4174.88237725125  7.573171E-17
4178.09875393671  8.694634E-17
4181.31513062217  8.918579E-17
4184.53150730764  9.610833E-17
4187.7478839931  6.989470E-17
4190.96426067856  5.763561E-17
4194.18063736403  6.090125E-17
4197.39701404949  6.418922E-17
4200.61339073495  7.575862E-17
4203.82976742042  7.929193E-17
4207.04614410588  7.598791E-17
4210.26252079134  7.665283E-17
4213.47889747681  9.755754E-17
4216.69527416227  9.932457E-17
4219.91165084773  7.236634E-17
4223.1280275332  7.032664E-17
4226.34440421866  7.906332E-17
4229.56078090413  8.781467E-17
4232.77715758959  9.430631E-17
4235.99353427505  9.478663E-17
4239.20991096051  9.278382E-17
4242.42628764598  8.805635E-17
4245.64266433144  8.761925E-17
4248.8590410169  8.067248E-17
4252.07541770237  8.240799E-17
4255.29179438783  7.924777E-17
4258.50817107329  8.414987E-17
4261.72454775876  1.055688E-16
4264.94092444422  9.958504E-17
4268.15730112968  9.069767E-17
4271.37367781515  8.893053E-17
4274.59005450061  8.052734E-17
4277.80643118607  8.981123E-17
4281.02280787154  8.860790E-17
4284.239184557  8.637836E-17
4287.45556124247  9.125630E-17
4290.67193792793  8.520344E-17
4293.88831461339  8.841695E-17
4297.10469129885  8.415665E-17
4300.32106798432  8.268174E-17
4303.53744466978  8.559003E-17
4306.75382135525  9.004261E-17
4309.97019804071  8.902750E-17
4313.18657472617  8.135237E-17
4316.40295141164  7.782163E-17
4319.6193280971  7.608303E-17
4322.83570478256  8.354136E-17
4326.05208146803  8.628982E-17
4329.26845815349  7.888583E-17
4332.48483483895  7.783564E-17
4335.70121152442  6.925778E-17
4338.91758820988  6.771313E-17
4342.13396489534  7.683081E-17
4345.35034158081  6.728942E-17
4348.56671826627  7.901431E-17
4351.78309495173  9.030669E-17
4354.9994716372  8.087060E-17
4358.21584832266  7.610913E-17
4361.43222500812  6.691192E-17
4364.64860169359  8.045863E-17
4367.86497837905  9.612639E-17
4371.08135506451  8.152685E-17
4374.29773174998  8.401276E-17
4377.51410843544  8.249988E-17
4380.7304851209  8.273167E-17
4383.94686180637  8.144555E-17
4387.16323849183  9.095460E-17
4390.37961517729  9.699111E-17
4393.59599186276  8.849952E-17
4396.81236854822  7.890650E-17
4400.02874523368  8.363789E-17
4403.24512191915  8.336381E-17
4406.46149860461  8.492636E-17
4409.67787529007  8.311734E-17
4412.89425197554  7.404389E-17
4416.110628661  8.647025E-17
4419.32700534646  8.566538E-17
4422.54338203193  8.117714E-17
4425.75975871739  7.586746E-17
4428.97613540285  8.529941E-17
4432.19251208832  8.282127E-17
4435.40888877378  7.512673E-17
4438.62526545924  7.691850E-17
4441.84164214471  8.440704E-17
4445.05801883017  7.892517E-17
4448.27439551564  7.725054E-17
4451.4907722011  8.601982E-17
4454.70714888656  8.185544E-17
4457.92352557203  8.195858E-17
4461.13990225749  8.001010E-17
4464.35627894295  8.452077E-17
4467.57265562841  7.117006E-17
4470.78903231388  6.760850E-17
4474.00540899934  7.714341E-17
4477.22178568481  8.043134E-17
4480.43816237027  8.111012E-17
4483.65453905573  7.850009E-17
4486.8709157412  8.311118E-17
4490.08729242666  8.430863E-17
4493.30366911212  8.128127E-17
4496.52004579759  8.808610E-17
4499.73642248305  9.097720E-17
4502.95279916851  8.527752E-17
4506.16917585398  8.424432E-17
4509.38555253944  8.294588E-17
4512.6019292249  8.268188E-17
4515.81830591037  8.075692E-17
4519.03468259583  9.447220E-17
4522.25105928129  9.241646E-17
4525.46743596676  8.617978E-17
4528.68381265222  7.390370E-17
4531.90018933768  7.668811E-17
4535.11656602315  8.006000E-17
4538.33294270861  7.832032E-17
4541.54931939407  8.498117E-17
4544.76569607954  7.769552E-17
4547.982072765  7.398268E-17
4551.19844945046  7.902070E-17
4554.41482613593  8.068791E-17
4557.63120282139  7.570012E-17
4560.84757950685  8.009951E-17
4564.06395619232  7.877558E-17
4567.28033287778  7.612091E-17
4570.49670956324  7.649034E-17
4573.71308624871  7.691499E-17
4576.92946293417  7.663578E-17
4580.14583961963  7.696828E-17
4583.3622163051  7.475501E-17
4586.57859299056  7.795437E-17
4589.79496967603  8.502206E-17
4593.01134636149  7.535056E-17
4596.22772304695  7.964170E-17
4599.44409973242  7.780914E-17
4602.66047641788  8.310410E-17
4605.87685310334  8.078024E-17
4609.09322978881  7.808396E-17
4612.30960647427  7.791861E-17
4615.52598315973  8.418786E-17
4618.74235984519  8.592210E-17
4621.95873653066  8.349944E-17
4625.17511321612  8.089965E-17
4628.39148990159  8.156978E-17
4631.60786658705  8.782278E-17
4634.82424327251  7.611690E-17
4638.04061995798  7.489767E-17
4641.25699664344  7.676804E-17
4644.4733733289  8.041334E-17
4647.68975001437  8.413593E-17
4650.90612669983  8.356018E-17
4654.12250338529  7.636730E-17
4657.33888007076  7.647665E-17
4660.55525675622  8.911966E-17
4663.77163344168  8.883044E-17
4666.98801012715  9.052021E-17
4670.20438681261  8.790374E-17
4673.42076349807  8.235554E-17
4676.63714018354  8.616187E-17
4679.853516869  8.051004E-17
4683.06989355446  8.286304E-17
4686.28627023993  8.464493E-17
4689.50264692539  8.631311E-17
4692.71902361085  7.855615E-17
4695.93540029632  8.214290E-17
4699.15177698178  8.628758E-17
4702.36815366724  8.265061E-17
4705.58453035271  8.092879E-17
4708.80090703817  8.418565E-17
4712.01728372363  8.523428E-17
4715.2336604091  7.559348E-17
4718.45003709456  7.738734E-17
4721.66641378002  8.287330E-17
4724.88279046549  7.515949E-17
4728.09916715095  8.349461E-17
4731.31554383641  8.083587E-17
4734.53192052188  8.267899E-17
4737.74829720734  8.496026E-17
4740.96467389281  8.153240E-17
4744.18105057827  8.040039E-17
4747.39742726373  7.976977E-17
4750.6138039492  8.331485E-17
4753.83018063466  8.322770E-17
4757.04655732012  8.234531E-17
4760.26293400559  8.075371E-17
4763.47931069105  8.787213E-17
4766.69568737651  8.414271E-17
4769.91206406198  7.749765E-17
4773.12844074744  7.810385E-17
4776.3448174329  8.387095E-17
4779.56119411837  8.315549E-17
4782.77757080383  8.298914E-17
4785.99394748929  8.864192E-17
4789.21032417476  8.456795E-17
4792.42670086022  8.253851E-17
4795.64307754568  8.004833E-17
4798.85945423115  8.400485E-17
4802.07583091661  8.280432E-17
4805.29220760207  7.886718E-17
4808.50858428753  7.726232E-17
4811.724960973  7.641384E-17
4814.94133765846  7.824053E-17
4818.15771434393  7.715272E-17
4821.37409102939  7.589377E-17
4824.59046771485  8.489880E-17
4827.80684440032  8.070020E-17
4831.02322108578  7.729923E-17
4834.23959777124  7.618840E-17
4837.45597445671  7.912808E-17
4840.67235114217  8.058363E-17
4843.88872782763  8.457312E-17
4847.1051045131  8.132623E-17
4850.32148119856  8.246676E-17
4853.53785788402  8.293863E-17
4856.75423456949  8.175270E-17
4859.97061125495  7.585278E-17
4863.18698794041  7.760932E-17
4866.40336462588  8.696092E-17
4869.61974131134  8.476950E-17
4872.83611799681  7.841225E-17
4876.05249468227  8.480353E-17
4879.26887136773  8.461039E-17
4882.4852480532  9.093930E-17
4885.70162473866  8.674626E-17
4888.91800142412  7.898660E-17
4892.13437810958  8.412986E-17
4895.35075479505  8.824270E-17
4898.56713148051  8.748676E-17
4901.78350816598  8.432410E-17
4904.99988485144  8.093120E-17
4908.2162615369  8.104384E-17
4911.43263822236  8.244432E-17
4914.64901490783  7.923179E-17
4917.86539159329  7.558098E-17
4921.08176827876  8.572786E-17
4924.29814496422  8.436391E-17
4927.51452164968  8.527018E-17
4930.73089833515  8.397804E-17
4933.94727502061  7.855944E-17
4937.16365170607  8.121977E-17
4940.38002839154  8.095142E-17
4943.596405077  7.331207E-17
4946.81278176246  8.050154E-17
4950.02915844793  8.630984E-17
4953.24553513339  7.966731E-17
4956.46191181885  7.614743E-17
4959.67828850432  8.367770E-17
4962.89466518978  9.193857E-17
4966.11104187524  8.443172E-17
4969.32741856071  8.151347E-17
4972.54379524617  8.713937E-17
4975.76017193163  8.331608E-17
4978.9765486171  7.728443E-17
4982.19292530256  7.488833E-17
4985.40930198802  7.563105E-17
4988.62567867349  7.509369E-17
4991.84205535895  8.071051E-17
4995.05843204442  8.461866E-17
4998.27480872988  7.925168E-17
5001.49118541534  8.227058E-17
5004.70756210081  8.460348E-17
5007.92393878627  8.417197E-17
5011.14031547173  8.455794E-17
5014.3566921572  8.748772E-17
5017.57306884266  8.017603E-17
5020.78944552812  8.400059E-17
5024.00582221359  8.684315E-17
5027.22219889905  8.398153E-17
5030.43857558451  8.285257E-17
5033.65495226998  8.512671E-17
5036.87132895544  9.143246E-17
5040.0877056409  8.778534E-17
5043.30408232637  8.167383E-17
5046.52045901183  8.511669E-17
5049.73683569729  8.999812E-17
5052.95321238276  8.806810E-17
5056.16958906822  8.598267E-17
5059.38596575368  8.858170E-17
5062.60234243914  8.221324E-17
5065.81871912461  9.030545E-17
5069.03509581007  8.761328E-17
5072.25147249554  8.519575E-17
5075.467849181  8.730034E-17
5078.68422586646  8.937397E-17
5081.90060255193  9.194357E-17
5085.11697923739  8.841769E-17
5088.33335592285  8.575414E-17
5091.54973260832  8.695100E-17
5094.76610929378  8.778086E-17
5097.98248597924  8.912405E-17
5101.19886266471  9.189136E-17
5104.41523935017  8.505252E-17
5107.63161603563  8.788578E-17
5110.8479927211  8.285216E-17
5114.06436940656  8.799597E-17
5117.28074609202  9.446722E-17
5120.49712277749  9.003443E-17
5123.71349946295  8.291060E-17
5126.92987614841  7.663138E-17
5130.14625283388  8.381869E-17
5133.36262951934  8.889364E-17
5136.57900620481  9.624720E-17
5139.79538289027  1.028828E-16
5143.01175957573  1.130291E-16
5146.22813626119  1.037670E-16
5149.44451294666  9.111250E-17
5152.66088963212  7.750716E-17
5155.87726631759  7.770720E-17
5159.09364300305  7.641027E-17
5162.31001968851  8.119315E-17
5165.52639637397  8.256913E-17
5168.74277305944  8.952876E-17
5171.9591497449  8.710886E-17
5175.17552643036  8.451842E-17
5178.39190311583  8.820954E-17
5181.60827980129  8.434951E-17
5184.82465648676  8.409003E-17
5188.04103317222  8.619451E-17
5191.25740985768  8.718036E-17
5194.47378654315  9.016768E-17
5197.69016322861  8.621189E-17
5200.90653991407  8.154935E-17
5204.12291659954  8.020437E-17
5207.339293285  7.808360E-17
5210.55566997046  8.373498E-17
5213.77204665593  9.148129E-17
5216.98842334139  8.569254E-17
5220.20480002685  8.612503E-17
5223.42117671232  8.470615E-17
5226.63755339778  8.260793E-17
5229.85393008324  8.553383E-17
5233.07030676871  8.752306E-17
5236.28668345417  8.762652E-17
5239.50306013963  8.461228E-17
5242.7194368251  8.279390E-17
5245.93581351056  8.535184E-17
5249.15219019602  9.192379E-17
5252.36856688149  8.706914E-17
5255.58494356695  8.652711E-17
5258.80132025241  8.491354E-17
5262.01769693788  8.345648E-17
5265.23407362334  8.559557E-17
5268.4504503088  8.374404E-17
5271.66682699427  8.329205E-17
5274.88320367973  7.939463E-17
5278.09958036519  8.185118E-17
5281.31595705066  8.640144E-17
5284.53233373612  8.230419E-17
5287.74871042158  8.260535E-17
5290.96508710705  8.654944E-17
5294.18146379251  9.057962E-17
5297.39784047797  9.563725E-17
5300.61421716344  9.142455E-17
5303.8305938489  8.250059E-17
5307.04697053436  8.494154E-17
5310.26334721983  8.362103E-17
5313.47972390529  7.937785E-17
5316.69610059076  8.213195E-17
5319.91247727622  8.260503E-17
5323.12885396168  7.981466E-17
5326.34523064715  8.257022E-17
5329.56160733261  8.880925E-17
5332.77798401807  8.257649E-17
5335.99436070354  8.211338E-17
5339.210737389  8.445572E-17
5342.42711407446  8.772949E-17
5345.64349075992  8.581707E-17
5348.85986744539  8.447761E-17
5352.07624413085  8.554338E-17
5355.29262081632  8.564771E-17
5358.50899750178  8.594933E-17
5361.72537418724  8.186967E-17
5364.94175087271  8.050674E-17
5368.15812755817  8.325372E-17
5371.37450424363  8.154025E-17
5374.5908809291  8.061831E-17
5377.80725761456  8.204988E-17
5381.02363430002  8.067189E-17
5384.24001098549  7.832910E-17
5387.45638767095  8.333135E-17
5390.67276435641  8.333583E-17
5393.88914104188  7.585086E-17
5397.10551772734  7.436176E-17
5400.3218944128  7.599809E-17
5403.53827109827  7.897218E-17
5406.75464778373  8.030905E-17
5409.97102446919  8.340535E-17
5413.18740115466  8.351196E-17
5416.40377784012  8.001071E-17
5419.62015452558  7.868016E-17
5422.83653121105  7.370135E-17
5426.05290789651  8.117783E-17
5429.26928458197  8.530725E-17
5432.48566126744  8.347039E-17
5435.7020379529  7.573468E-17
5438.91841463836  7.678107E-17
5442.13479132383  7.884588E-17
5445.35116800929  7.972503E-17
5448.56754469475  8.134956E-17
5451.78392138022  8.197971E-17
5455.00029806568  8.056439E-17
5458.21667475114  8.339559E-17
5461.43305143661  7.569069E-17
5464.64942812207  7.127293E-17
5467.86580480754  7.124554E-17
5471.082181493  7.641538E-17
5474.29855817846  7.492757E-17
5477.51493486392  7.482626E-17
5480.73131154939  8.008377E-17
5483.94768823485  7.549304E-17
5487.16406492031  7.692033E-17
5490.38044160578  8.094077E-17
5493.59681829124  7.795823E-17
5496.81319497671  7.646682E-17
5500.02957166217  7.617925E-17
5503.24594834763  7.735329E-17
5506.4623250331  7.881865E-17
5509.67870171856  8.245669E-17
5512.89507840402  8.119142E-17
5516.11145508949  7.730518E-17
5519.32783177495  8.106858E-17
5522.54420846041  7.983056E-17
5525.76058514588  7.690979E-17
5528.97696183134  7.752256E-17
5532.1933385168  8.218039E-17
5535.40971520227  8.251832E-17
5538.62609188773  7.951040E-17
5541.84246857319  9.032489E-17
5545.05884525866  8.298042E-17
5548.27522194412  8.556667E-17
5551.49159862958  8.200203E-17
5554.70797531505  8.274559E-17
5557.92435200051  8.703200E-17
5561.14072868597  8.296121E-17
5564.35710537144  8.117679E-17
5567.5734820569  8.394746E-17
5570.78985874236  8.555398E-17
5574.00623542783  8.250551E-17
5577.22261211329  7.623121E-17
5580.43898879875  7.922729E-17
5583.65536548422  7.735458E-17
5586.87174216968  7.968521E-17
5590.08811885514  8.758577E-17
5593.30449554061  9.109076E-17
5596.52087222607  8.867730E-17
5599.73724891153  9.109403E-17
5602.953625597  8.835064E-17
5606.17000228246  8.636383E-17
5609.38637896792  8.880524E-17
5612.60275565339  8.633146E-17
5615.81913233885  8.542198E-17
5619.03550902432  8.853427E-17
5622.25188570978  9.143489E-17
5625.46826239524  9.355931E-17
5628.6846390807  9.156793E-17
5631.90101576617  8.817716E-17
5635.11739245163  8.823565E-17
5638.3337691371  8.967829E-17
5641.55014582256  8.921349E-17
5644.76652250802  8.577698E-17
5647.98289919349  8.271823E-17
5651.19927587895  8.273852E-17
5654.41565256441  8.648020E-17
5657.63202924988  8.401642E-17
5660.84840593534  8.226672E-17
5664.0647826208  8.535005E-17
5667.28115930627  8.925372E-17
5670.49753599173  8.512081E-17
5673.71391267719  8.052362E-17
5676.93028936266  8.040505E-17
5680.14666604812  8.487326E-17
5683.36304273358  8.329241E-17
5686.57941941905  8.193291E-17
5689.79579610451  8.488252E-17
5693.01217278997  8.100677E-17
5696.22854947544  8.029676E-17
5699.4449261609  8.123303E-17
5702.66130284636  7.815433E-17
5705.87767953183  8.606846E-17
5709.09405621729  8.803500E-17
5712.31043290275  8.500297E-17
5715.52680958822  7.951192E-17
5718.74318627368  8.133762E-17
5721.95956295915  8.396430E-17
5725.17593964461  7.755276E-17
5728.39231633007  8.524878E-17
5731.60869301553  8.725318E-17
5734.825069701  7.885074E-17
5738.04144638646  8.304369E-17
5741.25782307192  8.235541E-17
5744.47419975739  7.972141E-17
5747.69057644285  8.533466E-17
5750.90695312831  8.841364E-17
5754.12332981378  8.718464E-17
5757.33970649924  8.484761E-17
5760.5560831847  8.052247E-17
5763.77245987017  8.882318E-17
5766.98883655563  7.589076E-17
5770.2052132411  8.358984E-17
5773.42158992656  8.526585E-17
5776.63796661202  7.750411E-17
5779.85434329749  7.918198E-17
5783.07071998295  8.418431E-17
5786.28709666841  8.483679E-17
5789.50347335388  8.463422E-17
5792.71985003934  8.231158E-17
5795.9362267248  7.254258E-17
5799.15260341027  7.389693E-17
5802.36898009573  7.402044E-17
5805.58535678119  7.888364E-17
5808.80173346666  8.033942E-17
5812.01811015212  7.596917E-17
5815.23448683758  7.922719E-17
5818.45086352305  7.861290E-17
5821.66724020851  7.968264E-17
5824.88361689397  8.036772E-17
5828.09999357944  8.298310E-17
5831.3163702649  8.282724E-17
5834.53274695036  7.947870E-17
5837.74912363583  8.591617E-17
5840.96550032129  8.390244E-17
5844.18187700675  7.859238E-17
5847.39825369222  7.975212E-17
5850.61463037768  8.025052E-17
5853.83100706314  8.408180E-17
5857.04738374861  7.943642E-17
5860.26376043407  7.386708E-17
5863.48013711953  7.682971E-17
5866.696513805  7.686007E-17
5869.91289049046  7.970769E-17
5873.12926717593  7.415854E-17
5876.34564386139  7.535020E-17
5879.56202054685  8.092890E-17
5882.77839723231  7.221401E-17
5885.99477391778  7.352796E-17
5889.21115060324  7.243030E-17
5892.42752728871  7.129412E-17
5895.64390397417  7.605333E-17
5898.86028065963  7.796723E-17
5902.0766573451  7.641241E-17
5905.29303403056  7.450684E-17
5908.50941071602  8.035735E-17
5911.72578740148  8.006016E-17
5914.94216408695  7.682983E-17
5918.15854077241  7.632605E-17
5921.37491745788  7.610657E-17
5924.59129414334  7.859958E-17
5927.8076708288  7.815532E-17
5931.02404751426  7.531746E-17
5934.24042419973  7.716573E-17
5937.45680088519  8.726738E-17
5940.67317757065  8.559177E-17
5943.88955425612  7.855067E-17
5947.10593094158  7.770148E-17
5950.32230762705  8.006768E-17
5953.53868431251  8.311297E-17
5956.75506099797  8.351371E-17
5959.97143768344  8.373304E-17
5963.1878143689  7.785308E-17
5966.40419105436  7.992435E-17
5969.62056773983  8.053173E-17
5972.83694442529  7.754552E-17
5976.05332111075  8.161588E-17
5979.26969779622  8.532690E-17
5982.48607448168  7.797797E-17
5985.70245116714  7.547009E-17
5988.91882785261  7.721965E-17
5992.13520453807  7.823724E-17
5995.35158122353  7.512696E-17
5998.567957909  8.002851E-17
6001.78433459446  8.136994E-17
6005.00071127992  7.615644E-17
6008.21708796539  7.864544E-17
6011.43346465085  7.867127E-17
6014.64984133631  7.351283E-17
6017.86621802178  7.066076E-17
6021.08259470724  7.896631E-17
6024.2989713927  7.886727E-17
6027.51534807817  7.846353E-17
6030.73172476363  7.537108E-17
6033.94810144909  7.722107E-17
6037.16447813456  7.746247E-17
6040.38085482002  7.462657E-17
6043.59723150549  7.542080E-17
6046.81360819095  7.789834E-17
6050.02998487641  7.831716E-17
6053.24636156188  8.021137E-17
6056.46273824734  7.773299E-17
6059.6791149328  7.545666E-17
6062.89549161827  8.048779E-17
6066.11186830373  8.072281E-17
6069.32824498919  7.373768E-17
6072.54462167466  7.694907E-17
6075.76099836012  8.233208E-17
6078.97737504558  7.619625E-17
6082.19375173105  7.451056E-17
6085.41012841651  7.864271E-17
6088.62650510197  7.929250E-17
6091.84288178744  7.904020E-17
6095.0592584729  7.425143E-17
6098.27563515836  7.479574E-17
6101.49201184383  7.701447E-17
6104.70838852929  7.434873E-17
6107.92476521475  8.294047E-17
6111.14114190022  8.130015E-17
6114.35751858568  8.189350E-17
6117.57389527114  7.663887E-17
6120.79027195661  7.727729E-17
6124.00664864207  7.759342E-17
6127.22302532753  8.160742E-17
6130.439402013  7.358200E-17
6133.65577869846  8.011363E-17
6136.87215538392  8.749592E-17
6140.08853206939  8.097379E-17
6143.30490875485  7.518796E-17
6146.52128544031  8.009017E-17
6149.73766212578  7.842687E-17
6152.95403881124  7.317377E-17
6156.1704154967  7.580832E-17
6159.38679218217  8.186277E-17
6162.60316886763  8.535969E-17
6165.81954555309  8.202032E-17
6169.03592223856  7.647841E-17
6172.25229892402  7.528336E-17
6175.46867560949  7.763986E-17
6178.68505229495  7.831332E-17
6181.90142898041  7.701924E-17
6185.11780566587  7.519172E-17
6188.33418235134  7.912797E-17
6191.5505590368  8.025250E-17
6194.76693572226  7.774651E-17
6197.98331240773  7.293772E-17
6201.19968909319  7.274684E-17
6204.41606577865  7.438852E-17
6207.63244246412  7.882634E-17
6210.84881914958  8.225424E-17
6214.06519583504  8.140093E-17
6217.28157252051  8.082366E-17
6220.49794920597  7.870067E-17
6223.71432589144  7.806080E-17
6226.9307025769  7.619859E-17
6230.14707926236  6.871076E-17
6233.36345594783  7.054628E-17
6236.57983263329  7.480073E-17
6239.79620931875  7.409325E-17
6243.01258600422  7.646575E-17
6246.22896268968  7.326979E-17
6249.44533937514  8.050706E-17
6252.66171606061  7.506265E-17
6255.87809274607  6.631607E-17
6259.09446943153  7.243290E-17
6262.310846117  7.487374E-17
6265.52722280246  7.117703E-17
6268.74359948792  7.185202E-17
6271.95997617339  7.486436E-17
6275.17635285885  7.914483E-17
6278.39272954431  7.304581E-17
6281.60910622978  6.937001E-17
6284.82548291524  6.955842E-17
6288.0418596007  7.193091E-17
6291.25823628617  6.717833E-17
6294.47461297163  6.217948E-17
6297.69098965709  6.908292E-17
6300.90736634256  7.491565E-17
6304.12374302802  7.510881E-17
6307.34011971348  7.665471E-17
6310.55649639895  7.932855E-17
6313.77287308441  8.232727E-17
6316.98924976987  8.137078E-17
6320.20562645534  8.085409E-17
6323.4220031408  7.778486E-17
6326.63837982626  7.391927E-17
6329.85475651173  7.367284E-17
6333.07113319719  7.076839E-17
6336.28750988266  7.450514E-17
6339.50388656812  7.625956E-17
6342.72026325358  7.617052E-17
6345.93663993904  7.643681E-17
6349.15301662451  7.342455E-17
6352.36939330997  7.335941E-17
6355.58576999543  7.239704E-17
6358.8021466809  7.287242E-17
6362.01852336636  7.928740E-17
6365.23490005182  7.743513E-17
6368.45127673729  7.504570E-17
6371.66765342275  7.450731E-17
6374.88403010821  7.298987E-17
6378.10040679368  7.840339E-17
6381.31678347914  7.778711E-17
6384.53316016461  7.286651E-17
6387.74953685007  7.602684E-17
6390.96591353553  7.762672E-17
6394.18229022099  7.232023E-17
6397.39866690646  7.533122E-17
6400.61504359192  7.579306E-17
6403.83142027739  7.647452E-17
6407.04779696285  7.481208E-17
6410.26417364831  7.887850E-17
6413.48055033378  7.589068E-17
6416.69692701924  7.149695E-17
6419.9133037047  8.196088E-17
6423.12968039017  7.610204E-17
6426.34605707563  6.988157E-17
6429.56243376109  7.292964E-17
6432.77881044656  7.818611E-17
6435.99518713202  7.180162E-17
6439.21156381748  6.889127E-17
6442.42794050295  7.543595E-17
6445.64431718841  7.191835E-17
6448.86069387387  6.965170E-17
6452.07707055934  6.966020E-17
6455.2934472448  7.127208E-17
6458.50982393026  7.496972E-17
6461.72620061573  7.567218E-17
6464.94257730119  7.875341E-17
6468.15895398665  7.272092E-17
6471.37533067212  6.944457E-17
6474.59170735758  7.265149E-17
6477.80808404304  7.472929E-17
6481.02446072851  7.428575E-17
6484.24083741397  7.055514E-17
6487.45721409943  6.656999E-17
6490.6735907849  6.682092E-17
6493.88996747036  6.026495E-17
6497.10634415582  6.381315E-17
6500.32272084129  6.994184E-17
6503.53909752675  7.066413E-17
6506.75547421221  6.963758E-17
6509.97185089768  6.597240E-17
6513.18822758314  6.959496E-17
6516.4046042686  6.974699E-17
6519.62098095407  6.527257E-17
6522.83735763953  7.162127E-17
6526.05373432499  7.015491E-17
6529.27011101046  6.820246E-17
6532.48648769592  6.542579E-17
6535.70286438139  7.248863E-17
6538.91924106685  7.365444E-17
6542.13561775231  7.265780E-17
6545.35199443778  6.973100E-17
6548.56837112324  7.035544E-17
6551.7847478087  7.112303E-17
6555.00112449417  7.250063E-17
6558.21750117963  7.189933E-17
6561.43387786509  6.669508E-17
6564.65025455056  6.604826E-17
6567.86663123602  6.657308E-17
6571.08300792148  6.654874E-17
6574.29938460695  7.199125E-17
6577.51576129241  7.365738E-17
6580.73213797787  7.101547E-17
6583.94851466334  6.822844E-17
6587.1648913488  6.135551E-17
6590.38126803426  6.557435E-17
6593.59764471973  6.976556E-17
6596.81402140519  7.271318E-17
6600.03039809065  7.366493E-17
6603.24677477612  6.617406E-17
6606.46315146158  6.637056E-17
6609.67952814704  6.618091E-17
6612.89590483251  6.939227E-17
6616.11228151797  6.896483E-17
6619.32865820343  6.706522E-17
6622.5450348889  7.101128E-17
6625.76141157436  6.946073E-17
6628.97778825982  6.913069E-17
6632.19416494529  6.840656E-17
6635.41054163075  6.950567E-17
6638.62691831621  6.966303E-17
6641.84329500168  6.662079E-17
6645.05967168714  6.758164E-17
6648.2760483726  6.410071E-17
6651.49242505807  6.911881E-17
6654.70880174353  7.039175E-17
6657.92517842899  6.775385E-17
6661.14155511446  6.978965E-17
6664.35793179992  7.135761E-17
6667.57430848539  7.363806E-17
6670.79068517085  6.880942E-17
6674.00706185631  6.497839E-17
6677.22343854178  6.342240E-17
6680.43981522724  6.641147E-17
6683.6561919127  7.139246E-17
6686.87256859817  6.722881E-17
6690.08894528363  6.886081E-17
6693.30532196909  6.888893E-17
6696.52169865455  6.750291E-17
6699.73807534002  6.806243E-17
6702.95445202548  6.569078E-17
6706.17082871094  6.791173E-17
6709.38720539641  6.951089E-17
6712.60358208187  6.910032E-17
6715.81995876734  7.256386E-17
6719.0363354528  7.361473E-17
6722.25271213826  7.306606E-17
6725.46908882373  6.721159E-17
6728.68546550919  6.815899E-17
6731.90184219465  7.113097E-17
6735.11821888012  7.141148E-17
6738.33459556558  7.926282E-17
6741.55097225104  7.607517E-17
6744.76734893651  7.000811E-17
6747.98372562197  7.308022E-17
6751.20010230743  7.450270E-17
6754.4164789929  7.228354E-17
6757.63285567836  7.170097E-17
6760.84923236382  7.044727E-17
6764.06560904929  6.931572E-17
6767.28198573475  7.085372E-17
6770.49836242021  7.249531E-17
6773.71473910568  6.955586E-17
6776.93111579114  6.704393E-17
6780.1474924766  7.413027E-17
6783.36386916207  7.507143E-17
6786.58024584753  7.317811E-17
6789.796622533  7.227333E-17
6793.01299921846  7.591404E-17
6796.22937590392  7.040869E-17
6799.44575258938  7.000711E-17
6802.66212927485  7.400231E-17
6805.87850596031  7.409241E-17
6809.09488264578  7.287361E-17
6812.31125933124  7.236084E-17
6815.5276360167  7.087586E-17
6818.74401270216  7.124528E-17
6821.96038938763  6.436757E-17
6825.17676607309  6.605445E-17
6828.39314275855  7.381391E-17
6831.60951944402  7.042014E-17
6834.82589612948  6.882218E-17
6838.04227281494  7.163701E-17
6841.25864950041  7.744619E-17
6844.47502618587  7.022230E-17
6847.69140287134  7.091242E-17
6850.9077795568  7.474203E-17
6854.12415624226  7.436761E-17
6857.34053292773  7.770047E-17
6860.55690961319  1.025827E-16
6863.77328629865  7.379311E-17
6866.98966298412  5.554579E-17
6870.20603966958  5.731904E-17
6873.42241635504  5.767457E-17
6876.6387930405  5.792007E-17
6879.85516972597  6.315222E-17
6883.07154641143  6.338561E-17
6886.2879230969  6.519889E-17
6889.50429978236  7.077257E-17
6892.72067646782  6.563573E-17
6895.93705315329  5.998644E-17
6899.15342983875  6.567932E-17
6902.36980652422  6.619848E-17
6905.58618320968  6.025713E-17
6908.80255989514  6.641855E-17
6912.0189365806  6.506252E-17
6915.23531326607  6.903023E-17
6918.45168995153  7.419872E-17
6921.668066637  7.877269E-17
6924.88444332246  8.916587E-17
6928.10082000792  9.434943E-17
6931.31719669338  1.013681E-16
6934.53357337885  1.229027E-16
6937.74995006431  1.477919E-16
6940.96632674977  1.585782E-16
6944.18270343524  1.561518E-16
6947.3990801207  1.381549E-16
6950.61545680616  1.082616E-16
6953.83183349163  9.316242E-17
6957.04821017709  9.243209E-17
6960.26458686255  9.361982E-17
6963.48096354802  1.016230E-16
6966.69734023348  9.691081E-17
6969.91371691894  8.856831E-17
6973.13009360441  7.939705E-17
6976.34647028987  7.130245E-17
6979.56284697533  7.307625E-17
6982.7792236608  6.869971E-17
6985.99560034626  7.059775E-17
6989.21197703173  6.614754E-17
6992.42835371719  6.493296E-17
6995.64473040265  6.667491E-17
6998.86110708812  6.580908E-17
7002.07748377358  6.308882E-17
7005.29386045904  6.628458E-17
7008.5102371445  7.111468E-17
7011.72661382997  7.032876E-17
7014.94299051543  6.823952E-17
7018.15936720089  6.900065E-17
7021.37574388636  7.039341E-17
7024.59212057182  7.031792E-17
7027.80849725729  6.849446E-17
7031.02487394275  6.463216E-17
7034.24125062821  6.674101E-17
7037.45762731368  6.965466E-17
7040.67400399914  6.835043E-17
7043.8903806846  6.548422E-17
7047.10675737007  6.552787E-17
7050.32313405553  6.694152E-17
7053.53951074099  7.128089E-17
7056.75588742646  6.919927E-17
7059.97226411192  7.254828E-17
7063.18864079738  7.149262E-17
7066.40501748285  7.012978E-17
7069.62139416831  6.990579E-17
7072.83777085377  6.621408E-17
7076.05414753924  6.681401E-17
7079.2705242247  6.942876E-17
7082.48690091016  6.738810E-17
7085.70327759563  6.601572E-17
7088.91965428109  6.867843E-17
7092.13603096656  7.041474E-17
7095.35240765202  7.470584E-17
7098.56878433748  8.413669E-17
7101.78516102295  9.460506E-17
7105.00153770841  9.263690E-17
7108.21791439387  9.172050E-17
7111.43429107933  8.927606E-17
7114.6506677648  8.478120E-17
7117.86704445026  8.699385E-17
7121.08342113573  8.588086E-17
7124.29979782119  8.209771E-17
7127.51617450665  7.805843E-17
7130.73255119212  7.577733E-17
7133.94892787758  6.725925E-17
7137.16530456304  6.373215E-17
7140.3816812485  6.762455E-17
7143.59805793397  6.429927E-17
7146.81443461943  6.655030E-17
7150.0308113049  6.805034E-17
7153.24718799036  6.928499E-17
7156.46356467582  7.147979E-17
7159.67994136128  6.575706E-17
7162.89631804675  6.342835E-17
7166.11269473221  5.966556E-17
7169.32907141768  6.090989E-17
7172.54544810314  5.944260E-17
7175.7618247886  5.389460E-17
7178.97820147407  5.525452E-17
7182.19457815953  5.541951E-17
7185.41095484499  5.819266E-17
7188.62733153046  5.558316E-17
7191.84370821592  5.219081E-17
7195.06008490138  5.141692E-17
7198.27646158685  5.255882E-17
7201.49283827231  5.504240E-17
7204.70921495777  5.622727E-17
7207.92559164324  5.816298E-17
7211.1419683287  5.860655E-17
7214.35834501416  6.532719E-17
7217.57472169963  6.036740E-17
7220.79109838509  6.147677E-17
7224.00747507055  6.426415E-17
7227.22385175602  5.354402E-17
7230.44022844148  5.686527E-17
7233.65660512694  5.687523E-17
7236.87298181241  5.910110E-17
7240.08935849787  5.073911E-17
7243.30573518333  4.955897E-17
7246.5221118688  5.154601E-17
7249.73848855426  5.463470E-17
7252.95486523973  6.042565E-17
7256.17124192519  6.008277E-17
7259.38761861065  5.428226E-17
7262.60399529612  5.464032E-17
7265.82037198158  6.149326E-17
7269.03674866704  6.130556E-17
7272.2531253525  5.574334E-17
7275.46950203797  5.816466E-17
7278.68587872343  6.125434E-17
7281.90225540889  5.535257E-17
7285.11863209436  5.977765E-17
7288.33500877982  6.390713E-17
7291.55138546529  6.369401E-17
7294.76776215075  5.417243E-17
7297.98413883621  5.919981E-17
7301.20051552168  6.166522E-17
7304.41689220714  5.647333E-17
7307.6332688926  5.543047E-17
7310.84964557807  5.609167E-17
7314.06602226353  5.939143E-17
7317.28239894899  6.019815E-17
7320.49877563446  5.426721E-17
7323.71515231992  5.487864E-17
7326.93152900538  5.986711E-17
7330.14790569085  6.417226E-17
7333.36428237631  6.768869E-17
7336.58065906177  5.971418E-17
7339.79703574724  6.824859E-17
7343.0134124327  6.823364E-17
7346.22978911816  6.764081E-17
7349.44616580363  7.223804E-17
7352.66254248909  6.837119E-17
7355.87891917455  6.229894E-17
7359.09529586002  5.816584E-17
7362.31167254548  6.874449E-17
7365.52804923094  6.943827E-17
7368.74442591641  6.456892E-17
7371.96080260187  6.480319E-17
7375.17717928733  6.544767E-17
7378.3935559728  6.699790E-17
7381.60993265826  6.539144E-17
7384.82630934372  6.330646E-17
7388.04268602919  6.306134E-17
7391.25906271465  6.009828E-17
7394.47543940011  6.650843E-17
7397.69181608558  7.048953E-17
7400.90819277104  6.289525E-17
7404.12456945651  6.830325E-17
7407.34094614197  6.281259E-17
7410.55732282743  5.808688E-17
7413.77369951289  6.095837E-17
7416.99007619836  6.641913E-17
7420.20645288382  6.813665E-17
7423.42282956929  6.814054E-17
7426.63920625475  6.963617E-17
7429.85558294021  6.497874E-17
7433.07195962568  6.434868E-17
7436.28833631114  6.196677E-17
7439.5047129966  6.798772E-17
7442.72108968207  7.086421E-17
7445.93746636753  6.544681E-17
7449.15384305299  7.045807E-17
7452.37021973846  6.823116E-17
7455.58659642392  6.447733E-17
7458.80297310938  6.568330E-17
7462.01934979485  5.999496E-17
7465.23572648031  6.092517E-17
7468.45210316577  6.814518E-17
7471.66847985124  6.699020E-17
7474.8848565367  6.352922E-17
7478.10123322216  5.724228E-17
7481.31760990763  6.693958E-17
7484.53398659309  6.280619E-17
7487.75036327855  6.458207E-17
7490.96673996402  6.954425E-17
7494.18311664948  6.856754E-17
7497.39949333494  6.682930E-17
7500.61587002041  6.377342E-17
7503.83224670587  6.643950E-17
7507.04862339133  6.709212E-17
7510.2650000768  6.276013E-17
7513.48137676226  6.574371E-17
7516.69775344772  6.440872E-17
7519.91413013319  6.275226E-17
7523.13050681865  6.380688E-17
7526.34688350411  6.012318E-17
7529.56326018958  5.399505E-17
7532.77963687504  5.819085E-17
7535.9960135605  5.934844E-17
7539.21239024597  5.802738E-17
7542.42876693143  6.314777E-17
7545.64514361689  6.080999E-17
7548.86152030236  5.743611E-17
7552.07789698782  5.989814E-17
7555.29427367328  5.716920E-17
7558.51065035875  5.792649E-17
7561.72702704421  6.287267E-17
7564.94340372967  5.881440E-17
7568.15978041514  5.621722E-17
7571.3761571006  5.820398E-17
7574.59253378607  5.922317E-17
7577.80891047153  6.562158E-17
7581.02528715699  6.554504E-17
7584.24166384246  5.934133E-17
7587.45804052792  5.145572E-17
7590.67441721338  5.225173E-17
7593.89079389885  4.581803E-17
7597.10717058431  3.818726E-17
7600.32354726977  2.869572E-17
7603.53992395524  2.917215E-17
7606.7563006407  2.374498E-17
7609.97267732616  2.408681E-17
7613.18905401163  3.186866E-17
7616.40543069709  3.612235E-17
7619.62180738255  3.087853E-17
7622.83818406802  3.208840E-17
7626.05456075348  3.836222E-17
7629.27093743894  3.499508E-17
7632.48731412441  3.024973E-17
7635.70369080987  3.180559E-17
7638.92006749533  3.593813E-17
7642.1364441808  3.793078E-17
7645.35282086626  3.749695E-17
7648.56919755172  4.234686E-17
7651.78557423719  4.231446E-17
7655.00195092265  4.683578E-17
7658.21832760811  5.194298E-17
7661.43470429358  5.625060E-17
7664.65108097904  5.181393E-17
7667.8674576645  5.271138E-17
7671.08383434997  5.331942E-17
7674.30021103543  6.003253E-17
7677.51658772089  5.886382E-17
7680.73296440636  5.982554E-17
7683.94934109182  5.960296E-17
7687.16571777728  5.817202E-17
7690.38209446275  5.905688E-17
7693.59847114821  5.897401E-17
7696.81484783367  6.196810E-17
7700.03122451914  5.919896E-17
7703.2476012046  5.358567E-17
7706.46397789007  5.661847E-17
7709.68035457553  6.144895E-17
7712.89673126099  6.286825E-17
7716.11310794645  6.598512E-17
7719.32948463192  7.297518E-17
7722.54586131738  7.917264E-17
7725.76223800284  6.521455E-17
7728.97861468831  5.686059E-17
7732.19499137377  6.435702E-17
7735.41136805924  7.020320E-17
7738.6277447447  7.321673E-17
7741.84412143016  7.063884E-17
7745.06049811563  6.272814E-17
7748.27687480109  4.937525E-17
7751.49325148655  5.164054E-17
7754.70962817202  7.150017E-17
7757.92600485748  8.285044E-17
7761.14238154294  7.560887E-17
7764.35875822841  6.744207E-17
7767.57513491387  7.559562E-17
7770.79151159933  6.379108E-17
7774.0078882848  6.993766E-17
7777.22426497026  6.864513E-17
7780.44064165572  6.359355E-17
7783.65701834119  6.506749E-17
7786.87339502665  6.331753E-17
7790.08977171211  6.393038E-17
7793.30614839758  6.845638E-17
7796.52252508304  7.418659E-17
7799.7389017685  7.712885E-17
7802.95527845397  7.497620E-17
7806.17165513943  6.499104E-17
7809.38803182489  6.904378E-17
7812.60440851036  7.232292E-17
7815.82078519582  6.530994E-17
7819.03716188128  6.798545E-17
7822.25353856675  6.709967E-17
7825.46991525221  6.723236E-17
7828.68629193767  7.824626E-17
7831.90266862314  7.450870E-17
7835.1190453086  6.557552E-17
7838.33542199406  6.486597E-17
7841.55179867953  6.349681E-17
7844.76817536499  6.102305E-17
7847.98455205045  6.769776E-17
7851.20092873592  6.392908E-17
7854.41730542138  6.582829E-17
7857.63368210685  8.364967E-17
7860.85005879231  7.817555E-17
7864.06643547777  7.350210E-17
7867.28281216324  7.676808E-17
7870.4991888487  7.230959E-17
7873.71556553416  7.266261E-17
7876.93194221962  7.495963E-17
7880.14831890509  6.929708E-17
7883.36469559055  7.105713E-17
7886.58107227601  7.637724E-17
7889.79744896148  7.327311E-17
7893.01382564694  7.684912E-17
7896.2302023324  7.868775E-17
7899.44657901787  7.410882E-17
7902.66295570333  5.926933E-17
7905.8793323888  4.964541E-17
7909.09570907426  6.276337E-17
7912.31208575972  5.997147E-17
7915.52846244519  6.325214E-17
7918.74483913065  6.484694E-17
7921.96121581611  6.165065E-17
7925.17759250157  6.680610E-17
7928.39396918704  7.015673E-17
7931.6103458725  6.803453E-17
7934.82672255797  7.203333E-17
7938.04309924343  7.402585E-17
7941.25947592889  7.288048E-17
7944.47585261436  6.500644E-17
7947.69222929982  4.897571E-17
7950.90860598528  4.639883E-17
7954.12498267075  5.261816E-17
7957.34135935621  6.140687E-17
7960.55773604167  6.003544E-17
7963.77411272714  6.571616E-17
7966.9904894126  6.811305E-17
7970.20686609806  6.014680E-17
7973.42324278353  6.203053E-17
7976.63961946899  5.773718E-17
7979.85599615445  7.329555E-17
7983.07237283992  7.642578E-17
7986.28874952538  8.186826E-17
7989.50512621084  7.273386E-17
7992.72150289631  6.430438E-17
7995.93787958177  6.508966E-17
7999.15425626723  6.842222E-17
8002.3706329527  6.491729E-17
8005.58700963816  6.190612E-17
8008.80338632362  6.329743E-17
8012.01976300909  6.154397E-17
8015.23613969455  6.401057E-17
8018.45251638001  5.256757E-17
8021.66889306548  5.568829E-17
8024.88526975094  5.807071E-17
8028.10164643641  6.939652E-17
8031.31802312187  6.309704E-17
8034.53439980733  6.034311E-17
8037.7507764928  5.984883E-17
8040.96715317826  6.140968E-17
8044.18352986372  6.499879E-17
8047.39990654918  5.882073E-17
8050.61628323465  5.043706E-17
8053.83265992011  5.884579E-17
8057.04903660557  6.768423E-17
8060.26541329104  6.058263E-17
8063.4817899765  5.992802E-17
8066.69816666197  6.338613E-17
8069.91454334743  6.231310E-17
8073.13092003289  5.813155E-17
8076.34729671836  5.245043E-17
8079.56367340382  6.237972E-17
8082.78005008928  5.758290E-17
8085.99642677475  5.246300E-17
8089.21280346021  5.100975E-17
8092.42918014567  6.013516E-17
8095.64555683114  5.467846E-17
8098.8619335166  5.390897E-17
8102.07831020206  5.011704E-17
8105.29468688753  5.162104E-17
8108.51106357299  5.171062E-17
8111.72744025845  4.617813E-17
8114.94381694392  5.118099E-17
8118.16019362938  5.667515E-17
8121.37657031484  5.427389E-17
8124.59294700031  4.604815E-17
8127.80932368577  4.429998E-17
8131.02570037123  4.501186E-17
8134.2420770567  4.353139E-17
8137.45845374216  5.040865E-17
8140.67483042762  5.231724E-17
8143.89120711309  4.739292E-17
8147.10758379855  4.197471E-17
8150.32396048401  4.260170E-17
8153.54033716948  4.356966E-17
8156.75671385494  4.443476E-17
8159.9730905404  4.612897E-17
8163.18946722587  4.374063E-17
8166.40584391133  4.124796E-17
8169.62222059679  4.353905E-17
8172.83859728226  4.365015E-17
8176.05497396772  4.603977E-17
8179.27135065318  4.667905E-17
8182.48772733865  4.487679E-17
8185.70410402411  4.904099E-17
8188.92048070958  4.584008E-17
8192.13685739504  4.228225E-17
8195.3532340805  4.960248E-17
8198.56961076597  4.792811E-17
8201.78598745143  4.371703E-17
8205.00236413689  4.735400E-17
8208.21874082236  4.612406E-17
8211.43511750782  4.614509E-17
8214.65149419328  4.339780E-17
8217.86787087875  4.858271E-17
8221.08424756421  4.853337E-17
8224.30062424967  4.416926E-17
8227.51700093513  4.297833E-17
8230.7333776206  4.257779E-17
8233.94975430606  4.598210E-17
8237.16613099153  4.342257E-17
8240.38250767699  4.502274E-17
8243.59888436245  4.998559E-17
8246.81526104792  4.875693E-17
8250.03163773338  5.005472E-17
8253.24801441884  5.126851E-17
8256.46439110431  4.779716E-17
8259.68076778977  4.756601E-17
8262.89714447523  4.758499E-17
8266.1135211607  4.267577E-17
8269.32989784616  4.027884E-17
8272.54627453162  4.315771E-17
8275.76265121709  4.272208E-17
8278.97902790255  4.595628E-17
8282.19540458801  3.699905E-17
8285.41178127348  4.854274E-17
8288.62815795894  5.369563E-17
8291.8445346444  5.157528E-17
8295.06091132987  4.246290E-17
8298.27728801533  4.431636E-17
8301.49366470079  5.159148E-17
8304.71004138626  4.896177E-17
8307.92641807172  5.396024E-17
8311.14279475718  6.080262E-17
8314.35917144265  5.252638E-17
8317.57554812811  4.767235E-17
8320.79192481357  5.607709E-17
8324.00830149904  5.779382E-17
8327.2246781845  5.546822E-17
8330.44105486996  5.599997E-17
8333.65743155543  6.073068E-17
8336.87380824089  8.911477E-17
8340.09018492635  8.683211E-17
8343.30656161182  6.876585E-17
8346.52293829728  7.587904E-17
