4250.  3.234369E-18
4254.51334379906  2.363051E-18
4259.02668759812  -2.669267E-19
4263.54003139717  3.420875E-18
4268.05337519623  1.468210E-17
4272.56671899529  1.636784E-17
4277.08006279435  1.001504E-17
4281.59340659341  5.772529E-18
4286.10675039247  5.265210E-18
4290.62009419152  1.161148E-17
4295.13343799058  1.028434E-17
4299.64678178964  4.964531E-18
4304.1601255887  5.907834E-18
4308.67346938775  6.133203E-18
4313.18681318681  6.497139E-18
4317.70015698587  3.482405E-21
4322.21350078493  3.927801E-18
4326.72684458399  4.786124E-18
4331.24018838305  8.575061E-19
4335.7535321821  3.979258E-18
4340.26687598116  2.673844E-18
4344.78021978022  3.875974E-18
4349.29356357928  4.883005E-18
4353.80690737834  4.511949E-18
4358.3202511774  9.418927E-19
4362.83359497645  9.925607E-18
4367.34693877551  5.118189E-18
4371.86028257457  1.339312E-18
4376.37362637363  6.396955E-18
4380.88697017269  8.962914E-18
4385.40031397174  1.054899E-17
4389.9136577708  -1.394380E-19
4394.42700156986  3.934057E-18
4398.94034536892  6.706359E-18
4403.45368916798  4.543448E-19
4407.96703296703  2.220184E-18
4412.48037676609  3.889437E-18
4416.99372056515  -2.437765E-18
4421.50706436421  5.003716E-18
4426.02040816327  1.515252E-17
4430.53375196232  -3.720526E-19
4435.04709576138  6.017158E-18
4439.56043956044  1.229457E-17
4444.0737833595  3.860256E-18
4448.58712715856  6.110104E-19
4453.10047095761  8.741657E-20
4457.61381475667  2.056775E-18
4462.12715855573  -2.266908E-18
4466.64050235479  -1.083292E-18
4471.15384615385  5.888732E-18
4475.66718995291  1.049793E-18
4480.18053375196  -4.852582E-18
4484.69387755102  1.166140E-18
4489.20722135008  3.911693E-18
4493.72056514914  2.138234E-18
4498.2339089482  9.767235E-18
4502.74725274725  7.937999E-18
4507.26059654631  1.831636E-18
4511.77394034537  2.263889E-18
4516.28728414443  1.381643E-17
4520.80062794349  1.851748E-17
4525.31397174255  2.722209E-18
4529.8273155416  -4.716258E-20
4534.34065934066  6.104506E-19
4538.85400313972  4.643258E-18
4543.36734693878  1.812954E-17
4547.88069073784  -9.572246E-19
4552.39403453689  9.930436E-18
4556.90737833595  9.813701E-18
4561.42072213501  5.787844E-18
4565.93406593407  2.292462E-18
4570.44740973313  4.209009E-18
4574.96075353219  1.409781E-18
4579.47409733124  5.724994E-18
4583.9874411303  2.061654E-18
4588.50078492936  -1.987677E-18
4593.01412872842  2.391670E-18
4597.52747252747  -3.359349E-18
4602.04081632653  -5.603218E-18
4606.55416012559  -2.261491E-18
4611.06750392465  1.018670E-18
4615.58084772371  5.038346E-18
4620.09419152277  -2.852280E-18
4624.60753532182  6.915605E-18
4629.12087912088  2.534776E-18
4633.63422291994  -2.772327E-19
4638.147566719  4.897753E-18
4642.66091051806  8.428741E-18
4647.17425431711  1.612964E-18
4651.68759811617  3.050491E-18
4656.20094191523  4.873494E-18
4660.71428571429  -2.404341E-18
4665.22762951335  5.500553E-18
4669.74097331241  1.263749E-17
4674.25431711146  6.210262E-18
4678.76766091052  2.238449E-18
4683.28100470958  -1.567597E-18
4687.79434850864  -2.608255E-18
4692.3076923077  1.703869E-18
4696.82103610675  8.156951E-18
4701.33437990581  2.004796E-18
4705.84772370487  1.329971E-17
4710.36106750393  8.414616E-18
4714.87441130299  -4.278404E-18
4719.38775510204  1.672925E-18
4723.9010989011  2.215521E-18
4728.41444270016  1.729928E-18
4732.92778649922  -8.265782E-19
4737.44113029828  -1.114294E-18
4741.95447409733  6.908494E-19
4746.46781789639  7.382475E-18
4750.98116169545  7.294999E-18
4755.49450549451  7.895987E-18
4760.00784929357  3.833966E-18
4764.52119309262  4.839845E-18
4769.03453689168  7.077041E-18
4773.54788069074  5.477186E-18
4778.0612244898  3.593245E-18
4782.57456828886  3.373194E-18
4787.08791208792  5.633941E-18
4791.60125588698  5.783332E-18
4796.11459968603  1.093449E-18
4800.62794348509  -1.065471E-18
4805.14128728415  -2.733934E-18
4809.65463108321  4.870193E-18
4814.16797488227  -2.806258E-18
4818.68131868132  3.961306E-18
4823.19466248038  2.399160E-18
4827.70800627944  3.821229E-19
4832.2213500785  6.840044E-18
4836.73469387755  3.090101E-18
4841.24803767661  -2.169945E-18
4845.76138147567  1.424312E-18
4850.27472527473  5.437361E-18
4854.78806907379  8.749458E-18
4859.30141287285  2.876609E-18
4863.8147566719  -2.984299E-18
4868.32810047096  -3.396561E-18
4872.84144427002  5.287788E-18
4877.35478806908  7.547260E-18
4881.86813186814  9.654587E-18
4886.38147566719  1.114483E-18
4890.89481946625  1.163764E-18
4895.40816326531  6.174981E-18
4899.92150706437  6.058598E-18
4904.43485086343  4.417926E-18
4908.94819466249  4.961433E-18
4913.46153846154  4.743053E-18
4917.9748822606  2.092363E-18
4922.48822605966  1.915874E-18
4927.00156985872  3.945861E-18
4931.51491365778  3.230216E-18
4936.02825745683  -6.158150E-19
4940.54160125589  2.690288E-18
4945.05494505495  6.340577E-18
4949.56828885401  -4.988885E-19
4954.08163265307  6.955773E-18
4958.59497645212  7.123224E-18
4963.10832025118  7.779853E-18
4967.62166405024  -2.556753E-18
4972.1350078493  7.845452E-19
4976.64835164836  2.849390E-18
4981.16169544741  3.492772E-18
4985.67503924647  6.361600E-18
4990.18838304553  8.309581E-19
4994.70172684459  -2.584569E-18
4999.21507064365  1.197993E-18
5003.72841444271  4.466882E-18
5008.24175824177  7.178832E-19
5012.75510204082  3.805399E-18
5017.26844583988  5.126668E-18
5021.78178963894  6.223670E-18
5026.295133438  5.482603E-19
5030.80847723706  5.449096E-19
5035.32182103611  -1.123104E-18
5039.83516483517  9.834066E-18
5044.34850863423  5.109032E-18
5048.86185243329  7.601754E-18
5053.37519623235  3.318576E-18
5057.8885400314  1.147001E-18
5062.40188383046  2.904140E-18
5066.91522762952  2.632291E-18
5071.42857142858  3.732556E-18
5075.94191522764  6.580817E-18
5080.45525902669  6.541571E-18
5084.96860282575  9.759436E-18
5089.48194662481  9.782377E-18
5093.99529042387  7.319395E-19
5098.50863422293  2.201405E-18
5103.02197802198  3.495815E-18
5107.53532182104  4.861168E-18
5112.0486656201  -6.235443E-19
5116.56200941916  3.800435E-18
5121.07535321822  5.237916E-18
5125.58869701728  2.822452E-18
5130.10204081633  4.870912E-18
5134.61538461539  7.888453E-18
5139.12872841445  5.811058E-18
5143.64207221351  6.038871E-18
5148.15541601257  4.691821E-18
5152.66875981162  5.521899E-18
5157.18210361068  9.267161E-18
5161.69544740974  -9.104510E-19
5166.2087912088  1.942610E-18
5170.72213500786  4.687771E-18
5175.23547880692  2.377822E-18
5179.74882260597  1.331765E-18
5184.26216640503  3.166197E-18
5188.77551020409  4.545036E-18
5193.28885400315  5.489279E-18
5197.80219780221  5.505849E-18
5202.31554160126  1.563569E-18
5206.82888540032  6.246365E-18
5211.34222919938  5.492391E-18
5215.85557299844  1.993263E-18
5220.3689167975  2.854035E-18
5224.88226059655  7.210873E-18
5229.39560439561  3.119392E-18
5233.90894819467  8.038119E-19
5238.42229199373  -4.084137E-18
5242.93563579279  -1.262790E-20
5247.44897959184  5.431728E-18
5251.9623233909  2.858032E-18
5256.47566718996  4.189813E-18
5260.98901098902  1.861213E-18
5265.50235478808  3.375284E-18
5270.01569858714  4.489473E-18
5274.52904238619  6.368097E-18
5279.04238618525  5.962730E-19
5283.55572998431  -6.741245E-19
5288.06907378337  6.745781E-19
5292.58241758243  2.587894E-18
5297.09576138148  3.163154E-18
5301.60910518054  9.841363E-18
5306.1224489796  2.593495E-18
5310.63579277866  1.641716E-19
5315.14913657772  6.061033E-18
5319.66248037677  5.236627E-18
5324.17582417583  6.495882E-18
5328.68916797489  6.379083E-18
5333.20251177395  7.927895E-18
5337.71585557301  8.359228E-18
5342.22919937207  1.908668E-18
5346.74254317112  3.217098E-18
5351.25588697018  1.072740E-18
5355.76923076924  5.610470E-19
5360.2825745683  4.036268E-18
5364.79591836735  2.028176E-18
5369.30926216641  5.151074E-18
5373.82260596547  3.310993E-18
5378.33594976453  -1.232157E-18
5382.84929356359  3.905525E-18
5387.36263736265  5.564891E-18
5391.8759811617  3.266227E-18
5396.38932496076  2.578660E-18
5400.90266875982  8.360684E-18
5405.41601255888  3.618012E-18
5409.92935635794  -3.027546E-19
5414.442700157  4.386390E-18
5418.95604395605  7.840830E-18
5423.46938775511  7.031473E-18
5427.98273155417  7.408575E-18
5432.49607535323  6.369479E-18
5437.00941915228  4.572484E-18
5441.52276295134  7.866081E-20
5446.0361067504  5.137469E-19
5450.54945054946  3.100337E-18
5455.06279434852  8.819102E-18
5459.57613814758  4.730792E-18
5464.08948194664  -6.767127E-19
5468.60282574569  -4.033425E-19
5473.11616954475  3.522048E-18
5477.62951334381  1.208017E-17
5482.14285714287  9.625691E-18
5486.65620094192  2.261177E-18
5491.16954474098  4.590247E-18
5495.68288854004  6.960106E-18
5500.1962323391  5.302123E-18
5504.70957613816  -1.083251E-18
5509.22291993721  3.529853E-18
5513.73626373627  1.023540E-17
5518.24960753533  8.249572E-18
5522.76295133439  5.946539E-18
5527.27629513345  9.431854E-18
5531.78963893251  7.759131E-18
5536.30298273156  6.485684E-18
5540.81632653062  5.889540E-18
5545.32967032968  9.777506E-18
5549.84301412874  6.330690E-18
5554.3563579278  2.307036E-18
5558.86970172685  1.912353E-18
5563.38304552591  6.802927E-18
5567.89638932497  5.863146E-18
5572.40973312403  6.461188E-18
5576.92307692309  6.375753E-18
5581.43642072215  6.034015E-18
5585.9497645212  6.204884E-18
5590.46310832026  6.290319E-18
5594.97645211932  7.486404E-18
5599.48979591838  6.359316E-18
5604.00313971744  3.262423E-18
5608.5164835165  7.224178E-18
5613.02982731555  3.416163E-18
5617.54317111461  5.211011E-18
5622.05651491367  7.482100E-18
5626.56985871273  7.134288E-18
5631.08320251178  1.046608E-17
5635.59654631084  2.567653E-18
5640.1098901099  3.080918E-18
5644.62323390896  6.895444E-18
5649.13657770802  -2.780103E-18
5653.64992150707  6.677411E-19
5658.16326530613  3.679599E-18
5662.67660910519  4.597919E-18
5667.18995290425  3.922682E-18
5671.70329670331  -1.602556E-19
5676.21664050237  -8.912826E-20
5680.72998430142  -2.803864E-19
5685.24332810048  5.954336E-19
5689.75667189954  -1.432144E-18
5694.2700156986  8.361316E-19
5698.78335949766  5.544569E-18
5703.29670329671  1.968929E-18
5707.81004709577  2.269505E-18
5712.32339089483  5.328913E-18
5716.83673469389  2.247317E-18
5721.35007849295  3.072242E-18
5725.863422292  2.365563E-18
5730.37676609106  3.786897E-18
5734.89010989012  -3.859810E-18
5739.40345368918  2.218182E-18
5743.91679748824  2.273601E-18
5748.4301412873  7.438764E-19
5752.94348508635  3.351132E-18
5757.45682888541  9.765521E-18
5761.97017268447  5.684589E-18
5766.48351648353  5.328018E-18
5770.99686028259  5.383617E-18
5775.51020408164  4.462029E-18
5780.0235478807  1.298919E-19
5784.53689167976  5.093069E-18
5789.05023547882  2.115512E-18
5793.56357927788  7.491019E-18
5798.07692307693  1.013278E-18
5802.59026687599  2.929412E-18
5807.10361067505  7.121643E-18
5811.61695447411  6.117351E-18
5816.13029827317  2.213540E-18
5820.64364207223  4.859650E-18
5825.15698587128  2.268245E-18
5829.67032967034  8.255960E-18
5834.1836734694  1.075710E-17
5838.69701726846  4.690597E-18
5843.21036106752  1.962616E-18
5847.72370486657  7.700648E-18
5852.23704866563  6.570638E-18
5856.75039246469  5.084388E-18
5861.26373626375  5.492457E-18
5865.77708006281  1.097456E-17
5870.29042386186  7.773206E-18
5874.80376766092  2.502681E-18
5879.31711145998  6.475660E-18
5883.83045525904  1.668564E-18
5888.3437990581  7.589174E-18
5892.85714285716  5.200944E-18
5897.37048665621  6.601237E-18
5901.88383045527  2.874375E-18
5906.39717425433  1.320509E-18
5910.91051805339  2.720587E-18
5915.42386185245  1.972044E-18
5919.9372056515  2.871831E-18
5924.45054945056  3.185652E-18
5928.96389324962  -2.334007E-19
5933.47723704868  3.926924E-18
5937.99058084774  9.924764E-18
5942.50392464679  9.518195E-18
5947.01726844585  6.459715E-18
5951.53061224491  3.122983E-18
5956.04395604397  4.855020E-18
5960.55729984303  4.090321E-18
5965.07064364208  2.693129E-18
5969.58398744114  1.010722E-17
5974.0973312402  4.342690E-18
5978.61067503926  2.490561E-18
5983.12401883832  8.649704E-18
5987.63736263738  6.077458E-18
5992.15070643643  2.897064E-18
5996.66405023549  4.693780E-18
6001.17739403455  5.460482E-18
6005.69073783361  6.006861E-18
6010.20408163267  5.584389E-18
6014.71742543172  1.924238E-18
6019.23076923078  1.131450E-18
6023.74411302984  1.208230E-18
6028.2574568289  1.403398E-18
6032.77080062796  1.037245E-18
6037.28414442702  3.656189E-18
6041.79748822607  6.748222E-18
6046.31083202513  7.789498E-18
6050.82417582419  6.045489E-18
6055.33751962325  6.468480E-18
6059.85086342231  2.715445E-18
6064.36420722136  4.639733E-18
6068.87755102042  5.565652E-18
6073.39089481948  3.016849E-18
6077.90423861854  5.367759E-18
6082.4175824176  8.438914E-18
6086.93092621665  2.511042E-18
6091.44427001571  2.616098E-18
6095.95761381477  3.870814E-18
6100.47095761383  1.015227E-17
6104.98430141289  8.769181E-18
6109.49764521194  6.809630E-18
6114.010989011  8.924625E-18
6118.52433281006  8.686469E-18
6123.03767660912  3.552019E-18
6127.55102040818  6.678068E-18
6132.06436420723  6.375809E-18
6136.57770800629  2.913038E-18
6141.09105180535  4.612678E-18
6145.60439560441  4.127131E-18
6150.11773940347  6.140091E-18
6154.63108320252  -1.482165E-20
6159.14442700158  4.656683E-18
6163.65777080064  2.190255E-18
6168.1711145997  6.836367E-18
6172.68445839876  1.070495E-17
6177.19780219782  4.556018E-18
6181.71114599687  8.620702E-18
6186.22448979593  8.381860E-18
6190.73783359499  2.842304E-18
6195.25117739405  6.944699E-19
6199.76452119311  4.900780E-18
6204.27786499217  4.313937E-18
6208.79120879122  1.818674E-18
6213.30455259028  3.805090E-18
6217.81789638934  2.897757E-19
6222.3312401884  3.126853E-18
6226.84458398746  1.963297E-18
6231.35792778651  5.316976E-18
6235.87127158557  3.876505E-18
6240.38461538463  4.570185E-18
6244.89795918369  2.269846E-18
6249.41130298275  -1.406178E-18
6253.9246467818  4.416274E-18
6258.43799058086  5.590542E-18
6262.95133437992  4.998573E-18
6267.46467817898  7.051237E-18
6271.97802197804  3.719415E-18
6276.4913657771  1.017159E-18
6281.00470957615  2.708288E-18
6285.51805337521  4.842908E-18
6290.03139717427  -1.499405E-18
6294.54474097333  4.112228E-19
6299.05808477239  -7.184662E-18
6303.57142857144  6.340933E-18
6308.0847723705  1.355797E-17
6312.59811616956  -5.206212E-19
6317.11145996862  7.514240E-18
6321.62480376768  3.766416E-18
6326.13814756673  4.390756E-18
6330.65149136579  1.988522E-18
6335.16483516485  3.602944E-18
6339.67817896391  6.176124E-18
6344.19152276297  3.237567E-18
6348.70486656202  2.689467E-18
6353.21821036108  2.475377E-18
6357.73155416014  3.829046E-18
6362.2448979592  3.282429E-18
6366.75824175826  7.224632E-18
6371.27158555732  4.756654E-18
6375.78492935637  -6.693862E-19
6380.29827315543  1.331288E-18
6384.81161695449  3.463909E-18
6389.32496075355  1.810656E-18
6393.83830455261  2.042371E-18
6398.35164835166  6.884855E-18
6402.86499215072  1.769262E-18
6407.37833594978  4.332234E-18
6411.89167974884  8.529274E-18
6416.4050235479  5.850391E-18
6420.91836734695  3.779717E-18
6425.43171114601  3.602449E-18
6429.94505494507  5.159424E-18
6434.45839874413  3.392369E-18
6438.97174254319  4.492093E-18
6443.48508634225  5.207327E-18
6447.9984301413  3.920272E-18
6452.51177394036  4.514713E-18
6457.02511773942  7.227467E-18
6461.53846153848  5.669277E-18
6466.05180533754  4.657282E-18
6470.5651491366  5.886888E-18
6475.07849293565  4.462201E-18
6479.59183673471  4.799556E-18
6484.10518053377  7.662053E-18
6488.61852433283  5.108786E-18
6493.13186813189  4.576188E-18
6497.64521193094  6.761074E-18
6502.15855573  7.226448E-18
6506.67189952906  2.977337E-18
6511.18524332812  4.501064E-18
6515.69858712718  6.394289E-18
6520.21193092623  5.354154E-18
6524.72527472529  5.411804E-18
6529.23861852435  4.708053E-18
6533.75196232341  1.961185E-18
6538.26530612246  8.201559E-19
6542.77864992152  3.945545E-18
6547.29199372058  1.200841E-18
6551.80533751964  2.352881E-18
6556.3186813187  1.793616E-18
6560.83202511776  2.193415E-18
6565.34536891681  7.111712E-18
6569.85871271587  4.964025E-18
6574.37205651493  6.401594E-18
6578.88540031399  4.409029E-18
6583.39874411305  2.565654E-18
6587.9120879121  3.550571E-18
6592.42543171116  4.033745E-18
6596.93877551022  4.950745E-18
6601.45211930928  3.458534E-18
6605.96546310834  3.445743E-18
6610.4788069074  4.269903E-18
6614.99215070645  1.880497E-18
6619.50549450551  3.029241E-18
6624.01883830457  3.852313E-18
6628.53218210363  7.856258E-18
6633.04552590269  6.501714E-18
6637.55886970174  3.926320E-18
6642.0722135008  6.188532E-18
6646.58555729986  4.543915E-18
6651.09890109892  1.431271E-18
6655.61224489798  2.749985E-18
6660.12558869703  2.258512E-18
6664.63893249609  5.093441E-18
6669.15227629515  4.524475E-18
6673.66562009421  4.465878E-18
6678.17896389327  3.348552E-18
6682.69230769233  1.048491E-18
6687.20565149138  -1.646045E-20
6691.71899529044  1.924761E-18
6696.2323390895  3.557711E-18
6700.74568288856  5.095160E-18
6705.25902668762  8.196489E-18
6709.77237048667  5.983199E-18
6714.28571428573  4.864810E-18
6718.79905808479  5.010447E-18
6723.31240188385  2.241033E-18
6727.82574568291  2.500973E-18
6732.33908948196  1.112649E-18
6736.85243328102  1.900874E-18
6741.36577708008  4.603155E-18
6745.87912087914  5.201314E-18
6750.3924646782  4.897638E-18
6754.90580847726  4.395680E-18
6759.41915227631  5.410399E-18
6763.93249607537  3.930872E-18
6768.44583987443  3.787690E-18
6772.95918367349  4.025335E-18
6777.47252747255  3.722188E-18
6781.9858712716  4.225893E-18
6786.49921507066  5.711692E-18
6791.01255886972  5.302039E-18
6795.52590266878  4.735550E-18
6800.03924646784  3.380304E-18
6804.5525902669  3.505570E-18
6809.06593406595  5.150039E-18
6813.57927786501  5.590310E-18
6818.09262166407  2.321067E-18
6822.60596546313  2.338614E-18
6827.11930926219  4.915819E-18
6831.63265306124  2.618544E-18
6836.1459968603  1.113656E-18
6840.65934065936  3.449236E-18
6845.17268445842  5.480972E-18
6849.68602825748  4.181869E-18
6854.19937205653  3.619206E-18
6858.71271585559  2.503228E-18
6863.22605965465  2.419402E-18
6867.73940345371  3.143953E-18
6872.25274725277  3.500722E-18
6876.76609105183  5.824987E-18
6881.27943485088  5.233848E-18
6885.79277864994  3.297338E-18
6890.306122449  2.533211E-18
6894.81946624806  1.219739E-18
6899.33281004712  1.651854E-18
6903.84615384617  3.036116E-18
6908.35949764523  5.679316E-18
6912.87284144429  6.893074E-18
6917.38618524335  4.797630E-18
6921.8995290424  2.598017E-18
6926.41287284146  1.625503E-18
6930.92621664052  3.825365E-18
6935.43956043958  4.012126E-18
6939.95290423864  -1.145495E-18
6944.4662480377  4.603302E-18
6948.97959183675  3.227798E-18
6953.49293563581  2.061362E-18
6958.00627943487  7.377514E-18
6962.51962323393  2.418805E-18
6967.03296703299  4.301300E-18
6971.54631083204  1.819366E-18
6976.0596546311  6.887151E-20
6980.57299843016  1.110727E-18
6985.08634222922  2.077076E-18
6989.59968602828  3.539402E-18
6994.11302982734  5.258147E-18
6998.62637362639  4.434154E-18
7003.13971742545  3.449058E-18
7007.65306122451  8.000883E-19
7012.16640502357  1.735629E-18
7016.67974882263  6.190125E-19
7021.19309262168  1.705055E-18
7025.70643642074  2.798559E-18
7030.2197802198  3.872804E-18
7034.73312401886  5.170753E-18
7039.24646781792  5.742727E-18
7043.75981161697  4.050648E-18
7048.27315541603  4.410567E-18
7052.78649921509  4.900626E-18
7057.29984301415  3.980182E-18
7061.81318681321  4.499801E-18
7066.32653061227  4.485862E-18
7070.83987441132  4.427936E-18
7075.35321821038  4.093162E-18
7079.86656200944  9.808672E-20
7084.3799058085  2.746016E-18
7088.89324960756  3.468648E-18
7093.40659340661  1.781185E-18
7097.91993720567  3.120531E-18
7102.43328100473  4.769820E-18
7106.94662480379  6.036033E-18
7111.45996860285  4.503010E-18
7115.97331240191  3.505542E-18
7120.48665620096  4.903164E-18
7125.00000000002  3.745404E-18
7129.51334379908  1.648136E-18
7134.02668759814  7.203944E-19
7138.54003139719  4.178028E-18
7143.05337519625  5.907798E-18
7147.56671899531  4.409536E-18
7152.08006279437  3.472552E-18
7156.59340659343  1.842883E-18
7161.10675039248  4.489920E-18
7165.62009419154  6.246645E-18
7170.1334379906  3.162283E-18
7174.64678178966  3.542176E-18
7179.16012558872  6.047092E-18
7183.67346938777  4.599677E-18
7188.18681318683  6.961573E-18
7192.70015698589  3.778228E-18
7197.21350078495  3.097463E-18
7201.72684458401  3.956753E-18
7206.24018838307  4.144208E-18
7210.75353218212  3.476081E-18
7215.26687598118  2.829684E-18
7219.78021978024  2.635066E-18
7224.2935635793  4.337502E-18
7228.80690737836  1.672473E-18
7233.32025117742  3.681722E-18
7237.83359497647  6.610105E-18
7242.34693877553  5.445043E-18
7246.86028257459  1.568374E-17
7251.37362637365  1.119697E-17
7255.88697017271  3.730946E-18
7260.40031397177  6.749838E-18
7264.91365777082  1.900379E-18
7269.42700156988  2.906037E-18
7273.94034536894  2.308111E-18
7278.453689168  4.631058E-18
7282.96703296706  1.534279E-18
7287.48037676611  -8.425255E-19
7291.99372056517  3.663202E-18
7296.50706436423  1.714745E-18
7301.02040816329  2.145288E-18
7305.53375196235  4.650021E-18
7310.0470957614  6.792990E-19
7314.56043956046  2.641101E-18
7319.07378335952  8.419257E-19
7323.58712715858  4.760833E-18
7328.10047095764  9.492647E-18
7332.61381475669  3.185253E-18
7337.12715855575  1.408872E-18
7341.64050235481  2.345945E-18
7346.15384615387  1.879500E-18
7350.66718995293  3.587997E-18
7355.18053375198  4.615617E-18
7359.69387755104  1.493454E-18
7364.2072213501  3.966549E-18
7368.72056514916  6.648789E-18
7373.23390894822  4.196629E-18
7377.74725274728  2.104858E-18
7382.26059654633  2.515660E-18
7386.77394034539  2.597445E-18
7391.28728414445  5.423402E-18
7395.80062794351  6.336049E-18
7400.31397174257  2.530952E-18
7404.82731554163  8.288239E-19
7409.34065934068  1.414545E-18
7413.85400313974  2.239838E-18
7418.3673469388  3.806742E-18
7422.88069073786  5.943455E-18
7427.39403453691  2.396663E-18
7431.90737833597  3.046309E-18
7436.42072213503  4.993241E-18
7440.93406593409  5.703956E-18
7445.44740973315  1.555721E-18
7449.9607535322  3.735634E-18
7454.47409733126  1.237962E-18
7458.98744113032  4.333612E-18
7463.50078492938  5.176435E-18
7468.01412872844  3.452536E-18
7472.5274725275  4.275583E-18
7477.04081632655  1.687208E-18
7481.55416012561  2.900851E-18
7486.06750392467  4.399883E-18
7490.58084772373  9.965650E-19
7495.09419152279  2.450095E-18
7499.60753532185  5.363102E-18
7504.1208791209  3.628638E-18
7508.63422291996  3.404079E-18
7513.14756671902  3.786949E-18
7517.66091051808  -3.780147E-19
7522.17425431714  3.391347E-18
7526.68759811619  4.318454E-18
7531.20094191525  9.270642E-19
7535.71428571431  1.532339E-18
7540.22762951337  2.147224E-18
7544.74097331243  3.132194E-18
7549.25431711148  2.952995E-18
7553.76766091054  1.640794E-18
7558.2810047096  2.338119E-18
7562.79434850866  1.048702E-18
7567.30769230772  -1.652158E-18
7571.82103610677  -2.113127E-18
7576.33437990583  -7.280549E-19
7580.84772370489  3.226699E-18
7585.36106750395  3.261666E-18
7589.87441130301  2.760971E-18
7594.38775510206  1.767975E-18
7598.90109890112  5.489785E-19
7603.41444270018  -2.071937E-20
7607.92778649924  -1.890426E-18
7612.4411302983  -2.734929E-18
7616.95447409736  3.692333E-18
7621.46781789641  4.011513E-18
7625.98116169547  -5.693477E-19
7630.49450549453  2.350011E-19
7635.00784929359  2.853275E-18
7639.52119309265  1.299560E-19
7644.0345368917  -1.947804E-18
7648.54788069076  4.286962E-18
7653.06122448982  5.757168E-18
7657.57456828888  9.283721E-19
7662.08791208794  5.798304E-19
7666.60125588699  1.421556E-18
7671.11459968605  4.751280E-18
7675.62794348511  5.304192E-18
7680.14128728417  1.620091E-18
7684.65463108323  2.067901E-18
7689.16797488228  3.192798E-18
7693.68131868135  2.828312E-18
7698.1946624804  7.057686E-19
7702.70800627946  1.135241E-18
7707.22135007852  -1.473494E-18
7711.73469387758  -4.552817E-18
7716.24803767663  6.407841E-19
7720.76138147569  2.979693E-19
7725.27472527475  -8.778108E-20
7729.78806907381  -5.849664E-19
7734.30141287287  -1.244093E-18
7738.81475667192  3.959431E-18
7743.32810047098  -3.122103E-18
7747.84144427004  -2.057581E-18
7752.3547880691  -1.261408E-18
7756.86813186816  2.820734E-19
7761.38147566722  5.115287E-18
7765.89481946627  9.082900E-19
7770.40816326533  -4.787664E-20
7774.92150706439  -9.725107E-19
7779.43485086345  -7.376895E-19
7783.94819466251  5.355826E-18
7788.46153846156  6.908150E-18
7792.97488226062  6.795345E-18
7797.48822605968  5.605122E-18
7802.00156985874  6.642984E-19
7806.5149136578  3.634093E-18
7811.02825745685  5.130739E-18
7815.54160125591  4.788180E-18
7820.05494505497  7.550914E-18
7824.56828885403  5.526198E-18
7829.08163265309  1.117006E-19
7833.59497645215  3.052289E-18
7838.1083202512  2.880991E-19
7842.62166405026  7.460520E-19
7847.13500784932  6.152216E-18
7851.64835164838  6.240536E-18
7856.16169544744  8.405157E-18
7860.67503924649  4.385792E-18
7865.18838304555  9.862705E-19
7869.70172684461  -1.036479E-18
7874.21507064367  1.199379E-18
7878.72841444273  3.172544E-18
7883.24175824178  6.056548E-18
7887.75510204084  1.336138E-18
7892.2684458399  1.046150E-19
7896.78178963896  5.965450E-19
7901.29513343802  -7.188495E-19
7905.80847723708  -6.060402E-18
7910.32182103613  -3.314750E-18
7914.83516483519  2.071920E-18
7919.34850863425  3.849429E-18
7923.86185243331  1.935045E-18
7928.37519623236  4.730569E-18
7932.88854003142  7.495602E-18
7937.40188383048  5.450741E-18
7941.91522762954  3.879378E-18
7946.4285714286  3.829940E-19
7950.94191522766  3.667241E-18
7955.45525902672  6.958392E-18
7959.96860282577  1.012613E-17
7964.48194662483  7.595145E-18
7968.99529042389  2.394054E-18
7973.50863422295  1.976253E-18
7978.02197802201  6.511330E-18
7982.53532182106  6.766423E-18
7987.04866562012  4.810265E-18
7991.56200941918  5.047351E-18
7996.07535321824  8.769884E-19
8000.5886970173  -9.686159E-19
8005.10204081635  3.607249E-18
8009.61538461541  5.112297E-18
8014.12872841447  9.797851E-18
8018.64207221353  6.032068E-18
8023.15541601259  7.863674E-18
8027.66875981164  4.855466E-18
8032.1821036107  1.051756E-18
8036.69544740976  -1.389529E-19
8041.20879120882  -3.820747E-20
8045.72213500788  4.068283E-18
8050.23547880693  1.861652E-18
8054.74882260599  8.057823E-19
8059.26216640505  2.644874E-18
8063.77551020411  7.881498E-18
8068.28885400317  4.267588E-18
8072.80219780222  -8.374704E-19
8077.31554160128  2.746277E-18
8081.82888540034  6.301082E-18
8086.3422291994  6.699696E-18
8090.85557299846  4.331781E-18
8095.36891679752  6.098643E-18
8099.88226059657  5.535943E-18
8104.39560439563  -1.598704E-18
8108.90894819469  1.475917E-18
8113.42229199375  2.364919E-18
8117.93563579281  -4.965398E-19
8122.44897959186  2.639499E-18
8126.96232339092  6.745585E-18
8131.47566718998  3.132493E-18
8135.98901098904  2.711454E-18
8140.5023547881  4.304789E-18
8145.01569858716  5.989772E-18
8149.52904238621  6.103626E-18
8154.04238618527  4.289937E-18
8158.55572998433  1.425119E-18
8163.06907378339  2.532288E-18
8167.58241758245  5.346474E-18
8172.0957613815  2.980211E-18
8176.60910518056  6.319622E-19
8181.12244897962  2.178767E-18
8185.63579277868  5.915828E-18
8190.14913657774  4.292571E-18
8194.6624803768  2.615419E-18
8199.17582417585  2.340095E-18
8203.68916797491  5.521419E-18
8208.20251177397  3.979621E-18
8212.71585557303  5.594923E-18
8217.22919937209  4.554582E-18
8221.74254317114  2.210766E-18
8226.2558869702  5.448787E-18
8230.76923076926  2.645765E-18
8235.28257456832  -1.637252E-18
8239.79591836737  2.440527E-18
8244.30926216643  4.754342E-18
8248.82260596549  4.718998E-18
8253.33594976455  6.305346E-18
8257.84929356361  8.161401E-18
8262.36263736267  4.727327E-18
8266.87598116172  4.876476E-19
8271.38932496078  -1.177576E-18
8275.90266875984  -1.281504E-18
8280.4160125589  5.417826E-18
8284.92935635796  9.178822E-18
8289.44270015701  8.208195E-19
8293.95604395607  1.160163E-17
8298.46938775513  5.530809E-18
8302.98273155419  -2.904190E-18
8307.49607535325  3.116321E-18
8312.00941915231  1.664982E-18
8316.52276295136  6.798959E-19
8321.03610675042  4.251184E-18
8325.54945054948  4.602143E-18
8330.06279434854  4.669606E-19
8334.5761381476  -1.100521E-17
8339.08948194665  -1.650763E-17
8343.60282574571  -4.868797E-18
8348.11616954477  -5.172607E-18
8352.62951334383  2.110400E-18
8357.14285714289  9.088380E-18
8361.65620094194  2.231624E-18
8366.169544741  7.306106E-18
8370.68288854006  -3.345041E-19
8375.19623233912  -3.083989E-18
8379.70957613818  3.324006E-18
8384.22291993723  4.969064E-18
8388.7362637363  -4.543167E-18
8393.24960753535  -6.173615E-18
8397.76295133441  -9.780798E-18
8402.27629513347  3.917465E-18
8406.78963893253  5.778962E-18
8411.30298273158  9.805239E-19
8415.81632653064  7.687053E-18
8420.3296703297  3.183213E-18
8424.84301412876  -2.976873E-18
8429.35635792782  3.163431E-18
8433.86970172687  4.893440E-18
8438.38304552593  1.302135E-18
8442.89638932499  6.462005E-18
8447.40973312405  6.050259E-19
8451.92307692311  -1.991927E-18
8456.43642072217  -1.217831E-18
8460.94976452122  -1.604436E-18
8465.46310832028  -3.038338E-18
8469.97645211934  -1.675849E-18
8474.4897959184  -2.543292E-18
8479.00313971745  3.255629E-18
8483.51648351651  4.797267E-18
8488.02982731557  -2.896802E-18
8492.54317111463  -2.489040E-18
8497.05651491369  4.254295E-18
8501.56985871275  6.257282E-18
8506.0832025118  2.608940E-18
8510.59654631086  5.243789E-18
8515.10989010992  8.394694E-18
8519.62323390898  6.026766E-18
8524.13657770804  3.907965E-18
8528.64992150709  6.354813E-18
8533.16326530615  5.197193E-18
8537.67660910521  4.435264E-18
8542.18995290427  9.426192E-18
8546.70329670333  4.948105E-18
8551.21664050239  2.823421E-18
8555.72998430145  4.204391E-19
8560.2433281005  5.098706E-18
8564.75667189956  4.299295E-18
8569.27001569862  3.756728E-18
8573.78335949768  2.187061E-18
8578.29670329673  4.178580E-18
8582.81004709579  2.695932E-18
8587.32339089485  6.642598E-18
8591.83673469391  4.200726E-18
8596.35007849297  4.475124E-18
8600.86342229203  2.257427E-18
8605.37676609108  9.608046E-19
8609.89010989014  4.873052E-18
8614.4034536892  5.256250E-18
8618.91679748826  7.233497E-18
8623.43014128731  7.397561E-18
8627.94348508637  8.872786E-18
8632.45682888543  1.132692E-17
8636.97017268449  -1.806313E-18
8641.48351648355  5.351988E-18
8645.9968602826  6.188238E-18
8650.51020408166  6.265918E-18
8655.02354788072  1.528859E-17
8659.53689167978  7.898934E-18
8664.05023547884  7.215108E-18
8668.5635792779  8.631946E-18
8673.07692307695  2.558743E-18
8677.59026687601  5.420247E-18
8682.10361067507  6.029625E-18
8686.61695447413  5.352278E-18
8691.13029827319  7.677426E-18
8695.64364207225  5.469647E-18
8700.1569858713  5.621616E-18
8704.67032967036  2.253173E-18
8709.18367346942  5.815569E-18
8713.69701726848  7.251913E-18
8718.21036106754  5.868207E-18
8722.72370486659  9.330501E-18
8727.23704866565  8.675436E-18
8731.75039246471  4.468456E-18
8736.26373626377  5.780079E-18
8740.77708006283  4.985308E-18
8745.29042386188  -3.146005E-18
8749.80376766094  -3.253742E-18
8754.31711146  2.370719E-18
8758.83045525906  1.304020E-17
8763.34379905812  2.184824E-17
8767.85714285717  9.437789E-18
8772.37048665623  6.647053E-18
8776.88383045529  1.504527E-17
8781.39717425435  2.070642E-18
8785.91051805341  -6.925787E-18
8790.42386185247  8.313148E-18
8794.93720565153  3.523105E-18
8799.45054945058  6.085814E-18
8803.96389324964  6.540676E-18
8808.4772370487  2.603711E-18
8812.99058084776  1.419501E-17
8817.50392464681  1.788554E-17
8822.01726844587  -1.072654E-17
8826.53061224493  -1.775412E-17
8831.04395604399  1.861826E-17
8835.55729984305  1.092209E-17
8840.0706436421  1.933102E-17
8844.58398744116  1.554647E-17
8849.09733124022  -1.595209E-20
8853.61067503928  -9.974379E-19
8858.12401883834  -5.120268E-18
8862.6373626374  -5.602686E-18
8867.15070643645  5.620866E-19
8871.66405023551  9.457172E-18
8876.17739403457  9.364923E-18
8880.69073783363  1.514555E-17
8885.20408163268  1.274768E-17
8889.71742543174  -4.035126E-18
8894.2307692308  1.267858E-17
8898.74411302986  8.901010E-18
8903.25745682892  -1.600672E-18
8907.77080062798  -9.291075E-18
8912.28414442703  -2.750104E-17
8916.79748822609  -7.455266E-18
8921.31083202515  1.646316E-17
8925.82417582421  1.632699E-17
8930.33751962327  1.995507E-17
8934.85086342233  4.273031E-18
8939.36420722138  -1.809350E-18
8943.87755102044  4.710649E-18
8948.3908948195  -1.940302E-17
8952.90423861856  -2.151170E-17
8957.41758241762  1.293621E-19
8961.93092621667  2.151399E-18
8966.44427001573  1.526578E-17
8970.95761381479  9.078579E-18
8975.47095761385  1.858169E-18
8979.98430141291  1.118777E-17
8984.49764521197  -6.625762E-18
8989.01098901102  -1.271699E-17
8993.52433281008  -1.093302E-17
8998.03767660914  6.881470E-18
9002.5510204082  8.423833E-18
9007.06436420725  -3.279075E-18
9011.57770800631  4.485024E-18
9016.09105180537  1.860756E-18
9020.60439560443  1.137195E-19
9025.11773940349  -4.148879E-18
9029.63108320255  -2.530166E-18
9034.1444270016  8.229268E-18
9038.65777080066  1.315796E-17
9043.17111459972  1.407832E-17
9047.68445839878  4.088312E-18
9052.19780219784  -3.145831E-18
9056.71114599689  -2.237235E-18
9061.22448979595  6.510716E-19
9065.73783359501  -6.012919E-19
9070.25117739407  1.139454E-17
9074.76452119313  1.307126E-17
9079.27786499219  5.321946E-18
9083.79120879124  1.963561E-18
9088.3045525903  5.943199E-18
9092.81789638936  -7.076107E-19
9097.33124018842  2.705201E-18
9101.84458398748  1.966661E-18
9106.35792778653  2.745973E-18
9110.87127158559  1.011102E-17
9115.38461538465  9.932408E-18
9119.89795918371  4.029037E-18
9124.41130298277  3.694856E-18
9128.92464678182  3.167784E-18
9133.43799058088  2.644483E-18
9137.95133437994  1.040989E-18
9142.464678179  1.006908E-18
9146.97802197806  5.886219E-18
9151.49136577711  1.131420E-19
9156.00470957617  2.600646E-18
9160.51805337523  -4.209537E-18
9165.03139717429  -7.871486E-19
9169.54474097335  -3.183719E-18
9174.05808477241  -1.072137E-18
9178.57142857146  6.099412E-18
9183.08477237052  4.862585E-19
9187.59811616958  -1.254921E-18
9192.11145996864  -3.402182E-18
9196.6248037677  -2.693946E-18
9201.13814756676  4.350562E-19
9205.65149136581  3.868885E-18
9210.16483516487  9.371159E-18
9214.67817896393  5.290728E-18
9219.19152276299  -6.338274E-18
9223.70486656205  -5.486201E-18
9228.2182103611  4.883706E-20
9232.73155416016  1.071116E-17
9237.24489795922  6.192735E-18
9241.75824175828  7.837712E-18
9246.27158555733  7.241332E-18
9250.78492935639  3.601904E-18
9255.29827315545  -1.376032E-18
9259.81161695451  -6.318151E-18
9264.32496075357  -2.620848E-18
9268.83830455263  1.773013E-18
9273.35164835168  -2.081808E-18
9277.86499215074  9.855376E-18
9282.3783359498  1.792265E-17
9286.89167974886  1.417793E-17
9291.40502354792  1.677681E-17
9295.91836734697  4.578272E-17
9300.43171114603  7.339660E-17
9304.94505494509  3.791461E-17
9309.45839874415  -1.807314E-17
9313.97174254321  -1.600293E-17
9318.48508634227  1.453954E-17
9322.99843014132  5.640368E-17
9327.51177394038  4.906268E-17
9332.02511773944  4.093098E-17
9336.5384615385  1.490600E-17
9341.05180533756  -1.927778E-17
9345.56514913661  -1.174632E-17
9350.07849293567  -2.078181E-17
9354.59183673473  -1.963753E-17
9359.10518053379  -4.290975E-17
9363.61852433285  -1.013149E-16
9368.1318681319  -9.214232E-17
9372.64521193096  -7.068507E-18
9377.15855573002  5.100399E-17
9381.67189952908  6.434650E-17
9386.18524332814  7.428439E-17
9390.69858712719  3.441788E-17
9395.21193092625  9.149207E-18
9399.72527472531  -4.288124E-19
9404.23861852437  -2.202847E-17
9408.75196232343  -4.195500E-17
9413.26530612249  -1.559462E-17
9417.77864992154  1.735725E-17
9422.2919937206  2.332463E-17
9426.80533751966  4.982775E-17
9431.31868131872  2.354262E-17
9435.83202511778  -6.719051E-18
9440.34536891683  -5.028958E-17
9444.85871271589  -4.356351E-17
9449.37205651495  -3.385664E-17
9453.88540031401  -2.702837E-17
9458.39874411307  2.170388E-17
9462.91208791213  2.711471E-19
9467.42543171118  -1.450198E-17
9471.93877551024  1.832059E-17
9476.4521193093  -7.389075E-18
9480.96546310836  -7.705698E-18
9485.47880690741  1.698623E-17
9489.99215070647  2.296279E-17
9494.50549450553  2.168183E-17
9499.01883830459  -1.360045E-17
9503.53218210365  -1.048032E-18
9508.04552590271  1.086564E-17
9512.55886970176  -2.389135E-18
9517.07221350082  2.116867E-17
9521.58555729988  2.416580E-17
9526.09890109894  2.426123E-17
9530.612244898  5.722948E-18
9535.12558869705  -7.308947E-18
9539.63893249611  1.207674E-17
9544.15227629517  1.609966E-17
9548.66562009423  2.667680E-18
9553.17896389328  -1.081518E-21
9557.69230769235  -6.387567E-18
9562.2056514914  -1.778164E-17
9566.71899529046  2.310464E-17
9571.23233908952  4.296149E-17
9575.74568288858  3.899313E-17
9580.25902668764  2.388232E-17
9584.7723704867  2.573485E-19
9589.28571428575  -1.389759E-18
9593.79905808481  -5.083759E-18
9598.31240188387  8.004815E-18
9602.82574568293  1.266776E-17
9607.33908948198  6.889323E-18
9611.85243328104  4.290378E-18
9616.3657770801  2.696927E-17
9620.87912087916  2.052920E-17
9625.39246467822  3.379711E-18
9629.90580847728  -3.153322E-18
9634.41915227633  1.228847E-19
9638.93249607539  4.397767E-18
9643.44583987445  2.310246E-19
9647.95918367351  2.573024E-18
9652.47252747257  2.777270E-18
9656.98587127162  -4.714250E-18
9661.49921507068  5.971107E-18
9666.01255886974  -2.307456E-18
9670.5259026688  -1.336347E-17
9675.03924646786  -4.085699E-18
9679.55259026691  8.822547E-19
9684.06593406597  1.599019E-17
9688.57927786503  3.853456E-18
9693.09262166409  -1.005089E-18
9697.60596546315  -1.624376E-17
9702.11930926221  -3.737306E-18
9706.63265306126  1.987826E-17
9711.14599686032  -3.153868E-18
9715.65934065938  1.562121E-17
9720.17268445844  9.890309E-18
9724.6860282575  3.790551E-18
9729.19937205655  2.249211E-17
9733.71271585561  4.567191E-18
9738.22605965467  -1.055555E-17
9742.73940345373  -3.077200E-17
9747.25274725279  -1.692509E-17
9751.76609105185  -5.916212E-18
9756.2794348509  -2.861019E-18
9760.79277864996  4.373693E-18
9765.30612244902  7.876734E-18
9769.81946624808  8.900090E-18
9774.33281004713  1.100634E-17
9778.84615384619  2.853347E-18
9783.35949764525  3.907305E-18
9787.87284144431  -3.624644E-18
9792.38618524337  -1.850970E-17
9796.89952904242  -4.021222E-17
9801.41287284148  -4.374705E-17
9805.92621664054  -2.487543E-17
9810.4395604396  -1.097938E-17
9814.95290423866  -7.861004E-18
9819.46624803772  6.890012E-18
9823.97959183678  1.169106E-17
9828.49293563583  2.400542E-18
9833.00627943489  1.191416E-17
9837.51962323395  1.001486E-17
9842.03296703301  -8.120529E-19
9846.54631083207  -1.652104E-19
9851.05965463112  1.746983E-17
9855.57299843018  3.042531E-17
9860.08634222924  3.872012E-17
9864.5996860283  -3.341585E-19
9869.11302982736  -3.538036E-17
9873.62637362641  -1.532185E-17
9878.13971742547  -2.241081E-17
9882.65306122453  -1.718910E-17
9887.16640502359  -1.019780E-17
9891.67974882265  -1.197776E-17
9896.1930926217  -5.055298E-18
9900.70643642076  2.455514E-17
9905.21978021982  2.924983E-17
9909.73312401888  2.349734E-17
9914.24646781794  7.501593E-18
9918.75981161699  -2.043789E-18
9923.27315541605  3.548712E-18
9927.78649921511  1.070295E-17
9932.29984301417  -9.125914E-18
9936.81318681323  -1.923486E-17
9941.32653061228  -1.206051E-17
9945.83987441134  5.829196E-19
9950.3532182104  -2.177765E-18
9954.86656200946  -2.895347E-18
9959.37990580852  2.615317E-18
9963.89324960758  -4.710842E-18
9968.40659340664  1.877363E-17
9972.91993720569  -2.355912E-18
9977.43328100475  -1.978579E-17
9981.94662480381  1.294876E-17
9986.45996860287  8.431192E-18
9990.97331240192  1.065701E-17
9995.48665620098  1.558863E-17
10000.  2.854617E-18
