3614.76315349548  1.615165987067790E-11
3617.7065212315  1.462749192604473E-12
3620.65137018951  -7.299965075783719E-14
3623.59769779837  1.130023700481042E-12
3626.54550149037  1.230212004314779E-12
3629.49477870127  -9.321291568470391E-13
3632.44552687029  2.284793278780739E-14
3635.39774344008  9.092766551635143E-14
3638.35142585675  -4.914166675581283E-14
3641.30657156986  4.907189156974981E-14
3644.26317803239  1.896904671099681E-13
3647.22124270078  -1.609784252784314E-14
3650.1807630349  -9.947408565261216E-14
3653.14173649806  1.768014039208246E-13
3656.10416055698  1.997844943678936E-14
3659.06803268184  -6.495006711415085E-15
3662.03335034622  1.199679055098948E-13
3665.00011102713  3.750104203949570E-14
3667.96831220502  3.450471042242865E-14
3670.93795136372  2.799292610591083E-14
3673.90902599052  1.119833672202941E-15
3676.88153357608  -1.710714221207766E-15
3679.8554716145  2.423770548414667E-14
3682.83083760328  4.088187155747463E-15
3685.80762904331  1.475510895919668E-14
3688.78584343891  1.363817701011279E-15
3691.76547829779  4.692708111576633E-16
3694.74653113103  -3.206172383046269E-15
3697.72899945314  1.133484751642423E-14
3700.71288078201  4.861711195707246E-15
3703.69817263891  6.876221936139882E-16
3706.68487254851  1.392370969904985E-15
3709.67297803885  -1.053558743915330E-15
3712.66248664136  7.367336721155609E-15
3715.65339589084  1.978843030056706E-15
3718.64570332549  1.830693367691903E-15
3721.63940648685  2.876791763045173E-15
3724.63450291986  -5.189282765091243E-16
3727.6309901728  2.947530025569222E-15
3730.62886579734  5.406339192989894E-16
3733.6281273485  -3.290148076470007E-16
3736.62877238466  6.293367447826767E-16
3739.63079846756  1.989625759475254E-15
3742.63420316229  -7.745142214751234E-16
3745.63898403731  6.001729768922374E-16
3748.64513866441  5.040698892461854E-16
3751.65266461872  5.459263929116709E-16
3754.66155947875  1.798382369476602E-16
3757.67182082631  6.092741870918072E-16
3760.68344624657  3.642037061797171E-16
3763.69643332804  1.354907417331977E-16
3766.71077966256  5.358174782026646E-16
3769.72648284528  5.325620658885702E-16
3772.74354047472  3.613663310948723E-16
3775.76195015269  2.309678058567797E-16
3778.78170948434  4.618069156451360E-16
3781.80281607813  -7.113919365823039E-17
3784.82526754585  1.657016276349003E-16
3787.84906150259  4.395234110967863E-16
3790.87419556677  2.795795031557369E-16
3793.90066736011  1.489755194883759E-16
3796.92847450764  -1.598245292350458E-16
3799.95761463768  -4.790924228788729E-17
3802.98808538188  5.935446065902825E-18
3806.01988437517  -1.358460985243504E-16
3809.05300925577  -8.064791934965814E-17
3812.08745766522  -3.111871331525722E-17
3815.12322724833  1.188409989008241E-16
3818.1603156532  -2.326658951577878E-16
3821.19872053123  -7.252865194652756E-17
3824.23843953709  -1.738980974589618E-17
3827.27947032873  6.774960603133511E-17
3830.3218105674  7.896078191996030E-17
3833.36545791759  8.408419966777083E-18
3836.41041004709  6.191496515796163E-17
3839.45666462695  -3.616692049305198E-17
3842.5042193315  8.205103604422980E-17
3845.55307183831  -3.413540461329115E-17
3848.60321982823  -7.247196525914931E-18
3851.65466098537  3.266478336329027E-17
3854.7073929971  3.471635671854429E-17
3857.76141355403  4.769915164718863E-17
3860.81672035003  2.170459227048713E-17
3863.87331108223  5.573191581058088E-17
3866.93118345098  1.678268399170063E-17
3869.99033515989  6.335200287509287E-17
3873.05076391583  2.115728656383020E-17
3876.11246742886  6.527719626763860E-17
3879.17544341233  3.646001043641422E-17
3882.23968958279  2.306490567708161E-17
3885.30520366003  7.466312203404918E-17
3888.37198336706  1.379478933233150E-17
3891.44002643014  2.608748484671570E-17
3894.50933057871  3.431611710735438E-17
3897.57989354548  3.404915945390392E-17
3900.65171306633  4.062727687928492E-17
3903.7247868804  -1.072149075625811E-17
3906.79911273  -1.850247189453718E-17
3909.87468836068  1.819600644066996E-17
3912.95151152119  5.487001346463532E-17
3916.02957996347  5.243077033477975E-17
3919.10889144268  1.950188143679110E-17
3922.18944371716  5.126666251512164E-17
3925.27123454847  1.430953638289774E-17
3928.35426170135  2.331145016737549E-17
3931.43852294372  3.304953815341319E-17
3934.52401604671  1.581479830259111E-17
3937.61073878463  4.058387305818305E-17
3940.69868893495  4.532654287875788E-17
3943.78786427837  2.665876886496932E-17
3946.87826259871  8.201363424565261E-18
3949.96988168301  4.416180309311176E-17
3953.06271932145  5.437973028068533E-17
3956.15677330741  4.578315650305449E-17
3959.25204143742  4.330982029707193E-17
3962.34852151117  2.939000178797244E-17
3965.44621133153  2.366184056613050E-17
3968.54510870451  4.080273181337476E-17
3971.64521143928  3.867092524742556E-17
3974.74651734819  2.811472420270964E-17
3977.8490242467  1.692379438675728E-17
3980.95272995345  2.705507275080471E-17
3984.05763229021  2.813386185336166E-17
3987.1637290819  6.978995620003798E-18
3990.27101815659  3.315457685631762E-17
3993.37949734547  3.962482000365437E-17
3996.48916448288  3.707434093374511E-17
3999.60001740628  2.891554753222427E-17
4002.71205395626  2.819161891245256E-17
4005.82527197656  3.491305695948696E-17
4008.93966931403  4.621826343142474E-17
4012.05524381864  2.593122546592076E-17
4015.17199334347  3.563033504713374E-17
4018.28991574475  2.795937306622728E-17
4021.40900888179  1.800968069896994E-17
4024.52927061702  3.483708538330764E-17
4027.650698816  2.019635415494979E-17
4030.77329134738  3.757877883233709E-17
4033.8970460829  3.698355289843374E-17
4037.02196089743  3.258536740704029E-17
4040.14803366893  3.460450535611487E-17
4043.27526227844  4.028678286937849E-17
4046.4036446101  4.253773653075985E-17
4049.53317855116  2.644659372912702E-17
4052.66386199193  3.343682411621052E-17
4055.79569282584  3.286077553762859E-17
4058.92866894936  2.529815271027065E-17
4062.06278826206  2.430442093574129E-17
4065.19804866661  2.249676659951691E-17
4068.33444806872  1.973309992469560E-17
4071.47198437719  2.260836484467890E-17
4074.61065550388  2.886905336435389E-17
4077.75045936373  3.529312328989792E-17
4080.89139387473  3.157473467823525E-17
4084.03345695795  2.529646857054350E-17
4087.17664653751  2.967838011056558E-17
4090.32096054056  3.546413791845958E-17
4093.46639689736  2.217547641471151E-17
4096.61295354116  3.767655158074087E-17
4099.76062840831  2.733729023219555E-17
4102.90941943818  4.119049092348248E-17
4106.05932457317  3.926647212740658E-17
4109.21034175876  2.686361683494564E-17
4112.36246894343  3.629450813945462E-17
4115.51570407871  4.202213831134330E-17
4118.67004511918  2.396732663815246E-17
4121.82549002241  3.032808085088923E-17
4124.98203674903  3.122890700773908E-17
4128.13968326269  3.087725929445299E-17
4131.29842753006  3.405424496030990E-17
4134.45826752082  3.793228604764021E-17
4137.61920120767  3.496722074599692E-17
4140.78122656633  3.744784937625975E-17
4143.94434157553  3.971898955330983E-17
4147.10854421701  3.525589354488813E-17
4150.27383247552  3.558200784702593E-17
4153.44020433879  4.519324106868373E-17
4156.60765779759  3.828864869041785E-17
4159.77619084565  4.137248389313395E-17
4162.94580147972  3.110413839286403E-17
4166.11648769953  4.177230660529513E-17
4169.28824750782  3.302662194172302E-17
4172.46107891029  3.155155376874906E-17
4175.63497991565  2.994440470428508E-17
4178.80994853557  2.859036298109498E-17
4181.98598278472  2.981607921277605E-17
4185.16308068073  2.951355941043071E-17
4188.34124024422  3.128193921117107E-17
4191.52045949877  4.102386035216735E-17
4194.70073647094  4.021100981654618E-17
4197.88206919025  3.851727810300506E-17
4201.06445568918  3.130773401139293E-17
4204.24789400318  2.955064026293024E-17
4207.43238217066  2.567133524362395E-17
4210.61791823297  2.797391821011841E-17
4213.80450023443  1.964174444348401E-17
4216.9921262223  2.685594887066727E-17
4220.1807942468  3.742401003100597E-17
4223.37050236109  3.695183879374846E-17
4226.56124862126  4.623511144614123E-17
4229.75303108636  4.269300825790340E-17
4232.94584781838  3.893911374562750E-17
4236.13969688221  5.037004174450600E-17
4239.33457634572  5.214867858484202E-17
4242.53048427967  4.708214108467307E-17
4245.72741875777  4.307317054126542E-17
4248.92537785665  4.345251557018224E-17
4252.12435965585  4.233690700419932E-17
4255.32436223785  4.649065069841601E-17
4258.52538368804  4.546036746697915E-17
4261.7274220947  4.384409294599750E-17
4264.93047554905  4.635082739639249E-17
4268.1345421452  4.745265513337027E-17
4271.3396199802  4.750029742793087E-17
4274.54570715395  4.857589361332338E-17
4277.75280176929  4.366633183235985E-17
4280.96090193194  4.803460647280338E-17
4284.17000575053  4.355497346957552E-17
4287.38011133657  4.738634833546802E-17
4290.59121680446  4.554586154637019E-17
4293.80332027151  4.448393038469707E-17
4297.01641985787  4.484086543645860E-17
4300.23051368662  4.496130293364632E-17
4303.44559988369  5.048927486672184E-17
4306.66167657789  4.411986503605532E-17
4309.87874190092  4.442584576208358E-17
4313.09679398734  5.084563750949948E-17
4316.31583097457  4.096262582578128E-17
4319.53585100291  4.096706282258701E-17
4322.75685221552  4.468794290225469E-17
4325.97883275843  4.501093707912195E-17
4329.20179078051  4.875641420148451E-17
4332.42572443349  4.908983416279238E-17
4335.65063187197  4.633512750836622E-17
4338.87651125338  4.230951078231155E-17
4342.10336073801  4.150771468839656E-17
4345.33117848899  4.471914746368264E-17
4348.5599626723  4.014814408999216E-17
4351.78971145674  4.433922671705948E-17
4355.02042301397  3.835787709024364E-17
4358.25209551848  3.782983807441429E-17
4361.48472714758  3.739034047135262E-17
4364.71831608142  4.473691530324028E-17
4367.95286050298  4.277375101185593E-17
4371.18835859804  5.134418257340764E-17
4374.42480855524  4.519648692540740E-17
4377.662208566  4.915859603275269E-17
4380.90055682459  4.742762464803441E-17
4384.13985152807  4.745577525864082E-17
4387.38009087631  4.961440563749391E-17
4390.62127307201  4.415056998039329E-17
4393.86339632066  5.068880075663698E-17
4397.10645883055  5.003115908243282E-17
4400.35045881278  4.922817846588065E-17
4403.59539448124  4.388418142720427E-17
4406.84126405262  4.848844077024184E-17
4410.08806574639  4.347190799246293E-17
4413.33579778484  4.868410538105758E-17
4416.58445839301  4.225591940478548E-17
4419.83404579876  4.923293971748650E-17
4423.08455823269  4.309210305112554E-17
4426.33599392822  4.167572830569588E-17
4429.58835112152  4.552974475931520E-17
4432.84162805156  4.319898802115718E-17
4436.09582296004  4.451097588200509E-17
4439.35093409146  4.286646472363332E-17
4442.60695969309  4.794715362972183E-17
4445.86389801495  4.602346901461340E-17
4449.12174730981  4.654903641477245E-17
4452.38050583322  4.239328432602849E-17
4455.64017184348  4.043389859568228E-17
4458.90074360164  4.312310247176157E-17
4462.16221937149  4.829321291078951E-17
4465.42459741957  4.460247198392081E-17
4468.6878760152  4.907432618066823E-17
4471.95205343038  4.685798506483854E-17
4475.21712793991  4.519596083853780E-17
4478.48309782129  4.429812576678295E-17
4481.74996135476  4.649295026051890E-17
4485.0177168233  3.975902509495741E-17
4488.28636251262  4.619699496351478E-17
4491.55589671114  3.831284868641871E-17
4494.82631771003  4.764711867793660E-17
4498.09762380316  4.022697771109092E-17
4501.36981328712  4.618713827933559E-17
4504.64288446123  4.525958757125539E-17
4507.9168356275  4.307156581087706E-17
4511.19166509068  4.567837257177873E-17
4514.4673711582  4.439280155097331E-17
4517.74395214022  4.610891346316769E-17
4521.02140634957  4.885418033244338E-17
4524.29973210182  5.167502173120435E-17
4527.57892771521  5.000540067815792E-17
4530.85899151068  4.400262045603205E-17
4534.13992181186  3.853654810255509E-17
4537.42171694508  4.148442128234707E-17
4540.70437523936  4.461140222581393E-17
4543.98789502637  4.240922575079361E-17
4547.27227464051  4.345734961368200E-17
4550.55751241882  3.749223588792935E-17
4553.84360670103  4.874180288314437E-17
4557.13055582955  4.483767582801659E-17
4560.41835814946  3.713136345645207E-17
4563.70701200849  4.242123972201033E-17
4566.99651575706  3.951773651027570E-17
4570.28686774824  4.328435636909510E-17
4573.57806633777  4.608901149762965E-17
4576.87010988402  4.335220834038160E-17
4580.16299674805  4.835351768616708E-17
4583.45672529356  4.969133012573888E-17
4586.75129388688  4.863435543029618E-17
4590.04670089703  5.003992057948098E-17
4593.34294469563  4.879087785452592E-17
4596.64002365697  5.261858003849869E-17
4599.93793615797  4.905489074499569E-17
4603.23668057818  4.663194969065232E-17
4606.5362552998  4.257179982838477E-17
4609.83665870764  4.677000282616496E-17
4613.13788918917  4.640288683542413E-17
4616.43994513445  5.081205728535227E-17
4619.74282493618  5.210108592111817E-17
4623.04652698969  5.408557161997168E-17
4626.35104969292  4.893962478099766E-17
4629.65639144642  5.437328158062988E-17
4632.96255065336  5.950104698974000E-17
4636.26952571951  5.662305402809650E-17
4639.57731505327  5.246135285638706E-17
4642.88591706562  5.348073384735045E-17
4646.19533017015  4.960211373359137E-17
4649.50555278305  4.869559326540471E-17
4652.81658332312  4.895630405086917E-17
4656.12842021174  4.676362360928096E-17
4659.44106187288  5.650062467999374E-17
4662.75450673311  5.257934520768408E-17
4666.06875322158  5.272063427375303E-17
4669.38379977001  5.284713665919199E-17
4672.69964481274  5.003344210092346E-17
4676.01628678665  5.093087019981695E-17
4679.3337241312  4.817700726961561E-17
4682.65195528846  5.608307052422189E-17
4685.97097870302  5.639546024563620E-17
4689.29079282207  5.420425549426079E-17
4692.61139609536  5.535369905601958E-17
4695.93278697519  5.287723279859912E-17
4699.25496391644  5.562434924372448E-17
4702.57792537653  5.779703507554606E-17
4705.90166981545  5.176843358341873E-17
4709.22619569573  5.420765355221714E-17
4712.55150148245  5.660567661778799E-17
4715.87758564324  5.505944775107732E-17
4719.20444664828  5.943730776045912E-17
4722.53208297027  6.104069480749720E-17
4725.86049308449  5.740063027367594E-17
4729.18967546872  5.068471779313341E-17
4732.51962860327  5.198276600629858E-17
4735.85035097102  5.877076562286389E-17
4739.18184105734  5.503069826170742E-17
4742.51409735014  5.646136999684443E-17
4745.84711833986  6.067057449677157E-17
4749.18090251944  5.952545212653276E-17
4752.51544838437  5.738231980363648E-17
4755.85075443262  5.803751302322747E-17
4759.18681916469  5.574201403149893E-17
4762.5236410836  5.665546627321878E-17
4765.86121869485  6.141848473686241E-17
4769.19955050648  6.040712078039588E-17
4772.53863502899  5.033407593147218E-17
4775.87847077542  6.373525219650094E-17
4779.21905626127  6.662113976991066E-17
4782.56039000457  6.537627927013264E-17
4785.90247052582  6.535162928787857E-17
4789.245296348  6.539676687954436E-17
4792.5888659966  6.354457052169522E-17
4795.93317799958  5.852012327981542E-17
4799.27823088739  6.229710936607134E-17
4802.62402319293  5.842261522920767E-17
4805.97055345161  6.478057026275156E-17
4809.31782020131  5.654152710692327E-17
4812.66582198235  5.856107864630414E-17
4816.01455733754  5.822542198861992E-17
4819.36402481216  6.361054644735244E-17
4822.71422295395  5.674934134657620E-17
4826.06515031308  6.736773975591120E-17
4829.41680544223  6.085138294378586E-17
4832.76918689649  6.469754779903081E-17
4836.12229323342  6.065407720663483E-17
4839.47612301303  6.464170979896105E-17
4842.83067479777  6.582857501163173E-17
4846.18594715253  6.454653770640314E-17
4849.54193864466  6.881045524076699E-17
4852.89864784393  6.655376094593452E-17
4856.25607332255  6.502696420617394E-17
4859.61421365518  6.362298062632033E-17
4862.97306741888  5.767384472127976E-17
4866.33263319317  6.453839163173073E-17
4869.69290955996  6.198772396464181E-17
4873.05389510363  6.290552386766124E-17
4876.41558841092  6.378641166302612E-17
4879.77798807105  5.775690688966989E-17
4883.14109267561  5.831076055805580E-17
4886.50490081862  6.089708963571310E-17
4889.8694110965  6.357674453880108E-17
4893.2346221081  6.341169884553959E-17
4896.60053245464  6.370136426116587E-17
4899.96714073978  6.213501505323546E-17
4903.33444556953  6.281318404152074E-17
4906.70244555236  6.585325146366542E-17
4910.07113929907  6.479081406745743E-17
4913.44052542289  6.322953382232071E-17
4916.81060253942  5.872159800725373E-17
4920.18136926667  6.417690708660016E-17
4923.55282422501  6.448924386845527E-17
4926.92496603719  6.077614259526804E-17
4930.29779332836  6.235767222180003E-17
4933.67130472601  5.874446127938471E-17
4937.04549886004  6.372942884498856E-17
4940.4203743627  6.547105431599652E-17
4943.7959298686  6.718450270661846E-17
4947.17216401474  6.773762183862041E-17
4950.54907544045  5.949094876882194E-17
4953.92666278745  5.856880120450293E-17
4957.3049246998  6.203957826288153E-17
4960.68385982392  6.075788506478777E-17
4964.06346680857  6.095481360757950E-17
4967.44374430487  6.632718624998890E-17
4970.82469096629  6.352572403861880E-17
4974.20630544862  6.186253514201558E-17
4977.58858641003  6.156861470931835E-17
4980.971532511  6.180264726566675E-17
4984.35514241434  6.234359691649683E-17
4987.73941478521  6.606051645539162E-17
4991.12434829111  5.967403361688199E-17
4994.50994160183  5.876695397460125E-17
4997.89619338952  5.946629878656787E-17
5001.28310232864  5.804913987391753E-17
5004.67066709597  6.527039353428096E-17
5008.0588863706  6.688512288187836E-17
5011.44775883395  6.339419570377797E-17
5014.83728316974  6.884423729698365E-17
5018.22745806401  6.049067263970863E-17
5021.61828220508  6.276506198220483E-17
5025.00975428361  6.489536307943922E-17
5028.40187299254  6.328711221039931E-17
5031.79463702711  6.549692852555716E-17
5035.18804508487  6.132321338263101E-17
5038.58209586564  6.822321656285844E-17
5041.97678807154  6.389995378262760E-17
5045.37212040699  6.234945997267860E-17
5048.76809157869  6.666011652037415E-17
5052.16470029562  6.147829320387244E-17
5055.56194526902  5.907162113781678E-17
5058.95982521245  6.419175001551181E-17
5062.3583388417  6.491576466206722E-17
5065.75748487488  6.527740140843051E-17
5069.15726203233  6.563328759517532E-17
5072.55766903667  6.494022935586408E-17
5075.95870461278  6.529302519584041E-17
5079.36036748782  6.521714957261214E-17
5082.76265639119  6.430340616331666E-17
5086.16557005455  6.511264688274465E-17
5089.56910721182  6.736732947432738E-17
5092.97326659916  6.412138010644069E-17
5096.37804695499  6.119966568634009E-17
5099.78344701997  6.449406798578769E-17
5103.18946553701  6.409110529602125E-17
5106.59610125125  6.418333262559848E-17
5110.00335291007  6.001644668580954E-17
5113.4112192631  6.251986579630942E-17
5116.81969906218  5.996831139160386E-17
5120.2287910614  6.031165090281747E-17
5123.63849401705  6.582928307823609E-17
5127.04880668769  6.280567985900365E-17
5130.45972783405  6.295398341666704E-17
5133.87125621912  6.595431308218469E-17
5137.28339060808  6.063049263300969E-17
5140.69612976835  6.041393674864332E-17
5144.10947246954  6.299869749185922E-17
5147.52341748347  5.603887922717685E-17
5150.93796358418  5.872934041778723E-17
5154.3531095479  5.732920157342078E-17
5157.76885415308  6.548463993037710E-17
5161.18519618033  6.067557066767140E-17
5164.60213441251  6.118874690225439E-17
5168.01966763462  5.727359518392250E-17
5171.43779463388  5.777603792287701E-17
5174.8565141997  5.831753020418894E-17
5178.27582512366  5.870570952204782E-17
5181.69572619953  6.064911412295950E-17
5185.11621622326  5.797007464224726E-17
5188.53729399298  5.991051462784355E-17
5191.95895830898  6.439934587948301E-17
5195.38120797375  6.673873838323608E-17
5198.80404179192  6.241594544159317E-17
5202.2274585703  6.090559966985504E-17
5205.65145711786  6.848357993246565E-17
5209.07603624574  6.697926265303180E-17
5212.50119476724  6.523935110025305E-17
5215.92693149779  6.237242250648308E-17
5219.35324525501  6.295880753399946E-17
5222.78013485864  6.193391752015646E-17
5226.20759913059  5.837543284706764E-17
5229.6356368949  6.659836252456338E-17
5233.06424697776  6.673614434483511E-17
5236.49342820751  6.275880187932903E-17
5239.9231794146  6.475159908897749E-17
5243.35349943165  6.048017075465166E-17
5246.78438709339  6.823322875699279E-17
5250.21584123668  6.543348046385190E-17
5253.64786070051  6.548788909582320E-17
5257.080444326  6.546863233116297E-17
5260.51359095639  6.805397540953011E-17
5263.94729943703  6.356235821358756E-17
5267.38156861539  6.234261753465156E-17
5270.81639734107  6.528321814249798E-17
5274.25178446576  6.605207259569867E-17
5277.68772884327  6.818375673891723E-17
5281.1242293295  6.399794490671308E-17
5284.56128478249  6.488087749255218E-17
5287.99889406233  6.226586179125154E-17
5291.43705603125  6.489575350868832E-17
5294.87576955356  6.475697907168154E-17
5298.31503349566  6.480921718172549E-17
5301.75484672604  6.477401237485524E-17
5305.19520811528  6.579170922609147E-17
5308.63611653605  6.354503374283825E-17
5312.07757086309  6.926052752077955E-17
5315.51956997323  7.016492709787563E-17
5318.96211274537  6.476374871781467E-17
5322.40519806049  6.403125050689690E-17
5325.84882480164  6.302850908113564E-17
5329.29299185394  6.585489259000071E-17
5332.73769810457  6.487282406210836E-17
5336.18294244277  6.748434575250159E-17
5339.62872375987  6.672895779967325E-17
5343.07504094922  6.880882734932148E-17
5346.52189290625  6.579425032493324E-17
5349.96927852844  6.647140684414876E-17
5353.4171967153  6.843638431543581E-17
5356.86564636842  6.684976587377542E-17
5360.31462639142  6.847711468879791E-17
5363.76413568995  6.826426457357579E-17
5367.21417317172  6.987027212879443E-17
5370.66473774647  7.067015578113322E-17
5374.11582832598  7.192043596828466E-17
5377.56744382404  7.077413569285358E-17
5381.01958315649  6.941456178572671E-17
5384.47224524121  7.266473308345988E-17
5387.92542899806  6.672924234980398E-17
5391.37913334896  7.198629277993368E-17
5394.83335721784  7.216467924211443E-17
5398.28809953063  6.959466878358155E-17
5401.7433592153  7.361649371370829E-17
5405.19913520181  6.983451145655255E-17
5408.65542642213  7.207472831358296E-17
5412.11223181025  6.717798452339154E-17
5415.56955030214  6.760728464386167E-17
5419.0273808358  7.002936212164554E-17
5422.4857223512  7.146955635999427E-17
5425.94457379032  6.736791842692352E-17
5429.40393409713  7.340478179900902E-17
5432.86380221759  7.003143999934426E-17
5436.32417709963  6.758105970972128E-17
5439.78505769321  6.784960885867031E-17
5443.24644295021  6.879266754887465E-17
5446.70833182454  6.664006566232584E-17
5450.17072327207  6.205281315268238E-17
5453.63361625063  6.445640148941446E-17
5457.09700972003  6.924244866131159E-17
5460.56090264206  6.550748335017336E-17
5464.02529398047  6.479699476099440E-17
5467.49018270096  6.689616739741719E-17
5470.95556777121  7.004096912000088E-17
5474.42144816085  7.106789730687321E-17
5477.88782284146  6.974480537348238E-17
5481.35469078658  6.464779123082453E-17
5484.82205097169  5.661414694726053E-17
5488.28990237423  6.078495703187542E-17
5491.75824397358  6.380579415913947E-17
5495.22707475107  6.591399960785131E-17
5498.69639368996  6.260430439323885E-17
5502.16619977543  6.146750015123986E-17
5505.63649199463  6.912539929591289E-17
5509.10726933663  6.539462282739662E-17
5512.5785307924  6.971104978704532E-17
5516.05027535489  7.092770673665772E-17
5519.52250201892  6.636932613911481E-17
5522.99520978126  6.889959884102060E-17
5526.4683976406  6.345497031774347E-17
5529.94206459753  6.539191629243235E-17
5533.41620965458  6.564642984074755E-17
5536.89083181615  6.758432872750210E-17
5540.36593008858  6.407276173875729E-17
5543.84150348011  6.997027495612964E-17
5547.31755100088  6.113040089056735E-17
5550.79407166291  6.527820873670835E-17
5554.27106448016  6.967401194793765E-17
5557.74852846845  6.863554955460387E-17
5561.22646264549  7.023376175972984E-17
5564.70486603091  6.670602173564839E-17
5568.1837376462  6.232702683446617E-17
5571.66307651475  6.123277276317693E-17
5575.14288166182  6.014203255512979E-17
5578.62315211455  6.963878067128780E-17
5582.10388690196  7.199069999823738E-17
5585.58508505494  7.433584306160891E-17
5589.06674560627  6.318110736053943E-17
5592.54886759056  6.117017835186380E-17
5596.03145004432  6.449712524533168E-17
5599.51449200591  6.441116463607516E-17
5602.99799251555  7.224437313105022E-17
5606.48195061531  7.182820863870745E-17
5609.96636534914  6.905449999124973E-17
5613.45123576282  7.611802685241155E-17
5616.93656090398  7.398129359873397E-17
5620.42233982211  6.999957700214871E-17
5623.90857156853  6.899971416491913E-17
5627.39525519642  7.025918598303726E-17
5630.88238976078  7.328510530798483E-17
5634.36997431847  7.442077134946095E-17
5637.85800792815  7.384220814181688E-17
5641.34648965033  7.251028853692887E-17
5644.83541854737  7.204103228414999E-17
5648.32479368343  7.115550565990993E-17
5651.81461412448  6.777419645658506E-17
5655.30487893835  6.546995582014304E-17
5658.79558719466  7.311683691905686E-17
5662.28673796485  7.406284037224192E-17
5665.77833032218  7.066103032461552E-17
5669.27036334171  7.274722615158857E-17
5672.76283610033  7.332814516961722E-17
5676.2557476767  7.670417365191153E-17
5679.74909715132  7.453046211613038E-17
5683.24288360645  7.701416785827190E-17
5686.73710612618  7.939627596885722E-17
5690.23176379638  7.496387828732855E-17
5693.72685570471  7.363498947220498E-17
5697.22238094063  7.210179366322568E-17
5700.71833859537  7.087832074536586E-17
5704.21472776196  6.931336781830943E-17
5707.71154753521  7.607179076489229E-17
5711.20879701169  6.933223415372056E-17
5714.70647528976  7.113295340768930E-17
5718.20458146955  7.600047456120043E-17
5721.70311465297  7.002064032926678E-17
5725.20207394369  6.756618369358513E-17
5728.70145844714  7.179067449123223E-17
5732.20126727053  7.074757326902327E-17
5735.7014995228  6.769990240268799E-17
5739.20215431468  6.807579312536681E-17
5742.70323075863  7.086762695440675E-17
5746.20472796888  6.925096531289844E-17
5749.7066450614  7.048488717625605E-17
5753.20898115391  7.165931159251392E-17
5756.71173536587  6.767693325143863E-17
5760.2149068185  6.898516902102800E-17
5763.71849463471  6.688283986338772E-17
5767.22249793921  7.118173721149521E-17
5770.7269158584  7.508792229198703E-17
5774.23174752043  7.331716021108249E-17
5777.73699205517  7.105143972140586E-17
5781.24264859422  7.134107866725253E-17
5784.7487162709  7.098016983982829E-17
5788.25519422025  7.097798608301114E-17
5791.76208157903  7.294424733860891E-17
5795.26937748572  7.382432118825102E-17
5798.7770810805  7.704143173126166E-17
5802.28519150528  7.255964144099625E-17
5805.79370790365  7.196136486499380E-17
5809.30262942092  7.440028374004924E-17
5812.81195520411  7.338618016139393E-17
5816.32168440193  7.167642430502643E-17
5819.83181616477  7.414610768142395E-17
5823.34234964476  7.856347714558371E-17
5826.85328399567  7.860519351823600E-17
5830.36461837298  7.636784201484747E-17
5833.87635193387  7.925115540219090E-17
5837.38848383719  7.570875112021013E-17
5840.90101324346  7.840041668579238E-17
5844.4139393149  7.261551914573543E-17
5847.92726121539  7.576727580290948E-17
5851.44097811049  7.568156003911427E-17
5854.95508916743  7.703331212636882E-17
5858.4695935551  7.662022474590475E-17
5861.98449044407  8.032038229686676E-17
5865.49977900655  7.963631716517522E-17
5869.01545841644  7.872301050724315E-17
5872.53152784926  7.760799089385638E-17
5876.04798648223  7.884255464936931E-17
5879.56483349418  7.962134188736552E-17
5883.0820680656  7.818667983295356E-17
5886.59968937864  7.612836991879091E-17
5890.11769661709  7.405120690410695E-17
5893.63608896638  8.282781157897629E-17
5897.15486561355  7.981313529291455E-17
5900.67402574733  8.038004518008898E-17
5904.19356855805  7.926020144936979E-17
5907.71349323766  7.587847534701621E-17
5911.23379897977  7.732940308099342E-17
5914.75448497959  7.939681198189417E-17
5918.27555043396  8.228631268021949E-17
5921.79699454135  7.554810602780742E-17
5925.31881650184  8.087712778867414E-17
5928.84101551711  7.729566734689107E-17
5932.36359079048  7.615461470526600E-17
5935.88654152686  8.042135127115743E-17
5939.40986693277  7.869613044605763E-17
5942.93356621634  7.545566032254848E-17
5946.4576385873  8.118127217374254E-17
5949.98208325698  8.179936137977685E-17
5953.50689943829  8.476140250910065E-17
5957.03208634577  8.037806656406376E-17
5960.55764319551  8.270727482011507E-17
5964.08356920521  7.642550642970977E-17
5967.60986359416  7.897408960165506E-17
5971.13652558322  7.903433482002853E-17
5974.66355439483  8.367051671726574E-17
5978.19094925303  8.203453213664813E-17
5981.71870938341  8.091859931586510E-17
5985.24683401315  8.371996888300660E-17
5988.77532237098  8.042237697511700E-17
5992.30417368721  8.323394402485002E-17
5995.83338719372  8.115568251431261E-17
5999.36296212395  8.115015694782075E-17
6002.89289771288  7.913447661370663E-17
6006.42319319708  7.892532565018384E-17
6009.95384781464  7.833258125811813E-17
6013.48486080523  8.299047499207363E-17
6017.01623141006  8.223970601578578E-17
6020.54795887186  8.273888635440441E-17
6024.08004243495  7.990097525652275E-17
6027.61248134515  8.126096606267834E-17
6031.14527484984  7.982569520333554E-17
6034.67842219794  8.006137550346414E-17
6038.21192263988  8.152448595350303E-17
6041.74577542765  8.267429347473138E-17
6045.27997981474  7.903406350478760E-17
6048.81453505617  7.993433379626581E-17
6052.34944040851  7.494060473361376E-17
6055.88469512981  7.676367771645614E-17
6059.42029847967  7.810284342351010E-17
6062.95624971918  7.702720422472575E-17
6066.49254811095  8.031222960474943E-17
6070.02919291912  7.966840515549735E-17
6073.5661834093  7.965326444156518E-17
6077.10351884863  7.810155963919941E-17
6080.64119850574  8.426365815602546E-17
6084.17922165077  7.692088835495552E-17
6087.71758755534  8.286355901632839E-17
6091.25629549258  7.989161818943357E-17
6094.79534473709  8.061614899669123E-17
6098.33473456497  8.101029063240538E-17
6101.87446425382  7.752891904474122E-17
6105.4145330827  8.014065911081614E-17
6108.95494033216  7.892425362410994E-17
6112.49568528423  8.003110069304470E-17
6116.0367672224  8.332488095267166E-17
6119.57818543165  8.000739700541139E-17
6123.11993919842  8.081915235390153E-17
6126.66202781063  8.294621752057960E-17
6130.20445055764  7.967557184832452E-17
6133.7472067303  7.818879741532169E-17
6137.29029562089  7.746018364456050E-17
6140.83371652318  7.686234381992147E-17
6144.37746873236  7.885674906868073E-17
6147.92155154509  8.213551434582861E-17
6151.46596425947  8.208621438132045E-17
6155.01070617506  8.092652039741089E-17
6158.55577659286  8.060898230386403E-17
6162.10117481528  8.500633399720005E-17
6165.64690014621  8.365648111663192E-17
6169.19295189095  8.553651044773225E-17
6172.73932935625  8.324931634935373E-17
6176.28603185028  8.050124368344025E-17
6179.83305868262  8.795662916182557E-17
6183.38040916431  8.603072108523063E-17
6186.92808260779  8.370614504060959E-17
6190.47607832692  8.616777498656331E-17
6194.02439563698  8.230758776557435E-17
6197.57303385467  8.444953556583346E-17
6201.12199229809  8.429184185385636E-17
6204.67127028676  8.458585493078219E-17
6208.22086714161  8.348814655325492E-17
6211.77078218494  7.882464784346877E-17
6215.3210147405  8.290771722614891E-17
6218.8715641334  7.945556827516503E-17
6222.42242969017  8.379131817392298E-17
6225.97361073871  8.429591819991502E-17
6229.52510660834  8.578737116646241E-17
6233.07691662974  8.312785314820644E-17
6236.62904013499  8.220391225631939E-17
6240.18147645754  8.067933236060047E-17
6243.73422493224  7.704276183768664E-17
6247.2872848953  7.472291064872454E-17
6250.84065568432  6.632189891151346E-17
6254.39433663824  6.211220472066369E-17
6257.94832709742  6.806416627467676E-17
6261.50262640353  7.146944386343095E-17
6265.05723389965  7.776508903579244E-17
6268.6121489302  8.099400510050545E-17
6272.16737084097  8.004928543163106E-17
6275.72289897908  7.532474079263850E-17
6279.27873269303  7.690451017882697E-17
6282.83487133266  7.393076940691924E-17
6286.39131424917  7.444651982756850E-17
6289.94806079509  7.916311691523567E-17
6293.5051103243  7.975866710393915E-17
6297.06246219202  7.683482848402550E-17
6300.6201157548  8.236218830344775E-17
6304.17807037054  8.296338317265130E-17
6307.73632539846  8.007567580189396E-17
6311.29488019911  8.233235024439172E-17
6314.85373413438  7.662438711874712E-17
6318.41288656747  7.398144579996669E-17
6321.9723368629  7.746852162513504E-17
6325.53208438653  7.756232390659855E-17
6329.09212850552  7.902548067875175E-17
6332.65246858834  8.225967746449526E-17
6336.21310400477  8.049232336771448E-17
6339.77403412593  7.897838432339543E-17
6343.3352583242  7.707574980051525E-17
6346.89677597329  7.579350073704986E-17
6350.45858644821  7.558354244524920E-17
6354.02068912527  8.257045914679881E-17
6357.58308338205  7.736935259585728E-17
6361.14576859746  7.422388912878352E-17
6364.70874415168  7.619048125662630E-17
6368.27200942617  7.586283832471649E-17
6371.83556380369  7.597888845593524E-17
6375.39940666827  6.994586981933687E-17
6378.96353740524  7.205557081059622E-17
6382.52795540118  7.138059804819786E-17
6386.09266004396  7.531282277437284E-17
6389.65765072272  7.173584234278733E-17
6393.22292682786  7.418293376229481E-17
6396.78848775107  7.360755354564783E-17
6400.35433288527  7.768896194965796E-17
6403.92046162467  7.735329867452884E-17
6407.48687336472  7.293753063203496E-17
6411.05356750214  7.500677918261802E-17
6414.62054343489  7.415843598127342E-17
6418.18780056219  7.872735155109783E-17
6421.7553382845  7.339264540506165E-17
6425.32315600352  7.542257971549127E-17
6428.89125312223  7.410825589659353E-17
6432.45962904479  7.505872612508635E-17
6436.02828317665  7.521332949029496E-17
6439.59721492446  7.358386971034920E-17
6443.16642369612  7.582207486412988E-17
6446.73590890076  7.612950150186890E-17
6450.30566994872  7.660826040552479E-17
6453.8757062516  7.023413233664426E-17
6457.44601722217  7.160872784369508E-17
6461.01660227445  6.627757526557043E-17
6464.58746082369  6.965609852459220E-17
6468.15859228631  7.273202588065229E-17
6471.72999607998  7.056098117516601E-17
6475.30167162357  6.950884052322305E-17
6478.87361833715  6.846918698980721E-17
6482.44583564197  7.438505038188846E-17
6486.01832296053  7.299146942541834E-17
6489.59107971649  7.699272071934963E-17
6493.16410533472  7.206961302867492E-17
6496.73739924127  7.064835791763122E-17
6500.31096086339  7.166093948395944E-17
6503.88478962952  7.266543453261932E-17
6507.45888496928  7.528379866103957E-17
6511.03324631347  7.281389029151544E-17
6514.60787309407  7.418550133091617E-17
6518.18276474424  7.444377358793483E-17
6521.7579206983  7.627891017283068E-17
6525.33334039176  7.821810607878568E-17
6528.9090232613  7.659126680702049E-17
6532.48496874474  7.255895984417150E-17
6536.06117628109  7.376841039628734E-17
6539.63764531051  7.465718618597350E-17
6543.21437527432  7.216034481570465E-17
6546.79136561499  7.488566008860554E-17
6550.36861577615  7.390146074345526E-17
6553.94612520257  7.843535679486661E-17
6557.52389334019  7.667679728235849E-17
6561.10191963607  8.055778975011438E-17
6564.68020353842  7.728125455189792E-17
6568.25874449659  7.986288524367592E-17
6571.83754196108  7.544360333793993E-17
6575.41659538351  8.215882760421282E-17
6578.99590421662  7.879413480503291E-17
6582.57546791431  8.199779208256098E-17
6586.15528593157  8.367170785734781E-17
6589.73535772456  8.022240440767108E-17
6593.31568275051  7.783544570997376E-17
6596.89626046781  7.797373045605792E-17
6600.47709033594  8.307042696136054E-17
6604.0581718155  8.056354692717775E-17
6607.63950436821  7.910065485282057E-17
6611.22108745689  8.153089164016666E-17
6614.80292054546  7.878489023450701E-17
6618.38500309895  7.956780675812112E-17
6621.96733458349  8.276702373012101E-17
6625.5499144663  8.160488790904320E-17
6629.1327422157  8.128939460597059E-17
6632.71581730112  8.285686216208919E-17
6636.29913919304  8.113477138842725E-17
6639.88270736306  8.575340382178854E-17
6643.46652128384  8.036818010138253E-17
6647.05058042915  8.531151732111780E-17
6650.63488427382  8.517255759565379E-17
6654.21943229375  8.326077776392125E-17
6657.80422396593  8.368330823825822E-17
6661.38925876841  8.296333023309207E-17
6664.9745361803  8.386827244067001E-17
6668.56005568182  8.457472438845970E-17
6672.14581675419  8.388996442505359E-17
6675.73181887973  8.496424704763336E-17
6679.31806154182  8.389309447649150E-17
6682.90454422487  8.755056950784576E-17
6686.49126641436  9.034017325795428E-17
6690.07822759681  8.413508781905511E-17
6693.6654272598  8.331236736436496E-17
6697.25286489195  8.429666597118878E-17
6700.84053998292  8.238125316220589E-17
6704.4284520234  8.394664945807065E-17
6708.01660050513  8.391860472658262E-17
6711.60498492088  8.603859584466214E-17
6715.19360476445  8.706095799455317E-17
6718.78245953067  8.562781133502339E-17
6722.37154871539  8.726910972389601E-17
6725.9608718155  8.584332166309550E-17
6729.55042832889  8.626959761124613E-17
6733.14021775448  8.530861226280652E-17
6736.73023959221  8.594666630010545E-17
6740.32049334301  8.943579353319291E-17
6743.91097850885  8.623991175342284E-17
6747.50169459269  8.252653916499468E-17
6751.09264109849  8.457344722159392E-17
6754.68381753124  8.377337166335301E-17
6758.27522339689  8.624892471337719E-17
6761.86685820242  9.147094900764898E-17
6765.45872145579  8.833161991199794E-17
6769.05081266595  8.568343757685637E-17
6772.64313134285  8.814294332299702E-17
6776.23567699741  9.027628182744068E-17
6779.82844914155  8.658714232223790E-17
6783.42144728815  9.006503313388446E-17
6787.01467095111  8.824189397659306E-17
6790.60811964525  9.180092128016374E-17
6794.20179288641  8.566146104234206E-17
6797.79569019137  8.436820716800726E-17
6801.3898110779  8.939766381567666E-17
6804.98415506473  8.660125071476564E-17
6808.57872167153  9.112418165997695E-17
6812.17351041896  8.681844187384243E-17
6815.76852082863  8.532714110852770E-17
6819.36375242309  8.400481679874534E-17
6822.95920472585  8.624538438035550E-17
6826.55487726139  8.733198206789493E-17
6830.1507695551  8.822232619202251E-17
6833.74688113334  8.995369462343482E-17
6837.34321152342  8.758531771101790E-17
6840.93976025354  9.187047724351209E-17
6844.5365268529  8.933731933562970E-17
6848.13351085159  8.490305553463915E-17
6851.73071178065  9.032638250278180E-17
6855.32812917204  8.827116955283255E-17
6858.92576255864  8.510537729502470E-17
6862.52361147428  8.434395423244719E-17
6866.12167545367  8.715574627530685E-17
6869.71995403248  8.916973916097136E-17
6873.31844674726  8.715411838386133E-17
6876.9171531355  8.822710398724064E-17
6880.51607273557  8.864929697188770E-17
6884.11520508679  8.665771075465602E-17
6887.71454972934  8.643265145359260E-17
6891.31410620432  8.144723390173549E-17
6894.91387405374  8.506822695935372E-17
6898.51385282049  8.579909066138108E-17
6902.11404204837  9.142917307799260E-17
6905.71444128205  8.845841015629005E-17
6909.31505006711  9.103639463592793E-17
6912.91586795001  9.314544711758703E-17
6916.51689447808  8.934236844608872E-17
6920.11812919955  9.092720017762601E-17
6923.71957166351  8.916752231692971E-17
6927.32122141995  9.165811681921258E-17
6930.92307801971  9.035563822668658E-17
6934.52514101451  8.989745957667103E-17
6938.12740995694  9.006955284875145E-17
6941.72988440044  8.979910449311601E-17
6945.33256389933  9.076093025705798E-17
6948.93544800879  9.011021043021965E-17
6952.53853628484  9.506253414012972E-17
6956.14182828437  9.441677077952183E-17
6959.74532356511  1.050037429430247E-16
6963.34902168565  1.209090430764352E-16
6966.95292220543  1.210166559654060E-16
6970.55702468471  1.013866740302324E-16
6974.16132868463  8.983895474630637E-17
6977.76583376712  8.783754824084246E-17
6981.37053949499  9.578202245437326E-17
6984.97544543185  1.076189968723418E-16
6988.58055114217  1.048910677087052E-16
6992.18585619122  9.880687637069186E-17
6995.79136014512  8.653461304461831E-17
6999.3970625708  8.605447109497827E-17
7003.00296303602  8.832227607979852E-17
7006.60906110933  8.696314554148001E-17
7010.21535636013  8.715816826014041E-17
7013.8218483586  8.924584639477115E-17
7017.42853667576  8.761082796110903E-17
7021.03542088343  8.793506290889512E-17
7024.64250055421  8.316323662608899E-17
7028.24977526152  8.764507985591361E-17
7031.85724457959  8.877526003556727E-17
7035.46490808343  8.935126890947980E-17
7039.07276534884  9.007759966175035E-17
7042.68081595242  8.543753994180150E-17
7046.28905947157  8.260478383349729E-17
7049.89749548445  8.995776435204856E-17
7053.50612357002  8.623630524595210E-17
7057.11494330801  8.652194063763401E-17
7060.72395427895  8.516169836857223E-17
7064.33315606412  8.582793610370204E-17
7067.94254824558  8.477113677054919E-17
7071.55213040617  8.706806513037623E-17
7075.16190212948  8.266428128059700E-17
7078.77186299988  8.522398175997501E-17
7082.3820126025  8.631345803604615E-17
7085.99235052322  8.801244730956065E-17
7089.60287634868  8.773135148508046E-17
7093.21358966628  8.827184453221239E-17
7096.82449006417  8.856221801444299E-17
7100.43557713124  8.435103489849065E-17
7104.04685045714  8.563449495437282E-17
7107.65830963226  8.520766975829548E-17
7111.26995424771  8.366276768928731E-17
7114.88178389537  8.365668625742383E-17
7118.49379816784  8.092769830260317E-17
7122.10599665845  8.880840681707351E-17
7125.71837896127  9.194374559344959E-17
7129.33094467108  9.065477982341027E-17
7132.94369338341  9.192045218740009E-17
7136.5566246945  8.919965662936618E-17
7140.1697382013  9.074684833430987E-17
7143.78303350149  9.001313913097531E-17
7147.39651019347  8.843323739588882E-17
7151.01016787632  8.395020964342705E-17
7154.62400614988  8.230349156718098E-17
7158.23802461465  8.167861286267882E-17
7161.85222287186  8.224591979654729E-17
7165.46660052344  8.795140138035426E-17
7169.08115717199  8.698994619332671E-17
7172.69589242085  8.682622398904532E-17
7176.31080587403  8.830745962066648E-17
7179.92589713622  8.507839797216567E-17
7183.54116581283  8.156496486395894E-17
7187.15661150991  8.672193305741465E-17
7190.77223383424  8.692987964596557E-17
7194.38803239326  8.636967984792015E-17
7198.00400679507  8.397025388403045E-17
7201.62015664847  8.832784796840471E-17
7205.23648156293  8.800767613178745E-17
7208.85298114858  8.540574973649984E-17
7212.46965501622  8.194374079261434E-17
7216.08650277731  8.337273169674663E-17
7219.70352404398  8.480880326692240E-17
7223.32071842901  8.549116109782964E-17
7226.93808554586  8.484862705033314E-17
7230.5556250086  8.735640043957751E-17
7234.173336432  8.173977128844853E-17
7237.79121943144  8.577074814487255E-17
7241.40927362297  8.684782332920029E-17
7245.02749862326  9.182052215195877E-17
7248.64589404965  9.404283882053356E-17
7252.2644595201  8.945491794895513E-17
7255.88319465321  8.334892212999490E-17
7259.5020990682  8.523388807499095E-17
7263.12117238494  8.248891899073576E-17
7266.74041422392  8.265248899378446E-17
7270.35982420624  8.360991415686763E-17
7273.97940195365  7.976770653367313E-17
7277.59914708849  8.388818433237538E-17
7281.21905923374  9.214355272477298E-17
7284.83913801299  8.998947514801141E-17
7288.45938305043  8.813494944955731E-17
7292.07979397086  8.651028731716436E-17
7295.70037039971  8.614880277203379E-17
7299.32111196297  8.402386180516877E-17
7302.94201828728  8.207483237609171E-17
7306.56308899984  8.762510178975924E-17
7310.18432372847  8.603595548414688E-17
7313.80572210156  8.711270641367450E-17
7317.42728374813  8.418531422584932E-17
7321.04900829773  8.671527590784481E-17
7324.67089538055  8.842012823754108E-17
7328.29294462733  8.752421222480737E-17
7331.91515566939  8.942974518855393E-17
7335.53752813866  8.071234017576378E-17
7339.1600616676  7.757432795164791E-17
7342.78275588927  8.938417746296961E-17
7346.4056104373  9.109023416763777E-17
7350.02862494586  8.767147684362141E-17
7353.65179904972  8.105029970427334E-17
7357.27513238419  8.642610018314117E-17
7360.89862458514  8.016721491720154E-17
7364.522275289  8.957819433000514E-17
7368.14608413275  8.856442824103973E-17
7371.77005075393  8.308310598578977E-17
7375.39417479061  9.009614174236135E-17
7379.01845588142  8.450007960998290E-17
7382.64289366554  8.234115806355418E-17
7386.26748778267  8.911260414170110E-17
7389.89223787306  9.117153609568438E-17
7393.5171435775  8.783097711805632E-17
7397.14220453729  8.371392715581251E-17
7400.76742039428  8.352778504820847E-17
7404.39279079085  8.520965499176559E-17
7408.01831536988  8.821965274428274E-17
7411.64399377481  8.532037807983950E-17
7415.26982564955  8.591956124579331E-17
7418.89581063857  8.737332124618790E-17
7422.52194838684  8.745297543045429E-17
7426.14823853983  8.356543169224700E-17
7429.77468074353  8.650165155156932E-17
7433.40127464443  8.826874095055408E-17
7437.02801988952  8.628213105188756E-17
7440.65491612632  8.269895007443034E-17
7444.2819630028  8.800819890993460E-17
7447.90916016746  8.811522284630918E-17
7451.53650726927  8.466459590765234E-17
7455.16400395773  8.726574144444171E-17
7458.79164988278  8.171078026233978E-17
7462.41944469487  8.938069006950708E-17
7466.04738804492  9.165601247173425E-17
7469.67547958435  9.085751848282455E-17
7473.30371896503  8.810779145568597E-17
7476.93210583933  9.381627735947775E-17
7480.56063986007  8.300245918478829E-17
7484.18932068055  8.965200531042448E-17
7487.81814795454  8.460573373526308E-17
7491.44712133626  8.416926692196579E-17
7495.07624048041  8.608965604951379E-17
7498.70550504213  8.331604004628470E-17
7502.33491467703  8.699111748107410E-17
7505.96446904115  8.399453328937010E-17
7509.59416779101  8.815206216206982E-17
7513.22401058357  8.329451349802361E-17
7516.85399707622  8.574842750322343E-17
7520.4841269268  8.005136992677471E-17
7524.1143997936  8.037549899544238E-17
7527.74481533534  8.292436010007349E-17
7531.37537321117  8.753094216627109E-17
7535.00607308069  8.548609875248081E-17
7538.63691460389  8.474264205280796E-17
7542.26789744123  8.559468440585188E-17
7545.89902125357  8.330952848050268E-17
7549.53028570221  8.056856295041226E-17
7553.16169044884  8.281677368088239E-17
7556.79323515559  8.527028402194327E-17
7560.42491948499  8.378773813623183E-17
7564.05674310001  8.242003138932236E-17
7567.68870566397  7.391141999803040E-17
7571.32080684066  8.088373861612968E-17
7574.95304629423  8.323426827965016E-17
7578.58542368925  8.199556200362955E-17
7582.21793869068  7.872629275991376E-17
7585.85059096388  8.375507442820333E-17
7589.48338017459  8.372481285267369E-17
7593.11630598896  8.237063216314069E-17
7596.7493680735  7.698716868307817E-17
7600.38256609514  8.398305863991275E-17
7604.01589972117  8.673643187919147E-17
7607.64936861924  9.157114374088630E-17
7611.28297245743  9.189245377802642E-17
7614.91671090413  8.797662046286978E-17
7618.55058362815  8.238222592660624E-17
7622.18459029866  8.119799445700591E-17
7625.81873058518  8.089138838243457E-17
7629.45300415759  7.558925330019826E-17
7633.08741068616  8.586042114071823E-17
7636.72194984148  8.787322288630063E-17
7640.35662129453  8.500320394576215E-17
7643.99142471663  8.401901783550167E-17
7647.62635977945  8.820471717114251E-17
7651.26142615499  7.685172282085629E-17
7654.89662351562  8.370312748573503E-17
7658.53195153404  8.866957282306259E-17
7662.1674098833  8.188683738391556E-17
7665.80299823677  8.109662843602121E-17
7669.43871626817  8.561649550424368E-17
7673.07456365154  8.521807238167895E-17
7676.71054006127  8.556588528564523E-17
7680.34664517203  8.538883554733438E-17
7683.98287865888  8.275853354831374E-17
7687.61924019714  7.940698299470611E-17
7691.25572946248  8.039678731568706E-17
7694.89234613089  8.503340596428767E-17
7698.52908987865  8.936858014533930E-17
7702.16596038237  7.931645634846829E-17
7705.80295731896  8.400242128369139E-17
7709.44008036563  8.240213781831162E-17
7713.07732919991  8.444046966631990E-17
7716.71470349962  8.192299510285149E-17
7720.35220294287  8.805184095905289E-17
7723.98982720808  9.025234652923586E-17
7727.62757597394  8.461295998509433E-17
7731.26544891944  8.385371406188907E-17
7734.90344572388  7.915745238240090E-17
7738.54156606681  8.278877527150870E-17
7742.17980962808  8.736996620162338E-17
7745.81817608781  8.031203108140244E-17
7749.4566651264  8.505425091572401E-17
7753.09527642452  8.736082751021591E-17
7756.73400966313  8.979320834970973E-17
7760.37286452343  8.505323182920935E-17
7764.0118406869  9.210437745096250E-17
7767.65093783529  8.713138746062838E-17
7771.29015565058  8.475896728937728E-17
7774.92949381506  8.294869244497235E-17
7778.56895201123  8.567908329811189E-17
7782.20852992185  8.401944135197529E-17
7785.84822722995  8.422210721949568E-17
7789.48804361878  8.641150209969083E-17
7793.12797877187  8.130121998000761E-17
7796.76803237295  8.320232587311583E-17
7800.40820410602  8.609135673285322E-17
7804.0484936553  8.174381454728269E-17
7807.68890070526  8.329000040060153E-17
7811.32942494059  8.288558849040189E-17
7814.97006604621  8.755112537321739E-17
7818.61082370725  8.634905988961044E-17
7822.2516976091  8.582036574673594E-17
7825.89268743735  9.028153607869162E-17
7829.5337928778  8.709695689481149E-17
7833.17501361648  8.785499182559998E-17
7836.81634933962  8.467727493208155E-17
7840.45779973368  8.284148322014059E-17
7844.0993644853  8.817956426307599E-17
7847.74104328135  8.435810894708918E-17
7851.38283580889  8.616694780595075E-17
7855.02474175518  8.392746548530428E-17
7858.66676080768  9.226599530776557E-17
7862.30889265404  8.766173596472802E-17
7865.95113698212  8.596774286211328E-17
7869.59349347993  8.480849224701207E-17
7873.23596183571  8.864048915272524E-17
7876.87854173785  8.994955210292715E-17
7880.52123287494  8.540529313280174E-17
7884.16403493576  8.326040718700681E-17
7887.80694760922  8.614375366157478E-17
7891.44997058446  8.825211792896425E-17
7895.09310355074  8.748788906974894E-17
7898.73634619753  8.604169280887552E-17
7902.37969821445  8.460341101210302E-17
7906.02315929126  8.847594638527620E-17
7909.66672911791  8.337054793992949E-17
7913.3104073845  8.094960204522358E-17
7916.95419378128  8.160159903892768E-17
7920.59808799865  9.148806172016145E-17
7924.24208972717  8.621563234808318E-17
7927.88619865753  8.368534641128757E-17
7931.53041448058  9.097113339431993E-17
7935.17473688731  8.720096327631143E-17
7938.81916556884  8.827536501289943E-17
7942.46370021644  8.842086277392503E-17
7946.10834052149  8.547429984822336E-17
7949.75308617553  8.375035618998936E-17
7953.3979368702  9.361003807171110E-17
7957.04289229729  8.582980222316393E-17
7960.6879521487  8.940749733879870E-17
7964.33311611645  9.200970828421702E-17
7967.97838389269  9.059681762352745E-17
7971.62375516967  8.850476535781753E-17
7975.26922963976  9.063316724836546E-17
7978.91480699544  8.551853084993780E-17
7982.56048692929  8.938572594507629E-17
7986.20626913401  8.683317892363568E-17
7989.85215330239  8.819721298862541E-17
7993.49813912731  8.934414853876694E-17
7997.14422630177  8.860227340842527E-17
8000.79041451886  9.193965601250114E-17
8004.43670347174  9.037617215821260E-17
8008.08309285367  8.837277380183367E-17
8011.72958235801  9.029076079688282E-17
8015.3761716782  9.041232325970360E-17
8019.02286050772  8.960362517075745E-17
8022.6696485402  8.617341304961847E-17
8026.31653546928  9.281826078937537E-17
8029.96352098872  9.494351939359560E-17
8033.6106047923  8.930503943940543E-17
8037.25778657393  9.394057944448730E-17
8040.90506602754  9.293925415193470E-17
8044.55244284713  8.812590340237845E-17
8048.19991672677  9.662159754122477E-17
8051.84748736059  8.743199813011997E-17
8055.49515444275  8.770413393420501E-17
8059.14291766748  8.293565607851851E-17
8062.79077672907  8.525289337674497E-17
8066.43873132183  9.150676923689498E-17
8070.08678114014  8.976724811336538E-17
8073.73492587839  8.707476860206037E-17
8077.38316523105  8.743351352500216E-17
8081.03149889259  8.899762603655624E-17
8084.67992655753  8.526129091432361E-17
8088.32844792042  8.943892358463081E-17
8091.97706267583  8.726189009150965E-17
8095.62577051836  8.277270811529046E-17
8099.27457114263  8.877214983646407E-17
8102.9234642433  9.030853525388536E-17
8106.57244951501  8.329377896163968E-17
8110.22152665246  8.578713293844602E-17
8113.87069535031  8.899034022972085E-17
8117.51995530328  8.487640046658023E-17
8121.16930620607  8.242469668797715E-17
8124.81874775338  8.534559054491008E-17
8128.46827963992  8.044447262363952E-17
8132.11790156041  7.998616824217084E-17
8135.76761320955  8.569918047827446E-17
8139.41741428204  8.070938217789329E-17
8143.06730447257  8.645862492482676E-17
8146.71728347582  8.767272754070759E-17
8150.36735098645  9.083177000471700E-17
8154.01750669912  8.699081307860867E-17
8157.66775030844  8.545103952939836E-17
8161.31808150903  8.818599641951919E-17
8164.96849999547  8.668976565775368E-17
8168.61900546231  8.655232132717184E-17
8172.26959760407  8.904957297902456E-17
8175.92027611525  8.909939572167985E-17
8179.5710406903  8.421076491893636E-17
8183.22189102364  8.577449361868620E-17
8186.87282680965  8.629398289570421E-17
8190.52384774266  8.725524617682960E-17
8194.17495351696  8.913743279496749E-17
8197.82614382678  8.593188954564279E-17
8201.47741836633  8.460280882461709E-17
8205.12877682973  9.028902702631890E-17
8208.78021891106  8.540058151203265E-17
8212.43174430433  8.545256154172548E-17
8216.08335270352  9.150220981735859E-17
8219.7350438025  8.820032980517352E-17
8223.3868172951  8.772022094275794E-17
8227.03867287509  8.769346661302551E-17
8230.69061023614  9.138754934956894E-17
8234.34262907187  8.868385988660259E-17
8237.9947290758  8.933319666745674E-17
8241.64690994139  8.837610899406350E-17
8245.29917136201  8.652039877297221E-17
8248.95151303092  8.535878573004156E-17
8252.60393464135  8.624103671905592E-17
8256.25643588637  9.041886791271013E-17
8259.90901645902  8.690292679288614E-17
8263.5616760522  8.895380531642562E-17
8267.21441435872  8.713199626555923E-17
8270.8672310713  8.629761587295455E-17
8274.52012588256  8.895250829722513E-17
8278.17309848498  9.184631033473575E-17
8281.82614857098  9.179077673713138E-17
8285.47927583283  9.160037299501146E-17
8289.1324799627  9.747113850009634E-17
8292.78576065264  9.531656461496723E-17
8296.43911759458  8.351586702994280E-17
8300.09255048033  8.802771375494595E-17
8303.74605900158  9.163408225933423E-17
8307.39964284987  8.899369527428538E-17
8311.05330171663  8.284490443915409E-17
8314.70703529317  8.209876767429658E-17
8318.36084327063  8.517327889714795E-17
8322.01472534002  8.274119584267463E-17
8325.66868119224  8.308276187865493E-17
8329.32271051801  8.352992910035620E-17
8332.97681300792  8.534439278738313E-17
8336.63098835241  8.254004537003645E-17
8340.28523624176  8.353114009277298E-17
8343.93955636611  8.711579014299807E-17
8347.59394841544  8.937118741863008E-17
8351.24841207955  9.374850810625250E-17
8354.90294704811  7.850349662500628E-17
8358.55755301061  7.854977903463986E-17
8362.21222965637  8.027285580759192E-17
8365.86697667454  8.723923196017059E-17
8369.5217937541  9.333084807136222E-17
8373.17668058385  8.213308574355016E-17
8376.83163685243  8.688822944776230E-17
8380.48666224827  7.625612631003852E-17
8384.14175645965  8.139964785545656E-17
8387.79691917464  8.665624829933303E-17
8391.45215008113  8.276529657700198E-17
8395.10744886681  7.745099201359382E-17
8398.76281521918  8.196122408204125E-17
8402.41824882557  8.747821436530450E-17
8406.07374937308  8.432940247111115E-17
8409.7293165486  8.083950099697034E-17
8413.38495003884  8.977295896831444E-17
8417.04064953031  7.917964729259693E-17
8420.69641470929  8.224817634525832E-17
8424.35224526184  8.536476790023153E-17
8428.00814087383  8.227550639269709E-17
8431.6641012309  8.234934384289601E-17
8435.32012601848  7.663068030884742E-17
8438.97621492175  8.463798716170776E-17
8442.63236762569  8.167771950761725E-17
8446.28858381505  8.246222421800746E-17
8449.94486317434  7.986557192630550E-17
8453.60120538784  8.768132360163324E-17
8457.2576101396  8.556256332830523E-17
8460.91407711342  8.207108690227810E-17
8464.57060599287  8.192555605402795E-17
8468.22719646127  9.116247019617080E-17
8471.88384820169  9.093815866638113E-17
8475.54056089695  8.240224369743003E-17
8479.19733422964  8.302390632371057E-17
8482.85416788207  8.472399409307856E-17
8486.5110615363  8.416314578543291E-17
8490.16801487413  7.826884864628214E-17
8493.8250275771  8.469025835897619E-17
8497.4820993265  8.208418944318092E-17
8501.13922980331  8.100655839348156E-17
8504.79641868829  8.326746138327068E-17
8508.45366566189  8.398100061454872E-17
8512.11097040431  8.755408998853278E-17
8515.76833259544  8.400057501656419E-17
8519.42575191493  8.107866869056145E-17
8523.08322804211  8.435001581197598E-17
8526.74076065605  8.616362584861075E-17
8530.39834943552  8.558379209154576E-17
8534.05599405898  8.656901052321074E-17
8537.71369420464  8.546199801815347E-17
8541.37144955037  9.095186339476990E-17
8545.02925977378  8.342953584377188E-17
8548.68712455213  8.450070826724845E-17
8552.34504356242  8.456780915853874E-17
8556.00301648132  8.383384849229798E-17
8559.66104298519  8.432002555168725E-17
8563.31912275009  8.600395352060841E-17
8566.97725545175  8.462681691471585E-17
8570.6354407656  8.353449513733750E-17
8574.29367836672  8.313940058955768E-17
8577.95196792991  8.319067255264616E-17
8581.6103091296  8.369308220437616E-17
8585.26870163992  8.445962716930662E-17
8588.92714513466  8.578984609085518E-17
8592.58563928728  8.417835929125898E-17
8596.24418377089  8.569286743583946E-17
8599.90277825828  8.550360189424244E-17
8603.56142242189  8.560282386307939E-17
8607.22011593381  8.561997628026130E-17
8610.87885846579  8.836268881580542E-17
8614.53764968924  8.589942436096132E-17
8618.19648927519  8.165160045259529E-17
8621.85537689434  8.969221290563945E-17
8625.51431221703  8.231132662194308E-17
8629.17329491323  8.992292350464783E-17
8632.83232465254  8.881417061158176E-17
8636.49140110423  8.752189611909223E-17
8640.15052393716  8.307294159042271E-17
8643.80969281985  8.234268007588131E-17
8647.46890742042  8.693025684032489E-17
8651.12816740665  8.771443729591496E-17
8654.7874724459  8.573543084143899E-17
8658.44682220518  8.917032149612259E-17
8662.10621635109  7.956868026084798E-17
8665.76565454988  8.864369861350194E-17
8669.42513646738  8.629887980493052E-17
8673.08466176904  8.531640099545434E-17
8676.74423011991  8.130405224642501E-17
8680.40384118464  7.988635732073773E-17
8684.06349462749  7.705516292943004E-17
8687.72319011233  8.060367511305393E-17
8691.38292730258  8.166417359790610E-17
8695.04270586131  8.487888862586279E-17
8698.70252545114  8.095602096677701E-17
8702.36238573428  8.267185825500801E-17
8706.02228637255  8.124201370048353E-17
8709.68222702732  8.173500011067535E-17
8713.34220735956  7.816973917400847E-17
8717.0022270298  8.167737540048245E-17
8720.66228569817  8.364868576653922E-17
8724.32238302436  8.547523290795432E-17
8727.9825186676  8.408737604132305E-17
8731.64269228673  8.536430467908850E-17
8735.30290354012  9.083545592152654E-17
8738.96315208573  8.732527197876592E-17
8742.62343758105  8.043613464306497E-17
8746.28375968314  8.215857614130658E-17
8749.94411804862  8.608014678119189E-17
8753.60451233363  8.961051393089880E-17
8757.2649421939  8.468402472588000E-17
8760.92540728467  9.023532646095198E-17
8764.58590726074  8.960409500934540E-17
8768.24644177645  8.535125507774486E-17
8771.90701048566  8.680506140025377E-17
8775.56761304178  9.627163396766585E-17
8779.22824909775  7.822118319066440E-17
8782.88891830604  8.614532199601619E-17
8786.54962031863  9.094844879320127E-17
8790.21035478705  8.344193031807037E-17
8793.87112136235  8.685839800615118E-17
8797.53191969505  8.261628495273425E-17
8801.19274943525  8.164589621509115E-17
8804.85361023253  7.976257139643040E-17
8808.51450173598  8.183332210700584E-17
8812.17542359421  7.779801744161696E-17
8815.83637545533  8.411900742794708E-17
8819.49735696694  9.292984414528630E-17
8823.15836777617  6.999565947476766E-17
8826.81940752961  9.235595947118680E-17
8830.48047587338  8.089631176144045E-17
8834.14157245307  8.430117906861084E-17
8837.80269691376  8.379897455767276E-17
8841.46384890003  8.527622648746387E-17
8845.12502805593  8.591313570679499E-17
8848.786234025  8.015065807006067E-17
8852.44746645025  8.268007050412943E-17
8856.10872497419  7.909870270657494E-17
8859.77000923877  8.428021500316630E-17
8863.43131888544  7.859364607688476E-17
8867.09265355509  7.684564138899280E-17
8870.7540128881  8.681960654414490E-17
8874.4153965243  8.755905968965302E-17
8878.07680410299  8.879809683791862E-17
8881.73823526293  8.652198034230341E-17
8885.39968964231  7.893666133329826E-17
8889.06116687879  7.858583087445736E-17
8892.7226666095  8.234450649067381E-17
8896.38418847098  8.209850959394543E-17
8900.04573209923  8.441110806329669E-17
8903.7072971297  8.018260709403993E-17
8907.36888319727  8.070291693422559E-17
8911.03048993626  8.252448775707556E-17
8914.69211698042  8.674390297448404E-17
8918.35376396295  8.571966808768618E-17
8922.01543051644  9.703082033386699E-17
8925.67711627293  8.379419676245463E-17
8929.33882086391  8.578590209369455E-17
8933.00054392024  8.428571409987856E-17
8936.66228507222  8.315444204181634E-17
8940.32404394958  8.111813513194759E-17
8943.98582018144  8.303267443820363E-17
8947.64761339635  8.365949867150652E-17
8951.30942322224  7.896735966019132E-17
8954.97124928648  8.643177795086574E-17
8958.63309121582  7.414631943966076E-17
8962.29494863641  7.726719248148452E-17
8965.9568211738  8.486885657939374E-17
8969.61870845295  8.460595211094478E-17
8973.28061009818  8.126808643339121E-17
8976.94252573322  8.416028704923592E-17
8980.60445498119  7.877376630962941E-17
8984.26639746459  8.492346373471203E-17
8987.92835280529  8.057976628462867E-17
8991.59032062454  8.430378634190162E-17
8995.25230054299  8.823000904555192E-17
8998.91429218063  8.265352131518893E-17
9002.57629515685  8.554833582176931E-17
9006.23830909038  8.118395885637211E-17
9009.90033359934  8.310583029157781E-17
9013.56236830119  7.972393213565681E-17
9017.22441281278  7.556510624375661E-17
9020.88646675029  7.885889312082847E-17
9024.54852972927  8.360403124835116E-17
9028.2106013646  7.852886790875452E-17
9031.87268127055  8.372511725513911E-17
9035.53476906069  7.801918568507893E-17
9039.19686434798  7.754685893786627E-17
9042.85896674468  8.516715776061506E-17
9046.52107586241  8.048428978960536E-17
9050.18319131213  7.743798873436446E-17
9053.84531270413  8.082151478173098E-17
9057.50743964802  7.091785336120100E-17
9061.16957175276  6.607087937410565E-17
9064.8317086266  6.586909362675703E-17
9068.49384987716  6.909435024444010E-17
9072.15599511134  7.286300496756639E-17
9075.81814393538  7.741756068195687E-17
9079.48029595483  8.210105731023210E-17
9083.14245077455  8.517672658594108E-17
9086.80460799871  8.266375850244989E-17
9090.46676723079  7.844877697312469E-17
9094.12892807358  8.178155383554985E-17
9097.79109012915  8.368439349922191E-17
9101.4532529989  8.119422251341267E-17
9105.1154162835  8.056305061881021E-17
9108.77757958293  7.743480574336736E-17
9112.43974249646  7.895495195100301E-17
9116.10190462265  8.070344632981761E-17
9119.76406555932  8.061192706684474E-17
9123.42622490362  8.274742947577085E-17
9127.08838225194  8.522083185620241E-17
9130.75053719997  8.088490328643214E-17
9134.41268934266  8.049737247817351E-17
9138.07483827426  7.950259845607233E-17
9141.73698358826  7.795666406565972E-17
9145.39912487744  8.273304315055733E-17
9149.06126173383  7.816598046530503E-17
9152.72339374872  7.930302955276536E-17
9156.38552051268  8.280416744834708E-17
9160.04764161553  8.152520725499719E-17
9163.70975664632  7.888535628298526E-17
9167.37186519337  8.397658677880015E-17
9171.03396684427  8.113022520378068E-17
9174.69606118583  8.255758159902256E-17
9178.3581478041  7.840260706005443E-17
9182.02022628439  7.878924451325151E-17
9185.68229621125  7.681915175705640E-17
9189.34435716843  7.500313958792279E-17
9193.00640873896  7.167566329886287E-17
9196.66845050507  8.180286862557409E-17
9200.33048204824  8.369476303538087E-17
9203.99250294915  8.025471077367495E-17
9207.65451278773  7.921503738792440E-17
9211.3165111431  7.956069962229806E-17
9214.97849759363  8.222680861567488E-17
9218.64047171688  8.340026026753239E-17
9222.30243308963  8.128028238434270E-17
9225.96438128788  8.351989043644225E-17
9229.62631588681  8.733299453696471E-17
9233.28823646084  8.207556029503077E-17
9236.95014258356  8.631151912469032E-17
9240.61203382778  9.079952981316214E-17
9244.2739097655  8.800616073690525E-17
9247.9357699679  8.094909250196625E-17
9251.59761400538  8.703177506254231E-17
9255.2594414475  8.648244110902339E-17
9258.92125186303  9.095130091195336E-17
9262.58304481989  8.786615545514699E-17
9266.24481988522  8.681877936353235E-17
9269.90657662531  8.718905849293557E-17
9273.56831460564  8.351752139116792E-17
9277.23003339085  8.791242462989075E-17
9280.89173254476  8.735699600961856E-17
9284.55341163036  8.834420629219852E-17
9288.21507020979  9.104242312823220E-17
9291.87670784437  9.005140119738957E-17
9295.53832409456  9.371560617020758E-17
9299.19991851999  9.140785828796833E-17
9302.86149067946  9.621262621148874E-17
9306.52304013087  9.182242797609010E-17
9310.18456643132  9.600692293675907E-17
9313.84606913703  9.349405411494137E-17
9317.50754780338  9.505575125910679E-17
9321.16900198488  9.081997110045954E-17
9324.83043123518  7.655813987784898E-17
9328.49183510706  8.185297591836011E-17
9332.15321315245  8.801543177721075E-17
9335.81456492238  8.898625064877238E-17
9339.47588996706  9.803606977124555E-17
9343.13718783575  9.359311726510071E-17
9346.79845807691  8.985009190607378E-17
9350.45970023806  7.836947351343798E-17
9354.12091386588  9.490231918164553E-17
9357.78209850613  9.387018968308149E-17
9361.44325370371  8.364259771723084E-17
9365.10437900261  8.846405483679012E-17
9368.76547394594  9.656367504601137E-17
9372.4265380759  1.101457689458953E-16
9376.0875709338  8.577509580617215E-17
9379.74857206005  1.004795546832823E-16
9383.40954099415  9.428127197774074E-17
9387.0704772747  8.296171557653638E-17
9390.73138043939  8.416766550029988E-17
9394.39225002499  8.467004206480542E-17
9398.05308556737  8.196217037666199E-17
9401.71388660146  8.244322553369833E-17
9405.3746526613  7.898388342010770E-17
9409.03538327998  7.740723085046729E-17
9412.69607798968  9.049049513631233E-17
9416.35673632165  8.394425394301665E-17
9420.0173578062  7.455806347881005E-17
9423.67794197273  6.912991901077987E-17
9427.33848834968  8.821207576987177E-17
9430.99899646456  9.825422707727785E-17
9434.65946584395  9.137291156144920E-17
9438.31989601347  8.235018425839840E-17
9441.9802864978  7.829092444246996E-17
9445.64063682068  1.011847691688756E-16
9449.30094650488  8.716098067422308E-17
9452.96121507223  8.474178840241581E-17
9456.6214420436  7.365784612689106E-17
9460.2816269389  1.019277295601809E-16
9463.94176927707  7.980156138178370E-17
9467.60186857611  9.744433784824963E-17
9471.26192435303  9.796766524330987E-17
9474.92193612386  9.491511070263808E-17
9478.5819034037  8.931845300021860E-17
9482.24182570662  9.851445148054210E-17
9485.90170254576  8.895068188243261E-17
9489.56153343325  8.500391201236649E-17
9493.22131788025  9.464930117587783E-17
9496.88105539693  8.760745968165471E-17
9500.54074549247  9.314328321310460E-17
9504.20038767507  9.012257181729365E-17
9507.85998145191  9.094083873156579E-17
9511.51952632921  1.037770936516127E-16
9515.17902181216  6.712552803766589E-17
9518.83846740495  6.644991338311218E-17
9522.4978626108  9.799644451118181E-17
9526.15720693189  8.691905350610847E-17
9529.81649986939  8.748856404912878E-17
9533.47574092347  7.949304948308101E-17
9537.13492959329  9.534786512934621E-17
9540.79406537698  9.254866608413207E-17
9544.45314777165  8.477987179781774E-17
9548.1121762734  9.329684763946383E-17
9551.77115037729  9.489059968672691E-17
9555.43006957736  8.532750506799725E-17
9559.08893336662  9.706943974230588E-17
9562.74774123704  8.871998451831403E-17
9566.40649267957  9.118817235216404E-17
9570.06518718409  8.131478574205351E-17
9573.72382423946  9.438704521702911E-17
9577.38240333351  8.141693923898134E-17
9581.040923953  8.349195158407269E-17
9584.69938558364  8.860375571608297E-17
9588.35778771011  9.277287173480335E-17
9592.01612981602  8.486484640778407E-17
9595.67441138392  8.672737259712279E-17
9599.33263189531  8.651095567909932E-17
9602.99079083061  8.051386976831025E-17
9606.64888766921  8.160016305338430E-17
9610.30692188939  8.180368257129686E-17
9613.96489296839  7.775254236026124E-17
9617.62280038237  9.306496575270807E-17
9621.28064360641  7.391897050266180E-17
9624.9384221145  8.375167967896944E-17
9628.59613537957  7.823239975977060E-17
9632.25378287346  7.875501908822650E-17
9635.91136406693  7.457846506143806E-17
9639.56887842964  7.075070332046118E-17
9643.22632543015  7.346452409157004E-17
9646.88370453596  7.979084112104501E-17
9650.54101521342  7.978568613146758E-17
9654.19825692785  7.985235688883935E-17
9657.8554291434  7.846540661215943E-17
9661.51253132316  7.570401964710632E-17
9665.1695629291  7.897093308043753E-17
9668.82652342207  8.314527688062927E-17
9672.48341226181  7.969490140487866E-17
9676.14022890697  8.821267133991280E-17
9679.79697281505  7.898825755118687E-17
9683.45364344244  7.330970235067972E-17
9687.11024024442  8.131382621254292E-17
9690.76676267513  9.021897475460303E-17
9694.42321018758  8.392696255949186E-17
9698.07958223365  6.700696989482989E-17
9701.7358782641  7.068805596958885E-17
9705.39209772854  6.849089882652550E-17
9709.04824007545  8.052390181477930E-17
9712.70430475215  7.695097125947286E-17
9716.36029120485  8.765810960492254E-17
9720.01619887856  7.207143282602254E-17
