4250.  8.759268E-17
4254.51334379906  1.033588E-16
4259.02668759812  9.637383E-17
4263.54003139717  7.398217E-17
4268.05337519623  5.648034E-17
4272.56671899529  1.101792E-16
4277.08006279435  1.075125E-16
4281.59340659341  1.903106E-17
4286.10675039247  -4.902936E-18
4290.62009419152  4.072505E-17
4295.13343799058  6.540456E-17
4299.64678178964  3.908186E-17
4304.1601255887  6.128302E-17
4308.67346938775  4.471374E-17
4313.18681318681  7.150389E-17
4317.70015698587  1.675221E-17
4322.21350078493  2.024543E-18
4326.72684458399  3.268633E-17
4331.24018838305  7.960613E-17
4335.7535321821  6.070786E-17
4340.26687598116  9.069241E-17
4344.78021978022  7.134672E-17
4349.29356357928  5.513119E-17
4353.80690737834  6.986131E-17
4358.3202511774  6.337720E-17
4362.83359497645  1.011441E-16
4367.34693877551  6.046887E-17
4371.86028257457  7.412216E-17
4376.37362637363  7.901587E-17
4380.88697017269  4.817599E-17
4385.40031397174  5.141397E-17
4389.9136577708  8.062964E-17
4394.42700156986  3.018538E-17
4398.94034536892  3.711787E-17
4403.45368916798  5.382860E-17
4407.96703296703  8.663676E-17
4412.48037676609  8.504358E-17
4416.99372056515  6.638171E-17
4421.50706436421  5.488287E-17
4426.02040816327  9.392729E-17
4430.53375196232  5.963363E-17
4435.04709576138  5.505267E-17
4439.56043956044  3.689696E-17
4444.0737833595  -4.028768E-19
4448.58712715856  2.358065E-17
4453.10047095761  6.021749E-17
4457.61381475667  3.635268E-17
4462.12715855573  3.659812E-17
4466.64050235479  5.197399E-17
4471.15384615385  5.301895E-17
4475.66718995291  5.231448E-17
4480.18053375196  5.336280E-17
4484.69387755102  7.018111E-17
4489.20722135008  8.338638E-17
4493.72056514914  9.120548E-17
4498.2339089482  7.817510E-17
4502.74725274725  7.182801E-17
4507.26059654631  7.683193E-17
4511.77394034537  8.148190E-17
4516.28728414443  6.585421E-17
4520.80062794349  6.155869E-17
4525.31397174255  5.890274E-17
4529.8273155416  5.911403E-17
4534.34065934066  5.860638E-17
4538.85400313972  4.764347E-17
4543.36734693878  8.193592E-17
4547.88069073784  5.080286E-17
4552.39403453689  3.668079E-17
4556.90737833595  5.394508E-17
4561.42072213501  6.857589E-17
4565.93406593407  4.626447E-17
4570.44740973313  4.660794E-17
4574.96075353219  6.294928E-17
4579.47409733124  2.956601E-17
4583.9874411303  5.590901E-17
4588.50078492936  4.962238E-17
4593.01412872842  3.159898E-17
4597.52747252747  4.139411E-17
4602.04081632653  6.377388E-17
4606.55416012559  9.027911E-17
4611.06750392465  7.174490E-17
4615.58084772371  4.373461E-17
4620.09419152277  5.674704E-17
4624.60753532182  4.692554E-17
4629.12087912088  3.844785E-17
4633.63422291994  3.823859E-17
4638.147566719  4.033637E-17
4642.66091051806  5.584969E-17
4647.17425431711  3.813505E-17
4651.68759811617  2.944649E-17
4656.20094191523  5.286217E-17
4660.71428571429  3.989527E-17
4665.22762951335  3.866548E-17
4669.74097331241  3.252112E-17
4674.25431711146  5.096275E-17
4678.76766091052  3.622443E-17
4683.28100470958  3.093217E-17
4687.79434850864  3.913658E-17
4692.3076923077  2.659327E-17
4696.82103610675  2.555483E-17
4701.33437990581  3.647443E-17
4705.84772370487  2.284938E-17
4710.36106750393  2.791578E-17
4714.87441130299  3.591804E-17
4719.38775510204  5.486349E-17
4723.9010989011  4.997447E-17
4728.41444270016  4.502388E-17
4732.92778649922  4.914749E-17
4737.44113029828  3.126008E-17
4741.95447409733  6.541753E-17
4746.46781789639  1.133420E-16
4750.98116169545  4.326015E-17
4755.49450549451  5.473922E-17
4760.00784929357  2.414251E-17
4764.52119309262  1.533372E-17
4769.03453689168  6.578417E-17
4773.54788069074  6.694490E-17
4778.0612244898  8.399181E-17
4782.57456828886  7.914348E-17
4787.08791208792  5.705615E-17
4791.60125588698  6.845292E-17
4796.11459968603  7.052560E-17
4800.62794348509  7.914490E-17
4805.14128728415  6.281067E-17
4809.65463108321  6.190280E-17
4814.16797488227  6.688097E-17
4818.68131868132  5.994762E-17
4823.19466248038  4.796799E-17
4827.70800627944  7.358061E-17
4832.2213500785  8.033427E-17
4836.73469387755  9.268604E-17
4841.24803767661  9.349430E-17
4845.76138147567  9.609699E-17
4850.27472527473  9.267698E-17
4854.78806907379  7.868950E-17
4859.30141287285  7.372169E-17
4863.8147566719  9.335818E-17
4868.32810047096  8.987777E-17
4872.84144427002  8.474272E-17
4877.35478806908  9.688823E-17
4881.86813186814  8.704297E-17
4886.38147566719  8.669556E-17
4890.89481946625  8.087338E-17
4895.40816326531  8.769158E-17
4899.92150706437  8.823585E-17
4904.43485086343  6.860222E-17
4908.94819466249  6.403803E-17
4913.46153846154  5.767301E-17
4917.9748822606  6.782384E-17
4922.48822605966  5.311212E-17
4927.00156985872  6.964819E-17
4931.51491365778  8.524815E-17
4936.02825745683  6.540307E-17
4940.54160125589  5.659855E-17
4945.05494505495  8.024748E-17
4949.56828885401  8.298925E-17
4954.08163265307  3.869071E-17
4958.59497645212  6.042560E-17
4963.10832025118  7.846164E-17
4967.62166405024  7.621332E-17
4972.1350078493  6.928128E-17
4976.64835164836  7.185987E-17
4981.16169544741  7.543725E-17
4985.67503924647  6.002729E-17
4990.18838304553  6.656322E-17
4994.70172684459  8.767504E-17
4999.21507064365  8.879045E-17
5003.72841444271  7.148777E-17
5008.24175824177  8.788580E-17
5012.75510204082  8.757878E-17
5017.26844583988  8.356038E-17
5021.78178963894  9.628314E-17
5026.295133438  7.565093E-17
5030.80847723706  3.701757E-17
5035.32182103611  2.443635E-17
5039.83516483517  7.301411E-17
5044.34850863423  9.843420E-17
5048.86185243329  9.427925E-17
5053.37519623235  8.641490E-17
5057.8885400314  9.341621E-17
5062.40188383046  9.136562E-17
5066.91522762952  8.420387E-17
5071.42857142858  9.564016E-17
5075.94191522764  8.610935E-17
5080.45525902669  9.550727E-17
5084.96860282575  8.685870E-17
5089.48194662481  7.780152E-17
5093.99529042387  8.639299E-17
5098.50863422293  9.455538E-17
5103.02197802198  9.287875E-17
5107.53532182104  9.139240E-17
5112.0486656201  8.024778E-17
5116.56200941916  7.498343E-17
5121.07535321822  8.060743E-17
5125.58869701728  8.397585E-17
5130.10204081633  7.607091E-17
5134.61538461539  7.240520E-17
5139.12872841445  7.755655E-17
5143.64207221351  7.811141E-17
5148.15541601257  8.173946E-17
5152.66875981162  8.915029E-17
5157.18210361068  9.301635E-17
5161.69544740974  8.661188E-17
5166.2087912088  9.267378E-17
5170.72213500786  7.654226E-17
5175.23547880692  8.252702E-17
5179.74882260597  8.659157E-17
5184.26216640503  6.546852E-17
5188.77551020409  7.635575E-17
5193.28885400315  7.996037E-17
5197.80219780221  8.414683E-17
5202.31554160126  8.657874E-17
5206.82888540032  7.305975E-17
5211.34222919938  7.659080E-17
5215.85557299844  9.272511E-17
5220.3689167975  8.430710E-17
5224.88226059655  7.758169E-17
5229.39560439561  6.811765E-17
5233.90894819467  7.173194E-17
5238.42229199373  5.783420E-17
5242.93563579279  6.117132E-17
5247.44897959184  7.569222E-17
5251.9623233909  7.329675E-17
5256.47566718996  7.278827E-17
5260.98901098902  7.326382E-17
5265.50235478808  7.700365E-17
5270.01569858714  7.080360E-17
5274.52904238619  7.327959E-17
5279.04238618525  6.446890E-17
5283.55572998431  5.200898E-17
5288.06907378337  6.577378E-17
5292.58241758243  7.560182E-17
5297.09576138148  6.650896E-17
5301.60910518054  7.404561E-17
5306.1224489796  5.850144E-17
5310.63579277866  4.682989E-17
5315.14913657772  4.701434E-17
5319.66248037677  6.387614E-17
5324.17582417583  4.779041E-17
5328.68916797489  5.067873E-17
5333.20251177395  5.007326E-17
5337.71585557301  5.164061E-17
5342.22919937207  6.274138E-17
5346.74254317112  5.854878E-17
5351.25588697018  6.404781E-17
5355.76923076924  6.954278E-17
5360.2825745683  7.322164E-17
5364.79591836735  5.579315E-17
5369.30926216641  5.478184E-17
5373.82260596547  6.320032E-17
5378.33594976453  5.200165E-17
5382.84929356359  5.559981E-17
5387.36263736265  6.380040E-17
5391.8759811617  6.441881E-17
5396.38932496076  7.130845E-17
5400.90266875982  8.264671E-17
5405.41601255888  6.607437E-17
5409.92935635794  5.496216E-17
5414.442700157  5.968260E-17
5418.95604395605  5.412748E-17
5423.46938775511  5.539622E-17
5427.98273155417  6.221290E-17
5432.49607535323  5.751205E-17
5437.00941915228  7.012622E-17
5441.52276295134  7.368500E-17
5446.0361067504  5.742360E-17
5450.54945054946  5.449939E-17
5455.06279434852  6.941175E-17
5459.57613814758  7.107093E-17
5464.08948194664  6.982517E-17
5468.60282574569  6.616647E-17
5473.11616954475  6.558134E-17
5477.62951334381  5.939520E-17
5482.14285714287  6.948136E-17
5486.65620094192  5.942579E-17
5491.16954474098  6.020264E-17
5495.68288854004  5.937091E-17
5500.1962323391  6.711835E-17
5504.70957613816  8.205375E-17
5509.22291993721  7.413811E-17
5513.73626373627  6.735247E-17
5518.24960753533  7.522909E-17
5522.76295133439  7.995041E-17
5527.27629513345  7.924095E-17
5531.78963893251  7.173544E-17
5536.30298273156  7.876035E-17
5540.81632653062  8.949929E-17
5545.32967032968  8.283729E-17
5549.84301412874  8.074001E-17
5554.3563579278  7.949423E-17
5558.86970172685  8.057414E-17
5563.38304552591  8.610922E-17
5567.89638932497  1.182389E-16
5572.40973312403  5.543677E-17
5576.92307692309  4.592153E-17
5581.43642072215  9.860140E-17
5585.9497645212  7.135410E-17
5590.46310832026  6.202954E-17
5594.97645211932  8.859611E-17
5599.48979591838  8.901496E-17
5604.00313971744  8.163525E-17
5608.5164835165  8.926498E-17
5613.02982731555  7.636478E-17
5617.54317111461  7.012364E-17
5622.05651491367  9.758748E-17
5626.56985871273  8.830176E-17
5631.08320251178  7.595867E-17
5635.59654631084  9.259012E-17
5640.1098901099  9.127409E-17
5644.62323390896  7.931929E-17
5649.13657770802  9.446318E-17
5653.64992150707  8.474473E-17
5658.16326530613  8.159502E-17
5662.67660910519  8.808668E-17
5667.18995290425  8.178145E-17
5671.70329670331  9.196074E-17
5676.21664050237  9.039999E-17
5680.72998430142  8.212395E-17
5685.24332810048  7.984236E-17
5689.75667189954  9.039857E-17
5694.2700156986  1.038618E-16
5698.78335949766  9.298617E-17
5703.29670329671  9.241437E-17
5707.81004709577  9.632537E-17
5712.32339089483  9.423536E-17
5716.83673469389  9.393074E-17
5721.35007849295  8.671214E-17
5725.863422292  9.540763E-17
5730.37676609106  9.816798E-17
5734.89010989012  9.044749E-17
5739.40345368918  9.209768E-17
5743.91679748824  7.789585E-17
5748.4301412873  6.393748E-17
5752.94348508635  8.480426E-17
5757.45682888541  8.875379E-17
5761.97017268447  8.295679E-17
5766.48351648353  9.518561E-17
5770.99686028259  7.479094E-17
5775.51020408164  6.809854E-17
5780.0235478807  7.188836E-17
5784.53689167976  7.229005E-17
5789.05023547882  6.994827E-17
5793.56357927788  6.561607E-17
5798.07692307693  6.642373E-17
5802.59026687599  6.930806E-17
5807.10361067505  7.334638E-17
5811.61695447411  7.420489E-17
5816.13029827317  6.839929E-17
5820.64364207223  7.039716E-17
5825.15698587128  8.137858E-17
5829.67032967034  7.365588E-17
5834.1836734694  7.216743E-17
5838.69701726846  7.647438E-17
5843.21036106752  8.375282E-17
5847.72370486657  7.918804E-17
5852.23704866563  7.092884E-17
5856.75039246469  6.856890E-17
5861.26373626375  6.988261E-17
5865.77708006281  6.719668E-17
5870.29042386186  6.684464E-17
5874.80376766092  5.753729E-17
5879.31711145998  6.746991E-17
5883.83045525904  5.494192E-17
5888.3437990581  6.410976E-17
5892.85714285716  5.695717E-17
5897.37048665621  7.177365E-17
5901.88383045527  6.855605E-17
5906.39717425433  4.171038E-17
5910.91051805339  5.861471E-17
5915.42386185245  7.249392E-17
5919.9372056515  6.706199E-17
5924.45054945056  6.179843E-17
5928.96389324962  7.209440E-17
5933.47723704868  6.662033E-17
5937.99058084774  5.649350E-17
5942.50392464679  5.881326E-17
5947.01726844585  6.543566E-17
5951.53061224491  7.700151E-17
5956.04395604397  7.603916E-17
5960.55729984303  7.707757E-17
5965.07064364208  6.948703E-17
5969.58398744114  6.410599E-17
5974.0973312402  6.555455E-17
5978.61067503926  6.299621E-17
5983.12401883832  5.861296E-17
5987.63736263738  6.753001E-17
5992.15070643643  7.127009E-17
5996.66405023549  5.053179E-17
6001.17739403455  5.190756E-17
6005.69073783361  7.778946E-17
6010.20408163267  6.533565E-17
6014.71742543172  5.937436E-17
6019.23076923078  6.229938E-17
6023.74411302984  5.782957E-17
6028.2574568289  5.640431E-17
6032.77080062796  5.016912E-17
6037.28414442702  5.464262E-17
6041.79748822607  6.290574E-17
6046.31083202513  6.152489E-17
6050.82417582419  6.191355E-17
6055.33751962325  6.580823E-17
6059.85086342231  6.296924E-17
6064.36420722136  6.092633E-17
6068.87755102042  7.808217E-17
6073.39089481948  7.489183E-17
6077.90423861854  8.653278E-17
6082.4175824176  8.524833E-17
6086.93092621665  7.351825E-17
6091.44427001571  6.335688E-17
6095.95761381477  6.724763E-17
6100.47095761383  7.554797E-17
6104.98430141289  6.391860E-17
6109.49764521194  6.796906E-17
6114.010989011  6.343216E-17
6118.52433281006  7.986742E-17
6123.03767660912  7.342277E-17
6127.55102040818  6.600244E-17
6132.06436420723  7.509175E-17
6136.57770800629  6.862636E-17
6141.09105180535  7.235185E-17
6145.60439560441  6.207593E-17
6150.11773940347  5.576673E-17
6154.63108320252  7.811714E-17
6159.14442700158  6.587396E-17
6163.65777080064  7.470977E-17
6168.1711145997  6.687726E-17
6172.68445839876  5.959026E-17
6177.19780219782  6.597898E-17
6181.71114599687  6.686929E-17
6186.22448979593  7.525884E-17
6190.73783359499  8.366305E-17
6195.25117739405  7.334188E-17
6199.76452119311  8.449286E-17
6204.27786499217  8.919645E-17
6208.79120879122  7.712219E-17
6213.30455259028  6.253477E-17
6217.81789638934  6.410386E-17
6222.3312401884  5.654394E-17
6226.84458398746  6.139793E-17
6231.35792778651  6.398001E-17
6235.87127158557  6.808841E-17
6240.38461538463  7.224190E-17
6244.89795918369  6.621654E-17
6249.41130298275  6.446117E-17
6253.9246467818  7.124743E-17
6258.43799058086  6.367685E-17
6262.95133437992  6.684891E-17
6267.46467817898  8.676406E-17
6271.97802197804  7.346945E-17
6276.4913657771  6.228505E-17
6281.00470957615  7.661175E-17
6285.51805337521  9.209425E-17
6290.03139717427  8.130418E-17
6294.54474097333  7.185234E-17
6299.05808477239  6.116531E-17
6303.57142857144  8.830573E-17
6308.0847723705  8.628025E-17
6312.59811616956  5.420949E-17
6317.11145996862  7.976326E-17
6321.62480376768  5.940431E-17
6326.13814756673  6.742481E-17
6330.65149136579  8.613467E-17
6335.16483516485  9.332956E-17
6339.67817896391  7.409145E-17
6344.19152276297  6.170332E-17
6348.70486656202  7.232613E-17
6353.21821036108  8.220805E-17
6357.73155416014  7.860218E-17
6362.2448979592  7.462480E-17
6366.75824175826  8.069081E-17
6371.27158555732  8.619232E-17
6375.78492935637  7.336837E-17
6380.29827315543  7.608644E-17
6384.81161695449  7.961739E-17
6389.32496075355  7.905325E-17
6393.83830455261  9.598957E-17
6398.35164835166  9.228822E-17
6402.86499215072  7.877594E-17
6407.37833594978  8.632060E-17
6411.89167974884  7.956215E-17
6416.4050235479  6.892847E-17
6420.91836734695  7.395162E-17
6425.43171114601  8.162022E-17
6429.94505494507  7.469430E-17
6434.45839874413  6.273495E-17
6438.97174254319  8.099230E-17
6443.48508634225  8.126001E-17
6447.9984301413  7.962617E-17
6452.51177394036  7.890831E-17
6457.02511773942  8.032912E-17
6461.53846153848  8.968269E-17
6466.05180533754  7.385534E-17
6470.5651491366  7.232734E-17
6475.07849293565  9.054167E-17
6479.59183673471  8.067956E-17
6484.10518053377  7.434131E-17
6488.61852433283  7.642566E-17
6493.13186813189  7.052191E-17
6497.64521193094  7.374138E-17
6502.15855573  6.742094E-17
6506.67189952906  6.924727E-17
6511.18524332812  7.157877E-17
6515.69858712718  6.655290E-17
6520.21193092623  6.988461E-17
6524.72527472529  6.885115E-17
6529.23861852435  5.386968E-17
6533.75196232341  5.833404E-17
6538.26530612246  7.061641E-17
6542.77864992152  7.150763E-17
6547.29199372058  6.520649E-17
6551.80533751964  6.133581E-17
6556.3186813187  6.303280E-17
6560.83202511776  7.207241E-17
6565.34536891681  8.162663E-17
6569.85871271587  7.775992E-17
6574.37205651493  6.318773E-17
6578.88540031399  8.002932E-17
6583.39874411305  8.105639E-17
6587.9120879121  6.980985E-17
6592.42543171116  7.761858E-17
6596.93877551022  7.300192E-17
6601.45211930928  7.889749E-17
6605.96546310834  7.395182E-17
6610.4788069074  6.481426E-17
6614.99215070645  6.286527E-17
6619.50549450551  7.437456E-17
6624.01883830457  7.013693E-17
6628.53218210363  6.831491E-17
6633.04552590269  6.677020E-17
6637.55886970174  6.928735E-17
6642.0722135008  8.051439E-17
6646.58555729986  6.872886E-17
6651.09890109892  6.694063E-17
6655.61224489798  7.342134E-17
6660.12558869703  7.517063E-17
6664.63893249609  7.474587E-17
6669.15227629515  7.076557E-17
6673.66562009421  8.067858E-17
6678.17896389327  7.889224E-17
6682.69230769233  8.198000E-17
6687.20565149138  8.472738E-17
6691.71899529044  7.730695E-17
6696.2323390895  7.600227E-17
6700.74568288856  7.064420E-17
6705.25902668762  6.376264E-17
6709.77237048667  7.002820E-17
6714.28571428573  6.856704E-17
6718.79905808479  6.801358E-17
6723.31240188385  6.614617E-17
6727.82574568291  6.267094E-17
6732.33908948196  6.439921E-17
6736.85243328102  6.616652E-17
6741.36577708008  6.405066E-17
6745.87912087914  6.057257E-17
6750.3924646782  6.508174E-17
6754.90580847726  5.837965E-17
6759.41915227631  6.646030E-17
6763.93249607537  6.774776E-17
6768.44583987443  6.769323E-17
6772.95918367349  6.578814E-17
6777.47252747255  6.410322E-17
6781.9858712716  7.510471E-17
6786.49921507066  7.138917E-17
6791.01255886972  6.171605E-17
6795.52590266878  6.876155E-17
6800.03924646784  6.229209E-17
6804.5525902669  5.870964E-17
6809.06593406595  6.947462E-17
6813.57927786501  7.398814E-17
6818.09262166407  6.549859E-17
6822.60596546313  6.648567E-17
6827.11930926219  5.274022E-17
6831.63265306124  6.740044E-17
6836.1459968603  6.930853E-17
6840.65934065936  6.593795E-17
6845.17268445842  7.003427E-17
6849.68602825748  6.475854E-17
6854.19937205653  7.262865E-17
6858.71271585559  6.493555E-17
6863.22605965465  7.161431E-17
6867.73940345371  7.633125E-17
6872.25274725277  7.513412E-17
6876.76609105183  7.928948E-17
6881.27943485088  7.408560E-17
6885.79277864994  7.933086E-17
6890.306122449  8.824965E-17
6894.81946624806  9.049257E-17
6899.33281004712  7.804951E-17
6903.84615384617  7.190424E-17
6908.35949764523  7.508184E-17
6912.87284144429  8.132590E-17
6917.38618524335  7.204635E-17
6921.8995290424  6.772389E-17
6926.41287284146  7.990254E-17
6930.92621664052  8.341689E-17
6935.43956043958  8.638521E-17
6939.95290423864  7.104742E-17
6944.4662480377  7.480869E-17
6948.97959183675  7.487372E-17
6953.49293563581  7.974993E-17
6958.00627943487  8.938536E-17
6962.51962323393  8.160142E-17
6967.03296703299  7.997935E-17
6971.54631083204  8.306804E-17
6976.0596546311  7.892833E-17
6980.57299843016  8.301802E-17
6985.08634222922  8.270763E-17
6989.59968602828  7.769115E-17
6994.11302982734  8.861906E-17
6998.62637362639  8.014313E-17
7003.13971742545  9.212156E-17
7007.65306122451  8.072480E-17
7012.16640502357  7.718711E-17
7016.67974882263  7.672486E-17
7021.19309262168  7.916040E-17
7025.70643642074  7.868442E-17
7030.2197802198  7.608450E-17
7034.73312401886  7.635152E-17
7039.24646781792  8.268364E-17
7043.75981161697  8.594322E-17
7048.27315541603  7.694700E-17
7052.78649921509  7.242694E-17
7057.29984301415  8.002239E-17
7061.81318681321  8.204338E-17
7066.32653061227  7.916569E-17
7070.83987441132  9.011089E-17
7075.35321821038  9.657048E-17
7079.86656200944  1.022895E-16
7084.3799058085  9.690952E-17
7088.89324960756  8.555306E-17
7093.40659340661  8.107439E-17
7097.91993720567  7.648623E-17
7102.43328100473  7.449589E-17
7106.94662480379  7.520927E-17
7111.45996860285  8.210810E-17
7115.97331240191  6.741760E-17
7120.48665620096  7.778814E-17
7125.00000000002  7.795252E-17
7129.51334379908  6.940301E-17
7134.02668759814  7.755651E-17
7138.54003139719  8.143528E-17
7143.05337519625  8.086485E-17
7147.56671899531  8.006316E-17
7152.08006279437  7.996735E-17
7156.59340659343  7.918523E-17
7161.10675039248  8.289302E-17
7165.62009419154  8.416769E-17
7170.1334379906  9.034686E-17
7174.64678178966  7.885174E-17
7179.16012558872  6.640446E-17
7183.67346938777  7.417450E-17
7188.18681318683  7.649202E-17
7192.70015698589  6.792164E-17
7197.21350078495  6.908356E-17
7201.72684458401  7.620850E-17
7206.24018838307  8.273764E-17
7210.75353218212  8.142858E-17
7215.26687598118  8.189194E-17
7219.78021978024  7.732198E-17
7224.2935635793  8.411573E-17
7228.80690737836  9.331960E-17
7233.32025117742  8.972294E-17
7237.83359497647  9.616757E-17
7242.34693877553  1.232928E-16
7246.86028257459  8.660741E-17
7251.37362637365  8.857897E-17
7255.88697017271  8.507563E-17
7260.40031397177  9.448950E-17
7264.91365777082  9.497051E-17
7269.42700156988  9.467960E-17
7273.94034536894  1.088982E-16
7278.453689168  8.736821E-17
7282.96703296706  9.171657E-17
7287.48037676611  8.057072E-17
7291.99372056517  5.762323E-17
7296.50706436423  7.256151E-17
7301.02040816329  6.393843E-17
7305.53375196235  8.046055E-17
7310.0470957614  6.400718E-17
7314.56043956046  5.592279E-17
7319.07378335952  7.598032E-17
7323.58712715858  9.741457E-17
7328.10047095764  8.837258E-17
7332.61381475669  7.025613E-17
7337.12715855575  5.345489E-17
7341.64050235481  6.578289E-17
7346.15384615387  7.977678E-17
7350.66718995293  9.196376E-17
7355.18053375198  8.217860E-17
7359.69387755104  7.894601E-17
7364.2072213501  6.791593E-17
7368.72056514916  8.481626E-17
7373.23390894822  8.380230E-17
7377.74725274728  7.367003E-17
7382.26059654633  7.599051E-17
7386.77394034539  7.380403E-17
7391.28728414445  7.758091E-17
7395.80062794351  6.693346E-17
7400.31397174257  8.866552E-17
7404.82731554163  8.377127E-17
7409.34065934068  7.333198E-17
7413.85400313974  8.874737E-17
7418.3673469388  8.144506E-17
7422.88069073786  7.308463E-17
7427.39403453691  8.163241E-17
7431.90737833597  9.391899E-17
7436.42072213503  7.035295E-17
7440.93406593409  6.796931E-17
7445.44740973315  7.951282E-17
7449.9607535322  6.895335E-17
7454.47409733126  7.544870E-17
7458.98744113032  7.849448E-17
7463.50078492938  8.804521E-17
7468.01412872844  9.999834E-17
7472.5274725275  9.977856E-17
7477.04081632655  7.207242E-17
7481.55416012561  6.427919E-17
7486.06750392467  8.769824E-17
7490.58084772373  7.427267E-17
7495.09419152279  6.892789E-17
7499.60753532185  7.084904E-17
7504.1208791209  6.823691E-17
7508.63422291996  7.074557E-17
7513.14756671902  7.345535E-17
7517.66091051808  6.505230E-17
7522.17425431714  7.161930E-17
7526.68759811619  6.809576E-17
7531.20094191525  6.541741E-17
7535.71428571431  6.975385E-17
7540.22762951337  5.279114E-17
7544.74097331243  5.175473E-17
7549.25431711148  6.382195E-17
7553.76766091054  6.238556E-17
7558.2810047096  4.339794E-17
7562.79434850866  4.974736E-17
7567.30769230772  3.764154E-17
7571.82103610677  6.063590E-17
7576.33437990583  6.136956E-17
7580.84772370489  6.290128E-17
7585.36106750395  6.680861E-17
7589.87441130301  5.601453E-17
7594.38775510206  6.752128E-17
7598.90109890112  8.483273E-17
7603.41444270018  5.253266E-17
7607.92778649924  3.586919E-17
7612.4411302983  3.645235E-17
7616.95447409736  6.713670E-17
7621.46781789641  6.529633E-17
7625.98116169547  5.138536E-17
7630.49450549453  7.689265E-17
7635.00784929359  7.646603E-17
7639.52119309265  7.790548E-17
7644.0345368917  4.767475E-17
7648.54788069076  4.984417E-17
7653.06122448982  5.213374E-17
7657.57456828888  6.057168E-17
7662.08791208794  6.346582E-17
7666.60125588699  4.890252E-17
7671.11459968605  4.862937E-17
7675.62794348511  5.712935E-17
7680.14128728417  7.222201E-17
7684.65463108323  7.235336E-17
7689.16797488228  5.982281E-17
7693.68131868135  5.395080E-17
7698.1946624804  6.594773E-17
7702.70800627946  6.178370E-17
7707.22135007852  4.138408E-17
7711.73469387758  6.044604E-17
7716.24803767663  6.640087E-17
7720.76138147569  4.087969E-17
7725.27472527475  4.459717E-17
7729.78806907381  6.382316E-17
7734.30141287287  7.226025E-17
7738.81475667192  6.930328E-17
7743.32810047098  5.752187E-17
7747.84144427004  6.331716E-17
7752.3547880691  1.008180E-16
7756.86813186816  7.218049E-17
7761.38147566722  4.881822E-17
7765.89481946627  8.513805E-17
7770.40816326533  6.418086E-17
7774.92150706439  6.570166E-17
7779.43485086345  4.857198E-17
7783.94819466251  8.323202E-17
7788.46153846156  8.753401E-17
7792.97488226062  9.623500E-17
7797.48822605968  7.770689E-17
7802.00156985874  6.056578E-17
7806.5149136578  8.254848E-17
7811.02825745685  8.601914E-17
7815.54160125591  6.682987E-17
7820.05494505497  9.440679E-17
7824.56828885403  1.071282E-16
7829.08163265309  6.103996E-17
7833.59497645215  4.496310E-17
7838.1083202512  7.318153E-17
7842.62166405026  1.053766E-16
7847.13500784932  1.103597E-16
7851.64835164838  6.994647E-17
7856.16169544744  6.452072E-17
7860.67503924649  9.322763E-17
7865.18838304555  6.365797E-17
7869.70172684461  6.269115E-17
7874.21507064367  6.536735E-17
7878.72841444273  8.620542E-17
7883.24175824178  9.249610E-17
7887.75510204084  8.457406E-17
7892.2684458399  6.771189E-17
7896.78178963896  6.167659E-17
7901.29513343802  8.109255E-17
7905.80847723708  2.491181E-17
7910.32182103613  3.736511E-17
7914.83516483519  3.000500E-17
7919.34850863425  7.745277E-17
7923.86185243331  9.458747E-17
7928.37519623236  6.484731E-17
7932.88854003142  7.909799E-17
7937.40188383048  5.197518E-17
7941.91522762954  7.194296E-17
7946.4285714286  9.177953E-17
7950.94191522766  8.622908E-17
7955.45525902672  1.191848E-16
7959.96860282577  1.019941E-16
7964.48194662483  9.677285E-17
7968.99529042389  4.517332E-17
7973.50863422295  6.054586E-17
7978.02197802201  7.351915E-17
7982.53532182106  6.694670E-17
7987.04866562012  8.726725E-17
7991.56200941918  1.239127E-16
7996.07535321824  8.876224E-17
8000.5886970173  5.425744E-17
8005.10204081635  7.173083E-17
8009.61538461541  5.325445E-17
8014.12872841447  7.375797E-17
8018.64207221353  8.064738E-17
8023.15541601259  7.385147E-17
8027.66875981164  7.456738E-17
8032.1821036107  6.416047E-17
8036.69544740976  5.148587E-17
8041.20879120882  5.769639E-17
8045.72213500788  5.382971E-17
8050.23547880693  5.944463E-17
8054.74882260599  8.075746E-17
8059.26216640505  6.119584E-17
8063.77551020411  8.077194E-17
8068.28885400317  8.116871E-17
8072.80219780222  5.931490E-17
8077.31554160128  6.735086E-17
8081.82888540034  6.559487E-17
8086.3422291994  6.527376E-17
8090.85557299846  8.466585E-17
8095.36891679752  7.866565E-17
8099.88226059657  7.745198E-17
8104.39560439563  7.332601E-17
8108.90894819469  6.433986E-17
8113.42229199375  8.699431E-17
8117.93563579281  7.590270E-17
8122.44897959186  8.378409E-17
8126.96232339092  9.759584E-17
8131.47566718998  1.026321E-16
8135.98901098904  9.019777E-17
8140.5023547881  8.820895E-17
8145.01569858716  1.051611E-16
8149.52904238621  9.402970E-17
8154.04238618527  9.621381E-17
8158.55572998433  7.486428E-17
8163.06907378339  6.852878E-17
8167.58241758245  6.964245E-17
8172.0957613815  6.853410E-17
8176.60910518056  7.068805E-17
8181.12244897962  7.655959E-17
8185.63579277868  6.212287E-17
8190.14913657774  6.159637E-17
8194.6624803768  5.288250E-17
8199.17582417585  5.731243E-17
8203.68916797491  7.309419E-17
8208.20251177397  6.857159E-17
8212.71585557303  7.769246E-17
8217.22919937209  8.244972E-17
8221.74254317114  6.377500E-17
8226.2558869702  4.093260E-17
8230.76923076926  5.005527E-17
8235.28257456832  5.900658E-17
8239.79591836737  6.719905E-17
8244.30926216643  7.307973E-17
8248.82260596549  6.709243E-17
8253.33594976455  5.610736E-17
8257.84929356361  6.845479E-17
8262.36263736267  7.791785E-17
8266.87598116172  7.081111E-17
8271.38932496078  5.746155E-17
8275.90266875984  8.519876E-17
8280.4160125589  9.609955E-17
8284.92935635796  8.393950E-17
8289.44270015701  8.855025E-17
8293.95604395607  8.310532E-17
8298.46938775513  5.559552E-17
8302.98273155419  5.059146E-17
8307.49607535325  4.002290E-17
8312.00941915231  5.506231E-17
8316.52276295136  7.951259E-17
8321.03610675042  8.307801E-17
8325.54945054948  7.045999E-17
8330.06279434854  4.526475E-17
8334.5761381476  1.343950E-17
8339.08948194665  -6.235297E-17
8343.60282574571  -2.657351E-17
8348.11616954477  -9.941041E-18
8352.62951334383  2.520718E-17
8357.14285714289  7.008408E-17
8361.65620094194  5.997656E-17
8366.169544741  5.651368E-17
8370.68288854006  5.025863E-17
8375.19623233912  5.813072E-17
8379.70957613818  4.701315E-17
8384.22291993723  4.777123E-17
8388.7362637363  7.459841E-17
8393.24960753535  6.642528E-17
8397.76295133441  3.588651E-17
8402.27629513347  5.855954E-17
8406.78963893253  6.963713E-17
8411.30298273158  4.593928E-17
8415.81632653064  3.875031E-17
8420.3296703297  6.031280E-17
8424.84301412876  8.018390E-17
8429.35635792782  1.000067E-16
8433.86970172687  6.303805E-17
8438.38304552593  2.569761E-17
8442.89638932499  3.304526E-17
8447.40973312405  4.195477E-17
8451.92307692311  3.715749E-17
8456.43642072217  2.269518E-17
8460.94976452122  6.208737E-17
8465.46310832028  5.423905E-17
8469.97645211934  3.739091E-17
8474.4897959184  3.738746E-17
8479.00313971745  4.118573E-17
8483.51648351651  4.554216E-17
8488.02982731557  5.608539E-17
8492.54317111463  5.423616E-17
8497.05651491369  6.337455E-17
8501.56985871275  7.603100E-17
8506.0832025118  7.098396E-17
8510.59654631086  6.915149E-17
8515.10989010992  7.311956E-17
8519.62323390898  6.745143E-17
8524.13657770804  5.998712E-17
8528.64992150709  6.812465E-17
8533.16326530615  7.004839E-17
8537.67660910521  6.262671E-17
8542.18995290427  8.342046E-17
8546.70329670333  9.027956E-17
8551.21664050239  6.667638E-17
8555.72998430145  5.884141E-17
8560.2433281005  5.462938E-17
8564.75667189956  5.729971E-17
8569.27001569862  5.576437E-17
8573.78335949768  6.003177E-17
8578.29670329673  6.855572E-17
8582.81004709579  7.672242E-17
8587.32339089485  6.320660E-17
8591.83673469391  5.510829E-17
8596.35007849297  5.709475E-17
8600.86342229203  5.349081E-17
8605.37676609108  5.955840E-17
8609.89010989014  6.805378E-17
8614.4034536892  8.164062E-17
8618.91679748826  9.307366E-17
8623.43014128731  8.537275E-17
8627.94348508637  9.421338E-17
8632.45682888543  9.011785E-17
8636.97017268449  6.425705E-17
8641.48351648355  1.919202E-17
8645.9968602826  5.437557E-17
8650.51020408166  6.890231E-17
8655.02354788072  8.174882E-17
8659.53689167978  1.042865E-16
8664.05023547884  7.126602E-17
8668.5635792779  6.571979E-17
8673.07692307695  6.549284E-17
8677.59026687601  4.787946E-17
8682.10361067507  6.784426E-17
8686.61695447413  5.346561E-17
8691.13029827319  5.910912E-17
8695.64364207225  6.630316E-17
8700.1569858713  6.132337E-17
8704.67032967036  7.510532E-17
8709.18367346942  5.741262E-17
8713.69701726848  4.746822E-17
8718.21036106754  7.269636E-17
8722.72370486659  7.750007E-17
8727.23704866565  6.468938E-17
8731.75039246471  5.836229E-17
8736.26373626377  5.651484E-17
8740.77708006283  5.731069E-17
8745.29042386188  4.027110E-17
8749.80376766094  2.928752E-17
8754.31711146  2.821991E-17
8758.83045525906  3.801846E-17
8763.34379905812  7.440218E-17
8767.85714285717  9.265394E-17
8772.37048665623  7.276129E-17
8776.88383045529  7.976266E-17
8781.39717425435  8.017957E-17
8785.91051805341  8.011152E-17
8790.42386185247  6.076621E-17
8794.93720565153  2.792009E-17
8799.45054945058  5.849468E-17
8803.96389324964  7.799311E-17
8808.4772370487  7.064863E-17
8812.99058084776  7.244026E-17
8817.50392464681  1.056180E-16
8822.01726844587  4.684306E-17
8826.53061224493  1.815340E-18
8831.04395604399  4.363546E-17
8835.55729984305  2.957544E-17
8840.0706436421  4.938660E-17
8844.58398744116  7.609105E-17
8849.09733124022  8.328198E-17
8853.61067503928  7.587571E-17
8858.12401883834  4.193982E-17
8862.6373626374  2.263598E-17
8867.15070643645  2.895701E-17
8871.66405023551  4.476283E-17
8876.17739403457  5.329938E-17
8880.69073783363  6.783077E-17
8885.20408163268  6.559518E-17
8889.71742543174  5.902730E-17
8894.2307692308  6.204401E-17
8898.74411302986  5.592828E-17
8903.25745682892  4.292916E-17
8907.77080062798  1.145442E-18
8912.28414442703  -1.947714E-17
8916.79748822609  -1.182121E-17
8921.31083202515  3.092561E-17
8925.82417582421  3.891586E-17
8930.33751962327  7.465409E-17
8934.85086342233  1.037349E-16
8939.36420722138  5.349603E-17
8943.87755102044  1.156597E-17
8948.3908948195  -6.637485E-17
8952.90423861856  -6.291120E-17
8957.41758241762  -2.814532E-18
8961.93092621667  1.105787E-17
8966.44427001573  5.447950E-17
8970.95761381479  6.538998E-17
8975.47095761385  6.379544E-17
8979.98430141291  6.625179E-17
8984.49764521197  1.415198E-17
8989.01098901102  -4.980055E-17
8993.52433281008  -3.104507E-17
8998.03767660914  4.381199E-17
9002.5510204082  4.601723E-17
9007.06436420725  4.597215E-17
9011.57770800631  7.242879E-17
9016.09105180537  7.314224E-17
9020.60439560443  4.734241E-17
9025.11773940349  1.593159E-17
9029.63108320255  1.803659E-17
9034.1444270016  6.049297E-17
9038.65777080066  8.785545E-17
9043.17111459972  9.290564E-17
9047.68445839878  7.373354E-17
9052.19780219784  3.818803E-17
9056.71114599689  5.510366E-17
9061.22448979595  8.052131E-17
9065.73783359501  8.784310E-17
9070.25117739407  9.665554E-17
9074.76452119313  7.487153E-17
9079.27786499219  6.086105E-17
9083.79120879124  5.173233E-17
9088.3045525903  5.157871E-17
9092.81789638936  4.943441E-17
9097.33124018842  3.882081E-17
9101.84458398748  6.559279E-17
9106.35792778653  8.381401E-17
9110.87127158559  8.521037E-17
9115.38461538465  8.073567E-17
9119.89795918371  7.366536E-17
9124.41130298277  6.526750E-17
9128.92464678182  5.463809E-17
9133.43799058088  4.828708E-17
9137.95133437994  5.867693E-17
9142.464678179  6.300241E-17
9146.97802197806  8.486205E-17
9151.49136577711  9.221005E-17
9156.00470957617  7.585318E-17
9160.51805337523  6.839960E-17
9165.03139717429  7.378022E-17
9169.54474097335  5.370293E-17
9174.05808477241  4.463190E-17
9178.57142857146  4.717350E-17
9183.08477237052  4.948303E-17
9187.59811616958  4.329922E-17
9192.11145996864  4.001014E-17
9196.6248037677  5.430025E-17
9201.13814756676  8.235481E-17
9205.65149136581  1.026289E-16
9210.16483516487  8.883701E-17
9214.67817896393  8.023525E-17
9219.19152276299  8.230612E-17
9223.70486656205  6.059425E-17
9228.2182103611  5.572471E-17
9232.73155416016  6.941523E-17
9237.24489795922  6.398983E-17
9241.75824175828  5.066432E-17
9246.27158555733  4.808793E-17
9250.78492935639  6.787375E-17
9255.29827315545  4.216730E-17
9259.81161695451  4.809587E-17
9264.32496075357  4.282263E-17
9268.83830455263  4.432837E-17
9273.35164835168  7.885103E-17
9277.86499215074  6.590405E-17
9282.3783359498  9.315132E-17
9286.89167974886  1.257431E-16
9291.40502354792  1.819693E-16
9295.91836734697  7.220368E-17
9300.43171114603  7.730492E-17
9304.94505494509  6.455183E-17
9309.45839874415  1.365946E-16
9313.97174254321  5.681254E-17
9318.48508634227  6.200121E-17
9322.99843014132  5.945059E-17
9327.51177394038  7.958330E-18
9332.02511773944  6.965307E-17
9336.5384615385  9.028312E-17
9341.05180533756  4.781370E-17
9345.56514913661  7.985554E-17
9350.07849293567  6.455183E-17
9354.59183673473  7.985554E-17
9359.10518053379  8.495678E-17
9363.61852433285  6.200121E-17
9368.1318681319  8.495678E-17
9372.64521193096  -4.850238E-17
9377.15855573002  1.266069E-16
9381.67189952908  6.710245E-17
9386.18524332814  7.220368E-17
9390.69858712719  6.965307E-17
9395.21193092625  5.908723E-17
9399.72527472531  7.220368E-17
9404.23861852437  7.220368E-17
9408.75196232343  7.220368E-17
9413.26530612249  6.710245E-17
9417.77864992154  7.220368E-17
9422.2919937206  1.260041E-16
9426.80533751966  8.495678E-17
9431.31868131872  8.495678E-17
9435.83202511778  1.331295E-17
9440.34536891683  7.985554E-17
9444.85871271589  7.985554E-17
9449.37205651495  8.495678E-17
9453.88540031401  8.412218E-17
9458.39874411307  1.234757E-16
9462.91208791213  8.240615E-17
9467.42543171118  7.985554E-17
9471.93877551024  6.710245E-17
9476.4521193093  1.652669E-17
9480.96546310836  5.907597E-17
9485.47880690741  1.765066E-16
9489.99215070647  2.952124E-16
9494.50549450553  1.998129E-16
9499.01883830459  4.765104E-17
9503.53218210365  7.186851E-17
9508.04552590271  9.983912E-17
9512.55886970176  1.389755E-17
9517.07221350082  5.719992E-17
9521.58555729988  1.029766E-16
9526.09890109894  6.980205E-17
9530.612244898  9.310959E-17
9535.12558869705  1.323756E-16
9539.63893249611  2.080497E-16
9544.15227629517  1.299969E-16
9548.66562009423  5.304661E-17
9553.17896389328  -2.336393E-17
9557.69230769235  -4.915819E-17
9562.2056514914  -3.854304E-17
9566.71899529046  4.086503E-17
9571.23233908952  1.310286E-16
9575.74568288858  9.041567E-17
9580.25902668764  7.802961E-17
9584.7723704867  8.797215E-17
9589.28571428575  7.615841E-17
9593.79905808481  8.579145E-17
9598.31240188387  8.877208E-17
9602.82574568293  5.993498E-17
9607.33908948198  5.970854E-17
9611.85243328104  3.825851E-17
9616.3657770801  3.555709E-17
9620.87912087916  2.122136E-17
9625.39246467822  2.275319E-17
9629.90580847728  8.957385E-17
9634.41915227633  7.108201E-17
9638.93249607539  5.556134E-17
9643.44583987445  2.925608E-17
9647.95918367351  4.367905E-17
9652.47252747257  9.397721E-17
9656.98587127162  -1.626524E-17
9661.49921507068  -2.517751E-17
9666.01255886974  3.879861E-17
9670.5259026688  2.522825E-17
9675.03924646786  1.254593E-17
9679.55259026691  4.754940E-17
9684.06593406597  2.738007E-17
9688.57927786503  -1.087510E-17
9693.09262166409  4.361968E-17
9697.60596546315  8.166868E-17
9702.11930926221  1.215845E-16
9706.63265306126  7.502144E-17
9711.14599686032  9.016605E-17
9715.65934065938  1.292213E-16
9720.17268445844  8.838744E-17
9724.6860282575  9.276487E-17
9729.19937205655  9.742496E-17
9733.71271585561  1.246850E-16
9738.22605965467  7.375983E-17
9742.73940345373  2.122376E-17
9747.25274725279  1.630673E-17
9751.76609105185  -8.846269E-19
9756.2794348509  6.612062E-17
9760.79277864996  6.911300E-17
9765.30612244902  7.012928E-17
9769.81946624808  7.171643E-17
9774.33281004713  -4.714298E-19
9778.84615384619  -4.458286E-18
9783.35949764525  1.687591E-17
9787.87284144431  3.315516E-17
9792.38618524337  1.828519E-17
9796.89952904242  6.369786E-17
9801.41287284148  3.218330E-17
9805.92621664054  5.404931E-17
9810.4395604396  3.014058E-17
9814.95290423866  5.845685E-17
9819.46624803772  4.012905E-17
9823.97959183678  4.080422E-17
9828.49293563583  7.173124E-17
9833.00627943489  1.700447E-17
9837.51962323395  5.150333E-17
9842.03296703301  8.096243E-17
9846.54631083207  9.940233E-17
9851.05965463112  7.988293E-17
9855.57299843018  1.264207E-16
9860.08634222924  1.228102E-16
9864.5996860283  1.137441E-16
9869.11302982736  3.671407E-17
9873.62637362641  2.611123E-17
9878.13971742547  5.238638E-17
9882.65306122453  -1.883313E-17
9887.16640502359  -1.710912E-17
9891.67974882265  4.999380E-17
9896.1930926217  1.090212E-16
9900.70643642076  5.075806E-17
9905.21978021982  1.916073E-17
9909.73312401888  3.580648E-17
9914.24646781794  9.689685E-17
9918.75981161699  3.119255E-17
9923.27315541605  3.907518E-17
9927.78649921511  7.528709E-17
9932.29984301417  -1.990929E-17
9936.81318681323  4.864180E-17
9941.32653061228  3.902142E-17
9945.83987441134  -1.920452E-17
9950.3532182104  1.249746E-16
9954.86656200946  5.543851E-18
9959.37990580852  2.615234E-18
9963.89324960758  2.173135E-17
9968.40659340664  3.533189E-18
9972.91993720569  8.980504E-17
9977.43328100475  1.021104E-16
9981.94662480381  7.057749E-17
9986.45996860287  -1.204175E-17
9990.97331240192  3.477191E-17
9995.48665620098  -4.671956E-17
10000.  -1.626273E-16
