3615.25741789354  1.073954158025900E-13
3618.19961108458  -1.795019346920515E-13
3621.14328567417  -2.019795734744395E-13
3624.08843908762  -7.400572938753152E-14
3627.03506875372  -1.060027174544509E-13
3629.98317210475  -8.417382459449672E-14
3632.93274657644  -2.840709472393208E-14
3635.88378960799  1.504360736459195E-13
3638.83629864209  -2.221538891158861E-14
3641.79027112487  9.838856210872894E-14
3644.74570450595  -7.122004131191948E-14
3647.70259623839  2.306075998020039E-15
3650.66094377871  2.674165600194183E-15
3653.62074458689  -2.775445583807265E-14
3656.58199612635  5.628381807387499E-14
3659.54469586398  -1.870679209681290E-14
3662.5088412701  7.924476030343914E-15
3665.47442981848  -4.834630070075868E-16
3668.44145898632  7.395608775110826E-16
3671.40992625428  2.175337944918996E-15
3674.37982910644  -3.478786019592685E-16
3677.35116503031  -3.007938086026793E-15
3680.32393151685  -1.093622110595214E-14
3683.29812606043  3.373447837601837E-15
3686.27374615885  2.332607822785123E-15
3689.25078931332  7.244760042259599E-15
3692.22925302851  1.988981167402393E-15
3695.20913481245  7.221804602356058E-15
3698.19043217664  5.443632994866316E-16
3701.17314263594  1.174023663794719E-15
3704.15726370867  3.200697162075218E-15
3707.14279291651  1.736465610991073E-15
3710.12972778458  1.202456336372559E-15
3713.11806584138  2.779929522120144E-15
3716.10780461881  -9.025348870022567E-16
3719.09894165218  -1.159002169749874E-15
3722.09147448017  -7.280778106638337E-16
3725.08540064488  9.853285459481019E-16
3728.08071769176  -1.276491357006440E-15
3731.07742316968  3.606087660026718E-16
3734.07551463088  2.261674848562324E-16
3737.07498963096  1.282406161607337E-16
3740.07584572894  -4.128475377911106E-16
3743.07808048717  -3.454727372214906E-16
3746.08169147139  1.079350989803453E-16
3749.08667625072  -1.167094801937281E-16
3752.09303239764  -2.622682937660067E-16
3755.10075748797  -2.201337383006950E-16
3758.10984910092  -6.766368512674798E-17
3761.12030481905  9.620231499156297E-19
3764.13212222827  1.298473450174465E-16
3767.14529891785  -1.592183183426077E-16
3770.15983248041  -1.533874626477173E-16
3773.1757205119  1.494075195263654E-16
3776.19296061165  1.377635825935872E-16
3779.21155038229  1.637086252844600E-16
3782.23148742982  -8.939201251773171E-17
3785.25276936358  -9.263479212951109E-17
3788.27539379621  1.729166542796125E-16
3791.29935834371  1.686576535068097E-16
3794.32466062541  -8.796380247209766E-17
3797.35129826395  -1.121340729104563E-16
3800.3792688853  1.604071125404669E-17
3803.40857011876  3.635332729845204E-17
3806.43919959694  1.397782041365172E-17
3809.47115495576  5.343075228601756E-17
3812.50443383445  7.736106093739704E-17
3815.53903387558  2.697631357596108E-17
3818.57495272498  2.594045514719562E-17
3821.61218803183  -4.722933622031566E-17
3824.65073744859  -2.229096737183617E-17
3827.69059863101  6.373658892037081E-17
3830.73176923816  4.578704756065595E-17
3833.77424693239  2.778193951611220E-17
3836.81802937934  7.123387605986566E-17
3839.86311424794  -1.966606520785430E-17
3842.90949921042  4.680156142089508E-17
3845.95718194226  1.230908030795765E-17
3849.00616012226  -1.585374362019133E-17
3852.05643143248  9.033500503348706E-18
3855.10799355825  1.713830987504643E-19
3858.16084418817  3.939080812682127E-18
3861.21498101413  1.679187396830609E-17
3864.27040173127  3.794011779367986E-17
3867.327104038  8.052112745100481E-18
3870.38508563599  1.199226434308556E-17
3873.44434423017  -1.161553982234931E-17
3876.50487752873  -2.044234112551081E-17
3879.5666832431  -1.330940223042722E-17
3882.62975908799  -1.671446309786093E-17
3885.69410278133  3.115342512248239E-18
3888.7597120443  -2.811898128773214E-18
3891.82658460134  -3.649408366020651E-18
3894.89471818012  9.388175697676743E-18
3897.96411051154  9.062331056418628E-18
3901.03475932975  4.155070491919217E-18
3904.10666237212  -7.770772902339557E-18
3907.17981737925  2.262827839074549E-17
3910.25422209498  3.102496604130444E-18
3913.32987426637  -4.023881301129533E-18
3916.40677164369  8.683649426353079E-18
3919.48491198044  -3.865833555850250E-18
3922.56429303333  8.201027382441411E-19
3925.64491256229  1.682852634124832E-18
3928.72676833046  1.298400674824172E-17
3931.80985810418  1.366563748739053E-17
3934.89417965301  -1.003425504127864E-18
3937.9797307497  -1.203346620939683E-17
3941.06650917021  7.403863706751860E-18
3944.15451269368  1.050534598065616E-17
3947.24373910248  6.187598013569203E-18
3950.33418618213  -9.110276099083428E-18
3953.42585172138  8.124925318520460E-18
3956.51873351212  2.543469127808172E-18
3959.61282934948  9.116687110722232E-20
3962.70813703172  -1.484673807837233E-18
3965.80465436031  -1.260437344688143E-18
3968.90237913989  8.890770488652680E-18
3972.00130917828  4.021501916097524E-18
3975.10144228644  7.822005160758642E-18
3978.20277627853  2.128395273103044E-18
3981.30530897188  -5.952193578174879E-18
3984.40903818695  1.392249092286351E-18
3987.51396174738  -1.943929033420044E-18
3990.62007747998  3.452624373040970E-18
3993.72738321469  6.243382246899166E-18
3996.83587678462  4.693046428447168E-19
3999.94555602602  5.744986489091572E-18
4003.05641877829  5.567681151971443E-18
4006.16846288397  5.869485856677235E-18
4009.28168618876  5.941714026994446E-18
4012.39608654146  7.357195107169809E-20
4015.51166179405  9.676986428935094E-19
4018.62840980161  -2.734239104144286E-18
4021.74632842237  -1.813178868740471E-18
4024.86541551769  4.993138455694668E-18
4027.98566895203  4.222412092767772E-18
4031.10708659301  5.541745317455149E-18
4034.22966631134  2.852368767422984E-18
4037.35340598085  7.425767862962571E-19
4040.47830347851  5.683121651078730E-18
4043.60435668437  -9.867082873457436E-19
4046.73156348161  1.226975283291443E-17
4049.85992175651  3.581498492091273E-18
4052.98942939846  1.682259338830478E-18
4056.12008429993  5.529850460246636E-18
4059.25188435652  -3.520026978459700E-18
4062.38482746691  -2.317968939478253E-18
4065.51891153286  1.436511320068910E-18
4068.65413445924  6.299083348577568E-18
4071.790494154  -1.492851832360816E-18
4074.92798852819  1.077905839098874E-17
4078.06661549592  1.212825862605356E-18
4081.20637297438  8.424181893349283E-18
4084.34725888387  5.724591110318158E-18
4087.48927114772  1.335554029704389E-18
4090.63240769236  4.119145624325733E-18
4093.77666644729  8.266930412807159E-19
4096.92204534506  -8.076087437781986E-19
4100.0685423213  -7.998603232605643E-20
4103.21615531469  3.308208150666256E-18
4106.36488226697  -2.963932477794389E-18
4109.51472112294  1.480168672028540E-18
4112.66566983045  4.214345013843848E-18
4115.8177263404  2.783559334577454E-18
4118.97088860676  1.904675901234376E-19
4122.12515458649  8.172171703760382E-19
4125.28052223965  1.493852720902005E-18
4128.43698952931  -1.174278729072502E-18
4131.59455442159  2.916574526569349E-18
4134.75321488563  8.791411207834038E-18
4137.91296889362  8.360046444554981E-18
4141.07381442076  7.277201675454678E-18
4144.23574944529  7.432489119029871E-18
4147.39877194846  6.441826598163393E-18
4150.56287991456  5.911860251506793E-18
4153.72807133089  6.519824766843469E-18
4156.89434418776  5.283884996381543E-18
4160.0616964785  -1.458945699052267E-18
4163.23012619944  1.747541259953776E-18
4166.39963134992  2.976667543710102E-18
4169.57020993231  2.702690228786361E-18
4172.74185995195  -1.086376726918330E-18
4175.9145794172  2.578176799130284E-18
4179.08836633939  4.597347421839070E-18
4182.26321873289  2.821183024353969E-18
4185.43913461501  3.404272357514796E-18
4188.61611200608  1.769477676208376E-18
4191.79414892942  -5.830745473073772E-19
4194.97324341132  -8.919280716030396E-19
4198.15339348104  2.470656657785768E-19
4201.33459717085  3.022211384454236E-19
4204.51685251597  1.027543919440802E-18
4207.7001575546  1.723535134408991E-18
4210.88451032792  2.159552271645773E-18
4214.06990888005  1.689288409483225E-19
4217.25635125811  7.853722574166375E-18
4220.44383551216  -6.475469171049268E-19
4223.63235969522  4.401224552963972E-18
4226.82192186327  4.653755349350899E-19
4230.01252007526  5.416251265182893E-18
4233.20415239307  2.339612947386316E-18
4236.39681688153  3.505284965582781E-18
4239.59051160843  5.375680124088697E-18
4242.78523464448  5.472665396549314E-18
4245.98098406337  -2.901858931773243E-19
4249.17775794168  -1.505559084328432E-18
4252.37555435897  3.839779434506360E-18
4255.5743713977  6.774477695091900E-18
4258.77420714328  4.291276533124036E-18
4261.97505968403  2.885415666870243E-18
4265.17692711121  2.106977085502208E-18
4268.37980751899  2.498637799764176E-18
4271.58369900448  4.990311876143998E-19
4274.78859966768  2.383402648243954E-18
4277.99450761152  -4.111214306419844E-19
4281.20142094183  6.474275652822930E-18
4284.40933776737  4.134281375174229E-18
4287.61825619979  1.539563548732298E-18
4290.82817435363  2.786788234098554E-18
4294.03909034636  3.979953874699904E-18
4297.25100229833  3.913879100959475E-18
4300.46390833278  1.204682476269925E-18
4303.67780657587  2.082982437088424E-18
4306.89269515662  4.253315560452753E-18
4310.10857220695  2.714837582876855E-18
4313.32543586166  5.640555763937364E-18
4316.54328425844  3.148384655406976E-18
4319.76211553785  4.264743887795786E-18
4322.98192784334  3.182330493384927E-18
4326.20271932122  2.551150326976339E-18
4329.42448812066  4.827966203799467E-18
4332.64723239374  6.083056446212912E-18
4335.87095029536  2.727016783420932E-18
4339.09563998332  6.020149360628255E-18
4342.32129961824  1.674709557982130E-18
4345.54792736365  2.484112301412592E-18
4348.77552138588  -6.253171360762060E-20
4352.00407985416  -8.905649425770373E-20
4355.23360094053  2.537475790679919E-18
4358.46408281991  3.975887041218286E-18
4361.69552367005  4.180183695316326E-18
4364.92792167153  -1.177820147768783E-19
4368.16127500778  3.717718595366505E-18
4371.39558186508  1.316778270570355E-18
4374.63084043253  4.016736838781336E-19
4377.86704890205  2.300602075722549E-18
4381.10420546841  1.680249910327434E-18
4384.3423083292  2.019900402804211E-18
4387.58135568481  6.011167833537155E-18
4390.82134573849  1.468853771827004E-18
4394.06227669627  5.799735505884925E-18
4397.30414676701  2.005230768230889E-18
4400.54695416241  4.794591120444177E-18
4403.79069709693  3.407607756539762E-18
4407.03537378786  4.319015207785390E-18
4410.2809824553  2.603713725796175E-18
4413.52752132216  -1.014850212555716E-18
4416.77498861411  9.259349141511663E-19
4420.02338255966  4.464180442204771E-18
4423.27270139009  6.826004429809052E-18
4426.52294333947  6.418973665790086E-18
4429.77410664467  4.486801350416258E-18
4433.02618954534  6.385407917303602E-18
4436.27919028391  3.675483580470160E-18
4439.53310710559  3.351928575147593E-18
4442.78793825837  5.249903589637252E-18
4446.04368199302  4.077207153678989E-18
4449.30033656308  2.110322617489679E-18
4452.55790022484  6.858583351824760E-18
4455.81637123739  2.379963438052111E-18
4459.07574786255  1.707636102650262E-18
4462.33602836494  3.896452886994819E-18
4465.59721101191  4.331475029352275E-18
4468.85929407356  4.476136097188305E-18
4472.12227582277  3.256720913823352E-18
4475.38615453516  4.635877908362096E-18
4478.65092848909  1.973170902049559E-18
4481.91659596567  6.310254836340403E-18
4485.18315524875  3.397836892349133E-18
4488.45060462493  3.479223399613379E-18
4491.71894238354  5.911818892476166E-18
4494.98816681665  7.717634819789152E-18
4498.25827621905  2.975758472216906E-18
4501.52926888827  3.216066641077596E-18
4504.80114312457  4.454466033090948E-18
4508.07389723092  5.400037284405932E-18
4511.34752951302  3.922286564705463E-18
4514.62203827928  2.860848402677418E-18
4517.89742184085  4.710411017456187E-18
4521.17367851156  1.423460064364048E-18
4524.45080660799  3.375841953066194E-18
4527.72880444938  5.942570158928438E-18
4531.00767035771  2.949502105213248E-18
4534.28740265766  5.583701986075371E-18
4537.5679996766  3.672150456191878E-18
4540.84945974459  3.829529425945910E-18
4544.13178119441  3.537874640946450E-18
4547.4149623615  8.666785902000111E-19
4550.69900158402  2.863116531917038E-18
4553.9838972028  4.690409376654348E-18
4557.26964756134  1.438742743168849E-18
4560.55625100586  1.586001985308908E-18
4563.84370588522  2.140753971840046E-18
4567.13201055098  3.650260362051580E-18
4570.42116335735  3.397094911339673E-18
4573.71116266125  6.961532182911579E-18
4577.00200682222  5.167716991925516E-18
4580.29369420249  5.885215936795848E-18
4583.58622316697  4.642871720441233E-18
4586.87959208319  3.478219615940046E-18
4590.17379932136  3.413251403064059E-18
4593.46884325435  5.832579952877261E-18
4596.76472225767  6.411549719792422E-18
4600.06143470947  6.655158132502043E-18
4603.35897899057  6.560122111154908E-18
4606.65735348443  4.079778031022803E-18
4609.95655657712  4.246925176630474E-18
4613.25658665739  3.899543647353624E-18
4616.55744211661  2.783083292134929E-18
4619.85912134876  4.081548611123974E-18
4623.16162275049  4.237917593350078E-18
4626.46494472105  6.442507367807525E-18
4629.76908566232  5.385915243398121E-18
4633.07404397881  6.860986725094533E-18
4636.37981807764  5.257736576447824E-18
4639.68640636856  3.189334024836260E-18
4642.99380726392  5.676548046750773E-18
4646.30201917869  5.030351657092203E-18
4649.61104053044  4.898423794015508E-18
4652.92086973936  4.827045138187388E-18
4656.23150522824  4.214627496023036E-18
4659.54294542246  4.842925351587182E-18
4662.85518875  4.038679148697800E-18
4666.16823364145  5.739635871299273E-18
4669.48207852998  4.477373145794379E-18
4672.79672185135  4.387113678894430E-18
4676.11216204392  3.737858375330640E-18
4679.42839754862  2.536235640146549E-18
4682.74542680897  3.298274745485260E-18
4686.06324827107  2.989823437762451E-18
4689.38186038359  5.694887468111684E-18
4692.70126159777  7.211245602132149E-18
4696.02145036745  5.978668734450558E-18
4699.34242514901  5.690307369059979E-18
4702.6641844014  6.177510545999118E-18
4705.98672658614  6.838065136730384E-18
4709.31005016732  4.071513669522786E-18
4712.63415361156  4.017347815061281E-18
4715.95903538805  3.980713226502227E-18
4719.28469396856  4.757052009885295E-18
4722.61112782736  5.020786140488641E-18
4725.9383354413  4.404060955284417E-18
4729.26631528977  4.463093940470182E-18
4732.5950658547  7.971068070224372E-18
4735.92458562056  6.553421948193228E-18
4739.25487307434  6.409664575176414E-18
4742.5859267056  5.985846594215988E-18
4745.91774500639  4.622180624598831E-18
4749.25032647132  6.721622508310987E-18
4752.58366959752  4.905132642373619E-18
4755.91777288462  4.532643699963948E-18
4759.25263483481  5.475135357858397E-18
4762.58825395276  5.897569465654023E-18
4765.92462874568  5.630993142465946E-18
4769.26175772327  7.904148331488220E-18
4772.59963939778  7.083479284717210E-18
4775.93827228392  6.235201844231323E-18
4779.27765489893  5.350630200008447E-18
4782.61778576255  3.882338290612521E-18
4785.95866339702  6.495251712386357E-18
4789.30028632707  4.864863422203008E-18
4792.64265307993  5.223360190961039E-18
4795.98576218531  7.466638443438508E-18
4799.32961217542  6.451308569525089E-18
4802.67420158496  3.943505815368980E-18
4806.0195289511  9.083630130011258E-18
4809.36559281349  7.405984597842447E-18
4812.71239171428  5.003398804012775E-18
4816.05992419806  7.442325123693739E-18
4819.40818881192  6.522892366145121E-18
4822.75718410541  5.126003100815079E-18
4826.10690863055  4.703597117160281E-18
4829.45736094183  4.884571827477696E-18
4832.80853959617  3.985799146498510E-18
4836.160443153  6.225128438731651E-18
4839.51307017417  5.278029384825280E-18
4842.86641922399  4.977961345815545E-18
4846.22048886922  7.009388717250835E-18
4849.57527767908  6.114335040305687E-18
4852.93078422522  4.871452742962605E-18
4856.28700708176  4.835912514353958E-18
4859.64394482522  5.328838126770738E-18
4863.00159603459  5.491205822799077E-18
4866.35995929128  5.850492135451791E-18
4869.71903317914  4.277990771715517E-18
4873.07881628445  5.308229335399285E-18
4876.43930719589  7.343286788952763E-18
4879.80050450462  6.728099746097583E-18
4883.16240680416  9.101295399172940E-18
4886.5250126905  5.913129146566451E-18
4889.88832076201  6.684638435943128E-18
4893.25232961949  5.693041200984466E-18
4896.61703786614  5.077998914736482E-18
4899.98244410759  5.870787011780780E-18
4903.34854695186  7.401166270774323E-18
4906.71534500937  6.041033189553381E-18
4910.08283689294  6.886697980074520E-18
4913.45102121781  6.600785896477709E-18
4916.81989660157  6.794564121906526E-18
4920.18946166425  7.030688618024074E-18
4923.55971502825  5.435897218321333E-18
4926.93065531833  7.283712414056084E-18
4930.30228116169  5.392230767374965E-18
4933.67459118787  7.216712438800511E-18
4937.04758402879  6.489810518316984E-18
4940.42125831877  5.715789908600594E-18
4943.79561269447  6.287040012449102E-18
4947.17064579496  6.623286036319764E-18
4950.54635626165  6.840500356453738E-18
4953.92274273832  7.636177381787378E-18
4957.29980387112  6.852856780444056E-18
4960.67753830855  7.526809215556841E-18
4964.05594470149  7.868704469420935E-18
4967.43502170313  9.586995175348764E-18
4970.81476796907  8.232802078106566E-18
4974.19518215721  6.537058247725397E-18
4977.57626292781  9.843800841141364E-18
4980.9580089435  1.287842789639729E-17
4984.34041886922  8.227491578573973E-18
4987.72349137226  9.334516491340426E-18
4991.10722512224  6.918863311783950E-18
4994.49161879113  8.803794101603957E-18
4997.87667105321  6.024750966375888E-18
5001.26238058511  8.161829154368902E-18
5004.64874606576  7.717573608423822E-18
5008.03576617642  6.003620637628221E-18
5011.42343960069  8.832123383222672E-18
5014.81176502447  5.667567760430590E-18
5018.20074113597  6.115348336556065E-18
5021.59036662572  6.960001898778356E-18
5024.98064018656  5.312895461234696E-18
5028.37156051363  6.943172082035351E-18
5031.76312630438  4.669649624821105E-18
5035.15533625856  6.857359538108488E-18
5038.54818907821  4.868383075709420E-18
5041.94168346769  7.305876718569441E-18
5045.33581813362  6.516470963049874E-18
5048.73059178493  6.721242418819519E-18
5052.12600313285  7.051161338184764E-18
5055.52205089086  6.109283034714519E-18
5058.91873377475  6.616072194197688E-18
5062.31605050258  5.804105087470736E-18
5065.71399979469  7.673864557675907E-18
5069.11258037369  6.517951202756037E-18
5072.51179096447  6.685218703142835E-18
5075.91163029419  6.368923448466339E-18
5079.31209709225  6.109565516893706E-18
5082.71319009036  8.242916015456248E-18
5086.11490802244  5.344975593341034E-18
5089.51724962471  8.697423637913313E-18
5092.92021363562  6.386874094939352E-18
5096.32379879588  9.217074215150763E-18
5099.72800384847  6.687140657296099E-18
5103.13282753858  4.856825708190829E-18
5106.53826861367  7.261522466943736E-18
5109.94432582344  7.360960329920573E-18
5113.35099791982  5.422407970482123E-18
5116.758283657  5.249777031003532E-18
5120.16618179137  7.807827285059482E-18
5123.57469108157  7.223342291410124E-18
5126.98381028848  6.262878893937041E-18
5130.39353817519  7.367658838521028E-18
5133.80387350701  7.955865317746260E-18
5137.21481505149  6.898254934002803E-18
5140.62636157838  6.457530622092713E-18
5144.03851185965  6.584281161715438E-18
5147.45126466949  6.730522971702058E-18
5150.86461878429  7.622510703706777E-18
5154.27857298267  7.436391757159896E-18
5157.69312604541  8.320418702949405E-18
5161.10827675555  7.387220832827294E-18
5164.52402389827  8.710759443748891E-18
5167.940366261  8.857776735559779E-18
5171.35730263332  7.279205934078893E-18
5174.77483180704  6.300690974098065E-18
5178.19295257612  6.323118322046214E-18
5181.61166373675  7.763103283699965E-18
5185.03096408726  6.078114869233521E-18
5188.45085242819  8.089484765175626E-18
5191.87132756225  7.451455543295097E-18
5195.29238829431  6.477700594149205E-18
5198.71403343144  6.108869857998548E-18
5202.13626178286  8.286622584662326E-18
5205.55907215997  7.559403440413881E-18
5208.98246337633  8.500742422124741E-18
5212.40643424765  6.476698051246793E-18
5215.83098359181  7.560498627544902E-18
5219.25611022885  8.205412473663708E-18
5222.68181298097  9.272453129980574E-18
5226.1080906725  8.282590079176131E-18
5229.53494212993  9.017358900875347E-18
5232.96236618191  6.390530233246836E-18
5236.3903616592  9.218357999461444E-18
5239.81892739473  7.937877448145681E-18
5243.24806222355  8.762154656748649E-18
5246.67776498286  8.929434564844635E-18
5250.10803451199  7.305040438970150E-18
5253.53886965239  8.802301867778909E-18
5256.97026924764  1.002566063471421E-17
5260.40223214345  8.367256977954607E-18
5263.83475718765  7.812722539924571E-18
5267.26784323019  8.263106667028058E-18
5270.70148912313  8.576765283502039E-18
5274.13569372064  9.702296708113141E-18
5277.57045587903  1.010772522328560E-17
5281.00577445669  9.323300749414823E-18
5284.44164831411  9.139682369859688E-18
5287.87807631391  1.045771609380474E-17
5291.3150573208  9.435204224222834E-18
5294.75259020158  7.180316491848181E-18
5298.19067382515  7.029046664508157E-18
5301.6293070625  8.804412005521532E-18
5305.06848878671  9.229748276496296E-18
5308.50821787296  9.173787853695859E-18
5311.9484931985  8.219096522537173E-18
5315.38931364266  8.611046129628071E-18
5318.83067808686  9.316636982400094E-18
5322.27258541459  8.260920428669077E-18
5325.71503451141  8.710166355249690E-18
5329.15802426495  7.245757231649088E-18
5332.60155356493  8.043340494704354E-18
5336.04562130311  8.665493639088152E-18
5339.49022637332  8.660530555412835E-18
5342.93536767146  9.454824121171977E-18
5346.38104409547  9.749761158842048E-18
5349.82725454537  1.046349643192526E-17
5353.2739979232  1.037327915123656E-17
5356.72127313308  7.817674870251924E-18
5360.16907908116  9.160564544423589E-18
5363.61741467564  1.005688256693503E-17
5367.06627882675  8.966387204349215E-18
5370.51567044677  9.840789076531059E-18
5373.96558845003  9.165114864973244E-18
5377.41603175287  8.603661888299813E-18
5380.86699927366  8.252490631046550E-18
5384.31848993282  9.483238602393786E-18
5387.77050265277  8.538068947266195E-18
5391.22303635798  9.783594500256691E-18
5394.67608997491  1.075548457071159E-17
5398.12966243207  9.074948869482513E-18
5401.58375265996  9.009090403472265E-18
5405.03835959109  9.997577852918036E-18
5408.49348216001  9.374484204177766E-18
5411.94911930324  1.210627051101068E-17
5415.40526995933  8.598085036609981E-18
5418.86193306881  1.042460653542609E-17
5422.31910757423  8.361397230495281E-18
5425.77679242013  9.777853039624961E-18
5429.23498655303  7.946648871361193E-18
5432.69368892146  1.052489308571140E-17
5436.15289847592  1.017797932707095E-17
5439.61261416891  9.483304776842791E-18
5443.0728349549  1.021374744393836E-17
5446.53355979036  8.969828275697436E-18
5449.99478763371  9.412772740371620E-18
5453.45651744537  8.617398049551869E-18
5456.9187481877  8.262011479897036E-18
5460.38147882508  8.120720759466854E-18
5463.8447083238  8.755449530703291E-18
5467.30843565216  1.089450550754092E-17
5470.77265978039  8.846217713679962E-18
5474.2373796807  7.320876811797477E-18
5477.70259432723  7.614458927624186E-18
5481.16830269611  7.653314082537638E-18
5484.63450376538  8.747804727482078E-18
5488.10119651507  8.502700358634653E-18
5491.56837992711  7.447633141684491E-18
5495.03605298541  7.270384052846017E-18
5498.50421467581  9.207039687139879E-18
5501.97286398606  9.495159929381900E-18
5505.4419999059  9.765826660699053E-18
5508.91162142694  8.433063331586263E-18
5512.38172754277  8.927319464018337E-18
5515.85231724887  8.026518122586864E-18
5519.32338954266  9.291465876360105E-18
5522.79494342348  9.993209512103142E-18
5526.2669778926  6.296045527777969E-18
5529.73949195318  7.287321403068652E-18
5533.21248461032  7.993999171165567E-18
5536.685954871  8.386681660279192E-18
5540.15990174414  8.299200693056807E-18
5543.63432424054  8.600358956113890E-18
5547.10922137292  8.017516743161062E-18
5550.5845921559  8.035641924743327E-18
5554.06043560597  8.353859960753698E-18
5557.53675074154  6.294299763095175E-18
5561.01353658292  8.619530521171030E-18
5564.49079215227  6.913243033111958E-18
5567.96851647368  6.858833573960056E-18
5571.4467085731  7.993054530906031E-18
5574.92536747837  9.123596188487368E-18
5578.40449221919  1.025060247613066E-17
5581.88408182716  9.690755057026191E-18
5585.36413533574  9.132568616591731E-18
5588.84465178026  8.576139934958948E-18
5592.32563019792  8.865433946490181E-18
5595.80706962779  7.670947091655433E-18
5599.2889691108  7.451778143733994E-18
5602.77132768973  6.478837967491466E-18
5606.25414440923  6.731811305506108E-18
5609.73741831578  7.446922593538308E-18
5613.22114845776  6.234653837075506E-18
5616.70533388534  7.341235381033632E-18
5620.18997365059  7.543653094370259E-18
5623.67506680737  7.246857381863782E-18
5627.16061241144  8.553074003577908E-18
5630.64660952034  5.295109010113275E-18
5634.13305719349  5.787574296519172E-18
5637.61995449212  7.107757862876253E-18
5641.1073004793  5.231576989575835E-18
5644.59509421991  5.718643268123596E-18
5648.08333478069  7.286035137216131E-18
5651.57202123016  6.796082825511174E-18
5655.06115263868  5.207273182408107E-18
5658.55072807844  7.132404536407883E-18
5662.04074662343  4.570619975476563E-18
5665.53120734943  4.370105604729421E-18
5669.02210933408  5.512381646480434E-18
5672.51345165678  6.235872274117797E-18
5676.00523339875  5.506723731090573E-18
5679.49745364301  4.511915380993981E-18
5682.99011147438  5.006595857080292E-18
5686.48320597948  4.061151577989335E-18
5689.97673624671  5.713970524843283E-18
5693.47070136627  4.443413659336322E-18
5696.96510043015  5.161575175877310E-18
5700.4599325321  5.161495766538505E-18
5703.95519676769  5.430579687753535E-18
5707.45089223424  5.013795223541648E-18
5710.94701803085  5.401581630609570E-18
5714.44357325842  6.072331635980856E-18
5717.94055701959  5.410311694794454E-18
5721.43796841878  7.083900319649000E-18
5724.93580656218  5.633648805822549E-18
5728.43407055773  5.168219090557335E-18
5731.93275951515  6.785131781381582E-18
5735.43187254591  6.658772498188596E-18
5738.93140876322  6.118156614735683E-18
5742.43136728207  6.253529685063661E-18
5745.93174721918  4.522139746955443E-18
5749.43254769301  5.958042158695936E-18
5752.9337678238  6.937489351227112E-18
5756.4354067335  5.773187971305650E-18
5759.9374635458  5.150400379392023E-18
5763.43993738614  6.742306159527875E-18
5766.94282738169  5.791459150266026E-18
5770.44613266135  7.651714315232962E-18
5773.94985235575  7.565252434525243E-18
5777.45398559724  7.362971205989690E-18
5780.9585315199  9.296576198184459E-18
5784.46348925952  7.705260197825357E-18
5787.96885795362  6.127259323786522E-18
5791.47463674143  6.687780895090217E-18
5794.9808247639  7.726681694148642E-18
5798.48742116367  7.109308826524790E-18
5801.9944250851  7.009332468969181E-18
5805.50183567426  6.973805888840640E-18
5809.00965207891  7.940035562363832E-18
5812.51787344852  6.880579325083465E-18
5816.02649893425  9.138130579030539E-18
5819.53552768895  8.304314323603609E-18
5823.04495886717  8.903960710700452E-18
5826.55479162514  6.726645148990408E-18
5830.06502512078  7.124587679619256E-18
5833.57565851369  7.068211184970706E-18
5837.08669096516  5.687956521759105E-18
5840.59812163814  6.406644952350287E-18
5844.10994969727  7.506794753455508E-18
5847.62217430886  7.365850621701986E-18
5851.13479464089  7.556218795055553E-18
5854.64780986299  7.003291568955707E-18
5858.16121914647  7.267209333655038E-18
5861.67502166431  4.891014323678565E-18
5865.18921659114  4.488696834789925E-18
5868.70380310323  5.831766834335123E-18
5872.21878037852  7.119646102639864E-18
5875.73414759662  6.294003632435880E-18
5879.24990393874  5.348683016846498E-18
5882.76604858778  4.247661780965953E-18
5886.28258072826  8.445088056150947E-19
5889.79949954634  5.281158195492262E-18
5893.31680422983  7.791977677342353E-18
5896.83449396817  1.244836346104117E-17
5900.35256795242  9.013512511026975E-18
5903.87102537528  7.311027572243808E-18
5907.38986543109  6.495310442209847E-18
5910.90908731579  6.734449184479540E-18
5914.42869022694  7.229599085563476E-18
5917.94867336376  5.785704868334802E-18
5921.46903592703  5.913740019448821E-18
5924.98977711917  7.033780619153800E-18
5928.51089614423  4.774094412045727E-18
5932.03239220783  8.870797385581974E-18
5935.55426451723  8.095753139857553E-18
5939.07651228126  7.983038200868626E-18
5942.59913471037  5.548548050812786E-18
5946.12213101661  5.956933323084808E-18
5949.64550041362  6.864451784680518E-18
5953.16924211662  5.306014559309174E-18
5956.69335534244  8.179046091638578E-18
5960.21783930947  8.011949817638580E-18
5963.74269323772  8.208356409463783E-18
5967.26791634875  6.945661895679135E-18
5970.79350786572  5.982850132447015E-18
5974.31946701334  9.078652157084913E-18
5977.84579301792  6.746808503602002E-18
5981.37248510733  6.271832296887314E-18
5984.899542511  7.791607100427930E-18
5988.42696445994  6.490359766243718E-18
5991.95475018671  5.796770890569534E-18
5995.48289892544  7.205409842910588E-18
5999.01140991181  7.873411954286977E-18
6002.54028238306  9.541999031567716E-18
6006.06951557797  6.621368218069560E-18
6009.59910873688  7.628775769666253E-18
6013.12906110169  6.858325271473644E-18
6016.6593719158  7.876289715638046E-18
6020.19004042421  7.966783274651348E-18
6023.7210658734  7.013139981328762E-18
6027.25244751143  8.494751980128631E-18
6030.78418458787  6.093729557656684E-18
6034.31627635383  5.922208280969832E-18
6037.84872206195  9.752580190369627E-18
6041.38152096638  7.283748810003034E-18
6044.9146723228  8.241646293215982E-18
6048.44817538841  6.961154988552254E-18
6051.98202942195  6.266374972795995E-18
6055.51623368363  5.349600360145819E-18
6059.05078743521  7.802758322265757E-18
6062.58568993993  7.140627538877273E-18
6066.12094046256  6.125003602256090E-18
6069.65653826937  7.398754212108118E-18
6073.19248262811  6.517957820200938E-18
6076.72877280804  7.823370835949966E-18
6080.26540807994  7.908795432169544E-18
6083.80238771604  5.294436512275270E-18
6087.3397109901  6.465948012006053E-18
6090.87737717734  7.713494780823324E-18
6094.41538555447  7.025926539237607E-18
6097.95373539969  6.439120476789428E-18
6101.49242599268  7.919566150925595E-18
6105.0314566146  6.438653946923946E-18
6108.57082654806  7.006963423694831E-18
6112.11053507717  7.424830253738241E-18
6115.6505814875  6.464544700096857E-18
6119.19096506607  7.858382909737498E-18
6122.7316851014  7.990032840128375E-18
6126.27274088342  6.074820208853724E-18
6129.81413170357  6.974215343243854E-18
6133.35585685471  6.076410877171662E-18
6136.89791563117  6.283677936849380E-18
6140.44030732872  7.095925871394293E-18
6143.98303124459  7.771467734054102E-18
6147.52608667744  7.122178929675503E-18
6151.06947292739  7.189535419775085E-18
6154.61318929597  6.393238422572334E-18
6158.15723508618  6.934239772190697E-18
6161.70160960243  6.629504780164938E-18
6165.24631215058  7.162578430792593E-18
6168.79134203791  6.357311900617625E-18
6172.33669857311  6.540246201806177E-18
6175.88238106633  5.175555355410067E-18
6179.42838882911  7.410513411696173E-18
6182.97472117441  6.540564666342010E-18
6186.52137741663  6.156746244672506E-18
6190.06835687155  5.816471851218710E-18
6193.61565885638  5.731548526450342E-18
6197.16328268974  5.742184001176243E-18
6200.71122769164  5.693210773010042E-18
6204.25949318351  4.925540842446529E-18
6207.80807848815  5.068818037117757E-18
6211.35698292979  6.228667530982459E-18
6214.90620583404  6.002825717059558E-18
6218.45574652789  5.667021407635999E-18
6222.00560433974  5.479689400720808E-18
6225.55577859936  8.544863408817706E-18
6229.10626863792  5.673999916873803E-18
6232.65707378794  3.274833894491579E-18
6236.20819338334  4.874374758476449E-18
6239.75962675942  6.504411083309156E-18
6243.31137325285  5.976303825079271E-18
6246.86343220164  6.701600601584141E-18
6250.41580294522  5.088638938955751E-18
6253.96848482435  5.827967180191361E-18
6257.52147718114  5.391712952311507E-18
6261.07477935909  3.053242754941432E-18
6264.62839070305  6.012637319895354E-18
6268.1823105592  4.051093888921302E-18
6271.7365382751  5.216198874807862E-18
6275.29107319965  6.624287338451260E-18
6278.84591468308  6.088179175746454E-18
6282.40106207699  4.355048022448812E-18
6285.9565147343  5.492846949134383E-18
6289.51227200927  5.001457411115113E-18
6293.0683332575  3.617880376973192E-18
6296.62469783592  3.700749398690286E-18
6300.1813651028  4.507564824562259E-18
6303.73833441772  6.463794033690966E-18
6307.29560514159  6.980970927306574E-18
6310.85317663666  5.475376067416650E-18
6314.41104826646  6.088110106165306E-18
6317.96921939588  4.904299671496779E-18
6321.52768939108  5.569613032292060E-18
6325.08645761958  4.130275339467634E-18
6328.64552345017  5.526882536208796E-18
6332.20488625295  4.561698832570179E-18
6335.76454539934  5.459871394014958E-18
6339.32450026205  5.964798983529576E-18
6342.88475021509  4.745368497323291E-18
6346.44529463377  6.145152894797268E-18
6350.00613289466  5.612088756746659E-18
6353.56726437568  4.048993677346029E-18
6357.12868845598  6.799673616550263E-18
6360.69040451602  4.117612445060366E-18
6364.25241193754  5.843203433484280E-18
6367.81471010356  5.097931899547480E-18
6371.37729839836  5.539004454495454E-18
6374.94017620753  5.884452035500156E-18
6378.50334291789  4.248602698912732E-18
6382.06679791754  5.116740745906016E-18
6385.63054059587  4.869834777684451E-18
6389.1945703435  5.762724550147159E-18
6392.75888655233  4.755107721855490E-18
6396.32348861552  4.654720255535441E-18
6399.88837592745  4.864255444452781E-18
6403.4535478838  5.405265479467575E-18
6407.01900388148  5.076870226790654E-18
6410.58474331863  4.636814276815505E-18
6414.15076559465  5.073544960728191E-18
6417.71707011019  4.847155553239779E-18
6421.28365626712  5.021797782377792E-18
6424.85052346857  3.665157884883661E-18
6428.41767111886  5.076027743336769E-18
6431.9850986236  4.711926412338384E-18
6435.55280538957  5.797943832678135E-18
6439.12079082482  4.505678439175331E-18
6442.6890543386  6.189136983098858E-18
6446.25759534138  3.722797070737274E-18
6449.82641324486  4.899442053349561E-18
6453.39550746193  4.319518960778435E-18
6456.96487740673  5.360636603878501E-18
6460.53452249458  2.793111616291216E-18
6464.10444214201  4.114585377608727E-18
6467.67463576676  5.524125543227156E-18
6471.24510278777  5.743757298701317E-18
6474.81584262519  4.936577913359823E-18
6478.38685470033  5.439028924120457E-18
6481.95813843574  4.297034123777712E-18
6485.52969325513  3.708869830763719E-18
6489.1015185834  4.395534791120526E-18
6492.67361384665  4.802412526726172E-18
6496.24597847214  3.913626810872645E-18
6499.81861188834  3.192412791076182E-18
6503.39151352487  4.424191636261815E-18
6506.96468281254  4.952731096361759E-18
6510.53811918333  3.965658952944068E-18
6514.11182207038  4.492352559507102E-18
6517.685790908  4.230398521581972E-18
6521.26002513167  3.138421678519081E-18
6524.83452417802  4.861822706271262E-18
6528.40928748486  3.607505050549939E-18
6531.98431449114  4.111775445067886E-18
6535.55960463695  4.621872086230348E-18
6539.13515736356  3.509513512874152E-18
6542.71097211336  3.564449886076249E-18
6546.28704832991  3.517912291223709E-18
6549.86338545789  3.188552959542857E-18
6553.43998294314  4.948327186780526E-18
6557.01684023261  3.008114055467224E-18
6560.59395677442  5.857221663325216E-18
6564.1713320178  3.046634822618053E-18
6567.7489654131  4.225567786804662E-18
6571.32685641182  3.210360749212205E-18
6574.90500446657  4.728544884434881E-18
6578.48340903107  2.841392287489558E-18
6582.06206956019  3.402696992038188E-18
6585.64098550989  3.606930160024216E-18
6589.22015633724  3.139258992094138E-18
6592.79958150044  1.922469073198274E-18
6596.37926045879  3.744594107058658E-18
6599.95919267268  3.042415787903726E-18
6603.53937760363  4.940803565519050E-18
6607.11981471423  3.002758061000943E-18
6610.7005034682  4.867287474988094E-18
6614.28144333031  4.006264422033684E-18
6617.86263376647  3.629953078013404E-18
6621.44407424364  3.241931131266057E-18
6625.02576422988  3.894998703477951E-18
6628.60770319435  4.277176412402457E-18
6632.18989060727  4.341746958198958E-18
6635.77232593995  4.050417255180233E-18
6639.35500866475  3.443438945928876E-18
6642.93793825515  3.434053341108542E-18
6646.52111418565  4.991875764489607E-18
6650.10453593185  4.061148682857190E-18
6653.68820297041  4.107267310729472E-18
6657.27211477903  3.967222324301794E-18
6660.85627083651  3.318729060877317E-18
6664.44067062266  3.907434536807073E-18
6668.02531361839  5.144128282397341E-18
6671.61019930562  2.614439570003996E-18
6675.19532716734  4.824902326810570E-18
6678.78069668759  3.342884802715398E-18
6682.36630735145  4.409285428033301E-18
6685.95215864503  6.227458192926908E-18
6689.53825005548  5.021177396918377E-18
6693.12458107101  5.075335393164062E-18
6696.71115118082  3.388186176142477E-18
6700.29795987518  3.536056911550365E-18
6703.88500664537  4.398176392406714E-18
6707.47229098369  4.998929960753459E-18
6711.05981238347  4.033629624648470E-18
6714.64757033905  3.069460458031147E-18
6718.2355643458  3.416034038644688E-18
6721.8237939001  3.018817565798507E-18
6725.41225849933  4.016489201585452E-18
6729.00095764189  4.766046771866197E-18
6732.58989082718  3.790520001848216E-18
6736.17905755562  3.949452416792623E-18
6739.7684573286  3.830627094618768E-18
6743.35808964853  5.142631499078925E-18
6746.94795401882  4.189262829719709E-18
6750.53804994384  4.329471184318367E-18
6754.12837692899  5.458678599571655E-18
6757.71893448064  5.099443158526613E-18
6761.30972210613  2.743005150685817E-18
6764.90073931381  2.885965948772745E-18
6768.49198561298  5.861527965594168E-18
6772.08346051394  4.340583115077097E-18
6775.67516352796  5.452857729601120E-18
6779.26709416726  4.063895749671479E-18
6782.85925194506  4.680457980295028E-18
6786.45163637553  3.705620251727305E-18
6790.04424697379  3.616655322486001E-18
6793.63708325594  4.283160650543973E-18
6797.23014473904  3.877649003719958E-18
6800.82343094108  3.931033999683211E-18
6804.41694138103  4.257628066576298E-18
6808.0106755788  4.915442621528481E-18
6811.60463305524  4.354903679431921E-18
6815.19881333215  4.677078533902443E-18
6818.79321593227  5.310089251006612E-18
6822.38784037929  2.533366977782215E-18
6825.98268619782  1.663145986608945E-18
6829.5777529134  3.553336300956292E-18
6833.17304005253  4.857465118804332E-18
6836.76854714261  4.396248234398853E-18
6840.36427371198  6.295079380822505E-18
6843.96021928989  4.173868584929791E-18
6847.55638340653  3.574888905406668E-18
6851.15276559298  3.374939912608205E-18
6854.74936538127  3.718891537475105E-18
6858.34618230431  3.548941903952105E-18
6861.94321589594  2.064667624350733E-18
6865.54046569089  3.966273961729502E-18
6869.13793122481  6.363341633692831E-18
6872.73561203425  2.712820709748297E-18
6876.33350765665  4.597870199986203E-18
6879.93161763035  4.576506192715489E-18
6883.52994149458  2.542940972987057E-18
6887.12847878947  4.034315357376277E-18
6890.72722905604  4.934347007247768E-18
6894.32619183617  4.479145793847081E-18
6897.92536667266  4.007684691145438E-18
6901.52475310916  5.310846948447709E-18
6905.1243506902  3.846123909804643E-18
6908.72415896122  3.837467051103969E-18
6912.32417746848  4.423069565760885E-18
6915.92440575915  5.058286373558731E-18
6919.52484338124  5.292813997503746E-18
6923.12548988365  5.272041837961316E-18
6926.72634481611  3.897661811460065E-18
6930.32740772925  3.862955380908872E-18
6933.92867817451  3.858626331173076E-18
6937.53015570421  4.086091073457808E-18
6941.13183987152  3.249374102417809E-18
6944.73373023045  3.006237803042801E-18
6948.33582633587  5.615377213271863E-18
6951.93812774346  3.020405132189150E-18
6955.54063400979  4.559734278615364E-18
6959.14334469221  4.579326465013989E-18
6962.74625934896  3.294481501991245E-18
6966.34937753907  1.968172249607901E-18
6969.95269882242  4.934253122248242E-18
6973.55622275971  2.621746056354678E-18
6977.15994891247  2.656685751838611E-18
6980.76387684304  1.721746356334346E-18
6984.36800611459  5.115073563381415E-18
6987.97233629109  3.944037278912544E-18
6991.57686693736  2.942506638772886E-18
6995.18159761898  2.995001174806727E-18
6998.78652790237  4.499625545042975E-18
7002.39165735475  4.298161157362316E-18
7005.99698554415  3.134885274605264E-18
7009.60251203937  3.049546084783933E-18
7013.20823641004  2.389416251297215E-18
7016.81415822657  4.058164628797405E-18
7020.42027706017  3.934603284026377E-18
7024.02659248283  3.999292530240781E-18
7027.63310406731  4.143931264200272E-18
7031.23981138721  4.099786702859848E-18
7034.84671401684  4.673240002269891E-18
7038.45381153134  3.492597669347442E-18
7042.06110350661  3.405030675341354E-18
7045.66858951931  2.246772470180049E-18
7049.27626914689  4.099825993938945E-18
7052.88414196756  3.557699265097203E-18
7056.49220756029  3.704321578165596E-18
7060.10046550482  3.327667574576565E-18
7063.70891538165  3.334266614708360E-18
7067.31755677203  3.355955083574348E-18
7070.92638925796  4.064087655573590E-18
7074.53541242222  2.804575098810282E-18
7078.1446258483  2.287142192795086E-18
7081.75402912047  3.665899865893121E-18
7085.36362182371  3.435673787928534E-18
7088.97340354378  5.004759929710732E-18
7092.58337386715  4.991595763852258E-18
7096.19353238102  3.994698782708967E-18
7099.80387867336  4.456749878762206E-18
7103.41441233282  5.112400115641644E-18
7107.02513294883  3.780002400359603E-18
7110.63604011151  3.914578482167388E-18
7114.24713341171  3.576757506410425E-18
7117.858412441  2.757433041725120E-18
7121.46987679167  3.611968103544970E-18
7125.08152605672  4.646588656523739E-18
7128.69335982986  2.622387741714865E-18
7132.30537770552  3.790872380789163E-18
7135.91757927883  3.521386449796431E-18
7139.52996414561  4.364776080042742E-18
7143.14253190241  3.287655400781304E-18
7146.75528214644  2.749347764827719E-18
7150.36821447565  3.579380909723137E-18
7153.98132848864  4.380847372164035E-18
7157.59462378473  3.183207925219692E-18
7161.20809996391  4.363298735468721E-18
7164.82175662687  3.430384588296715E-18
7168.43559337497  3.754717970575697E-18
7172.04960981025  2.372771309421116E-18
7175.66380553543  4.399301358039787E-18
7179.27818015391  4.432686367562427E-18
7182.89273326975  2.613299921915052E-18
7186.50746448768  3.056673072941690E-18
7190.12237341311  2.922353003533492E-18
7193.7374596521  4.084985546569130E-18
7197.35272281137  4.091059120216801E-18
7200.9681624983  3.878109329730843E-18
7204.58377832094  4.018170032590161E-18
7208.19956988797  3.526761469416801E-18
7211.81553680873  3.120510529920317E-18
7215.43167869321  3.764684256186041E-18
7219.04799515204  2.500360610184971E-18
7222.6644857965  2.337516251328647E-18
7226.28115023849  3.086521264960206E-18
7229.89798809057  3.463051605047660E-18
7233.51499896593  8.058504162898525E-19
7237.13218247837  9.030475503848599E-19
7240.74953824234  3.070327136517950E-18
7244.36706587291  2.114676896234159E-18
7247.98476498576  4.230730634597912E-18
7251.60263519723  4.176698783395641E-18
7255.22067612423  3.815712200993825E-18
7258.83888738431  4.652084444513541E-18
7262.45726859563  3.311154154417863E-18
7266.07581937696  3.471557089696237E-18
7269.69453934767  9.232818357339789E-19
7273.31342812775  4.240523212279621E-18
7276.93248533778  -2.082086393689875E-18
7280.55171059893  6.080459512679803E-18
7284.17110353298  5.650395904504296E-18
7287.79066376231  3.673948746843568E-18
7291.41039090988  5.084784690891561E-18
7295.03028459924  1.686065403623988E-18
7298.65034445452  2.669282265001721E-18
7302.27057010044  3.264188700393480E-18
7305.89096116231  3.624540835265469E-18
7309.511517266  4.807053113360170E-19
7313.13223803797  3.735117512370946E-18
7316.75312310524  9.727503382919472E-19
7320.3741720954  5.039034158391865E-18
7323.99538463661  4.428234481505667E-18
7327.61676035761  4.880516057536771E-19
7331.23829888768  4.140518316992879E-18
7334.85999985667  4.199110414912153E-18
7338.48186289497  6.376827986399896E-18
7342.10388763355  3.910505444831177E-18
7345.72607370392  4.289269792957982E-18
7349.34842073812  3.912448078499758E-18
7352.97092836877  3.757063441202590E-18
7356.593596229  1.187462954060832E-18
7360.2164239525  2.225186364914865E-18
7363.83941117349  2.743197470178235E-18
7367.46255752674  5.632543692524176E-18
7371.08586264752  4.218847357917974E-18
7374.70932617166  5.315260370605986E-18
7378.3329477355  2.401709189175518E-18
7381.95672697592  2.313395251076294E-18
7385.5806635303  3.906802570819082E-18
7389.20475703656  3.895526858299067E-18
7392.82900713312  1.337170650814048E-18
7396.45341345892  3.481519239403519E-18
7400.07797565342  2.658209211731780E-18
7403.70269335656  5.373369395047530E-18
7407.32756620883  3.930770129067806E-18
7410.95259385117  3.426156247800498E-18
7414.57777592507  3.017796824922617E-18
7418.20311207248  4.439870017592143E-18
7421.82860193586  1.880004308886793E-18
7425.45424515817  3.273139828597070E-18
7429.08004138285  2.116455748141453E-18
7432.70599025383  4.569035097422911E-18
7436.33209141551  4.490151431897099E-18
7439.95834451279  4.425288477754058E-18
7443.58474919104  4.331120996050104E-18
7447.21130509611  2.367124354174370E-18
7450.83801187432  2.321447854339498E-18
7454.46486917246  3.647399557903066E-18
7458.0918766378  2.127581740970598E-18
7461.71903391805  2.057271595698744E-18
7465.3463406614  6.023046870916452E-19
7468.97379651652  2.726530608015904E-18
7472.60140113248  3.571102486152706E-18
7476.22915415887  2.672259908411759E-18
7479.85705524568  3.728682460795589E-18
7483.48510404339  4.017084358036184E-18
7487.11330020289  3.806791471677746E-18
7490.74164337554  2.565033519582276E-18
7494.37013321314  2.070690739981039E-18
7497.9987693679  2.306991839159368E-18
7501.62755149251  2.615337060968616E-18
7505.25647924005  2.294347763111035E-18
7508.88555226407  3.445008107550888E-18
7512.51477021851  3.083914612054900E-18
7516.14413275777  2.979397032936374E-18
7519.77363953665  1.636963445474958E-18
7523.40329021037  3.921673623871560E-18
7527.03308443459  3.696760733776555E-18
7530.66302186534  6.319063896273789E-18
7534.29310215912  2.630734614480985E-18
7537.92332497279  3.755206007137102E-18
7541.55368996364  1.284153233235498E-18
7545.18419678936  3.741164202648708E-18
7548.81484510804  1.687803206693385E-18
7552.44563457817  3.751379056033126E-18
7556.07656485862  2.591631718974072E-18
7559.70763560869  1.914786840054341E-18
7563.33884648803  2.131694689771365E-18
7566.97019715671  5.705598733261211E-19
7570.60168727515  2.920550576978739E-18
7574.2333165042  4.748609390963273E-18
7577.86508450503  3.298338231597273E-18
7581.49699093925  1.339626963643024E-18
7585.12903546879  2.806569017676841E-18
7588.76121775599  -2.360253378416198E-19
7592.39353746354  4.652493898916755E-18
7596.0259942545  1.010208488548375E-18
7599.6585877923  -1.715771527372298E-18
7603.29131774071  2.641387459999749E-18
7606.92418376389  3.023806033578873E-19
7610.55718552633  3.226410121047265E-18
7614.19032269289  6.898886899990794E-19
7617.82359492876  2.180274800351451E-18
7621.4570018995  1.987114685635366E-18
7625.090543271  -1.151649859247619E-18
7628.7242187095  4.027088693954706E-18
7632.35802788158  2.283576423969523E-18
7635.99197045414  3.324317286300573E-18
7639.62604609444  -9.130832157690832E-19
7643.26025447005  2.457814368583152E-18
7646.89459524889  3.200460638050865E-18
7650.52906809918  1.859170937979032E-18
7654.16367268949  3.739821274924228E-18
7657.79840868869  4.339089226890827E-18
7661.43327576598  1.969888442583795E-18
7665.06827359087  2.724579495746044E-18
7668.70340183319  1.690936256661006E-18
7672.33866016307  4.153229601465980E-18
7675.97404825095  2.786359961336406E-18
7679.60956576758  3.114445228078772E-18
7683.24521238401  4.375467389459990E-18
7686.88098777159  2.232989159633077E-18
7690.51689160196  2.815588801871273E-18
7694.15292354706  2.726646620096814E-18
7697.78908327912  1.957655268504749E-18
7701.42537047067  1.409906503232214E-18
7705.0617847945  1.490873526528319E-18
7708.69832592372  1.712975553504293E-18
7712.33499353167  7.565663543289682E-18
7715.97178729202  3.694423534955787E-18
7719.60870687869  3.173283412230281E-18
7723.24575196586  6.880978439729021E-18
7726.88292222801  4.583414805191533E-18
7730.52021733987  2.216130184773481E-18
7734.15763697643  3.565150508055081E-18
7737.79518081297  2.868447710964943E-18
7741.43284852498  2.914417446326964E-18
7745.07063978825  9.392749592873855E-19
7748.7085542788  1.929263741544938E-18
7752.34659167293  1.474616532359508E-18
7755.98475164715  6.944074536083646E-18
7759.62303387824  5.912958333769958E-18
7763.26143804322  7.322244658337910E-19
7766.89996381934  2.935849075612754E-18
7770.5386108841  2.273078881610767E-18
7774.17737891525  2.044822527479821E-18
7777.81626759072  2.625976464802426E-18
7781.45527658872  1.765035302728660E-18
7785.09440558768  4.230653293210638E-18
7788.73365426624  2.201203090234502E-18
7792.37302230325  3.306330243880607E-18
7796.01250937782  4.351436965484712E-18
7799.65211516924  5.328172659967939E-18
7803.29183935702  4.012137404382810E-18
7806.93168162091  4.476563749564997E-18
7810.57164164082  -8.800290784914642E-19
7814.21171909691  6.596180982007626E-18
7817.85191366951  -2.847493158097443E-18
7821.49222503917  1.061907070037786E-18
7825.13265288665  2.510721254152350E-18
7828.77319689286  3.514743362297018E-18
7832.41385673895  3.221207982174920E-18
7836.05463210623  3.774656745650981E-18
7839.6955226762  2.541362298787999E-18
7843.33652813057  3.521005533124350E-18
7846.97764815121  3.245605053956712E-18
7850.61888242015  5.396643362352629E-18
7854.26023061964  3.925663943146517E-18
7857.90169243208  4.719429354084547E-18
7861.54326754003  6.134944245267446E-18
7865.18495562624  2.069807104291679E-18
7868.82675637361  6.742507888199762E-19
7872.46866946522  5.315507284018834E-18
7876.11069458429  5.047796896210947E-18
7879.75283141421  3.224727428886179E-18
7883.39507963852  1.272582010441647E-18
7887.03743894092  8.243646312539558E-19
7890.67990900525  2.709630274125680E-18
7894.3224895155  4.085961619691943E-18
7897.9651801558  2.591558306694708E-18
7901.60798061044  3.536913457074664E-18
7905.25089056383  1.256022991951677E-18
7908.89390970051  2.888852809110554E-18
7912.53703770518  2.883625648024678E-18
7916.18027426264  5.415724351132695E-18
7919.82361905785  3.980592458132795E-18
7923.46707177587  7.422304871328117E-18
7927.1106321019  3.016787871370456E-18
7930.75429972124  3.134754373273327E-18
7934.39807431932  2.970025490186454E-18
7938.0419555817  6.153976843981677E-18
7941.68594319402  2.286076370575812E-18
7945.33003684205  2.731372302936330E-18
7948.97423621167  3.100200557545149E-18
7952.61854098885  1.643539841537484E-18
7956.26295085967  2.271346765408081E-18
7959.9074655103  -2.447560224119639E-19
7963.55208462702  1.619499698190008E-18
7967.19680789619  5.040171945324432E-18
7970.84163500427  6.948865566191555E-18
7974.48656563781  2.297496839703025E-18
7978.13159948343  4.751197225509645E-18
7981.77673622785  1.980255290405769E-18
7985.42197555785  5.025187982118342E-18
7989.06731716032  -1.446915080825719E-18
7992.71276072219  9.403795555978733E-19
7996.35830593048  5.103564585928658E-18
8000.00395247227  3.482923378493328E-18
8003.64970003472  9.790630705342220E-19
8007.29554830504  2.330925276207825E-18
8010.94149697052  1.562920027303498E-18
8014.58754571848  3.443964205617846E-18
8018.23369423631  1.527112619356997E-18
8021.87994221147  3.465036838517788E-18
8025.52628933145  -3.791738283794141E-19
8029.17273528379  3.132169847449405E-18
8032.81927975608  8.488014077051504E-19
8036.46592243595  3.665752627744087E-18
8040.11266301107  2.261530406283760E-18
8043.75950116914  1.745665421119659E-18
8047.40643659792  2.220854006456618E-18
8051.05346898517  2.337918467901501E-18
8054.7005980187  1.347871266013187E-18
8058.34782338634  3.637499860332031E-18
8061.99514477595  1.034779475053956E-18
8065.64256187538  2.035117010557583E-18
8069.29007437254  3.288230911692488E-18
8072.93768195535  1.973747446936508E-18
8076.5853843117  3.045773520805232E-18
8080.23318112955  2.016334840773801E-18
8083.88107209684  2.353429965543249E-18
8087.52905690149  3.906699173242514E-18
8091.17713523147  2.114088770818633E-18
8094.82530677472  1.341584589960207E-18
8098.47357121918  2.580996244248171E-18
8102.12192825279  1.296760809939301E-18
8105.77037756348  1.567149505173058E-18
8109.41891883917  1.388638759105287E-18
8113.06755176776  2.783090736760442E-18
8116.71627603715  3.086994412270587E-18
8120.3650913352  3.023141962643358E-19
8124.01399734976  2.261327540238531E-18
8127.66299376866  2.692660457064001E-18
8131.31208027968  9.786353147599557E-19
8134.9612565706  1.330265450458032E-18
8138.61052232915  2.084905838807762E-18
8142.25987724304  1.003961413767222E-18
8145.90932099991  5.574073913937983E-19
8149.55885328739  1.673290426243719E-18
8153.20847379307  2.262414662358579E-18
8156.85818220446  2.586520363173953E-18
8160.50797820906  2.219466204183908E-18
8164.1578614943  2.576253397410945E-18
8167.80783174755  2.586531116521916E-18
8171.45788865614  7.279659332452149E-19
8175.10803190733  1.121618653518575E-18
8178.75826118831  1.744238741358158E-18
8182.40857618624  5.722424103908421E-19
8186.05897658816  -5.284026651061443E-19
8189.7094620811  1.832947968392605E-19
8193.36003235196  1.796272537790806E-18
8197.0106870876  2.050672348771796E-18
8200.6614259748  1.748558692107216E-18
8204.31224870025  8.745759937007848E-19
8207.96315495055  1.327515591909176E-18
8211.61414441223  2.569997223643054E-18
8215.26521677173  2.315834606702713E-18
8218.91637171539  2.212143794606435E-18
8222.56760892945  1.307830968077098E-18
8226.21892810007  1.489215959978339E-18
8229.87032891331  1.541303212958073E-18
8233.52181105511  1.513192307021071E-18
8237.17337421133  1.909196546679554E-18
8240.82501806769  -1.357824084089184E-19
8244.47674230984  1.026767093448038E-18
8248.12854662328  1.740628511574670E-18
8251.78043069342  1.805567773129217E-18
8255.43239420555  1.989037053378939E-18
8259.08443684481  8.583127956773795E-19
8262.73655829626  2.983178902696966E-18
8266.38875824481  2.476224307091286E-18
8270.04103637524  2.264184001688831E-18
8273.69339237219  2.267600464413828E-18
8277.3458259202  2.056903707121311E-18
8280.99833670364  2.898503938907516E-18
8284.65092440675  3.039049783196095E-18
8288.30358871364  3.803830992265420E-18
8291.95632930825  1.692952716199258E-18
8295.60914587441  1.358017463406763E-18
8299.26203809576  1.446550811163466E-18
8302.91500565581  5.151732553768541E-18
8306.5680482379  4.016391180682865E-18
8310.22116552524  -1.188525777750386E-18
8313.87435720084  9.960251327776580E-19
8317.52762294758  4.701125087899667E-18
8321.18096244816  2.745230990316620E-19
8324.8343753851  1.792698910749424E-18
8328.48786144077  3.563091241920130E-18
8332.14142029735  3.291422381290871E-18
8335.79505163685  2.097029618250799E-18
8339.4487551411  8.364622252607261E-20
8343.10253049175  7.411883119392986E-19
8346.75637737024  -1.885096225942516E-18
8350.41029545788  6.661398383043144E-18
8354.06428443573  6.064972623661279E-18
8357.71834398467  2.959951050711018E-18
8361.37247378543  2.621360796984381E-18
8365.02667351848  2.135370266823244E-18
8368.68094286411  4.994732846325364E-18
8372.33528150243  3.667597654100386E-18
8375.98968911332  8.808541911524859E-19
8379.64416537646  4.910690055319057E-18
8383.2987099713  3.141195215112971E-18
8386.9533225771  3.809980666529444E-18
8390.6080028729  2.353775727039296E-18
8394.2627505375  -2.725346085378728E-18
8397.9175652495  -2.654000516775111E-18
8401.57244668725  1.274419902365163E-18
8405.22739452891  2.018981611938818E-18
8408.88240845238  2.015224144006295E-18
8412.53748813533  3.704032892131815E-18
8416.1926332552  3.788911962737413E-18
8419.84784348919  4.375179944197127E-18
8423.50311851425  3.041828489668813E-18
8427.15845800712  5.377573954101137E-18
8430.81386164424  -2.172341466192820E-19
8434.46932910184  -4.371694205095830E-18
8438.1248600559  4.034932847703545E-18
8441.78045418211  4.976884666850730E-19
8445.43611115595  2.407307547561277E-18
8449.09183065259  -2.018796323481606E-18
8452.74761234698  5.308517194252454E-18
8456.40345591378  4.266889594304748E-18
8460.0593610274  4.196685534946454E-18
8463.71532736196  5.123571189814173E-18
8467.37135459131  1.976045432226363E-19
8471.02744238905  3.419848995629782E-18
8474.68359042847  7.605850252194194E-19
8478.33979838259  1.718249760487507E-18
8481.99606592413  2.179999969592930E-18
8485.65239272557  -1.107774008821653E-20
8489.30877845905  3.191864577125214E-18
8492.96522279645  -8.072693412331107E-19
8496.62172540933  -3.565627377678218E-18
8500.27828596897  3.100230129252047E-18
8503.93490414635  2.304944153552993E-18
8507.59157961214  4.936580808491967E-18
8511.24831203671  4.430187041341598E-18
8514.90510109012  3.200805779161453E-18
8518.56194644211  1.513544582564442E-18
8522.21884776213  1.155129601289476E-18
8525.87580471929  2.482938118533073E-18
8529.53281698239  -1.227360382395496E-19
8533.18988421992  3.017441550849525E-18
8536.84700610002  1.626315666437445E-18
8540.50418229053  2.787661530030258E-18
8544.16141245894  1.014692221058719E-18
8547.81869627242  5.214582977481239E-18
8551.4760333978  4.892545434992401E-18
8555.13342350158  2.687556752684550E-18
8558.7908662499  3.356727256676166E-18
8562.44836130859  1.410850833299020E-18
8566.1059083431  1.541034172463840E-18
8569.76350701856  3.340136701925344E-19
8573.42115699973  3.010269739842326E-19
8577.07885795102  2.462107229167149E-18
8580.73660953649  3.318819016768934E-18
8584.39441141984  1.275175945445036E-18
8588.0522632644  1.043673941385586E-18
8591.71016473315  1.526117521080095E-18
8595.36811548868  4.590121999188419E-18
8599.02611519324  -1.002578509954701E-19
8602.68416350869  3.248685060967552E-18
8606.34226009652  1.718819687929556E-18
8610.00040461783  1.977667455859397E-18
8613.65859673336  1.694428716604782E-18
8617.31683610345  2.266340254750603E-18
8620.97512238806  2.328673690580455E-18
8624.63345524677  6.116427419514534E-20
8628.29183433876  -1.799331451696027E-18
8631.95025932282  2.980840669900432E-18
8635.60872985733  3.449987941633610E-18
8639.2672456003  8.387064438107650E-19
8642.92580620931  2.630340256123950E-18
8646.58441134155  -8.212872091825287E-19
8650.2430606538  3.554007558023379E-18
8653.90175380242  -2.114559022996870E-18
8657.56049044338  3.391739123668545E-18
8661.21927023222  4.514094588317752E-18
8664.87809282406  2.866798933208971E-18
8668.5369578736  1.686623026754425E-18
8672.19586503513  -4.642062634404579E-19
8675.8548139625  3.328676114538421E-18
8679.51380430914  3.019570506951084E-18
8683.17283572804  5.387621717001818E-19
8686.83190787176  3.136859754727428E-18
8690.49102039243  1.942904156641090E-18
8694.15017294173  2.033154524554301E-18
8697.80936517091  1.504588387879601E-18
8701.46859673077  1.261269695179525E-18
8705.12786727165  1.702999651919326E-18
8708.78717644347  -7.452578854566947E-19
8712.44652389566  1.281277953426263E-18
8716.10590927723  5.961248724340499E-19
8719.7653322367  1.017708018174511E-18
8723.42479242217  1.550274813881823E-18
8727.08428948122  1.928229972574400E-18
8730.74382306102  8.911293253240428E-19
8734.40339280824  3.236643379200311E-18
8738.0629983691  -1.477435531575346E-20
8741.72263938931  7.621997851726993E-19
8745.38231551413  4.171162928844919E-19
8749.04202638835  2.385378575932191E-18
8752.70177165625  1.567259313399374E-18
8756.36155096164  3.771915469100979E-18
8760.02136394786  7.658355748371149E-18
8763.68121025772  5.701470998606995E-18
8767.34108953358  4.926229883896785E-18
8771.00100141726  6.564435547856641E-19
8774.66094555012  1.236924032672803E-17
8778.32092157301  2.670022798445110E-18
8781.98092912626  2.198116052188454E-18
8785.64096784971  2.172583054630474E-18
8789.30103738269  4.592171752746327E-18
8792.96113736402  -9.104401669168229E-19
8796.62126743198  1.495746369968686E-19
8800.28142722438  1.888598095065759E-18
8803.94161637847  1.460691050144754E-18
8807.60183453099  1.471140719425560E-18
8811.26208131817  2.658652166949802E-18
8814.92235637569  1.319317611653316E-18
8818.58265933872  1.183996860499082E-18
8822.24298984188  3.163211661091835E-18
8825.90334751926  -4.188764453400646E-18
8829.56373200442  4.770902322061884E-18
8833.22414293037  4.772687377823773E-18
8836.88457992957  1.104565208496967E-17
8840.54504263396  1.781678797038686E-18
8844.2055306749  3.675186622630253E-18
8847.86604368322  9.665964118025851E-20
8851.52658128918  -7.710557359070570E-19
8855.1871431225  -8.296537274881963E-19
8858.84772881232  2.769296466070354E-18
8862.50833798725  1.588723021783295E-19
8866.16897027529  -4.701062635763419E-18
8869.82962530391  -4.039281336183739E-18
8873.49030269999  -6.552089360226407E-19
8877.15100208985  -9.549614056286879E-19
8880.81172309922  -2.057386573803889E-18
8884.47246535326  -3.594842569732978E-18
8888.13322847656  4.926289027310583E-18
8891.79401209309  8.016285381421701E-19
8895.45481582628  2.388097105015345E-18
8899.11563929894  -1.343640443975131E-18
8902.77648213329  1.141408949673906E-18
8906.43734395098  7.067379041274477E-18
8910.09822437303  1.910808721693420E-18
8913.75912301989  1.825622973875719E-18
8917.42003951138  2.901153605204677E-18
8921.08097346673  1.509980157907375E-18
8924.74192450456  2.702750199380770E-18
8928.40289224289  4.187045055099877E-19
8932.06387629911  5.265837983367168E-19
8935.72487628999  5.366145006372645E-19
8939.38589183171  5.192513385148017E-18
8943.04692253981  -6.302504154000781E-19
8946.70796802919  4.117152946230093E-18
8950.36902791416  5.705781436779009E-18
8954.03010180837  2.400812732186664E-18
8957.69118932485  -1.819558912805093E-18
8961.352290076  4.375835484832576E-18
8965.01340367358  -2.971225936050423E-18
8968.6745297287  7.626469279925727E-19
8972.33566785184  -3.736410499065943E-19
8975.99681765283  -1.058176899065478E-18
8979.65797874085  1.992349911732213E-18
8983.31915072443  5.510132128804599E-18
8986.98033321146  2.747386312800204E-18
8990.64152580914  -3.216269765616766E-19
8994.30272812406  -1.334960837807612E-18
8997.9639397621  -7.059783868890017E-19
9001.62516032851  5.411856454588397E-18
9005.28638942786  4.548543352108135E-18
9008.94762666404  3.328054901898394E-18
9012.60887164031  1.690205235794662E-18
9016.27012395919  -7.558462108876796E-19
9019.93138322259  -3.604887023911209E-18
9023.59264903168  1.153526421864772E-18
9027.25392098699  2.223420541102217E-18
9030.91519868835  2.542453143220803E-18
9034.5764817349  -1.894904184013739E-19
9038.23776972509  2.751467208352234E-18
9041.89906225668  8.948334530317524E-20
9045.56035892673  4.557122455831230E-18
9049.2216593316  -1.666974049236870E-19
9052.88296306695  -3.846749671938039E-18
9056.54426972775  5.130433686971066E-19
9060.20557890823  2.176123180857048E-18
9063.86689020195  1.411480421142749E-18
9067.52820320172  2.093404912806591E-18
9071.18951749967  1.353963451224640E-18
9074.85083268719  -1.010642951432628E-21
9078.51214835496  1.928717802340653E-18
9082.17346409292  1.618263580162124E-18
9085.83477949032  5.177579879959291E-19
9089.49609413564  1.131213224841154E-18
9093.15740761665  -1.451662580553891E-18
9096.81871952039  -2.253882501135248E-18
9100.48002943316  3.220536518312679E-18
9104.14133694052  4.693182913248239E-19
9107.80264162728  1.634750013553342E-18
9111.46394307752  2.369808968852411E-18
9115.12524087457  1.617520358381745E-18
9118.78653460099  -2.560007415084039E-19
9122.44782383864  1.197121218290578E-18
9126.10910816855  3.190267343061162E-19
9129.77038717106  2.041314454501983E-18
9133.43166042571  5.965373253669841E-19
9137.09292751128  2.920022422157624E-18
9140.75418800582  4.016496310168840E-20
9144.41544148655  3.556405141028864E-18
9148.07668752999  8.441004368864351E-19
9151.73792571182  1.407609526068731E-18
9155.399155607  2.564049795038797E-18
9159.06037678966  7.913386181171638E-20
9162.72158883318  4.813529420568579E-20
9166.38279131016  2.752449692124794E-18
9170.04398379239  4.690895758854529E-19
9173.70516585088  5.617819748373761E-20
9177.36633705586  1.409136501479504E-18
9181.02749697674  6.034049924027056E-19
9184.68864518216  -3.180055798399194E-19
9188.34978123993  9.592956252433127E-19
9192.01090471709  2.374747030314199E-18
9195.67201517984  1.316701756363694E-18
9199.3331121936  1.590306219626327E-18
9202.99419532295  7.683102717552050E-19
9206.6552641317  1.312951629659108E-18
9210.3163181828  1.973753030405643E-18
9213.9773570384  -1.138265146358321E-18
9217.63838025981  2.190387910520525E-18
9221.29938740756  1.351615395658332E-18
9224.9603780413  2.978554135892182E-18
9228.62135171989  9.753744653876950E-19
9232.28230800133  -5.518941809123441E-19
9235.9432464428  1.878676477208491E-18
9239.60416660064  2.017797296096795E-18
9243.26506803034  3.483014781951015E-18
9246.92595028655  7.172463962895639E-19
9250.5868129231  5.652702601039977E-19
9254.24765549292  5.235121148307893E-19
9257.90847754814  1.637273121216782E-18
9261.56927864001  -1.780817107484953E-19
9265.23005831892  2.411789005324936E-18
9268.89081613441  1.228306547769286E-18
9272.55155163516  4.265973336679980E-19
9276.21226436898  2.139493762176821E-18
9279.87295388281  -1.125120600190001E-19
9283.53361972272  3.813242239684742E-18
9287.19426143393  -3.843862294612346E-19
9290.85487856074  -2.690800334661523E-18
9294.51547064662  -1.972482687779914E-18
9298.17603723412  9.256711882923692E-18
9301.83657786493  8.087392825406480E-18
9305.49709207984  2.973393562845617E-18
9309.15757941877  -1.109253668208918E-17
9312.81803942074  3.766785294941926E-18
9316.47847162385  8.418912442654590E-19
9320.13887556535  1.552337264662133E-17
9323.79925078155  -1.629251992175886E-17
9327.45959680788  -1.266956644608888E-17
9331.11991317887  -4.563174936373279E-18
9334.78019942811  8.186680141511832E-18
9338.44045508831  -2.380027130959278E-18
9342.10067969127  3.908582663497297E-18
9345.76087276786  -3.880266254876864E-19
9349.42103384802  -1.843483044071657E-18
9353.08116246079  4.461270420809809E-18
9356.74125813429  1.821642580768114E-18
9360.4013203957  3.701717200006974E-18
9364.06134877127  -9.351369882730889E-19
9367.72134278633  -4.405770324020258E-18
9371.38130196526  1.905896757779958E-17
9375.04122583152  2.413478273571892E-17
9378.70111390763  -3.026835220680830E-18
9382.36096571514  1.272082351992634E-17
9386.02078077469  7.616659228053577E-18
9389.68055860595  -2.201082735455376E-18
9393.34029872766  -2.217538614862718E-19
9397.00000065758  1.869041270638320E-18
9400.65966391254  7.474247367700654E-19
9404.31928800839  -5.736269556398911E-19
9407.97887246004  -2.429587398866452E-19
9411.63841678141  -2.722019009858675E-19
9415.29792048548  3.056603176179929E-18
9418.95738308425  1.867637545138818E-18
9422.61680408875  1.161296067319937E-17
9426.27618300903  -1.989407009907903E-18
9429.93551935416  2.532036457766923E-18
9433.59481263225  6.114252735834739E-18
9437.25406235041  9.550053495987299E-19
9440.91326801476  2.957791333830430E-19
9444.57242913046  6.338153156859980E-18
9448.23154520164  -4.417336790525586E-18
9451.89061573147  2.361740028772109E-18
9455.54964022211  5.610763199815043E-18
9459.20861817473  -2.335979349750524E-18
9462.86754908948  1.488411113242325E-18
9466.52643246552  3.099021411581955E-18
9470.18526780101  1.769249498436403E-17
9473.84405459309  4.998635962669180E-20
9477.50279233788  5.442553540710547E-18
9481.16148053051  -6.023428718166722E-18
9484.82011866508  -6.552871873085881E-18
9488.47870623466  -4.244793945782231E-18
9492.13724273131  -1.020629826893201E-18
9495.79572764606  4.358868356107888E-18
9499.45416046891  1.204657971044278E-18
9503.11254068884  7.115273625921911E-18
9506.77086779379  -4.036236070758624E-18
9510.42914127065  2.678995640139778E-18
9514.0873606053  1.070576853435531E-17
9517.74552528255  1.960314654174107E-17
9521.40363478619  2.281213417113643E-17
9525.06168859894  1.978467339511736E-18
9528.7196862025  -2.804086855453722E-18
9532.37762707749  1.831322868681668E-18
9536.03551070349  3.133587428224167E-18
9539.69333655902  -3.320436620155568E-19
9543.35110412153  2.071736916660765E-18
9547.00881286743  1.634650028096800E-18
9550.66646227204  1.777170249109966E-18
9554.32405180962  3.837657923030316E-19
9557.98158095338  4.134227608434412E-18
9561.63904917542  2.666207427869709E-18
9565.29645594679  -1.085251202938344E-17
9568.95380073746  6.202030660897028E-18
9572.61108301629  1.479913900399874E-18
9576.26830225111  -6.830615548133732E-19
9579.9254579086  2.529967885850081E-18
9583.5825494544  3.186949676720576E-18
9587.23957635304  2.149642441112234E-18
9590.89653806794  -1.737520406272397E-19
9594.55343406145  -3.333925867994776E-19
9598.2102637948  2.738078876547756E-18
9601.86702672813  6.847911481151908E-18
9605.52372232047  2.190101085643122E-18
9609.18035002973  -1.807576581246803E-18
9612.83690931272  2.685221363321371E-19
9616.49339962515  9.670742249286082E-19
9620.14982042158  7.276682206029994E-18
9623.80617115549  6.112839497758192E-18
9627.4624512792  -4.584611321947591E-18
9631.11866024393  -5.723251672261888E-20
9634.77479749978  1.438716066594094E-18
9638.43086249569  1.630069618852363E-18
9642.0868546795  1.827647498424942E-18
9645.7427734979  -3.791273770181406E-19
9649.39861839643  6.989385628882924E-19
9653.0543888195  -1.840579846916750E-18
9656.71008421041  -2.827011752540324E-19
9660.36570401125  -3.400036572393065E-18
9664.02124766301  4.111901176520994E-18
9667.67671460551  3.549651211327367E-18
9671.33210427743  4.772704335026330E-18
9674.98741611627  4.064089309934815E-18
9678.6426495584  -2.720523002022084E-18
9682.297804039  -4.890203273087957E-18
9685.95287899211  -1.878487466438524E-18
9689.60787385059  4.278476326735084E-18
9693.26278804612  2.991587193623568E-18
9696.91762100923  1.339780136812954E-17
9700.57237216926  -5.224947136966222E-18
9704.22704095439  -6.481837737982889E-18
9707.88162679159  6.156276406084576E-18
9711.53612910667  -2.284551463116570E-18
9715.19054732424  5.987609936486797E-19
9718.84488086773  1.693298994683187E-18
