3912.0200219134  8.553936E-17
3915.0862540306  8.077270E-17
3918.1524861478  1.149333E-16
3921.218718265  1.360697E-16
3924.2849503822  6.660862E-17
3927.3511824994  9.229579E-17
3930.4174146166  1.336439E-16
3933.4836467338  1.222870E-16
3936.549878851  1.093754E-16
3939.6161109682  1.158648E-16
3942.68234308539  1.158768E-16
3945.74857520259  8.782992E-17
3948.81480731979  8.637571E-17
3951.88103943699  8.114341E-17
3954.94727155419  1.324462E-16
3958.01350367139  1.555565E-16
3961.07973578859  1.166970E-16
3964.14596790579  1.114907E-16
3967.21220002299  1.189805E-16
3970.27843214019  1.229617E-16
3973.34466425738  1.097999E-16
3976.41089637458  1.133318E-16
3979.47712849178  9.559888E-17
3982.54336060898  1.339029E-16
3985.60959272618  1.550894E-16
3988.67582484338  9.968344E-17
3991.74205696058  1.399996E-16
3994.80828907778  1.445528E-16
3997.87452119498  1.531589E-16
4000.94075331218  1.118853E-16
4004.00698542937  8.410582E-17
4007.07321754657  1.133081E-16
4010.13944966377  1.297113E-16
4013.20568178097  1.127978E-16
4016.27191389817  9.671515E-17
4019.33814601537  8.318826E-17
4022.40437813257  9.275759E-17
4025.47061024977  1.196311E-16
4028.53684236697  1.308723E-16
4031.60307448417  1.271737E-16
4034.66930660136  1.231480E-16
4037.73553871856  9.737514E-17
4040.80177083576  1.008840E-16
4043.86800295296  9.354372E-17
4046.93423507016  1.116205E-16
4050.00046718736  1.245253E-16
4053.06669930456  1.319264E-16
4056.13293142176  1.360274E-16
4059.19916353896  1.157109E-16
4062.26539565616  1.295005E-16
4065.33162777335  1.239130E-16
4068.39785989055  1.111357E-16
4071.46409200775  1.068997E-16
4074.53032412495  1.260065E-16
4077.59655624215  1.235886E-16
4080.66278835935  1.019620E-16
4083.72902047655  1.077375E-16
4086.79525259375  9.176529E-17
4089.86148471095  8.145065E-17
4092.92771682815  7.722401E-17
4095.99394894534  8.134370E-17
4099.06018106254  1.158491E-16
4102.12641317974  1.392899E-16
4105.19264529694  1.180777E-16
4108.25887741414  8.907984E-17
4111.32510953134  8.402497E-17
4114.39134164854  9.046382E-17
4117.45757376574  9.887975E-17
4120.52380588294  8.031353E-17
4123.59003800014  9.135913E-17
4126.65627011733  1.015996E-16
4129.72250223453  9.346574E-17
4132.78873435173  8.716500E-17
4135.85496646893  8.406532E-17
4138.92119858613  1.101564E-16
4141.98743070333  1.051694E-16
4145.05366282053  8.211084E-17
4148.11989493773  1.028828E-16
4151.18612705493  1.237797E-16
4154.25235917212  1.122959E-16
4157.31859128932  9.647654E-17
4160.38482340652  8.649500E-17
4163.45105552372  8.627872E-17
4166.51728764092  9.211172E-17
4169.58351975812  1.163189E-16
4172.64975187532  1.084742E-16
4175.71598399252  9.363965E-17
4178.78221610972  9.762612E-17
4181.84844822692  1.096332E-16
4184.91468034411  9.970384E-17
4187.98091246132  1.070542E-16
4191.04714457851  9.169495E-17
4194.11337669571  8.962340E-17
4197.17960881291  1.067835E-16
4200.24584093011  1.063216E-16
4203.31207304731  1.058757E-16
4206.37830516451  1.360566E-16
4209.44453728171  1.105098E-16
4212.51076939891  1.181424E-16
4215.57700151611  1.119745E-16
4218.6432336333  1.219741E-16
4221.7094657505  9.059152E-17
4224.7756978677  8.639698E-17
4227.8419299849  9.702430E-17
4230.9081621021  1.163532E-16
4233.9743942193  1.340604E-16
4237.0406263365  1.363771E-16
4240.1068584537  8.855114E-17
4243.1730905709  1.142716E-16
4246.2393226881  1.093004E-16
4249.3055548053  8.900277E-17
4252.37178692249  1.041036E-16
4255.43801903969  1.344787E-16
4258.50425115689  1.141665E-16
4261.57048327409  8.752674E-17
4264.63671539129  6.951700E-17
4267.70294750849  9.124491E-17
4270.76917962569  9.748436E-17
4273.83541174289  9.598282E-17
4276.90164386009  9.863545E-17
4279.96787597728  1.002487E-16
4283.03410809448  1.020599E-16
4286.10034021168  1.020240E-16
4289.16657232888  9.720062E-17
4292.23280444608  1.210057E-16
4295.29903656328  8.625906E-17
4298.36526868048  1.067642E-16
4301.43150079768  9.324231E-17
4304.49773291488  9.125441E-17
4307.56396503208  1.047274E-16
4310.63019714927  7.934525E-17
4313.69642926647  6.491781E-17
4316.76266138367  7.559343E-17
4319.82889350087  1.091970E-16
4322.89512561807  8.926662E-17
4325.96135773527  1.050837E-16
4329.02758985247  8.393884E-17
4332.09382196967  9.586115E-17
4335.16005408687  1.061285E-16
4338.22628620407  8.238011E-17
4341.29251832126  7.650415E-17
4344.35875043846  9.809388E-17
4347.42498255566  9.843369E-17
4350.49121467286  7.470059E-17
4353.55744679006  1.070615E-16
4356.62367890726  8.659338E-17
4359.68991102446  8.709044E-17
4362.75614314166  8.605737E-17
4365.82237525886  9.566262E-17
4368.88860737606  1.111997E-16
4371.95483949325  1.042898E-16
4375.02107161045  7.526166E-17
4378.08730372765  1.125704E-16
4381.15353584485  9.427807E-17
4384.21976796205  7.043862E-17
4387.28600007925  6.686910E-17
4390.35223219645  9.424844E-17
4393.41846431365  7.154989E-17
4396.48469643085  8.593135E-17
4399.55092854804  9.163983E-17
4402.61716066524  8.646505E-17
4405.68339278244  1.002184E-16
4408.74962489964  9.729688E-17
4411.81585701684  8.618112E-17
4414.88208913404  9.376708E-17
4417.94832125124  7.591729E-17
4421.01455336844  9.564443E-17
4424.08078548564  7.476784E-17
4427.14701760284  6.714323E-17
4430.21324972004  9.577049E-17
4433.27948183723  9.548208E-17
4436.34571395443  8.202205E-17
4439.41194607163  7.937250E-17
4442.47817818883  9.756690E-17
4445.54441030603  6.503088E-17
4448.61064242323  7.320319E-17
4451.67687454043  8.127278E-17
4454.74310665763  8.141498E-17
4457.80933877483  9.688912E-17
4460.87557089203  9.455354E-17
4463.94180300922  7.680850E-17
4467.00803512642  9.438915E-17
4470.07426724362  9.745334E-17
4473.14049936082  6.895656E-17
4476.20673147802  8.231951E-17
4479.27296359522  8.400137E-17
4482.33919571242  7.720488E-17
4485.40542782962  1.058058E-16
4488.47165994682  1.105183E-16
4491.53789206402  8.969728E-17
4494.60412418121  9.251379E-17
4497.67035629841  8.705741E-17
4500.73658841561  8.527703E-17
4503.80282053281  9.118740E-17
4506.86905265001  9.367026E-17
4509.93528476721  9.524502E-17
4513.00151688441  1.147762E-16
4516.06774900161  9.602847E-17
4519.13398111881  1.147515E-16
4522.20021323601  1.303686E-16
4525.26644535321  9.675653E-17
4528.3326774704  1.090825E-16
4531.3989095876  1.324265E-16
4534.4651417048  1.126283E-16
4537.531373822  9.408014E-17
4540.5976059392  9.803978E-17
4543.6638380564  1.225064E-16
4546.7300701736  1.057569E-16
4549.7963022908  9.683538E-17
4552.862534408  9.993017E-17
4555.9287665252  8.473044E-17
4558.99499864239  8.266230E-17
4562.06123075959  7.063250E-17
4565.12746287679  8.333137E-17
4568.19369499399  1.193880E-16
4571.25992711119  1.104830E-16
4574.32615922839  1.111466E-16
4577.39239134559  1.141450E-16
4580.45862346279  8.824179E-17
4583.52485557999  7.600587E-17
4586.59108769719  1.040638E-16
4589.65731981438  9.183992E-17
4592.72355193158  9.349627E-17
4595.78978404878  9.862582E-17
4598.85601616598  8.201630E-17
4601.92224828318  8.659588E-17
4604.98848040038  8.674887E-17
4608.05471251758  1.030766E-16
4611.12094463478  1.072603E-16
4614.18717675198  9.194230E-17
4617.25340886918  9.628057E-17
4620.31964098637  1.186707E-16
4623.38587310357  1.042518E-16
4626.45210522077  1.085658E-16
4629.51833733797  1.245445E-16
4632.58456945517  1.277594E-16
4635.65080157237  9.887222E-17
4638.71703368957  1.084690E-16
4641.78326580677  1.093070E-16
4644.84949792397  1.145753E-16
4647.91573004116  9.835043E-17
4650.98196215836  8.928675E-17
4654.04819427556  1.135582E-16
4657.11442639276  1.250472E-16
4660.18065850996  1.206995E-16
4663.24689062716  9.545284E-17
4666.31312274436  1.051756E-16
4669.37935486156  9.793230E-17
4672.44558697876  1.073948E-16
4675.51181909596  1.283615E-16
4678.57805121315  1.085609E-16
4681.64428333035  1.269047E-16
4684.71051544755  1.269861E-16
4687.77674756475  1.290454E-16
4690.84297968195  1.185170E-16
4693.90921179915  1.044414E-16
4696.97544391635  1.248272E-16
4700.04167603355  1.205086E-16
4703.10790815075  1.059126E-16
4706.17414026795  9.000029E-17
4709.24037238514  1.001324E-16
4712.30660450234  1.245630E-16
4715.37283661954  1.174741E-16
4718.43906873674  1.210675E-16
4721.50530085394  1.166849E-16
4724.57153297114  1.302041E-16
4727.63776508834  1.155991E-16
4730.70399720554  1.078467E-16
4733.77022932274  1.270905E-16
4736.83646143994  1.301349E-16
4739.90269355713  1.087774E-16
4742.96892567433  1.087438E-16
4746.03515779153  1.141635E-16
4749.10138990873  9.344904E-17
4752.16762202593  1.240751E-16
4755.23385414313  1.178021E-16
4758.30008626033  1.041666E-16
4761.36631837753  1.100292E-16
4764.43255049473  1.113119E-16
4767.49878261193  1.205765E-16
4770.56501472913  1.288306E-16
4773.63124684632  1.198492E-16
4776.69747896352  1.157738E-16
4779.76371108072  1.144536E-16
4782.82994319792  9.826459E-17
4785.89617531512  9.821541E-17
4788.96240743232  1.071773E-16
4792.02863954952  9.613079E-17
4795.09487166672  7.584383E-17
4798.16110378392  9.158268E-17
4801.22733590112  1.009095E-16
4804.29356801831  8.786105E-17
4807.35980013551  8.258672E-17
4810.42603225271  1.316630E-16
4813.49226436991  9.997767E-17
4816.55849648711  1.025128E-16
4819.62472860431  1.290567E-16
4822.69096072151  1.184766E-16
4825.75719283871  1.185927E-16
4828.82342495591  1.086912E-16
4831.8896570731  9.854608E-17
4834.9558891903  1.068440E-16
4838.0221213075  1.124480E-16
4841.0883534247  1.223025E-16
4844.1545855419  1.108418E-16
4847.2208176591  1.027239E-16
4850.2870497763  1.093993E-16
4853.3532818935  1.215430E-16
4856.4195140107  1.054773E-16
4859.4857461279  1.231092E-16
4862.5519782451  1.338665E-16
4865.61821036229  1.090838E-16
4868.68444247949  1.026331E-16
4871.75067459669  9.165817E-17
4874.81690671389  1.022872E-16
4877.88313883109  1.094835E-16
4880.94937094829  1.080071E-16
4884.01560306549  1.096832E-16
4887.08183518269  1.025051E-16
4890.14806729989  1.056483E-16
4893.21429941709  1.054422E-16
4896.28053153429  1.056295E-16
4899.34676365148  1.114542E-16
4902.41299576868  1.222886E-16
4905.47922788588  1.088276E-16
4908.54546000308  1.057892E-16
4911.61169212028  1.123211E-16
4914.67792423748  1.263063E-16
4917.74415635468  1.265330E-16
4920.81038847188  1.187105E-16
4923.87662058907  1.148522E-16
4926.94285270627  1.266219E-16
4930.00908482347  1.309016E-16
4933.07531694067  1.113745E-16
4936.14154905787  1.094163E-16
4939.20778117507  9.991828E-17
4942.27401329227  1.053062E-16
4945.34024540947  1.103237E-16
4948.40647752667  1.314766E-16
4951.47270964387  1.067659E-16
4954.53894176107  1.176002E-16
4957.60517387826  1.195073E-16
4960.67140599546  1.104266E-16
4963.73763811266  1.220146E-16
4966.80387022986  9.551218E-17
4969.87010234706  8.822632E-17
4972.93633446426  1.074067E-16
4976.00256658146  1.091728E-16
4979.06879869866  9.864556E-17
4982.13503081586  1.025403E-16
4985.20126293306  1.079072E-16
4988.26749505025  1.066592E-16
4991.33372716745  1.096800E-16
4994.39995928465  1.075642E-16
4997.46619140185  1.145668E-16
5000.53242351905  1.083369E-16
5003.59865563625  1.116044E-16
5006.66488775345  1.226557E-16
5009.73111987065  1.033619E-16
5012.79735198785  1.142042E-16
5015.86358410505  1.279444E-16
5018.92981622224  1.130803E-16
5021.99604833944  1.071008E-16
5025.06228045664  1.108316E-16
5028.12851257384  1.211946E-16
5031.19474469104  1.224949E-16
5034.26097680824  1.183114E-16
5037.32720892544  1.113441E-16
5040.39344104264  7.855401E-17
5043.45967315984  8.138068E-17
5046.52590527704  1.058020E-16
5049.59213739424  1.192463E-16
5052.65836951143  1.316731E-16
5055.72460162863  1.333415E-16
5058.79083374583  1.185605E-16
5061.85706586303  1.142701E-16
5064.92329798023  1.151946E-16
5067.98953009743  1.279362E-16
5071.05576221463  1.271224E-16
5074.12199433183  1.263856E-16
5077.18822644903  1.379585E-16
5080.25445856623  1.373668E-16
5083.32069068342  1.374072E-16
5086.38692280062  1.221803E-16
5089.45315491782  1.141825E-16
5092.51938703502  1.328182E-16
5095.58561915222  1.315703E-16
5098.65185126942  1.123068E-16
5101.71808338662  1.172736E-16
5104.78431550382  1.169500E-16
5107.85054762102  1.267489E-16
5110.91677973821  1.228264E-16
5113.98301185541  1.150437E-16
5117.04924397261  1.285074E-16
5120.11547608981  1.328614E-16
5123.18170820701  1.429882E-16
5126.24794032421  1.527394E-16
5129.31417244141  1.379425E-16
5132.38040455861  1.324712E-16
5135.44663667581  1.452871E-16
5138.51286879301  1.308017E-16
5141.57910091021  1.251499E-16
5144.6453330274  1.224112E-16
5147.7115651446  1.344647E-16
5150.7777972618  1.409723E-16
5153.844029379  1.381889E-16
5156.9102614962  1.484151E-16
5159.9764936134  1.325422E-16
5163.0427257306  1.297562E-16
5166.1089578478  1.418664E-16
5169.175189965  1.477791E-16
5172.2414220822  1.527491E-16
5175.30765419939  1.499628E-16
5178.37388631659  1.581337E-16
5181.44011843379  1.334313E-16
5184.50635055099  1.299436E-16
5187.57258266819  1.619439E-16
5190.63881478539  1.555124E-16
5193.70504690259  1.447930E-16
5196.77127901979  1.537090E-16
5199.83751113699  1.492626E-16
5202.90374325418  1.513859E-16
5205.96997537138  1.568868E-16
5209.03620748858  1.403550E-16
5212.10243960578  1.413066E-16
5215.16867172298  1.538687E-16
5218.23490384018  1.576261E-16
5221.30113595738  1.548721E-16
5224.36736807458  1.538497E-16
5227.43360019178  1.490356E-16
5230.49983230898  1.407502E-16
5233.56606442618  1.434684E-16
5236.63229654337  1.265693E-16
5239.69852866057  1.329562E-16
5242.76476077777  1.455522E-16
5245.83099289497  1.302165E-16
5248.89722501217  1.355653E-16
5251.96345712937  1.252502E-16
5255.02968924657  1.416527E-16
5258.09592136377  1.404371E-16
5261.16215348097  1.328312E-16
5264.22838559816  1.344863E-16
5267.29461771536  1.472255E-16
5270.36084983256  1.479634E-16
5273.42708194976  1.378961E-16
5276.49331406696  1.473168E-16
5279.55954618416  1.443735E-16
5282.62577830136  1.529153E-16
5285.69201041856  1.392343E-16
5288.75824253576  1.315165E-16
5291.82447465296  1.313196E-16
5294.89070677016  1.537599E-16
5297.95693888735  1.511513E-16
5301.02317100455  1.551117E-16
5304.08940312175  1.555111E-16
5307.15563523895  1.454865E-16
5310.22186735615  1.512978E-16
5313.28809947335  1.456759E-16
5316.35433159055  1.575651E-16
5319.42056370775  1.571028E-16
5322.48679582495  1.437413E-16
5325.55302794214  1.416968E-16
5328.61926005934  1.363004E-16
5331.68549217654  1.573020E-16
5334.75172429374  1.565839E-16
5337.81795641094  1.396373E-16
5340.88418852814  1.712523E-16
5343.95042064534  1.720272E-16
5347.01665276254  1.417199E-16
5350.08288487974  1.421176E-16
5353.14911699694  1.574169E-16
5356.21534911414  1.657244E-16
5359.28158123133  1.606097E-16
5362.34781334853  1.607182E-16
5365.41404546573  1.605706E-16
5368.48027758293  1.472583E-16
5371.54650970013  1.416701E-16
5374.61274181733  1.355341E-16
5377.67897393453  1.533836E-16
5380.74520605173  1.426698E-16
5383.81143816893  1.393912E-16
5386.87767028612  1.435849E-16
5389.94390240332  1.429588E-16
5393.01013452052  1.408151E-16
5396.07636663772  1.460827E-16
5399.14259875492  1.281663E-16
5402.20883087212  1.385080E-16
5405.27506298932  1.421566E-16
5408.34129510652  1.444567E-16
5411.40752722372  1.289851E-16
5414.47375934092  1.425219E-16
5417.53999145812  1.640610E-16
5420.60622357531  1.462401E-16
5423.67245569251  1.446411E-16
5426.73868780971  1.468087E-16
5429.80491992691  1.508979E-16
5432.87115204411  1.701437E-16
5435.93738416131  1.513670E-16
5439.00361627851  1.393493E-16
5442.06984839571  1.545670E-16
5445.13608051291  1.345616E-16
5448.2023126301  1.369620E-16
5451.2685447473  1.580097E-16
5454.3347768645  1.416639E-16
5457.4010089817  1.457737E-16
5460.4672410989  1.493701E-16
5463.5334732161  1.423076E-16
5466.5997053333  1.571463E-16
5469.6659374505  1.744282E-16
5472.7321695677  1.397202E-16
5475.7984016849  1.342603E-16
5478.8646338021  1.493824E-16
5481.93086591929  1.641479E-16
5484.99709803649  1.596759E-16
5488.06333015369  1.633744E-16
5491.12956227089  1.522735E-16
5494.19579438809  1.627155E-16
5497.26202650529  1.494189E-16
5500.32825862249  1.452508E-16
5503.39449073969  1.763770E-16
5506.46072285689  1.712162E-16
5509.52695497409  1.508763E-16
5512.59318709129  1.386407E-16
5515.65941920848  1.487149E-16
5518.72565132568  1.620098E-16
5521.79188344288  1.533412E-16
5524.85811556008  1.280771E-16
5527.92434767728  1.484182E-16
5530.99057979448  1.465320E-16
5534.05681191168  1.665325E-16
5537.12304402888  1.594461E-16
5540.18927614608  1.404476E-16
5543.25550826327  1.488814E-16
5546.32174038047  1.759580E-16
5549.38797249767  1.656692E-16
5552.45420461487  1.661319E-16
5555.52043673207  1.677702E-16
5558.58666884927  1.597390E-16
5561.65290096647  1.555638E-16
5564.71913308367  1.368223E-16
5567.78536520087  1.724386E-16
5570.85159731807  1.910320E-16
5573.91782943526  1.626572E-16
5576.98406155246  1.493211E-16
5580.05029366966  1.307890E-16
5583.11652578686  1.143113E-16
5586.18275790406  1.417228E-16
5589.24899002126  1.561430E-16
5592.31522213846  1.583498E-16
5595.38145425566  1.389341E-16
5598.44768637286  1.480253E-16
5601.51391849006  1.572156E-16
5604.58015060726  1.431461E-16
5607.64638272445  1.508276E-16
5610.71261484165  1.483310E-16
5613.77884695885  1.401102E-16
5616.84507907605  1.306090E-16
5619.91131119325  1.460851E-16
5622.97754331045  1.214947E-16
5626.04377542765  1.439827E-16
5629.11000754485  1.459263E-16
5632.17623966205  1.364507E-16
5635.24247177925  1.430166E-16
5638.30870389644  1.503125E-16
5641.37493601364  1.565988E-16
5644.44116813084  1.474026E-16
5647.50740024804  1.396900E-16
5650.57363236524  1.310910E-16
5653.63986448244  1.483554E-16
5656.70609659964  1.505399E-16
5659.77232871684  1.336436E-16
5662.83856083404  1.472917E-16
5665.90479295124  1.617404E-16
5668.97102506843  1.439172E-16
5672.03725718563  1.612891E-16
5675.10348930283  1.527193E-16
5678.16972142003  1.595974E-16
5681.23595353723  1.561894E-16
5684.30218565443  1.746625E-16
5687.36841777163  1.467135E-16
5690.43464988883  1.454424E-16
5693.50088200603  1.486446E-16
5696.56711412322  1.394037E-16
5699.63334624042  1.385576E-16
5702.69957835762  1.433320E-16
5705.76581047482  1.578691E-16
5708.83204259202  1.316724E-16
5711.89827470922  1.322551E-16
5714.96450682642  1.418111E-16
5718.03073894362  1.488264E-16
5721.09697106082  1.550571E-16
5724.16320317802  1.615938E-16
5727.22943529521  1.586461E-16
5730.29566741241  1.593555E-16
5733.36189952961  1.382401E-16
5736.42813164681  1.381901E-16
5739.49436376401  1.628122E-16
5742.56059588121  1.559670E-16
5745.62682799841  1.647628E-16
5748.69306011561  1.392139E-16
5751.75929223281  1.292615E-16
5754.82552435001  1.446020E-16
5757.8917564672  1.654008E-16
5760.9579885844  1.558906E-16
5764.0242207016  1.437386E-16
5767.0904528188  1.251301E-16
5770.156684936  1.394256E-16
5773.2229170532  1.327916E-16
5776.2891491704  1.341134E-16
5779.3553812876  1.671468E-16
5782.4216134048  1.405999E-16
5785.487845522  1.445647E-16
5788.55407763919  1.403007E-16
5791.62030975639  1.382861E-16
5794.68654187359  1.376268E-16
5797.75277399079  1.228279E-16
5800.81900610799  1.431436E-16
5803.88523822519  1.363831E-16
5806.95147034239  1.319650E-16
5810.01770245959  1.492331E-16
5813.08393457679  1.360431E-16
5816.15016669399  1.450315E-16
5819.21639881119  1.574598E-16
5822.28263092838  1.357055E-16
5825.34886304558  1.490476E-16
5828.41509516278  1.470567E-16
5831.48132727998  1.393544E-16
5834.54755939718  1.554002E-16
5837.61379151438  1.452368E-16
5840.68002363158  1.571328E-16
5843.74625574878  1.623992E-16
5846.81248786598  1.220844E-16
5849.87871998318  1.308318E-16
5852.94495210037  1.572182E-16
5856.01118421757  1.305904E-16
5859.07741633477  1.210037E-16
5862.14364845197  1.462444E-16
5865.20988056917  1.369109E-16
5868.27611268637  1.563456E-16
5871.34234480357  1.321963E-16
5874.40857692077  1.430348E-16
5877.47480903797  1.232785E-16
5880.54104115517  1.216004E-16
5883.60727327236  1.385822E-16
5886.67350538956  1.557445E-16
5889.73973750676  1.333892E-16
5892.80596962396  1.297911E-16
5895.87220174116  1.208118E-16
5898.93843385836  1.279830E-16
5902.00466597556  1.248582E-16
5905.07089809276  1.460777E-16
5908.13713020996  1.413454E-16
5911.20336232715  1.258469E-16
5914.26959444436  1.359095E-16
5917.33582656155  1.430110E-16
5920.40205867875  1.503151E-16
5923.46829079595  1.432112E-16
5926.53452291315  1.498506E-16
5929.60075503035  1.449261E-16
5932.66698714755  1.494970E-16
5935.73321926475  1.251702E-16
5938.79945138195  1.353276E-16
5941.86568349915  1.403931E-16
5944.93191561634  1.426945E-16
5947.99814773354  1.454535E-16
5951.06437985074  1.279861E-16
5954.13061196794  1.338184E-16
5957.19684408514  1.289707E-16
5960.26307620234  1.423267E-16
5963.32930831954  1.386623E-16
5966.39554043674  1.424398E-16
5969.46177255394  1.448713E-16
5972.52800467113  1.305530E-16
5975.59423678834  1.318808E-16
5978.66046890553  1.254307E-16
5981.72670102273  1.030784E-16
5984.79293313993  1.197297E-16
5987.85916525713  1.226665E-16
5990.92539737433  1.290919E-16
5993.99162949153  1.192550E-16
5997.05786160873  1.293227E-16
6000.12409372593  1.169453E-16
6003.19032584313  1.148453E-16
6006.25655796032  1.298868E-16
6009.32279007752  1.395121E-16
6012.38902219472  1.234998E-16
6015.45525431192  1.600723E-16
6018.52148642912  1.413824E-16
6021.58771854632  1.493511E-16
6024.65395066352  1.368923E-16
6027.72018278072  1.316346E-16
6030.78641489792  1.221187E-16
6033.85264701512  1.427351E-16
6036.91887913231  1.412781E-16
6039.98511124951  1.459661E-16
6043.05134336671  1.460859E-16
6046.11757548391  1.558659E-16
6049.18380760111  1.510155E-16
6052.25003971831  1.468032E-16
6055.31627183551  1.419379E-16
6058.38250395271  1.489454E-16
6061.44873606991  1.570848E-16
6064.51496818711  1.630203E-16
6067.5812003043  1.423208E-16
6070.6474324215  1.404016E-16
6073.7136645387  1.429485E-16
6076.7798966559  1.479663E-16
6079.8461287731  1.572034E-16
6082.9123608903  1.517288E-16
6085.9785930075  1.549903E-16
6089.0448251247  1.461636E-16
6092.1110572419  1.355300E-16
6095.1772893591  1.337169E-16
6098.24352147629  1.276529E-16
6101.30975359349  1.274237E-16
6104.37598571069  1.245604E-16
6107.44221782789  1.342152E-16
6110.50844994509  1.406086E-16
6113.57468206229  1.485088E-16
6116.64091417949  1.299331E-16
6119.70714629669  1.299621E-16
6122.77337841389  1.311267E-16
6125.83961053109  1.416286E-16
6128.90584264829  1.384605E-16
6131.97207476548  1.336419E-16
6135.03830688268  1.453642E-16
6138.10453899988  1.530657E-16
6141.17077111708  1.478075E-16
6144.23700323428  1.545929E-16
6147.30323535148  1.618889E-16
6150.36946746868  1.471329E-16
6153.43569958588  1.517921E-16
6156.50193170307  1.441423E-16
6159.56816382028  1.392974E-16
6162.63439593747  1.436879E-16
6165.70062805467  1.421216E-16
6168.76686017187  1.314637E-16
6171.83309228907  1.303288E-16
6174.89932440627  1.451829E-16
6177.96555652347  1.291096E-16
6181.03178864067  1.308837E-16
6184.09802075787  1.414887E-16
6187.16425287507  1.452979E-16
6190.23048499227  1.374000E-16
6193.29671710946  1.312271E-16
6196.36294922666  1.387170E-16
6199.42918134386  1.460533E-16
6202.49541346106  1.510408E-16
6205.56164557826  1.404517E-16
6208.62787769546  1.420045E-16
6211.69410981266  1.354443E-16
6214.76034192986  1.359798E-16
6217.82657404706  1.402565E-16
6220.89280616425  1.172602E-16
6223.95903828145  1.256270E-16
6227.02527039865  1.450871E-16
6230.09150251585  1.322983E-16
6233.15773463305  1.261218E-16
6236.22396675025  1.161688E-16
6239.29019886745  1.261061E-16
6242.35643098465  1.353537E-16
6245.42266310185  1.493590E-16
6248.48889521905  1.382490E-16
6251.55512733624  1.128501E-16
6254.62135945344  1.232783E-16
6257.68759157064  1.281514E-16
6260.75382368784  1.226997E-16
6263.82005580504  1.276329E-16
6266.88628792224  1.281612E-16
6269.95252003944  1.359351E-16
6273.01875215664  1.201734E-16
6276.08498427384  1.213042E-16
6279.15121639104  1.323977E-16
6282.21744850823  1.202848E-16
6285.28368062543  1.330205E-16
6288.34991274263  1.264337E-16
6291.41614485983  1.172190E-16
6294.48237697703  1.245183E-16
6297.54860909423  1.289792E-16
6300.61484121143  1.488412E-16
6303.68107332863  1.560480E-16
6306.74730544583  1.346509E-16
6309.81353756303  1.114740E-16
6312.87976968022  1.197419E-16
6315.94600179742  1.355464E-16
6319.01223391462  1.310247E-16
6322.07846603182  1.136588E-16
6325.14469814902  1.113852E-16
6328.21093026622  1.215959E-16
6331.27716238342  1.214732E-16
6334.34339450062  1.220143E-16
6337.40962661782  1.163724E-16
6340.47585873501  1.163197E-16
6343.54209085221  1.234770E-16
6346.60832296941  1.334850E-16
6349.67455508661  1.232978E-16
6352.74078720381  1.306883E-16
6355.80701932101  1.319220E-16
6358.87325143821  1.098134E-16
6361.93948355541  1.109987E-16
6365.00571567261  1.157099E-16
6368.07194778981  1.205484E-16
6371.13817990701  1.142885E-16
6374.2044120242  1.185804E-16
6377.2706441414  1.342004E-16
6380.3368762586  1.166023E-16
6383.4031083758  1.157245E-16
6386.469340493  1.249454E-16
6389.5355726102  1.269690E-16
6392.6018047274  1.219464E-16
6395.6680368446  1.156665E-16
6398.7342689618  1.238726E-16
6401.800501079  1.285770E-16
6404.86673319619  1.238148E-16
6407.93296531339  1.288691E-16
6410.99919743059  1.167492E-16
6414.06542954779  1.195985E-16
6417.13166166499  1.237696E-16
6420.19789378219  1.224274E-16
6423.26412589939  1.199981E-16
6426.33035801659  1.136830E-16
6429.39659013379  1.157522E-16
6432.46282225099  1.194508E-16
6435.52905436818  1.238966E-16
6438.59528648538  1.229530E-16
6441.66151860258  1.131880E-16
6444.72775071978  1.132759E-16
6447.79398283698  1.171943E-16
6450.86021495418  1.304102E-16
6453.92644707138  1.197003E-16
6456.99267918858  1.145063E-16
6460.05891130578  1.276771E-16
6463.12514342298  1.318559E-16
6466.19137554018  1.336541E-16
6469.25760765737  1.240075E-16
6472.32383977457  1.196640E-16
6475.39007189177  1.187776E-16
6478.45630400897  1.272417E-16
6481.52253612617  1.307452E-16
6484.58876824337  1.247620E-16
6487.65500036057  1.315646E-16
6490.72123247777  1.158544E-16
6493.78746459496  1.072134E-16
6496.85369671217  1.067643E-16
6499.91992882936  1.172366E-16
6502.98616094656  1.306870E-16
6506.05239306376  1.162085E-16
6509.11862518096  9.873053E-17
6512.18485729816  1.007349E-16
6515.25108941536  1.171083E-16
6518.31732153256  1.244159E-16
6521.38355364976  1.151064E-16
6524.44978576696  1.171926E-16
6527.51601788416  1.058612E-16
6530.58225000135  1.199907E-16
6533.64848211855  1.157474E-16
6536.71471423575  1.215251E-16
6539.78094635295  1.143400E-16
6542.84717847015  1.163450E-16
6545.91341058735  1.150022E-16
6548.97964270455  1.250548E-16
6552.04587482175  1.202569E-16
6555.11210693895  1.184667E-16
6558.17833905615  1.074181E-16
6561.24457117335  1.112600E-16
6564.31080329054  1.214713E-16
6567.37703540774  1.439406E-16
6570.44326752494  1.216627E-16
6573.50949964214  1.158226E-16
6576.57573175934  1.211649E-16
6579.64196387654  1.336824E-16
6582.70819599374  1.371784E-16
6585.77442811094  1.228129E-16
6588.84066022813  1.246989E-16
6591.90689234534  1.223314E-16
6594.97312446253  1.146539E-16
6598.03935657973  1.081730E-16
6601.10558869693  1.036782E-16
6604.17182081413  1.114732E-16
6607.23805293133  1.123616E-16
6610.30428504853  1.182338E-16
6613.37051716573  1.307874E-16
6616.43674928293  1.236012E-16
6619.50298140013  1.187656E-16
6622.56921351732  1.293249E-16
6625.63544563452  1.352729E-16
6628.70167775172  1.166982E-16
6631.76790986892  1.063385E-16
6634.83414198612  1.148037E-16
6637.90037410332  1.278423E-16
6640.96660622052  1.244366E-16
6644.03283833772  1.380656E-16
6647.09907045492  1.393957E-16
6650.16530257212  1.374853E-16
6653.23153468932  1.232524E-16
6656.29776680651  1.129351E-16
6659.36399892371  1.103487E-16
6662.43023104091  1.349873E-16
6665.49646315811  1.265604E-16
6668.56269527531  1.281680E-16
6671.62892739251  1.333766E-16
6674.69515950971  1.317339E-16
6677.76139162691  1.276886E-16
6680.82762374411  1.316949E-16
6683.8938558613  1.329610E-16
6686.9600879785  1.216424E-16
6690.0263200957  1.242336E-16
6693.0925522129  1.201776E-16
6696.1587843301  1.135458E-16
6699.2250164473  1.278673E-16
6702.2912485645  1.217686E-16
6705.3574806817  1.190387E-16
6708.4237127989  1.158320E-16
6711.4899449161  1.344432E-16
6714.55617703329  1.370351E-16
6717.62240915049  1.325421E-16
6720.68864126769  1.291208E-16
6723.75487338489  1.249511E-16
6726.82110550209  1.379529E-16
6729.88733761929  1.324856E-16
6732.95356973649  1.210394E-16
6736.01980185369  1.300434E-16
6739.08603397089  1.174522E-16
6742.15226608809  1.281604E-16
6745.21849820528  1.225896E-16
6748.28473032248  1.214357E-16
6751.35096243968  1.348071E-16
6754.41719455688  1.320173E-16
6757.48342667408  1.327235E-16
6760.54965879128  1.369735E-16
6763.61589090848  1.150916E-16
6766.68212302568  1.205115E-16
6769.74835514288  1.112879E-16
6772.81458726008  1.090834E-16
6775.88081937727  1.061582E-16
6778.94705149447  1.166721E-16
6782.01328361167  1.246673E-16
6785.07951572887  1.260493E-16
6788.14574784607  1.171539E-16
6791.21197996327  1.185040E-16
6794.27821208047  1.276936E-16
6797.34444419767  1.238557E-16
6800.41067631487  1.232653E-16
6803.47690843206  1.145873E-16
6806.54314054926  1.176462E-16
6809.60937266646  1.120970E-16
6812.67560478366  9.989936E-17
6815.74183690086  1.037371E-16
6818.80806901806  9.492630E-17
6821.87430113526  7.665543E-17
6824.94053325246  9.819083E-17
6828.00676536966  1.165863E-16
6831.07299748686  1.059813E-16
6834.13922960405  1.014967E-16
6837.20546172125  1.115013E-16
6840.27169383845  1.241840E-16
6843.33792595565  1.160314E-16
6846.40415807285  1.136450E-16
6849.47039019005  1.232023E-16
6852.53662230725  1.259430E-16
6855.60285442445  1.303740E-16
6858.66908654165  1.333607E-16
6861.73531865885  1.326917E-16
6864.80155077605  1.243508E-16
6867.86778289325  1.121961E-16
6870.93401501044  9.983105E-17
6874.00024712764  1.102812E-16
6877.06647924484  1.310593E-16
6880.13271136204  1.246461E-16
6883.19894347924  1.158821E-16
6886.26517559644  1.103634E-16
6889.33140771364  1.191591E-16
6892.39763983084  1.241545E-16
6895.46387194804  1.107598E-16
6898.53010406523  1.136029E-16
6901.59633618243  1.116018E-16
6904.66256829963  1.089341E-16
6907.72880041683  1.262807E-16
6910.79503253403  1.382117E-16
6913.86126465123  1.161838E-16
6916.92749676843  9.635610E-17
6919.99372888563  1.141801E-16
6923.05996100283  1.272487E-16
6926.12619312003  1.236835E-16
6929.19242523722  1.212381E-16
6932.25865735442  1.243272E-16
6935.32488947162  1.213824E-16
6938.39112158882  1.267871E-16
6941.45735370602  1.282233E-16
6944.52358582322  1.227452E-16
6947.58981794042  1.234009E-16
6950.65605005762  1.069399E-16
6953.72228217482  9.913164E-17
6956.78851429202  1.095811E-16
6959.85474640921  1.286261E-16
6962.92097852641  1.324087E-16
6965.98721064361  1.159533E-16
6969.05344276081  1.200273E-16
6972.11967487801  1.079122E-16
6975.18590699521  9.947049E-17
6978.25213911241  1.110615E-16
6981.31837122961  1.188385E-16
6984.38460334681  1.335724E-16
6987.45083546401  1.308665E-16
6990.51706758121  1.278492E-16
6993.5832996984  1.288901E-16
6996.6495318156  1.221388E-16
6999.7157639328  1.133390E-16
7002.78199605  1.193074E-16
7005.8482281672  1.202148E-16
7008.9144602844  1.173628E-16
7011.9806924016  1.100269E-16
7015.0469245188  1.169121E-16
7018.11315663599  1.094363E-16
7021.17938875319  1.157618E-16
7024.24562087039  1.172222E-16
7027.31185298759  1.191790E-16
7030.37808510479  1.314637E-16
7033.44431722199  1.222042E-16
7036.51054933919  1.282938E-16
7039.57678145639  1.166649E-16
7042.64301357359  1.254664E-16
7045.70924569079  1.272043E-16
7048.77547780799  1.150895E-16
7051.84170992518  1.211424E-16
7054.90794204238  1.318334E-16
7057.97417415958  1.193827E-16
7061.04040627678  1.133458E-16
7064.10663839398  1.261507E-16
7067.17287051118  1.151287E-16
7070.23910262838  1.122629E-16
7073.30533474558  1.067830E-16
7076.37156686278  1.204675E-16
7079.43779897998  1.129006E-16
7082.50403109718  1.257160E-16
7085.57026321437  1.228633E-16
7088.63649533157  1.306152E-16
7091.70272744877  1.262833E-16
7094.76895956597  1.038883E-16
7097.83519168317  1.146587E-16
7100.90142380037  1.265599E-16
7103.96765591757  1.241139E-16
7107.03388803477  1.144669E-16
7110.10012015197  1.200159E-16
7113.16635226916  1.155388E-16
7116.23258438636  1.227740E-16
7119.29881650356  1.259490E-16
7122.36504862076  1.173273E-16
7125.43128073796  1.134671E-16
7128.49751285516  1.075255E-16
7131.56374497236  1.084107E-16
7134.62997708956  1.152868E-16
7137.69620920676  1.244184E-16
7140.76244132396  1.034444E-16
7143.82867344116  1.026822E-16
7146.89490555835  1.288494E-16
7149.96113767555  1.368051E-16
7153.02736979275  1.232393E-16
7156.09360190995  1.215784E-16
7159.15983402715  1.131795E-16
7162.22606614435  1.085422E-16
7165.29229826155  1.068190E-16
7168.35853037875  1.172183E-16
7171.42476249595  1.190529E-16
7174.49099461315  9.078334E-17
7177.55722673034  8.539185E-17
7180.62345884754  9.354650E-17
7183.68969096474  9.088916E-17
7186.75592308194  1.020220E-16
7189.82215519914  1.173835E-16
7192.88838731634  1.104989E-16
7195.95461943354  9.847491E-17
7199.02085155074  1.059391E-16
7202.08708366794  1.065810E-16
7205.15331578514  1.022080E-16
7208.21954790233  1.021378E-16
7211.28578001953  1.075470E-16
7214.35201213673  1.081848E-16
7217.41824425393  1.178449E-16
7220.48447637113  1.078599E-16
7223.55070848833  9.365813E-17
7226.61694060553  9.280336E-17
7229.68317272273  1.006414E-16
7232.74940483993  1.032490E-16
7235.81563695713  7.676196E-17
7238.88186907432  7.254080E-17
7241.94810119152  8.418422E-17
7245.01433330872  9.506458E-17
7248.08056542592  1.006788E-16
7251.14679754312  1.172614E-16
7254.21302966032  1.129273E-16
7257.27926177752  9.918694E-17
7260.34549389472  1.064292E-16
7263.41172601192  1.041525E-16
7266.47795812911  1.018282E-16
7269.54419024631  8.637877E-17
7272.61042236351  1.009949E-16
7275.67665448071  1.232556E-16
7278.74288659791  1.122959E-16
7281.80911871511  1.183524E-16
7284.87535083231  1.079766E-16
7287.94158294951  1.120075E-16
7291.00781506671  1.148123E-16
7294.07404718391  1.033547E-16
7297.1402793011  1.059496E-16
7300.2065114183  1.294353E-16
7303.2727435355  1.305224E-16
7306.3389756527  1.285574E-16
7309.4052077699  1.198222E-16
7312.4714398871  1.047337E-16
7315.5376720043  9.040119E-17
7318.6039041215  1.152917E-16
7321.6701362387  1.021994E-16
7324.7363683559  1.130012E-16
7327.80260047309  1.139856E-16
7330.86883259029  1.257295E-16
7333.93506470749  1.320950E-16
7337.00129682469  1.275855E-16
7340.06752894189  1.120131E-16
7343.13376105909  1.018438E-16
7346.19999317629  1.092564E-16
7349.26622529349  1.249309E-16
7352.33245741069  1.026107E-16
7355.39868952789  1.371404E-16
7358.46492164509  1.416148E-16
7361.53115376228  1.364473E-16
7364.59738587948  1.128368E-16
7367.66361799668  1.219311E-16
7370.72985011388  8.802034E-17
