4250.  1.337402E-17
4254.51334379906  9.964679E-18
4259.02668759812  3.454054E-18
4263.54003139717  9.830355E-18
4268.05337519623  1.602557E-17
4272.56671899529  1.710864E-17
4277.08006279435  9.458865E-18
4281.59340659341  6.213011E-18
4286.10675039247  8.137880E-18
4290.62009419152  3.744077E-18
4295.13343799058  4.743381E-18
4299.64678178964  7.159751E-18
4304.1601255887  5.172747E-18
4308.67346938775  1.665897E-17
4313.18681318681  1.273279E-17
4317.70015698587  9.408160E-18
4322.21350078493  3.277180E-18
4326.72684458399  6.313643E-19
4331.24018838305  3.297437E-18
4335.7535321821  4.386666E-19
4340.26687598116  4.260313E-18
4344.78021978022  6.610677E-18
4349.29356357928  2.679402E-18
4353.80690737834  1.466330E-17
4358.3202511774  5.289932E-18
4362.83359497645  1.006805E-18
4367.34693877551  -1.181392E-18
4371.86028257457  1.679699E-18
4376.37362637363  4.924996E-19
4380.88697017269  -2.819110E-18
4385.40031397174  6.414252E-18
4389.9136577708  1.092135E-17
4394.42700156986  1.217074E-17
4398.94034536892  7.404500E-18
4403.45368916798  1.427681E-19
4407.96703296703  1.721177E-18
4412.48037676609  1.873651E-18
4416.99372056515  9.257319E-18
4421.50706436421  8.495139E-18
4426.02040816327  3.961044E-18
4430.53375196232  4.881692E-18
4435.04709576138  2.496967E-18
4439.56043956044  1.540940E-18
4444.0737833595  4.490111E-19
4448.58712715856  2.565244E-18
4453.10047095761  6.466819E-18
4457.61381475667  7.951279E-18
4462.12715855573  2.636423E-18
4466.64050235479  1.028655E-17
4471.15384615385  1.172708E-17
4475.66718995291  6.543564E-18
4480.18053375196  5.318519E-18
4484.69387755102  5.896661E-18
4489.20722135008  3.766657E-18
4493.72056514914  -1.149240E-18
4498.2339089482  9.342217E-19
4502.74725274725  7.591832E-18
4507.26059654631  4.472870E-18
4511.77394034537  6.256306E-19
4516.28728414443  7.778374E-18
4520.80062794349  3.278051E-18
4525.31397174255  2.557945E-18
4529.8273155416  5.975790E-18
4534.34065934066  4.641171E-18
4538.85400313972  1.375320E-18
4543.36734693878  7.354193E-18
4547.88069073784  7.487907E-18
4552.39403453689  1.316381E-18
4556.90737833595  2.915404E-18
4561.42072213501  3.762585E-18
4565.93406593407  2.490119E-18
4570.44740973313  1.985917E-18
4574.96075353219  1.259683E-19
4579.47409733124  7.732000E-18
4583.9874411303  1.135720E-17
4588.50078492936  3.807723E-18
4593.01412872842  5.692738E-18
4597.52747252747  1.211944E-17
4602.04081632653  6.476661E-18
4606.55416012559  4.305891E-18
4611.06750392465  4.178433E-18
4615.58084772371  3.224229E-18
4620.09419152277  6.219113E-18
4624.60753532182  3.205834E-18
4629.12087912088  1.244424E-17
4633.63422291994  1.545151E-17
4638.147566719  5.137912E-18
4642.66091051806  9.571545E-18
4647.17425431711  5.579487E-18
4651.68759811617  1.146048E-17
4656.20094191523  3.259015E-18
4660.71428571429  -3.031465E-18
4665.22762951335  7.618167E-18
4669.74097331241  1.703651E-17
4674.25431711146  1.129499E-17
4678.76766091052  5.926271E-18
4683.28100470958  7.817681E-18
4687.79434850864  6.072697E-18
4692.3076923077  6.682137E-18
4696.82103610675  6.814526E-18
4701.33437990581  1.157873E-17
4705.84772370487  1.803444E-17
4710.36106750393  1.333545E-17
4714.87441130299  6.790051E-18
4719.38775510204  5.047076E-18
4723.9010989011  9.970956E-18
4728.41444270016  8.548951E-18
4732.92778649922  4.337941E-18
4737.44113029828  1.149615E-17
4741.95447409733  2.628833E-18
4746.46781789639  5.333800E-18
4750.98116169545  7.976005E-18
4755.49450549451  6.849370E-18
4760.00784929357  7.246567E-18
4764.52119309262  5.317397E-18
4769.03453689168  3.638007E-18
4773.54788069074  7.443382E-18
4778.0612244898  1.125952E-17
4782.57456828886  1.096172E-17
4787.08791208792  3.679591E-18
4791.60125588698  5.182296E-18
4796.11459968603  5.333166E-18
4800.62794348509  4.945295E-18
4805.14128728415  4.082975E-18
4809.65463108321  5.278785E-18
4814.16797488227  1.854885E-18
4818.68131868132  6.741017E-18
4823.19466248038  6.896520E-18
4827.70800627944  6.514257E-18
4832.2213500785  5.881209E-18
4836.73469387755  5.795782E-18
4841.24803767661  6.113353E-18
4845.76138147567  4.521869E-18
4850.27472527473  -1.523017E-19
4854.78806907379  3.423684E-18
4859.30141287285  3.831897E-18
4863.8147566719  1.188913E-18
4868.32810047096  3.293752E-18
4872.84144427002  -2.634719E-19
4877.35478806908  3.828232E-18
4881.86813186814  5.533885E-18
4886.38147566719  4.109905E-18
4890.89481946625  2.294382E-18
4895.40816326531  1.203987E-18
4899.92150706437  3.506117E-18
4904.43485086343  6.178081E-18
4908.94819466249  5.994186E-18
4913.46153846154  1.647965E-18
4917.9748822606  1.789562E-18
4922.48822605966  2.821773E-18
4927.00156985872  2.169837E-18
4931.51491365778  2.012474E-18
4936.02825745683  3.905304E-18
4940.54160125589  1.312120E-18
4945.05494505495  4.428616E-18
4949.56828885401  6.344418E-18
4954.08163265307  7.730298E-18
4958.59497645212  9.885190E-18
4963.10832025118  9.296557E-18
4967.62166405024  2.786506E-18
4972.1350078493  2.568336E-18
4976.64835164836  5.130320E-18
4981.16169544741  6.795070E-18
4985.67503924647  2.956479E-18
4990.18838304553  5.892557E-18
4994.70172684459  6.661804E-18
4999.21507064365  4.788869E-18
5003.72841444271  9.438484E-18
5008.24175824177  7.517308E-18
5012.75510204082  9.455676E-18
5017.26844583988  6.548188E-18
5021.78178963894  8.349104E-18
5026.295133438  3.981535E-18
5030.80847723706  -8.854177E-18
5035.32182103611  -4.151523E-18
5039.83516483517  9.651134E-18
5044.34850863423  7.993672E-18
5048.86185243329  1.021352E-17
5053.37519623235  1.331162E-17
5057.8885400314  1.064022E-17
5062.40188383046  9.859365E-18
5066.91522762952  1.224678E-17
5071.42857142858  1.335311E-17
5075.94191522764  1.008536E-17
5080.45525902669  9.786095E-18
5084.96860282575  1.461603E-17
5089.48194662481  1.633043E-17
5093.99529042387  1.579243E-17
5098.50863422293  1.483434E-17
5103.02197802198  1.098815E-17
5107.53532182104  1.211223E-17
5112.0486656201  1.103775E-17
5116.56200941916  1.036294E-17
5121.07535321822  1.067882E-17
5125.58869701728  1.097523E-17
5130.10204081633  1.216750E-17
5134.61538461539  1.282364E-17
5139.12872841445  1.180490E-17
5143.64207221351  1.488527E-17
5148.15541601257  1.195381E-17
5152.66875981162  1.462621E-17
5157.18210361068  1.853609E-17
5161.69544740974  1.582235E-17
5166.2087912088  1.400926E-17
5170.72213500786  1.171654E-17
5175.23547880692  1.547149E-17
5179.74882260597  1.408214E-17
5184.26216640503  1.170898E-17
5188.77551020409  1.288966E-17
5193.28885400315  1.202881E-17
5197.80219780221  1.218200E-17
5202.31554160126  1.060056E-17
5206.82888540032  6.888714E-18
5211.34222919938  1.157757E-17
5215.85557299844  1.460067E-17
5220.3689167975  9.252967E-18
5224.88226059655  6.433487E-18
5229.39560439561  7.684740E-18
5233.90894819467  1.270910E-17
5238.42229199373  1.348871E-17
5242.93563579279  1.041329E-17
5247.44897959184  9.809197E-18
5251.9623233909  6.886985E-18
5256.47566718996  5.988097E-18
5260.98901098902  8.441335E-18
5265.50235478808  9.643266E-18
5270.01569858714  1.100613E-17
5274.52904238619  1.159568E-17
5279.04238618525  8.694845E-18
5283.55572998431  1.007272E-17
5288.06907378337  1.124775E-17
5292.58241758243  1.227852E-17
5297.09576138148  1.304765E-17
5301.60910518054  1.564217E-17
5306.1224489796  1.441788E-17
5310.63579277866  1.263163E-17
5315.14913657772  1.133940E-17
5319.66248037677  1.272396E-17
5324.17582417583  1.282204E-17
5328.68916797489  1.206737E-17
5333.20251177395  1.002508E-17
5337.71585557301  1.279196E-17
5342.22919937207  1.448253E-17
5346.74254317112  1.447936E-17
5351.25588697018  1.118172E-17
5355.76923076924  1.119228E-17
5360.2825745683  1.330278E-17
5364.79591836735  1.196945E-17
5369.30926216641  9.836563E-18
5373.82260596547  1.400412E-17
5378.33594976453  1.292483E-17
5382.84929356359  1.018563E-17
5387.36263736265  1.179478E-17
5391.8759811617  1.500223E-17
5396.38932496076  1.402121E-17
5400.90266875982  6.863053E-18
5405.41601255888  1.441734E-17
5409.92935635794  9.885808E-18
5414.442700157  7.985504E-18
5418.95604395605  1.021738E-17
5423.46938775511  1.005804E-17
5427.98273155417  1.198514E-17
5432.49607535323  1.044138E-17
5437.00941915228  9.018529E-18
5441.52276295134  1.284840E-17
5446.0361067504  1.132860E-17
5450.54945054946  8.638686E-18
5455.06279434852  1.040860E-17
5459.57613814758  1.100818E-17
5464.08948194664  1.156135E-17
5468.60282574569  1.185255E-17
5473.11616954475  1.185259E-17
5477.62951334381  1.072306E-17
5482.14285714287  1.327398E-17
5486.65620094192  1.155876E-17
5491.16954474098  9.761671E-18
5495.68288854004  6.807924E-18
5500.1962323391  8.138054E-18
5504.70957613816  1.290102E-17
5509.22291993721  1.334120E-17
5513.73626373627  1.187523E-17
5518.24960753533  7.772201E-18
5522.76295133439  9.433686E-18
5527.27629513345  1.284275E-17
5531.78963893251  1.057256E-17
5536.30298273156  1.177926E-17
5540.81632653062  1.087689E-17
5545.32967032968  9.043031E-18
5549.84301412874  1.058500E-17
5554.3563579278  9.718903E-18
5558.86970172685  6.667845E-18
5563.38304552591  1.018235E-17
5567.89638932497  1.242182E-17
5572.40973312403  1.103366E-17
5576.92307692309  1.344748E-17
5581.43642072215  1.157052E-17
5585.9497645212  1.067675E-17
5590.46310832026  1.066121E-17
5594.97645211932  8.584214E-18
5599.48979591838  7.511534E-18
5604.00313971744  5.985687E-18
5608.5164835165  1.150180E-17
5613.02982731555  9.331584E-18
5617.54317111461  7.276796E-18
5622.05651491367  1.326384E-17
5626.56985871273  6.553773E-18
5631.08320251178  4.333862E-18
5635.59654631084  5.158003E-18
5640.1098901099  7.135544E-18
5644.62323390896  5.876505E-18
5649.13657770802  7.097173E-18
5653.64992150707  6.557650E-18
5658.16326530613  5.932180E-18
5662.67660910519  5.546934E-18
5667.18995290425  3.929143E-18
5671.70329670331  4.969766E-18
5676.21664050237  8.567968E-18
5680.72998430142  8.538888E-18
5685.24332810048  9.265280E-18
5689.75667189954  6.302072E-18
5694.2700156986  7.588073E-18
5698.78335949766  7.457563E-18
5703.29670329671  5.624272E-18
5707.81004709577  7.016433E-18
5712.32339089483  7.396448E-18
5716.83673469389  4.830757E-18
5721.35007849295  6.333665E-18
5725.863422292  9.050845E-18
5730.37676609106  9.943088E-18
5734.89010989012  1.128057E-17
5739.40345368918  1.087963E-17
5743.91679748824  4.920977E-18
5748.4301412873  8.529192E-18
5752.94348508635  7.739279E-18
5757.45682888541  8.746987E-18
5761.97017268447  7.620199E-18
5766.48351648353  1.013721E-17
5770.99686028259  7.209201E-18
5775.51020408164  6.685351E-18
5780.0235478807  6.063110E-18
5784.53689167976  7.432264E-18
5789.05023547882  4.660659E-18
5793.56357927788  1.078579E-17
5798.07692307693  1.624408E-17
5802.59026687599  9.795096E-18
5807.10361067505  1.242764E-17
5811.61695447411  8.624341E-18
5816.13029827317  8.353826E-18
5820.64364207223  1.162192E-17
5825.15698587128  1.159471E-17
5829.67032967034  1.284955E-17
5834.1836734694  1.232638E-17
5838.69701726846  1.059714E-17
5843.21036106752  1.160334E-17
5847.72370486657  1.467208E-17
5852.23704866563  1.464965E-17
5856.75039246469  1.014886E-17
5861.26373626375  1.363551E-17
5865.77708006281  1.477356E-17
5870.29042386186  9.910137E-18
5874.80376766092  1.254555E-17
5879.31711145998  1.351267E-17
5883.83045525904  6.389220E-18
5888.3437990581  7.655978E-18
5892.85714285716  8.002210E-18
5897.37048665621  1.120393E-17
5901.88383045527  1.649910E-17
5906.39717425433  1.391450E-17
5910.91051805339  1.297887E-17
5915.42386185245  9.945811E-18
5919.9372056515  8.235342E-18
5924.45054945056  1.286730E-17
5928.96389324962  1.259530E-17
5933.47723704868  1.029748E-17
5937.99058084774  9.310998E-18
5942.50392464679  1.001176E-17
5947.01726844585  1.162676E-17
5951.53061224491  1.503635E-17
5956.04395604397  1.739286E-17
5960.55729984303  1.239210E-17
5965.07064364208  6.863682E-18
5969.58398744114  1.225851E-17
5974.0973312402  1.148876E-17
5978.61067503926  1.211734E-17
5983.12401883832  1.552889E-17
5987.63736263738  1.487483E-17
5992.15070643643  1.438091E-17
5996.66405023549  1.227161E-17
6001.17739403455  1.342275E-17
6005.69073783361  1.207050E-17
6010.20408163267  1.408525E-17
6014.71742543172  1.637686E-17
6019.23076923078  1.155169E-17
6023.74411302984  1.082874E-17
6028.2574568289  1.418776E-17
6032.77080062796  1.473603E-17
6037.28414442702  1.133108E-17
6041.79748822607  1.019341E-17
6046.31083202513  1.532835E-17
6050.82417582419  1.410155E-17
6055.33751962325  1.152977E-17
6059.85086342231  1.364583E-17
6064.36420722136  1.241820E-17
6068.87755102042  1.291448E-17
6073.39089481948  1.298996E-17
6077.90423861854  8.045650E-18
6082.4175824176  8.187067E-18
6086.93092621665  1.009155E-17
6091.44427001571  1.019676E-17
6095.95761381477  9.594625E-18
6100.47095761383  1.011982E-17
6104.98430141289  1.062461E-17
6109.49764521194  8.240537E-18
6114.010989011  7.944351E-18
6118.52433281006  7.070365E-18
6123.03767660912  1.042009E-17
6127.55102040818  7.785973E-18
6132.06436420723  8.720978E-18
6136.57770800629  9.166505E-18
6141.09105180535  7.260133E-18
6145.60439560441  9.681745E-18
6150.11773940347  8.105913E-18
6154.63108320252  4.985109E-18
6159.14442700158  9.982046E-18
6163.65777080064  8.662295E-18
6168.1711145997  8.178484E-18
6172.68445839876  4.931619E-18
6177.19780219782  1.159299E-17
6181.71114599687  9.190373E-18
6186.22448979593  6.330688E-18
6190.73783359499  8.293226E-18
6195.25117739405  9.911310E-18
6199.76452119311  9.904515E-18
6204.27786499217  6.118907E-18
6208.79120879122  3.619183E-18
6213.30455259028  7.979863E-18
6217.81789638934  7.105853E-18
6222.3312401884  8.701152E-18
6226.84458398746  8.934793E-18
6231.35792778651  9.165753E-18
6235.87127158557  9.466976E-18
6240.38461538463  3.062999E-18
6244.89795918369  6.015364E-18
6249.41130298275  1.004335E-17
6253.9246467818  5.536510E-18
6258.43799058086  6.203616E-18
6262.95133437992  4.378442E-18
6267.46467817898  4.870568E-18
6271.97802197804  2.668073E-18
6276.4913657771  5.456055E-18
6281.00470957615  1.174006E-17
6285.51805337521  7.727702E-18
6290.03139717427  8.472048E-18
6294.54474097333  8.228899E-18
6299.05808477239  4.393368E-18
6303.57142857144  1.234002E-17
6308.0847723705  4.673408E-18
6312.59811616956  5.227425E-18
6317.11145996862  1.131060E-17
6321.62480376768  5.242304E-18
6326.13814756673  6.534135E-18
6330.65149136579  1.230698E-17
6335.16483516485  1.167286E-17
6339.67817896391  8.844416E-18
6344.19152276297  1.068651E-17
6348.70486656202  6.799469E-18
6353.21821036108  1.040987E-17
6357.73155416014  1.058855E-17
6362.2448979592  7.129812E-18
6366.75824175826  6.906748E-18
6371.27158555732  5.841375E-18
6375.78492935637  9.031166E-18
6380.29827315543  8.614427E-18
6384.81161695449  7.968878E-18
6389.32496075355  1.016475E-17
6393.83830455261  1.156891E-17
6398.35164835166  9.892547E-18
6402.86499215072  7.296031E-18
6407.37833594978  5.007726E-18
6411.89167974884  6.824086E-18
6416.4050235479  1.037181E-17
6420.91836734695  9.039043E-18
6425.43171114601  8.964979E-18
6429.94505494507  5.703661E-18
6434.45839874413  8.440262E-18
6438.97174254319  8.575522E-18
6443.48508634225  7.907245E-18
6447.9984301413  7.994811E-18
6452.51177394036  6.727445E-18
6457.02511773942  1.154998E-17
6461.53846153848  6.214019E-18
6466.05180533754  3.739991E-18
6470.5651491366  8.690431E-18
6475.07849293565  8.021171E-18
6479.59183673471  9.566044E-18
6484.10518053377  6.338892E-18
6488.61852433283  -1.985849E-17
6493.13186813189  -9.816267E-18
6497.64521193094  8.208136E-18
6502.15855573  8.496687E-18
6506.67189952906  9.096453E-18
6511.18524332812  5.858921E-18
6515.69858712718  5.977763E-18
6520.21193092623  5.057350E-18
6524.72527472529  5.045490E-18
6529.23861852435  5.344048E-18
6533.75196232341  7.893021E-18
6538.26530612246  7.993289E-18
6542.77864992152  5.150210E-18
6547.29199372058  5.146827E-18
6551.80533751964  7.101547E-18
6556.3186813187  7.668883E-18
6560.83202511776  6.636253E-18
6565.34536891681  5.150995E-18
6569.85871271587  4.474354E-18
6574.37205651493  7.159341E-18
6578.88540031399  7.920523E-18
6583.39874411305  9.456078E-18
6587.9120879121  7.269206E-18
6592.42543171116  3.045413E-18
6596.93877551022  6.108582E-18
6601.45211930928  7.013884E-18
6605.96546310834  7.650486E-18
6610.4788069074  7.184038E-18
6614.99215070645  8.077932E-18
6619.50549450551  8.714378E-18
6624.01883830457  7.431928E-18
6628.53218210363  7.588337E-18
6633.04552590269  8.619886E-18
6637.55886970174  6.951610E-18
6642.0722135008  6.065950E-18
6646.58555729986  7.939547E-18
6651.09890109892  1.115832E-17
6655.61224489798  9.399574E-18
6660.12558869703  8.331400E-18
6664.63893249609  8.065114E-18
6669.15227629515  7.619193E-18
6673.66562009421  7.165111E-18
6678.17896389327  6.904927E-18
6682.69230769233  6.445690E-18
6687.20565149138  9.675095E-18
6691.71899529044  8.350166E-18
6696.2323390895  8.371605E-18
6700.74568288856  6.391559E-18
6705.25902668762  9.821732E-18
6709.77237048667  1.036213E-17
6714.28571428573  7.666135E-18
6718.79905808479  9.451848E-18
6723.31240188385  9.591368E-18
6727.82574568291  1.242855E-17
6732.33908948196  1.210768E-17
6736.85243328102  1.084497E-17
6741.36577708008  1.051163E-17
6745.87912087914  9.449671E-18
6750.3924646782  8.929489E-18
6754.90580847726  9.884606E-18
6759.41915227631  1.293987E-17
6763.93249607537  1.081640E-17
6768.44583987443  8.827477E-18
6772.95918367349  9.322499E-18
6777.47252747255  1.107097E-17
6781.9858712716  1.316907E-17
6786.49921507066  1.266629E-17
6791.01255886972  9.298814E-18
6795.52590266878  1.086480E-17
6800.03924646784  1.238022E-17
6804.5525902669  1.017308E-17
6809.06593406595  1.248041E-17
6813.57927786501  1.110961E-17
6818.09262166407  1.309072E-17
6822.60596546313  8.312462E-18
6827.11930926219  7.549273E-18
6831.63265306124  8.065803E-18
6836.1459968603  8.618549E-18
6840.65934065936  9.914276E-18
6845.17268445842  1.196252E-17
6849.68602825748  1.343559E-17
6854.19937205653  7.169837E-18
6858.71271585559  5.022182E-18
6863.22605965465  9.600630E-18
6867.73940345371  8.226835E-18
6872.25274725277  6.572728E-18
6876.76609105183  8.523970E-18
6881.27943485088  1.133617E-17
6885.79277864994  1.298008E-17
6890.306122449  1.100980E-17
6894.81946624806  1.024744E-17
6899.33281004712  8.328256E-18
6903.84615384617  5.394878E-18
6908.35949764523  5.747760E-18
6912.87284144429  6.403057E-18
6917.38618524335  7.504295E-18
6921.8995290424  1.034470E-17
6926.41287284146  8.471153E-18
6930.92621664052  7.612082E-18
6935.43956043958  1.221859E-17
6939.95290423864  1.071604E-17
6944.4662480377  7.626301E-18
6948.97959183675  9.254411E-18
6953.49293563581  8.748980E-18
6958.00627943487  1.763463E-18
6962.51962323393  6.361595E-18
6967.03296703299  8.276715E-18
6971.54631083204  8.082668E-18
6976.0596546311  7.705446E-18
6980.57299843016  4.643479E-18
6985.08634222922  4.216834E-18
6989.59968602828  9.986026E-18
6994.11302982734  1.307920E-17
6998.62637362639  1.025248E-17
7003.13971742545  1.005926E-17
7007.65306122451  9.421062E-18
7012.16640502357  9.826785E-18
7016.67974882263  7.201241E-18
7021.19309262168  6.422371E-18
7025.70643642074  9.730666E-18
7030.2197802198  9.372044E-18
7034.73312401886  6.827798E-18
7039.24646781792  9.006615E-18
7043.75981161697  8.844725E-18
7048.27315541603  9.828753E-18
7052.78649921509  9.418623E-18
7057.29984301415  6.019651E-18
7061.81318681321  8.914896E-18
7066.32653061227  9.503402E-18
7070.83987441132  5.305256E-18
7075.35321821038  7.420107E-18
7079.86656200944  8.541992E-18
7084.3799058085  9.072435E-18
7088.89324960756  9.371151E-18
7093.40659340661  6.757911E-18
7097.91993720567  7.574437E-18
7102.43328100473  8.907923E-18
7106.94662480379  8.253898E-18
7111.45996860285  6.503263E-18
7115.97331240191  7.694011E-18
7120.48665620096  1.039962E-17
7125.00000000002  6.087832E-18
7129.51334379908  6.504440E-18
7134.02668759814  9.105053E-18
7138.54003139719  5.806058E-18
7143.05337519625  6.930048E-18
7147.56671899531  9.123584E-18
7152.08006279437  7.604250E-18
7156.59340659343  8.079435E-18
7161.10675039248  5.941253E-18
7165.62009419154  5.793795E-18
7170.1334379906  9.684687E-18
7174.64678178966  1.048120E-17
7179.16012558872  9.090262E-18
7183.67346938777  6.383035E-18
7188.18681318683  6.927122E-18
7192.70015698589  1.124334E-17
7197.21350078495  9.841355E-18
7201.72684458401  7.028562E-18
7206.24018838307  8.331284E-18
7210.75353218212  8.385031E-18
7215.26687598118  9.716127E-18
7219.78021978024  8.795627E-18
7224.2935635793  8.999450E-18
7228.80690737836  8.108428E-18
7233.32025117742  8.304402E-18
7237.83359497647  1.049411E-17
7242.34693877553  1.464505E-17
7246.86028257459  1.154250E-17
7251.37362637365  1.092260E-17
7255.88697017271  1.062845E-17
7260.40031397177  1.014727E-17
7264.91365777082  6.809490E-18
7269.42700156988  3.598325E-18
7273.94034536894  1.187312E-17
7278.453689168  1.524912E-17
7282.96703296706  9.558898E-18
7287.48037676611  3.201055E-18
7291.99372056517  3.697559E-18
7296.50706436423  6.423977E-18
7301.02040816329  8.873478E-18
7305.53375196235  8.425598E-18
7310.0470957614  1.053969E-17
7314.56043956046  1.198634E-17
7319.07378335952  9.023147E-18
7323.58712715858  9.665494E-18
7328.10047095764  1.300203E-17
7332.61381475669  8.791179E-18
7337.12715855575  1.500408E-17
7341.64050235481  1.009622E-17
7346.15384615387  5.488292E-18
7350.66718995293  7.556077E-18
7355.18053375198  1.020381E-17
7359.69387755104  5.651817E-18
7364.2072213501  6.135209E-18
7368.72056514916  1.359207E-17
7373.23390894822  1.141987E-17
7377.74725274728  5.681087E-18
7382.26059654633  8.600844E-18
7386.77394034539  6.835807E-18
7391.28728414445  6.207921E-18
7395.80062794351  9.693670E-18
7400.31397174257  7.342144E-18
7404.82731554163  6.339750E-18
7409.34065934068  7.642236E-18
7413.85400313974  1.031441E-17
7418.3673469388  8.871565E-18
7422.88069073786  1.035259E-17
7427.39403453691  9.157362E-18
7431.90737833597  5.571251E-18
7436.42072213503  6.950832E-18
7440.93406593409  8.458402E-18
7445.44740973315  8.088295E-18
7449.9607535322  9.137907E-18
7454.47409733126  8.517408E-18
7458.98744113032  1.012685E-17
7463.50078492938  1.062628E-17
7468.01412872844  5.293161E-18
7472.5274725275  6.728373E-18
7477.04081632655  9.921734E-18
7481.55416012561  9.435644E-18
7486.06750392467  6.854884E-18
7490.58084772373  7.662136E-18
7495.09419152279  3.864797E-18
7499.60753532185  4.879080E-18
7504.1208791209  6.652884E-18
7508.63422291996  5.648988E-18
7513.14756671902  6.786926E-18
7517.66091051808  4.965815E-18
7522.17425431714  8.113674E-18
7526.68759811619  8.066588E-18
7531.20094191525  6.689757E-18
7535.71428571431  7.633820E-18
7540.22762951337  8.515223E-18
7544.74097331243  8.952149E-18
7549.25431711148  7.393593E-18
7553.76766091054  9.100876E-18
7558.2810047096  8.922192E-18
7562.79434850866  1.293604E-17
7567.30769230772  1.146723E-17
7571.82103610677  9.201246E-18
7576.33437990583  6.551505E-18
7580.84772370489  8.266565E-18
7585.36106750395  1.153526E-17
7589.87441130301  1.464787E-17
7594.38775510206  1.579227E-17
7598.90109890112  1.144957E-17
7603.41444270018  1.175152E-17
7607.92778649924  7.037581E-18
7612.4411302983  5.911552E-18
7616.95447409736  -2.875897E-17
7621.46781789641  -2.512938E-17
7625.98116169547  6.234355E-18
7630.49450549453  1.295865E-17
7635.00784929359  1.068137E-17
7639.52119309265  5.573429E-18
7644.0345368917  7.927427E-18
7648.54788069076  8.481960E-18
7653.06122448982  7.991273E-18
7657.57456828888  9.000807E-18
7662.08791208794  9.364728E-18
7666.60125588699  7.791261E-18
7671.11459968605  7.956472E-18
7675.62794348511  1.092742E-17
7680.14128728417  8.841185E-18
7684.65463108323  8.445256E-18
7689.16797488228  1.491626E-17
7693.68131868135  1.248547E-17
7698.1946624804  7.944446E-18
7702.70800627946  7.534751E-18
7707.22135007852  4.479650E-18
7711.73469387758  1.012863E-17
7716.24803767663  1.580619E-17
7720.76138147569  5.081533E-18
7725.27472527475  4.596409E-18
7729.78806907381  8.711976E-18
7734.30141287287  6.889407E-18
7738.81475667192  4.135523E-18
7743.32810047098  3.983690E-18
7747.84144427004  1.121745E-17
7752.3547880691  3.777110E-18
7756.86813186816  4.460916E-18
7761.38147566722  8.784824E-18
7765.89481946627  7.329308E-18
7770.40816326533  3.989531E-18
7774.92150706439  7.501260E-18
7779.43485086345  1.080572E-17
7783.94819466251  8.860133E-18
7788.46153846156  7.061457E-18
7792.97488226062  6.914946E-18
7797.48822605968  6.038675E-18
7802.00156985874  9.541841E-18
7806.5149136578  9.934572E-18
7811.02825745685  6.813815E-18
7815.54160125591  8.581439E-18
7820.05494505497  4.851086E-18
7824.56828885403  4.641734E-18
7829.08163265309  1.187928E-17
7833.59497645215  5.842401E-18
7838.1083202512  5.849542E-18
7842.62166405026  1.045751E-17
7847.13500784932  8.013114E-18
7851.64835164838  6.192755E-18
7856.16169544744  7.180368E-18
7860.67503924649  7.810695E-18
7865.18838304555  1.000561E-17
7869.70172684461  8.815217E-18
7874.21507064367  8.437527E-18
7878.72841444273  3.233218E-18
7883.24175824178  5.649831E-18
7887.75510204084  6.618696E-18
7892.2684458399  1.719879E-18
7896.78178963896  1.584303E-18
7901.29513343802  9.114354E-18
7905.80847723708  1.517347E-17
7910.32182103613  1.032161E-17
7914.83516483519  7.167994E-18
7919.34850863425  2.508838E-18
7923.86185243331  1.762322E-18
7928.37519623236  4.707131E-18
7932.88854003142  3.725898E-18
7937.40188383048  4.427600E-18
7941.91522762954  9.617806E-18
7946.4285714286  1.008684E-17
7950.94191522766  3.165405E-18
7955.45525902672  1.311559E-18
7959.96860282577  -3.686006E-18
7964.48194662483  3.364721E-18
7968.99529042389  9.725962E-18
7973.50863422295  6.574845E-18
7978.02197802201  1.234367E-19
7982.53532182106  5.376921E-18
7987.04866562012  3.654593E-18
7991.56200941918  1.085245E-18
7996.07535321824  2.456080E-18
8000.5886970173  4.779225E-18
8005.10204081635  3.990676E-18
8009.61538461541  3.815583E-18
8014.12872841447  6.069514E-18
8018.64207221353  3.264512E-18
8023.15541601259  -3.814504E-18
8027.66875981164  -5.035833E-18
8032.1821036107  5.493816E-18
8036.69544740976  4.196347E-18
8041.20879120882  3.292468E-18
8045.72213500788  1.467093E-18
8050.23547880693  -6.395601E-19
8054.74882260599  1.340264E-19
8059.26216640505  3.873334E-18
8063.77551020411  8.597619E-18
8068.28885400317  4.701773E-18
8072.80219780222  5.980929E-18
8077.31554160128  4.816606E-18
8081.82888540034  3.808272E-18
8086.3422291994  4.269707E-18
8090.85557299846  5.455672E-18
8095.36891679752  7.279376E-18
8099.88226059657  1.007313E-17
8104.39560439563  7.662263E-18
8108.90894819469  2.164196E-18
8113.42229199375  3.085234E-18
8117.93563579281  6.091153E-18
8122.44897959186  2.901868E-18
8126.96232339092  6.125935E-18
8131.47566718998  8.478487E-18
8135.98901098904  1.160272E-17
8140.5023547881  9.191873E-18
8145.01569858716  7.186286E-18
8149.52904238621  3.929001E-19
8154.04238618527  3.283346E-18
8158.55572998433  6.634156E-18
8163.06907378339  9.679297E-18
8167.58241758245  8.928923E-18
8172.0957613815  7.768185E-18
8176.60910518056  9.817602E-18
8181.12244897962  8.137766E-18
8185.63579277868  4.718227E-18
8190.14913657774  5.842570E-18
8194.6624803768  4.066357E-18
8199.17582417585  5.384131E-18
8203.68916797491  5.465378E-18
8208.20251177397  1.059064E-17
8212.71585557303  1.020860E-17
8217.22919937209  8.281430E-18
8221.74254317114  8.248814E-18
8226.2558869702  7.835619E-18
8230.76923076926  6.373386E-18
8235.28257456832  4.723648E-18
8239.79591836737  2.922052E-18
8244.30926216643  6.541931E-18
8248.82260596549  8.296028E-18
8253.33594976455  7.679022E-18
8257.84929356361  7.405234E-18
8262.36263736267  6.533128E-18
8266.87598116172  7.074911E-18
8271.38932496078  7.974617E-18
8275.90266875984  3.822896E-18
8280.4160125589  7.613916E-19
8284.92935635796  1.496295E-18
8289.44270015701  1.346440E-18
8293.95604395607  -1.239204E-18
8298.46938775513  8.118613E-18
8302.98273155419  6.625633E-18
8307.49607535325  5.091845E-18
8312.00941915231  8.924854E-18
8316.52276295136  6.985421E-18
8321.03610675042  6.945032E-18
8325.54945054948  1.003738E-17
8330.06279434854  5.201297E-18
8334.5761381476  6.565862E-18
8339.08948194665  1.505117E-17
8343.60282574571  3.024818E-17
8348.11616954477  1.684569E-17
8352.62951334383  4.823595E-18
8357.14285714289  1.310302E-17
8361.65620094194  -5.406519E-18
8366.169544741  -3.947040E-18
8370.68288854006  9.440529E-18
8375.19623233912  1.132882E-17
8379.70957613818  7.478108E-18
8384.22291993723  2.660844E-18
8388.7362637363  2.982571E-18
8393.24960753535  6.583186E-18
8397.76295133441  -2.584952E-18
8402.27629513347  2.922259E-18
8406.78963893253  7.914812E-18
8411.30298273158  2.257535E-18
8415.81632653064  4.764951E-18
8420.3296703297  9.201478E-18
8424.84301412876  1.696733E-17
8429.35635792782  5.095129E-18
8433.86970172687  -2.173796E-18
8438.38304552593  7.852746E-18
8442.89638932499  1.228379E-17
8447.40973312405  6.756260E-18
8451.92307692311  1.283297E-17
8456.43642072217  5.986371E-18
8460.94976452122  3.853700E-18
8465.46310832028  7.353901E-19
8469.97645211934  4.524393E-18
8474.4897959184  8.785342E-18
8479.00313971745  6.832947E-18
8483.51648351651  5.954391E-18
8488.02982731557  6.747359E-18
8492.54317111463  6.949393E-18
8497.05651491369  6.439374E-18
8501.56985871275  9.099158E-18
8506.0832025118  8.410029E-18
8510.59654631086  5.112747E-18
8515.10989010992  3.155357E-18
8519.62323390898  6.251614E-18
8524.13657770804  4.575104E-18
8528.64992150709  -9.799067E-20
8533.16326530615  4.533056E-18
8537.67660910521  5.473167E-18
8542.18995290427  5.973631E-18
8546.70329670333  1.202060E-17
8551.21664050239  4.527828E-18
8555.72998430145  1.132813E-18
8560.2433281005  5.942431E-18
8564.75667189956  6.044670E-18
8569.27001569862  2.459484E-18
8573.78335949768  6.854625E-18
8578.29670329673  8.303841E-18
8582.81004709579  1.018091E-17
8587.32339089485  5.321673E-18
8591.83673469391  4.014461E-18
8596.35007849297  7.222497E-18
8600.86342229203  4.062717E-18
8605.37676609108  3.948948E-18
8609.89010989014  6.022624E-18
8614.4034536892  5.140355E-18
8618.91679748826  4.190585E-18
8623.43014128731  2.937228E-18
8627.94348508637  1.347839E-18
8632.45682888543  5.830390E-18
8636.97017268449  1.770570E-18
8641.48351648355  1.488062E-17
8645.9968602826  1.147224E-17
8650.51020408166  2.992198E-18
8655.02354788072  2.007557E-18
8659.53689167978  1.354775E-17
8664.05023547884  5.026825E-18
8668.5635792779  3.411184E-18
8673.07692307695  3.003439E-18
8677.59026687601  -4.997037E-19
8682.10361067507  3.540091E-18
8686.61695447413  2.754878E-18
8691.13029827319  9.140630E-18
8695.64364207225  1.420481E-17
8700.1569858713  7.658767E-18
8704.67032967036  3.178628E-18
8709.18367346942  4.047437E-18
8713.69701726848  6.635392E-18
8718.21036106754  7.812188E-18
8722.72370486659  6.356596E-18
8727.23704866565  7.207811E-18
8731.75039246471  8.865446E-18
8736.26373626377  7.078285E-18
8740.77708006283  3.894336E-18
8745.29042386188  5.565387E-18
8749.80376766094  2.252054E-18
8754.31711146  1.123093E-17
8758.83045525906  2.072781E-17
8763.34379905812  1.430070E-17
8767.85714285717  9.001560E-18
8772.37048665623  1.205539E-17
8776.88383045529  5.134208E-18
8781.39717425435  9.197081E-18
8785.91051805341  9.617847E-18
8790.42386185247  -4.296112E-18
8794.93720565153  5.449922E-19
8799.45054945058  7.683702E-18
8803.96389324964  7.387642E-18
8808.4772370487  1.379303E-18
8812.99058084776  -8.661488E-18
8817.50392464681  -1.582284E-17
8822.01726844587  -1.274920E-18
8826.53061224493  -6.959875E-18
8831.04395604399  -7.621970E-18
8835.55729984305  2.882409E-18
8840.0706436421  -2.293704E-18
8844.58398744116  -6.529170E-18
8849.09733124022  3.157517E-18
8853.61067503928  1.006586E-17
8858.12401883834  2.044556E-18
8862.6373626374  5.021909E-19
8867.15070643645  1.932524E-18
8871.66405023551  5.560493E-18
8876.17739403457  1.054289E-17
8880.69073783363  7.645166E-18
8885.20408163268  1.228543E-17
8889.71742543174  1.797477E-19
8894.2307692308  3.671434E-18
8898.74411302986  -4.070727E-18
8903.25745682892  1.496352E-18
8907.77080062798  1.634371E-18
8912.28414442703  -2.143841E-18
8916.79748822609  -8.470518E-18
8921.31083202515  8.192223E-18
8925.82417582421  2.281128E-17
8930.33751962327  1.168120E-17
8934.85086342233  6.066921E-18
8939.36420722138  8.845117E-18
8943.87755102044  6.085083E-18
8948.3908948195  8.125536E-18
8952.90423861856  9.939300E-18
8957.41758241762  -1.707289E-18
8961.93092621667  -8.258121E-18
8966.44427001573  4.779610E-18
8970.95761381479  9.096742E-18
8975.47095761385  -1.432512E-18
8979.98430141291  -8.841861E-18
8984.49764521197  -6.177687E-18
8989.01098901102  4.312133E-18
8993.52433281008  1.578758E-17
8998.03767660914  9.319529E-18
9002.5510204082  5.281719E-18
9007.06436420725  1.832045E-17
9011.57770800631  5.826419E-18
9016.09105180537  4.672200E-18
9020.60439560443  2.288890E-17
9025.11773940349  5.715761E-18
9029.63108320255  -1.175092E-18
9034.1444270016  7.296311E-18
9038.65777080066  1.411314E-17
9043.17111459972  9.902742E-19
9047.68445839878  -5.633166E-18
9052.19780219784  9.626119E-18
9056.71114599689  6.755397E-18
9061.22448979595  2.149735E-18
9065.73783359501  7.461741E-18
9070.25117739407  7.585990E-18
9074.76452119313  5.878768E-18
9079.27786499219  5.650608E-18
9083.79120879124  6.740918E-19
9088.3045525903  1.459666E-18
9092.81789638936  -1.085798E-18
9097.33124018842  2.051664E-18
9101.84458398748  3.463293E-18
9106.35792778653  9.239503E-18
9110.87127158559  9.347071E-18
9115.38461538465  2.641155E-18
9119.89795918371  7.740664E-18
9124.41130298277  6.345107E-18
9128.92464678182  5.390649E-20
9133.43799058088  2.774015E-18
9137.95133437994  3.274853E-18
9142.464678179  5.267680E-18
9146.97802197806  9.375321E-18
9151.49136577711  -1.612573E-18
9156.00470957617  -3.401791E-19
9160.51805337523  5.176680E-18
9165.03139717429  -2.584828E-18
9169.54474097335  8.374563E-18
9174.05808477241  8.897559E-18
9178.57142857146  6.444349E-18
9183.08477237052  1.346988E-18
9187.59811616958  3.774024E-18
9192.11145996864  7.919209E-18
9196.6248037677  3.497688E-18
9201.13814756676  2.863411E-18
9205.65149136581  1.458497E-18
9210.16483516487  1.072328E-17
9214.67817896393  1.367045E-17
9219.19152276299  3.636368E-18
9223.70486656205  4.950754E-18
9228.2182103611  3.471419E-18
9232.73155416016  2.771678E-18
9237.24489795922  3.501559E-18
9241.75824175828  5.089524E-18
9246.27158555733  1.391461E-18
9250.78492935639  1.178306E-18
9255.29827315545  2.608822E-18
9259.81161695451  1.318609E-17
9264.32496075357  4.701025E-18
9268.83830455263  3.996240E-18
9273.35164835168  7.447980E-18
9277.86499215074  1.232198E-17
9282.3783359498  4.926932E-18
9286.89167974886  2.835735E-18
9291.40502354792  3.526017E-18
9295.91836734697  2.813086E-18
9300.43171114603  1.674050E-17
9304.94505494509  1.208067E-17
9309.45839874415  1.320449E-18
9313.97174254321  -9.978052E-18
9318.48508634227  -8.628581E-18
9322.99843014132  -6.226284E-18
9327.51177394038  2.221193E-17
9332.02511773944  2.915723E-17
9336.5384615385  3.101723E-17
9341.05180533756  8.246453E-18
9345.56514913661  6.840690E-19
9350.07849293567  -1.885922E-17
9354.59183673473  1.309516E-17
9359.10518053379  -1.676248E-17
9363.61852433285  -4.012974E-17
9368.1318681319  -3.591260E-17
9372.64521193096  1.976664E-17
9377.15855573002  1.108087E-18
9381.67189952908  -2.653498E-19
9386.18524332814  -2.173223E-20
9390.69858712719  -1.585467E-17
9395.21193092625  -7.644667E-18
9399.72527472531  2.499250E-18
9404.23861852437  -1.962292E-18
9408.75196232343  -1.295765E-17
9413.26530612249  -7.654791E-18
9417.77864992154  -2.076040E-18
9422.2919937206  1.838589E-17
9426.80533751966  2.492627E-17
9431.31868131872  4.240981E-18
9435.83202511778  1.630616E-17
9440.34536891683  1.211434E-18
9444.85871271589  1.170038E-17
9449.37205651495  -1.185469E-18
9453.88540031401  7.230384E-18
9458.39874411307  -5.008199E-19
9462.91208791213  2.812986E-17
9467.42543171118  2.485485E-17
9471.93877551024  1.448861E-17
9476.4521193093  2.251240E-17
9480.96546310836  1.149714E-17
9485.47880690741  1.764672E-17
9489.99215070647  2.029614E-17
9494.50549450553  1.809252E-17
9499.01883830459  1.962238E-17
9503.53218210365  1.156784E-17
9508.04552590271  -6.733824E-19
9512.55886970176  6.549098E-18
9517.07221350082  1.399238E-18
9521.58555729988  5.948556E-18
9526.09890109894  5.223725E-18
9530.612244898  -7.054485E-18
9535.12558869705  3.135456E-18
9539.63893249611  2.206567E-17
9544.15227629517  8.206660E-18
9548.66562009423  -1.869315E-17
9553.17896389328  -1.627758E-18
9557.69230769235  -2.328159E-18
9562.2056514914  1.252367E-17
9566.71899529046  1.493889E-17
9571.23233908952  6.352848E-18
9575.74568288858  1.357237E-17
9580.25902668764  5.201565E-18
9584.7723704867  -3.142330E-18
9589.28571428575  5.129522E-18
9593.79905808481  -2.473478E-18
9598.31240188387  -4.377024E-18
9602.82574568293  3.918329E-18
9607.33908948198  2.576528E-18
9611.85243328104  -7.451671E-18
9616.3657770801  4.738368E-18
9620.87912087916  1.734437E-18
9625.39246467822  -5.793397E-19
9629.90580847728  6.302807E-18
9634.41915227633  -4.772963E-18
9638.93249607539  -8.531611E-18
9643.44583987445  3.944374E-18
9647.95918367351  1.964214E-19
9652.47252747257  8.203096E-18
9656.98587127162  1.333015E-18
9661.49921507068  -2.708581E-18
9666.01255886974  -1.956840E-18
9670.5259026688  1.992657E-17
9675.03924646786  1.577589E-18
9679.55259026691  2.176647E-18
9684.06593406597  1.369624E-17
9688.57927786503  8.858233E-18
9693.09262166409  2.008289E-18
9697.60596546315  2.709837E-19
9702.11930926221  1.543713E-17
9706.63265306126  3.552643E-18
9711.14599686032  1.974019E-18
9715.65934065938  1.011420E-17
9720.17268445844  7.686022E-20
9724.6860282575  1.359411E-18
9729.19937205655  1.291400E-17
9733.71271585561  6.624643E-18
9738.22605965467  9.663510E-18
9742.73940345373  1.967703E-18
9747.25274725279  -3.866787E-18
9751.76609105185  -7.433144E-19
9756.2794348509  -7.626978E-18
9760.79277864996  -6.344168E-19
9765.30612244902  4.307239E-18
9769.81946624808  4.691761E-18
9774.33281004713  4.707326E-18
9778.84615384619  1.150414E-17
9783.35949764525  -7.715942E-18
9787.87284144431  -2.431071E-17
9792.38618524337  1.542002E-17
9796.89952904242  -1.280360E-18
9801.41287284148  -3.031682E-17
9805.92621664054  -4.007488E-18
9810.4395604396  6.430871E-18
9814.95290423866  1.939962E-18
9819.46624803772  1.576064E-18
9823.97959183678  3.846572E-18
9828.49293563583  3.243157E-18
9833.00627943489  9.572473E-18
9837.51962323395  -1.834270E-18
9842.03296703301  5.159781E-18
9846.54631083207  6.343692E-18
9851.05965463112  8.516589E-18
9855.57299843018  1.427966E-18
9860.08634222924  -1.759001E-17
9864.5996860283  -1.669331E-17
9869.11302982736  -6.182615E-18
9873.62637362641  -2.264772E-17
9878.13971742547  5.064439E-18
9882.65306122453  1.371188E-17
9887.16640502359  -6.069125E-18
9891.67974882265  -2.811070E-18
9896.1930926217  2.689462E-18
9900.70643642076  -1.145590E-17
9905.21978021982  -1.565831E-17
9909.73312401888  -3.343386E-20
9914.24646781794  3.112236E-18
9918.75981161699  -1.027593E-18
9923.27315541605  5.232664E-18
9927.78649921511  1.046456E-17
9932.29984301417  3.935990E-17
9936.81318681323  2.430047E-18
9941.32653061228  1.379023E-17
9945.83987441134  2.598253E-17
9950.3532182104  -1.769112E-17
9954.86656200946  -3.678995E-18
9959.37990580852  2.495041E-17
9963.89324960758  1.767835E-17
9968.40659340664  1.310102E-17
9972.91993720569  1.593823E-17
9977.43328100475  -8.214540E-18
9981.94662480381  -8.581701E-18
9986.45996860287  5.203270E-18
9990.97331240192  3.623143E-18
9995.48665620098  8.836521E-18
10000.  -7.451031E-18
