3614.7431340716  2.125834375163035E-14
3617.68629727794  3.307140533859951E-13
3620.63093904112  1.868238415434345E-14
3623.57705679925  2.488040293245717E-13
3626.5246479939  -1.217645848179714E-14
3629.47371007009  1.319003277661080E-13
3632.42424047626  -1.649333867239536E-14
3635.3762366643  2.508847576274245E-13
3638.32969608955  1.409838187176182E-13
3641.28461621076  -4.504901441481540E-14
3644.24099449013  -8.206955687285246E-14
3647.19882839327  8.520005664651277E-14
3650.15811538924  -2.687887066738939E-14
3653.1188529505  6.246834872771027E-14
3656.08103855295  6.397495532877739E-15
3659.04466967589  2.300877741677739E-14
3662.00974380205  -7.337119376915239E-15
3664.97625841756  2.427535581331532E-14
3667.94421101198  -4.403305541191249E-14
3670.91359907824  -1.099802836994078E-14
3673.88442011272  1.775459157521614E-14
3676.85667161516  5.413145941686190E-15
3679.83035108874  4.986617148023386E-15
3682.80545604001  8.190052992167395E-15
3685.78198397892  2.514866470985030E-15
3688.75993241881  3.170711936040474E-15
3691.73929887641  9.330202099575091E-16
3694.72008087184  -2.624701322633138E-15
3697.7022759286  9.561384365737268E-15
3700.68588157357  -1.830262188958327E-16
3703.67089533701  3.423176560723639E-15
3706.65731475256  3.983347792144067E-15
3709.64513735722  4.137384444238280E-16
3712.63436069138  -5.529894180434157E-15
3715.62498229878  -2.122107156427945E-15
3718.61699972653  2.476389700676771E-15
3721.61041052511  2.758594548031830E-15
3724.60521224835  2.675003518724881E-16
3727.60140245343  3.363642421452323E-16
3730.59897870092  1.297498978320223E-15
3733.5979385547  -2.804547841050709E-15
3736.59827958202  2.470326037750220E-16
3739.59999935347  6.490096134007711E-16
3742.60309544299  1.055968849773558E-15
3745.60756542786  7.170963429431385E-17
3748.61340688869  4.047918756906389E-17
3751.62061740944  -9.705559386619954E-16
3754.6291945774  3.835783603193643E-16
3757.63913598317  -3.037556943882643E-16
3760.65043922071  -3.374047008507747E-16
3763.66310188728  1.876763721544601E-16
3766.67712158349  -1.800397208007704E-16
3769.69249591323  4.329139103834106E-17
3772.70922248375  1.042489594773170E-16
3775.72729890558  -3.289142135340421E-16
3778.74672279259  -2.932676516251252E-16
3781.76749176194  -1.093974005785299E-16
3784.7896034341  2.089442348478139E-17
3787.81305543286  3.022911437309613E-16
3790.8378453853  4.034240816740343E-16
3793.86397092179  3.085016670616431E-17
3796.89142967601  -7.438626698155897E-17
3799.92021928493  -3.270212711208671E-17
3802.9503373888  9.079343647328908E-17
3805.98178163118  3.213459936670355E-16
3809.01454965891  -1.398108132743439E-16
3812.04863912209  1.330459165785155E-16
3815.08404767413  3.688681560319826E-17
3818.1207729717  1.255740285690355E-17
3821.15881267475  -5.304268117780220E-17
3824.19816444651  1.057029807047069E-16
3827.23882595347  -5.884922599232798E-17
3830.28079486539  1.437892949778773E-17
3833.3240688553  -2.334946984528419E-17
3836.36864559948  -3.539803154170115E-17
3839.41452277748  6.711637659974725E-18
3842.4616980721  3.778891334613168E-18
3845.51016916941  1.927775660265147E-18
3848.5599337587  -1.492072036691168E-17
3851.61098953254  -4.768257044324003E-18
3854.66333418674  1.556342026673812E-17
3857.71696542033  8.820841969783709E-19
3860.77188093561  3.337330866431888E-17
3863.8280784381  -1.468332822284191E-17
3866.88555563656  -6.008578376656665E-18
3869.944310243  2.596268209473129E-17
3873.00433997263  -3.065341938264927E-17
3876.0656425439  3.463303639501363E-17
3879.1282156785  -1.387699213979970E-17
3882.19205710133  1.019418844463217E-17
3885.2571645405  -2.560460396694375E-17
3888.32353572735  1.049648381270332E-17
3891.39116839644  -6.035764312617021E-18
3894.46006028552  -1.599671345336351E-18
3897.53020913557  -5.655799464681150E-18
3900.60161269076  7.940313130711689E-18
3903.67426869849  7.406123014871610E-18
3906.74817490932  3.829870296169502E-17
3909.82332907705  1.108753836272561E-17
3912.89972895866  -6.770266312044874E-18
3915.97737231431  -1.202039979488623E-17
3919.05625690736  2.673669377939805E-17
3922.13638050437  1.315615903782614E-17
3925.21774087508  5.027045355495692E-19
3928.30033579239  6.136232044454688E-18
3931.38416303241  1.827497718554869E-17
3934.46922037442  1.161086482425771E-17
3937.55550560086  1.549485528490130E-17
3940.64301649736  1.900718651692290E-18
3943.7317508527  -5.255484627365478E-18
3946.82170645886  3.647260549863691E-18
3949.91288111094  -4.760015980508986E-18
3953.00527260724  2.337294158494091E-18
3956.0988787492  1.319155088977252E-18
3959.19369734142  1.495252850124066E-18
3962.28972619166  1.512004107547612E-17
3965.38696311081  -1.740736668453159E-18
3968.48540591293  9.152961647035937E-18
3971.58505241522  5.659503694317537E-18
3974.68590043801  -1.153414519126249E-18
3977.78794780481  1.438142516703436E-17
3980.89119234221  -2.374914326088679E-18
3983.99563187998  1.330177326438770E-17
3987.10126425101  6.251016739966153E-18
3990.20808729131  -1.869938036997923E-18
3993.31609884002  4.484249267522653E-18
3996.42529673942  -2.239931408636140E-18
3999.5356788349  6.082234918661556E-18
4002.64724297496  6.309883708742372E-18
4005.75998701124  2.290898219173566E-18
4008.87390879848  3.906375889176538E-18
4011.98900619452  2.236124849775001E-18
4015.10527706033  5.292835834475019E-18
4018.22271925998  4.109874662304912E-18
4021.34133066063  2.841202837953344E-18
4024.46110913256  6.153011274765274E-18
4027.58205254914  3.359006278434058E-18
4030.70415878683  5.591294825312401E-18
4033.82742572519  4.838747993527444E-18
4036.95185124687  -1.405167800261953E-18
4040.07743323761  3.656175242702409E-18
4043.20416958622  1.838778501403393E-18
4046.3320581846  -7.180875139422614E-19
4049.46109692775  7.754582682199697E-18
4052.59128371371  3.905087084385374E-18
4055.72261644363  1.056142918244731E-17
4058.85509302171  5.108470346183975E-18
4061.98871135522  7.274027183055062E-18
4065.1234693545  7.474817721542793E-18
4068.25936493297  3.205186549897054E-18
4071.39639600708  6.627578733077767E-18
4074.53456049636  1.203066870782043E-18
4077.67385632339  1.790010770658821E-18
4080.81428141381  4.339539009725887E-18
4083.95583369629  5.575839708349414E-18
4087.09851110258  7.468428885776033E-18
4090.24231156744  2.225755428245321E-18
4093.3872330287  2.789435374178676E-18
4096.53327342722  6.838029840223125E-18
4099.6804307069  3.568790717895466E-18
4102.82870281466  6.402824722101465E-18
4105.97808770048  3.926123517509714E-18
4109.12858331733  4.177813335397781E-18
4112.28018762126  4.640344402453227E-18
4115.4328985713  5.002120066120683E-18
4118.58671412951  1.929298290880299E-18
4121.74163226099  7.801822966159955E-18
4124.89765093383  3.298049093403366E-18
4128.05476811915  4.491334650901000E-18
4131.21298179107  7.975226646310656E-18
4134.37228992673  4.180907164933437E-18
4137.53269050626  2.338907093309579E-18
4140.69418151282  4.367179485679108E-18
4143.85676093254  4.096468997267423E-18
4147.02042675456  4.812208378676741E-18
4150.18517697102  5.127423366134219E-18
4153.35100957705  2.488205419082151E-18
4156.51792257077  7.979470654285072E-18
4159.68591395328  5.879414232174189E-18
4162.85498172867  9.111538531838242E-18
4166.02512390401  4.776041703584487E-18
4169.19633848935  6.064570903465325E-18
4172.36862349773  8.456155618337156E-18
4175.54197694514  6.717941707180516E-18
4178.71639685056  4.093254368412602E-18
4181.89188123592  6.296373224491945E-18
4185.06842812613  4.187211904060890E-18
4188.24603554907  3.142804888259564E-18
4191.42470153556  4.934748965281569E-18
4194.6044241194  7.305583107756521E-18
4197.78520133733  6.873815547752959E-18
4200.96703122905  6.745928945607484E-18
4204.1499118372  5.229701154795415E-18
4207.33384120739  6.412395028568552E-18
4210.51881738814  5.684487467040943E-18
4213.70483843096  5.586614984906836E-18
4216.89190239024  6.694183498589911E-18
4220.08000732336  4.108492977605073E-18
4223.26915129061  3.497280505006633E-18
4226.45933235521  5.465882891706296E-18
4229.65054858333  5.603553668197562E-18
4232.84279804403  5.061050398974957E-18
4236.03607880932  5.162986355888312E-18
4239.23038895413  6.129893024140821E-18
4242.4257265563  7.270283555943995E-18
4245.62208969659  5.946806014772639E-18
4248.81947645867  7.053938919746427E-18
4252.01788492913  4.324213763885575E-18
4255.21731319745  4.363345940957771E-18
4258.41775935604  4.813280477987178E-18
4261.61922150019  6.739992199483930E-18
4264.8216977281  4.328463328580602E-18
4268.02518614087  6.724021672563230E-18
4271.22968484249  2.903766630702872E-18
4274.43519193984  8.183789950195194E-18
4277.64170554269  6.608540931690515E-18
4280.8492237637  4.102910147884263E-18
4284.05774471841  7.563981402625543E-18
4287.26726652525  6.401748992839339E-18
4290.47778730553  6.279099406729617E-18
4293.68930518342  6.434331187717157E-18
4296.90181828596  5.165688561352808E-18
4300.1153247431  3.650164361558072E-18
4303.32982268762  2.407184696088123E-18
4306.54531025517  6.275193895540155E-18
4309.76178558429  4.353661574466068E-18
4312.97924681634  4.047264145443510E-18
4316.19769209557  9.178269529963602E-19
4319.41711956906  3.040315906485353E-18
4322.63752738678  4.352620016338646E-18
4325.85891370151  3.722457864373525E-18
4329.08127666889  1.759416912351069E-18
4332.30461444741  4.238082836420042E-18
4335.5289251984  5.845446134538148E-18
4338.75420708604  5.144608807338188E-18
4341.98045827731  3.675090608036799E-18
4345.20767694207  6.419395048861591E-18
4348.43586125298  3.997107304088876E-18
4351.66500938554  6.121220550177612E-18
4354.89511951808  4.738567625799325E-18
4358.12618983174  3.578844172241519E-18
4361.35821851048  2.331699683014936E-18
4364.59120374111  4.967326778048585E-18
4367.82514371321  4.090620614582984E-18
4371.06003661921  5.188825371626137E-18
4374.29588065432  4.800409632518116E-18
4377.53267401658  3.537453653463565E-18
4380.77041490683  3.292190395853384E-18
4384.0091015287  4.103795910276713E-18
4387.24873208864  6.017892728612384E-18
4390.48930479588  2.711616844260387E-18
4393.73081786244  4.010458067366756E-18
4396.97326950316  4.367434994864219E-18
4400.21665793563  6.655805602041154E-18
4403.46098138026  5.490575430312432E-18
4406.70623806023  5.842293073129209E-18
4409.95242620149  4.727415144607507E-18
4413.19954403279  6.379554906207861E-18
4416.44758978564  4.014575178586631E-18
4419.69656169433  2.873820396411320E-18
4422.94645799593  5.814799129453557E-18
4426.19727693025  3.910761873085025E-18
4429.44901673988  4.551567376101604E-18
4432.70167567019  3.644803352285628E-18
4435.95525196929  5.189565658509876E-18
4439.20974388804  5.577240398087734E-18
4442.46514968008  3.685559215401587E-18
4445.72146760178  3.882540503764500E-18
4448.97869591227  3.139574475383995E-18
4452.23683287342  5.662863148390241E-18
4455.49587674986  7.343111242899835E-18
4458.75582580893  5.395154578668874E-18
4462.01667832074  5.308580450211098E-18
4465.27843255813  4.061676173659269E-18
4468.54108679666  4.074172978845345E-18
4471.80463931463  6.417976956963146E-18
4475.06908839306  6.014208112113839E-18
4478.33443231571  6.998501519891497E-18
4481.60066936906  5.787492419338605E-18
4484.86779784229  5.435906883674567E-18
4488.13581602733  5.123398710541716E-18
4491.40472221879  6.300474164033110E-18
4494.67451471403  3.805712283719578E-18
4497.94519181309  4.094892982930940E-18
4501.21675181872  4.961716311652232E-18
4504.48919303639  4.825502404733038E-18
4507.76251377426  4.611787047641780E-18
4511.0367123432  5.466208573671762E-18
4514.31178705676  5.531573836064763E-18
4517.58773623119  3.818247435847768E-18
4520.86455818544  4.012019380449951E-18
4524.14225124115  5.850714435158659E-18
4527.42081372262  6.357701780387148E-18
4530.70024395686  5.814681058867242E-18
4533.98054027355  5.595109761816892E-18
4537.26170100506  5.821908281779508E-18
4540.54372448641  4.042438920330292E-18
4543.82660905532  4.697571381272677E-18
4547.11035305216  5.502018247330326E-18
4550.39495481997  4.496069314833940E-18
4553.68041270448  7.950521818607114E-18
4556.96672505405  7.938863756836511E-18
4560.25389021971  5.983791737048202E-18
4563.54190655515  3.733438987602784E-18
4566.83077241671  3.461181967226211E-18
4570.12048616339  7.843297213770792E-18
4573.41104615683  5.347405169948858E-18
4576.70245076132  6.296326277595026E-18
4579.99469834379  8.201385175311736E-18
4583.28778727382  4.884961848267258E-18
4586.58171592362  5.544533005374134E-18
4589.87648266803  7.154985106961833E-18
4593.17208588454  6.559485203232908E-18
4596.46852395327  5.897573528323617E-18
4599.76579525693  8.766193445379704E-18
4603.06389818092  7.507373442774882E-18
4606.3628311132  5.861825781601104E-18
4609.66259244438  7.482628868557772E-18
4612.9631805677  7.689000481728369E-18
4616.26459387898  8.452926605496367E-18
4619.56683077667  8.015124430633695E-18
4622.86988966185  6.439138921939154E-18
4626.17376893817  6.985933153976569E-18
4629.4784670119  8.158875420035743E-18
4632.78398229191  1.045615811597522E-17
4636.09031318968  9.288517183183769E-18
4639.39745811927  8.724956347869996E-18
4642.70541549733  9.180051162217067E-18
4646.01418374313  8.606619754935380E-18
4649.32376127849  8.892611559930479E-18
4652.63414652785  7.458847065780526E-18
4655.9453379182  8.151942311048475E-18
4659.25733387914  8.511594881552802E-18
4662.57013284282  9.368949022254136E-18
4665.883733244  7.639958936267592E-18
4669.19813351997  8.883801586981114E-18
4672.51333211062  1.060196192182057E-17
4675.8293274584  9.475979088487632E-18
4679.14611800832  1.073245782877650E-17
4682.46370220796  9.957335108730124E-18
4685.78207850745  7.788269601463928E-18
4689.10124535947  9.576453023571311E-18
4692.42120121927  7.679250607383578E-18
4695.74194454465  1.105583797458783E-17
4699.06347379594  8.424479794653995E-18
4702.38578743605  1.045865417786044E-17
4705.70888393038  9.813004558914959E-18
4709.03276174693  9.350472721820251E-18
4712.3574193562  1.079264543818305E-17
4715.68285523124  9.253618669413279E-18
4719.00906784762  1.083712453518647E-17
4722.33605568345  1.049193680684752E-17
4725.66381721938  1.050021602315946E-17
4728.99235093855  9.967385849992266E-18
4732.32165532665  1.009526807521295E-17
4735.65172887188  1.012097799160497E-17
4738.98257006496  9.856068929053678E-18
4742.31417739913  8.747088729161701E-18
4745.64654937012  8.173967964665987E-18
4748.9796844762  9.039759714410337E-18
4752.31358121811  7.824122805955500E-18
4755.64823809912  9.903201700477415E-18
4758.983653625  7.797479746564730E-18
4762.319826304  8.992683973569137E-18
4765.65675464689  8.428807379353633E-18
4768.99443716691  8.527655199644547E-18
4772.3328723798  9.193295916743654E-18
4775.6720588038  9.081373960552268E-18
4779.01199495962  9.886233919392095E-18
4782.35267937044  1.026899884294312E-17
4785.69411056195  1.213612287042193E-17
4789.03628706231  9.305215264764319E-18
4792.37920740213  8.860490865660249E-18
4795.72287011451  1.045210521134937E-17
4799.06727373504  1.038283266708417E-17
4802.41241680173  9.059337944900846E-18
4805.75829785509  9.821750753340046E-18
4809.10491543807  8.484366900072275E-18
4812.45226809611  9.431999865956953E-18
4815.80035437706  1.052803013512940E-17
4819.14917283126  1.119187694507102E-17
4822.49872201149  1.150197374813913E-17
4825.84900047297  1.139590846765314E-17
4829.20000677338  1.035754297955793E-17
4832.55173947283  1.164280401521602E-17
4835.90419713387  1.101339644337384E-17
4839.25737832151  1.089523708137212E-17
4842.61128160315  9.487224236598235E-18
4845.96590554867  1.259107939034002E-17
4849.32124873035  1.108986585553135E-17
4852.67730972292  8.829165464268200E-18
4856.0340871035  1.070180007008941E-17
4859.39157945166  1.225037733948544E-17
4862.74978534938  1.200579342558740E-17
4866.10870338107  1.055141843722626E-17
4869.46833213352  1.062109209054072E-17
4872.82867019596  1.158813074717267E-17
4876.18971616003  9.941696046528168E-18
4879.55146861975  9.064665092760847E-18
4882.91392617157  1.063948788269604E-17
4886.27708741432  1.002132905034007E-17
4889.64095094925  1.013878130886562E-17
4893.00551537999  1.612356929635260E-17
4896.37077931256  2.001668638007627E-17
4899.73674135537  1.991783659784879E-17
4903.10340011923  1.520447619892288E-17
4906.47075421733  1.151487571066742E-17
4909.83880226524  9.911778558587197E-18
4913.2075428809  1.084093093304142E-17
4916.57697468463  1.262582245924520E-17
4919.94709629915  9.128926477058483E-18
4923.31790634951  1.007267419383720E-17
4926.68940346316  9.586497891305443E-18
4930.06158626991  1.029498675817483E-17
4933.43445340191  9.643119647414575E-18
4936.80800349371  1.062658070289324E-17
4940.18223518219  9.686941433470321E-18
4943.55714710659  1.131865919291352E-17
4946.93273790851  8.184879972867447E-18
4950.30900623189  1.000571649360971E-17
4953.68595072304  8.179435286564645E-18
4957.06357003059  1.066037864850118E-17
4960.44186280552  9.887787653631630E-18
4963.82082770115  9.235251336761701E-18
4967.20046337314  8.447864521780676E-18
4970.58076847949  1.024103360799320E-17
4973.96174168052  1.021349578218728E-17
4977.34338163888  8.959220627631420E-18
4980.72568701956  9.339454113036399E-18
4984.10865648985  8.373450010757309E-18
4987.49228871938  9.508591547415061E-18
4990.8765823801  7.726059366674682E-18
4994.26153614627  9.550040713716953E-18
4997.64714869446  6.861328061380380E-18
5001.03341870354  7.421955738728378E-18
5004.42034485473  8.190354792545896E-18
5007.8079258315  8.061037101977813E-18
5011.19616031967  8.564235140350005E-18
5014.58504700733  8.030687187677202E-18
5017.97458458488  8.232317361605472E-18
5021.36477174501  7.545996690611158E-18
5024.7556071827  6.499412163918139E-18
5028.14708959524  8.485735015304763E-18
5031.53921768217  7.668818544063351E-18
5034.93199014534  7.310981924087476E-18
5038.32540568889  7.854385095854716E-18
5041.71946301921  6.624437030598482E-18
5045.11416084498  6.967105947641938E-18
5048.50949787717  9.216590258404446E-18
5051.905472829  7.507646781059512E-18
5055.30208441596  9.076964130182943E-18
5058.69933135581  8.454221463970180E-18
5062.09721236858  8.823643754952254E-18
5065.49572617655  9.379418516919445E-18
5068.89487150425  9.651349422219025E-18
5072.2946470785  8.357148263813286E-18
5075.69505162833  9.639487583315714E-18
5079.09608388505  9.645998805615471E-18
5082.4977425822  1.121691765629275E-17
5085.90002645557  1.041452009801417E-17
5089.3029342432  1.094315654584415E-17
5092.70646468535  1.060469051126090E-17
5096.11061652454  9.705064347177852E-18
5099.5153885055  8.798073872432421E-18
5102.92077937522  8.763224246711811E-18
5106.3267878829  6.802679277938318E-18
5109.73341277995  1.037537349959234E-17
5113.14065282005  1.073272184889247E-17
5116.54850675905  1.022764218268181E-17
5119.95697335505  8.630573222667393E-18
5123.36605136835  1.063125085914018E-17
5126.77573956148  1.055942926968562E-17
5130.18603669917  9.581758234175064E-18
5133.59694154835  1.123678656041273E-17
5137.00845287816  9.854418780785266E-18
5140.42056945995  9.003396116577675E-18
5143.83329006726  1.166950971419698E-17
5147.24661347584  1.057875806782214E-17
5150.66053846361  1.061238965490896E-17
5154.07506381071  1.058041561224346E-17
5157.49018829946  1.111906653540329E-17
5160.90591071435  9.830072127390710E-18
5164.32222984207  1.176980307488547E-17
5167.73914447149  9.831635794371184E-18
5171.15665339365  1.027549463124332E-17
5174.57475540178  1.050450214480536E-17
5177.99344929127  9.252864370351993E-18
5181.4127338597  1.236761486555895E-17
5184.83260790678  1.219635233959253E-17
5188.25307023442  1.166952166589478E-17
5191.67411964668  1.125836717905445E-17
5195.09575494979  1.093265982098689E-17
5198.51797495212  1.066512473084260E-17
5201.9407784642  1.034722929408640E-17
5205.36416429873  1.008335155048806E-17
5208.78813127053  1.195660068055854E-17
5212.2126781966  9.013754502768058E-18
5215.63780389604  1.076239522730744E-17
5219.06350719014  1.030371286918149E-17
5222.4897869023  1.016582431798100E-17
5225.91664185806  8.665712363873236E-18
5229.3440708851  8.929875881876203E-18
5232.77207281322  9.663787960106088E-18
5236.20064647436  8.464363730053101E-18
5239.62979070259  9.929479814483054E-18
5243.05950433408  9.051544941539438E-18
5246.48978620714  1.022094742955353E-17
5249.92063516219  9.941060551384051E-18
5253.35205004178  8.700083901051087E-18
5256.78402969054  1.022395357056982E-17
5260.21657295524  9.721685880918881E-18
5263.64967868474  9.329614490156034E-18
5267.08334573003  9.293213296333425E-18
5270.51757294416  8.775813641405921E-18
5273.95235918232  9.796708759630305E-18
5277.38770330176  9.703647146229915E-18
5280.82360416186  7.452678557273459E-18
5284.26006062407  9.246609868006343E-18
5287.69707155193  9.406387957985888E-18
5291.13463581107  9.072916537378787E-18
5294.5727522692  9.790221271172928E-18
5298.01141979611  1.065979702535646E-17
5301.45063726368  9.961175940373756E-18
5304.89040354584  8.924080234163493E-18
5308.33071751864  1.152510975330301E-17
5311.77157806014  1.040961350232746E-17
5315.2129840505  1.083367851598571E-17
5318.65493437196  1.053346624347343E-17
5322.09742790879  9.654369952559662E-18
5325.54046354733  1.110220819811181E-17
5328.98404017599  1.048431914242035E-17
5332.42815668522  9.580217614641934E-18
5335.87281196753  1.033125527660982E-17
5339.31800491747  1.105238066272358E-17
5342.76373443165  1.000741248839224E-17
5346.2099994087  9.740422058314923E-18
5349.65679874932  9.461090676303975E-18
5353.10413135624  9.009789951742732E-18
5356.5519961342  9.292491985623794E-18
5360.00039199002  9.001291445223493E-18
5363.4493178325  1.069209907727378E-17
5366.8987725725  9.600136210055975E-18
5370.34875512291  9.645786973967194E-18
5373.79926439862  8.899074496612142E-18
5377.25029931655  8.402182033071332E-18
5380.70185879564  9.911365884404707E-18
5384.15394175683  1.046638435333678E-17
5387.6065471231  9.347856314819919E-18
5391.05967381942  1.091347688151026E-17
5394.51332077277  9.126025894049710E-18
5397.96748691213  8.451095180814725E-18
5401.42217116849  1.102995095704554E-17
5404.87737247483  8.603601703920153E-18
5408.33308976613  9.363378174093405E-18
5411.78932197937  9.160266131148805E-18
5415.24606805352  9.825631982231717E-18
5418.70332692952  1.011545843932107E-17
5422.16109755031  9.703401141185658E-18
5425.61937886082  8.924739113005591E-18
5429.07816980795  9.439914994330402E-18
5432.53746934058  8.983900848996396E-18
5435.99727640956  8.015196249328734E-18
5439.45758996772  1.042803687121590E-17
5442.91840896986  9.271045734092220E-18
5446.37973237274  9.487212853904775E-18
5449.84155913509  9.540292283777150E-18
5453.3038882176  1.064482402168781E-17
5456.76671858292  1.058073089884296E-17
5460.23004919565  9.560437411425787E-18
5463.69387902236  9.979917810837951E-18
5467.15820703156  8.741061500355417E-18
5470.6230321937  9.610689052962783E-18
5474.08835348119  9.972684126219009E-18
5477.55416986839  1.026458223235011E-17
5481.02048033157  9.918434534983100E-18
5484.48728384897  1.137836883802707E-17
5487.95457940075  1.014867840073485E-17
5491.42236596901  9.981669415647333E-18
5494.89064253777  1.152110907049293E-17
5498.35940809298  1.082217909703677E-17
5501.82866162253  9.595399175396751E-18
5505.29840211621  9.882647308595748E-18
5508.76862856575  9.289833939112657E-18
5512.23933996477  9.235643039483770E-18
5515.71053530883  9.961778885400784E-18
5519.1822135954  9.750879927790197E-18
5522.65437382384  9.672044007998065E-18
5526.12701499543  1.031902851936404E-17
5529.60013611336  7.781995201825651E-18
5533.0737361827  8.756628045615542E-18
5536.54781421044  8.137970480725119E-18
5540.02236920545  9.822526247373414E-18
5543.4974001785  7.667813366738444E-18
5546.97290614226  9.125780051205547E-18
5550.44888611127  8.122207330332281E-18
5553.92533910196  9.111990532419167E-18
5557.40226413265  8.098222984782053E-18
5560.87966022353  8.510069767374490E-18
5564.35752639668  8.625682067828208E-18
5567.83586167605  8.992329159901702E-18
5571.31466508745  5.664577592476519E-18
5574.79393565857  8.138544333359469E-18
5578.27367241897  7.956022102471342E-18
5581.75387440006  7.329217593175968E-18
5585.23454063514  5.155763772928015E-18
5588.71567015932  8.977002694208319E-18
5592.19726200963  8.365819091974508E-18
5595.67931522489  9.074266731326003E-18
5599.16182884581  8.077055923464454E-18
5602.64480191495  7.751488693912539E-18
5606.12823347668  9.118126427338411E-18
5609.61212257725  7.373721281528102E-18
5613.09646826474  7.703025095983045E-18
5616.58126958906  7.726626238477979E-18
5620.06652560195  7.773077695598187E-18
5623.552235357  7.601783793706252E-18
5627.03839790963  7.627589599530248E-18
5630.52501231706  8.991057564704675E-18
5634.01207763837  7.612292047736751E-18
5637.49959293443  6.707994500953919E-18
5640.98755726795  6.636713019581618E-18
5644.47596970345  6.950932306419195E-18
5647.96482930726  6.516135814454885E-18
5651.45413514752  6.894968358884828E-18
5654.9438862942  7.556958760036645E-18
5658.43408181905  7.467254648951529E-18
5661.92472079563  6.357989782691831E-18
5665.41580229931  7.894666210231598E-18
5668.90732540724  6.982645718317593E-18
5672.39928919839  8.672131607513378E-18
5675.89169275349  6.733597053950775E-18
5679.3845351551  7.456789770184293E-18
5682.87781548753  6.793151082288501E-18
5686.3715328369  7.962543420441815E-18
5689.86568629111  7.179390648788043E-18
5693.36027493982  6.150944654837273E-18
5696.85529787448  5.699472719611930E-18
5700.35075418832  8.101209418144794E-18
5703.84664297634  7.467009552470466E-18
5707.34296333529  8.129685594223488E-18
5710.8397143637  7.290037205057885E-18
5714.33689516188  6.262655472296891E-18
5717.83450483188  6.288011761128697E-18
5721.33254247751  7.507232781110393E-18
5724.83100720433  7.053476888873124E-18
5728.32989811968  7.113070162521463E-18
5731.82921433262  6.581671637847014E-18
5735.32895495397  6.774379087766385E-18
5738.82911909631  6.562417310535017E-18
5742.32970587392  8.068042507255684E-18
5745.83071440288  7.637622464325541E-18
5749.33214380095  6.871732128447454E-18
5752.83399318766  6.017723260463961E-18
5756.33626168426  6.989315015784396E-18
5759.83894841373  7.568824529636275E-18
5763.34205250078  7.253877263419321E-18
5766.84557307183  6.947068273998584E-18
5770.34950925505  7.847717741354609E-18
5773.85386018029  7.851780742100713E-18
5777.35862497916  6.796694651399848E-18
5780.86380278494  6.786339254977518E-18
5784.36939273265  8.482831314646304E-18
5787.87539395901  6.512486067864892E-18
5791.38180560245  6.796134017003846E-18
5794.88862680308  7.565430182336577E-18
5798.39585670275  7.068490109095765E-18
5801.90349444497  5.997337421841832E-18
5805.41153917497  6.838798653713990E-18
5808.91999003965  7.298424496248472E-18
5812.42884618762  7.171232117974918E-18
5815.93810676917  6.808252243269818E-18
5819.44777093627  7.419263432310509E-18
5822.95783784258  8.524517312946560E-18
5826.46830664343  7.315203232208049E-18
5829.97917649583  7.921738037879791E-18
5833.49044655847  7.261026368804673E-18
5837.0021159917  7.314943916259584E-18
5840.51418395754  7.010305929646398E-18
5844.02664961968  7.277013518182191E-18
5847.53951214349  8.513818933398047E-18
5851.05277069596  7.472084681851159E-18
5854.56642444578  6.800062902455167E-18
5858.08047256327  8.356541549253387E-18
5861.5949142204  9.453567740616549E-18
5865.10974859081  8.043567796361646E-18
5868.62497484977  7.880495845560153E-18
5872.14059217421  7.088132091109661E-18
5875.65659974268  8.340837593329272E-18
5879.1729967354  8.597759009769916E-18
5882.68978233419  7.356302406300140E-18
5886.20695572254  8.295474863317986E-18
5889.72451608555  7.534995445759005E-18
5893.24246260994  8.105476192149213E-18
5896.76079448409  7.564133304041796E-18
5900.27951089798  6.725134556256330E-18
5903.7986110432  8.212572842390821E-18
5907.31809411298  8.186124995444409E-18
5910.83795930217  7.699603825729292E-18
5914.35820580721  8.307363878063739E-18
5917.87883282616  8.080420887174469E-18
5921.39983955869  8.081456786698762E-18
5924.92122520608  9.577954883610001E-18
5928.44298897121  7.800039848433073E-18
5931.96513005854  8.199570440116410E-18
5935.48764767416  8.213254902305017E-18
5939.01054102573  8.361486452904083E-18
5942.53380932251  8.983816565144541E-18
5946.05745177535  7.267293105268422E-18
5949.58146759669  7.525217292481598E-18
5953.10585600055  8.614859320313072E-18
5956.63061620252  7.529363023783696E-18
5960.15574741978  9.679230804663783E-18
5963.68124887111  8.925668077002173E-18
5967.20711977681  9.034667836218922E-18
5970.73335935878  9.698808013959629E-18
5974.25996684051  8.926022895970740E-18
5977.78694144702  8.718475295160027E-18
5981.31428240491  8.929541304851051E-18
5984.84198894232  7.911156583065657E-18
5988.37006028898  7.805011727618602E-18
5991.89849567616  9.703983276143048E-18
5995.42729433666  8.872369100523872E-18
5998.95645550487  8.713789402220873E-18
6002.48597841671  8.807784472750366E-18
6006.01586230962  8.977536075135709E-18
6009.54610642261  7.978963750778866E-18
6013.07670999623  9.781585506047038E-18
6016.60767227256  8.579613102381415E-18
6020.1389924952  8.567547033810537E-18
6023.67066990929  9.203377723398407E-18
6027.20270376152  1.000260905131653E-17
6030.73509330007  9.375068514338732E-18
6034.26783777467  9.593633647467729E-18
6037.80093643655  9.281154916349798E-18
6041.33438853848  8.506630279675514E-18
6044.86819333473  9.206638500844306E-18
6048.40235008107  1.007564833032900E-17
6051.93685803482  9.272829410760717E-18
6055.47171645478  8.930015903249302E-18
6059.00692460124  8.242193154137133E-18
6062.54248173603  1.008281212500028E-17
6066.07838712245  7.732577711581383E-18
6069.6146400253  8.729002685358535E-18
6073.15123971089  8.370819505622828E-18
6076.68818544701  8.746395764696655E-18
6080.22547650293  9.655116493665129E-18
6083.76311214943  8.049214792285205E-18
6087.30109165875  8.566380913240294E-18
6090.83941430463  8.629054763753051E-18
6094.37807936227  8.085592403445019E-18
6097.91708610836  8.205113430332227E-18
6101.45643382105  8.069692706282305E-18
6104.99612177997  7.928439625730312E-18
6108.53614926623  8.851196799826476E-18
6112.07651556237  8.438448238353126E-18
6115.61721995242  7.894438385180259E-18
6119.15826172186  6.407734329628747E-18
6122.69964015764  7.705180393299000E-18
6126.24135454814  7.453486605272159E-18
6129.78340418321  7.017846582371509E-18
6133.32578835415  7.958566634785273E-18
6136.86850635369  6.765866475074386E-18
6140.41155747603  6.642479579139327E-18
6143.95494101678  6.748242721023213E-18
6147.49865627301  7.078194152472949E-18
6151.04270254323  6.994544128854855E-18
6154.58707912737  6.528803454248820E-18
6158.13178532678  6.253677630612314E-18
6161.67682044427  7.227945633834924E-18
6165.22218378405  6.646525880340957E-18
6168.76787465177  7.951785995985711E-18
6172.31389235447  7.107440602534231E-18
6175.86023620065  5.638588440692366E-18
6179.40690550019  6.910611589733838E-18
6182.9538995644  6.200624674460573E-18
6186.50121770599  6.527587490773950E-18
6190.04885923908  7.483212325909245E-18
6193.59682347921  7.021159970772281E-18
6197.14510974329  6.170910338956576E-18
6200.69371734965  5.542370069635877E-18
6204.24264561802  6.048225612458686E-18
6207.79189386951  5.796240690890590E-18
6211.34146142663  7.399880252858026E-18
6214.89134761327  5.906510456126065E-18
6218.44155175471  5.607257460803848E-18
6221.99207317762  6.471366606216175E-18
6225.54291121005  6.406564586036120E-18
6229.09406518141  5.979904581664678E-18
6232.64553442249  5.826916842242260E-18
6236.19731826548  6.439499766945775E-18
6239.74941604392  6.410007159549242E-18
6243.3018270927  5.934422602940810E-18
6246.8545507481  6.623470506471416E-18
6250.40758634775  6.892517300186663E-18
6253.96093323064  5.904685285496552E-18
6257.51459073713  4.591892676820449E-18
6261.06855820892  6.591606754087377E-18
6264.62283498907  5.445632597145520E-18
6268.17742042196  6.283431363141694E-18
6271.73231385336  5.782046754870489E-18
6275.28751463036  5.547459923313789E-18
6278.8430221014  5.765483662651775E-18
6282.39883561623  6.439001271247198E-18
6285.95495452598  5.658206476259700E-18
6289.51137818308  6.094442406625351E-18
6293.06810594129  5.435603319207363E-18
6296.62513715573  7.454358823813453E-18
6300.18247118281  5.954734202441693E-18
6303.74010738027  7.410914818474774E-18
6307.29804510719  5.011107335289032E-18
6310.85628372394  5.579389194024487E-18
6314.41482259222  5.539632876617740E-18
6317.97366107503  5.170028825551213E-18
6321.53279853671  5.000059061047411E-18
6325.09223434285  6.104986659255771E-18
6328.6519678604  6.036082455926818E-18
6332.21199845759  5.284255397202493E-18
6335.77232550393  5.750685919815649E-18
6339.33294837025  5.637972438563170E-18
6342.89386642868  4.970984902753031E-18
6346.4550790526  6.307246738853047E-18
6350.01658561673  5.327899745356149E-18
6353.57838549703  6.035534264553819E-18
6357.14047807077  5.726192299810750E-18
6360.7028627165  6.237700790895873E-18
6364.26553881402  6.032747230227986E-18
6367.82850574444  5.146939643106352E-18
6371.39176289013  4.300686356805477E-18
6374.95530963471  4.189861222195369E-18
6378.51914536309  5.036264973010355E-18
6382.08326946144  6.644336031505046E-18
6385.64768131719  1.046158006319475E-17
6389.21238031902  8.472557403519889E-18
6392.77736585687  7.127402871194927E-18
6396.34263732195  5.514046144970245E-18
6399.9081941067  5.470208940199324E-18
6403.47403560481  6.123253083525439E-18
6407.04016121124  5.459020144801445E-18
6410.60657032215  6.221256061654947E-18
6414.17326233499  5.495736540690757E-18
6417.7402366484  5.611582966667779E-18
6421.3074926623  5.803364284278258E-18
6424.8750297778  6.028086715152335E-18
6428.44284739728  5.210072676010001E-18
6432.01094492431  5.860107860034156E-18
6435.57932176371  6.032550400542292E-18
6439.14797732151  4.777911776196154E-18
6442.71691100497  5.428236787657539E-18
6446.28612222255  6.093765084249298E-18
6449.85561038394  4.903483803957794E-18
6453.42537490003  4.446884627294334E-18
6456.99541518293  4.677524647371405E-18
6460.56573064594  5.175106201237901E-18
6464.13632070358  3.560585103624825E-18
6467.70718477156  5.869995135794072E-18
6471.27832226679  5.859738188793537E-18
6474.84973260739  5.615074178580721E-18
6478.42141521264  4.253472000055540E-18
6481.99336950304  5.348916309151897E-18
6485.56559490027  4.503704292603513E-18
6489.13809082719  4.947129911167330E-18
6492.71085670784  4.538135666746937E-18
6496.28389196745  4.758063072104655E-18
6499.85719603241  4.385005350039628E-18
6503.43076833031  5.014248037341678E-18
6507.00460828989  5.004987666755996E-18
6510.57871534107  6.225361317648898E-18
6514.15308891492  9.632521262610859E-18
6517.7277284437  9.023977870849714E-18
6521.30263336081  6.909784611226930E-18
6524.87780310082  4.417656265683944E-18
6528.45323709945  5.294565768107962E-18
6532.02893479356  4.398160961872457E-18
6535.6048956212  4.682268742410525E-18
6539.18111902153  4.357431105800546E-18
6542.75760443487  4.247115210356891E-18
6546.33435130268  4.179664540854923E-18
6549.91135906755  4.071550814076033E-18
6553.48862717324  4.533015744557536E-18
6557.0661550646  3.867421356336775E-18
6560.64394218766  5.017854139129283E-18
6564.22198798953  4.403898708333348E-18
6567.80029191848  4.593659511118720E-18
6571.37885342389  4.704120194501561E-18
6574.95767195628  1.166055978677071E-17
6578.53674696726  1.413626961499450E-17
6582.11607790958  1.513271250552281E-17
6585.69566423709  6.334693514215081E-18
6589.27550540476  5.711267405735346E-18
6592.85560086866  4.945084719935009E-18
6596.43595008597  4.825786496126982E-18
6600.01655251497  4.991179427133737E-18
6603.59740761505  3.806663965200130E-18
6607.17851484668  5.317867620539638E-18
6610.75987367145  5.123135126649646E-18
6614.34148355201  5.005464941948691E-18
6617.92334395213  4.761472095251400E-18
6621.50545433665  5.029511557387388E-18
6625.08781417149  4.861319987227367E-18
6628.67042292368  5.478264984956306E-18
6632.2532800613  5.229061698891741E-18
6635.83638505351  4.980025011839174E-18
6639.41973737056  5.120472511580885E-18
6643.00333648376  5.157720228889408E-18
6646.58718186549  5.444692151039751E-18
6650.17127298919  5.701135578413094E-18
6653.75560932937  4.754606393371524E-18
6657.34019036161  5.099940846936220E-18
6660.92501556252  5.909850388489150E-18
6664.51008440981  5.477670280069533E-18
6668.09539638219  5.481944179845077E-18
6671.68095095946  6.054983103860019E-18
6675.26674762245  5.064971660220632E-18
6678.85278585304  5.231708287803859E-18
6682.43906513415  5.072647218290448E-18
6686.02558494974  6.321677984553732E-18
6689.61234478481  5.569123677849080E-18
6693.19934412538  5.372708621054932E-18
6696.78658245853  5.781654236695768E-18
6700.37405927233  5.635508871641664E-18
6703.96177405593  6.291657762610837E-18
6707.54972629944  5.236328261865734E-18
6711.13791549403  5.534832531621409E-18
6714.7263411319  5.793140575673528E-18
6718.31500270623  6.644369334269182E-18
6721.90389971123  6.241096848651379E-18
6725.49303164212  6.565718247186593E-18
6729.08239799514  6.055602878973510E-18
6732.67199826751  5.918934901809191E-18
6736.26183195747  6.193436690277160E-18
6739.85189856427  6.244398394833293E-18
6743.44219758812  5.567670834432757E-18
6747.03272853026  5.872125652034995E-18
6750.6234908929  5.349712468260408E-18
6754.21448417927  7.010968706325764E-18
6757.80570789354  6.076496942603580E-18
6761.39716154091  6.483743928791930E-18
6764.98884462753  6.187883494391853E-18
6768.58075666054  6.548635131151705E-18
6772.17289714806  5.773901706276264E-18
6775.76526559917  5.585524479767546E-18
6779.35786152395  6.452819471754520E-18
6782.95068443341  5.936585472805112E-18
6786.54373383955  5.991919343695712E-18
6790.13700925533  6.228971737170341E-18
6793.73051019465  5.424166003296573E-18
6797.32423617241  5.924633060917297E-18
6800.91818670442  5.913978361526032E-18
6804.51236130748  5.850631753846684E-18
6808.1067594993  5.014826489273858E-18
6811.70138079857  5.197466386654031E-18
6815.29622472491  5.949066075201790E-18
6818.89129079889  5.592575503768349E-18
6822.48657854201  5.428963832808899E-18
6826.08208747671  5.522120146581668E-18
6829.67781712636  7.183098149479736E-18
6833.27376701527  4.659705621493718E-18
6836.86993666867  6.052969822062017E-18
6840.46632561273  5.706616795916431E-18
6844.06293337452  5.596448957153656E-18
6847.65975948204  5.890381041790946E-18
6851.25680346423  5.624498829044954E-18
6854.85406485091  5.181189968631948E-18
6858.45154317284  5.177999864579493E-18
6862.04923796168  6.592132913804532E-18
6865.64714874998  6.407288585759279E-18
6869.24527507123  4.905452699710274E-18
6872.84361645979  5.567729013715237E-18
6876.44217245095  6.120281439472387E-18
6880.04094258086  5.492575046396396E-18
6883.6399263866  5.249071682903942E-18
6887.23912340612  4.847402166826054E-18
6890.83853317826  6.266497077990969E-18
6894.43815524275  4.976144676906201E-18
6898.03798914021  5.419984894433293E-18
6901.63803441214  4.319977378626352E-18
6905.2382906009  5.269098695898226E-18
6908.83875724975  5.547513415971890E-18
6912.43943390281  6.127757314962786E-18
6916.04032010507  4.620053550732054E-18
6919.6414154024  5.259594842214724E-18
6923.24271934151  5.728680492879285E-18
6926.84423146999  5.654182953764141E-18
6930.4459513363  5.172194773076405E-18
6934.04787848974  5.495211123598706E-18
6937.65001248046  4.373814344956039E-18
6941.25235285949  4.879750501648044E-18
6944.85489917867  4.598457210794651E-18
6948.45765099072  4.896168010539034E-18
6952.0606078492  4.711318327226898E-18
6955.66376930847  5.249794587589597E-18
6959.2671349238  4.318129811241627E-18
6962.87070425123  5.521743178737159E-18
6966.47447684767  4.284716460610699E-18
6970.07845227086  4.397604545458761E-18
6973.68263007934  5.591375462791463E-18
6977.28700983251  4.564322563853623E-18
6980.89159109057  4.788898897265748E-18
6984.49637341456  3.491196532815234E-18
6988.10135636631  4.877991815819698E-18
6991.70653950849  4.822872532200007E-18
6995.31192240458  4.929100054543688E-18
6998.91750461884  3.425591776582732E-18
7002.52328571637  4.508218451251754E-18
7006.12926526308  4.429955669853057E-18
7009.73544282564  4.448788280096650E-18
7013.34181797155  4.571491327681480E-18
7016.94839026911  5.144986339309490E-18
7020.55515928741  4.784045278440353E-18
7024.1621245963  5.005652268429631E-18
7027.76928576647  4.826581371117994E-18
7031.37664236936  5.289066055719503E-18
7034.98419397719  4.263253317333290E-18
7038.591940163  3.811369401377887E-18
7042.19988050056  4.349583720513820E-18
7045.80801456445  4.538823777256548E-18
7049.41634192999  5.111890171639423E-18
7053.02486217331  4.643161752275958E-18
7056.63357487129  4.675439897118987E-18
7060.24247960155  5.153868376633887E-18
7063.8515759425  5.060881529455797E-18
7067.46086347331  4.593780482633960E-18
7071.0703417739  4.693304725823303E-18
7074.68001042494  5.058641603740864E-18
7078.28986900786  5.113827621906990E-18
7081.89991710482  4.672536090765297E-18
7085.51015429875  5.712505498582029E-18
7089.12058017331  5.000727919865624E-18
7092.73119431291  4.645056833340651E-18
7096.34199630269  4.244511262746754E-18
7099.95298572853  5.131725524726098E-18
7103.56416217703  4.941069171566071E-18
7107.17552523555  3.925649036744299E-18
7110.78707449215  4.746155459498831E-18
7114.39880953562  4.214233259163560E-18
7118.01072995549  4.756659692599052E-18
7121.62283534199  4.565906274657705E-18
7125.23512528606  4.861455580905446E-18
7128.84759937939  5.042743357284548E-18
7132.46025721435  4.112854708611413E-18
7136.07309838402  5.232980737143165E-18
7139.68612248222  4.164100078823114E-18
7143.29932910343  5.091679992354430E-18
7146.91271784285  4.182795472815039E-18
7150.52628829639  4.641457964511607E-18
7154.14004006064  3.698831386682365E-18
7157.75397273289  4.444840191672813E-18
7161.36808591112  4.672545923569892E-18
7164.98237919399  4.825853215932477E-18
7168.59685218087  5.358608959390074E-18
7172.21150447178  3.701186705911354E-18
7175.82633566745  4.521001802118932E-18
7179.44134536925  3.201952962879394E-18
7183.05653317927  3.453813912171317E-18
7186.67189870025  4.122643495012921E-18
7190.28744153559  4.016546137442235E-18
7193.90316128937  4.102754033984641E-18
7197.51905756632  5.014900519521940E-18
7201.13512997187  4.708157959149834E-18
7204.75137811206  5.157436643952113E-18
7208.36780159361  4.043297446054616E-18
7211.9844000239  5.396620090374584E-18
7215.60117301094  5.392695069713506E-18
7219.21812016342  3.597265529717854E-18
7222.83524109064  4.816212290908631E-18
7226.45253540256  4.575751030310674E-18
7230.0700027098  4.022450626940401E-18
7233.68764262358  4.823273325317344E-18
7237.30545475578  4.230651362187677E-18
7240.9234387189  5.191461167163538E-18
7244.54159412608  6.218884451274152E-18
7248.15992059109  4.579335114528088E-18
7251.77841772831  3.080933533774654E-18
7255.39708515275  4.507483907276380E-18
7259.01592248004  4.815582234755491E-18
7262.63492932643  5.092467499532031E-18
7266.25410530877  5.514148546327105E-18
7269.87345004455  5.546139869387811E-18
7273.49296315183  5.271337481402936E-18
7277.11264424931  3.078093003796531E-18
7280.73249295627  3.265231349235780E-18
7284.35250889261  4.659071040576902E-18
7287.97269167881  4.133826732495196E-18
7291.59304093596  4.897906041559527E-18
7295.21355628574  4.124424654944673E-18
7298.8342373504  5.404806174952021E-18
7302.45508375282  4.106086342514771E-18
7306.07609511643  3.890133290976296E-18
7309.69727106524  3.153682348479806E-18
7313.31861122387  3.590168317858935E-18
7316.94011521749  5.986888528319527E-18
7320.56178267186  3.918931791869319E-18
7324.1836132133  4.213692637935487E-18
7327.8056064687  5.530400578313984E-18
7331.42776206554  5.704825532576165E-18
7335.05007963182  3.787284966581259E-18
7338.67255879614  4.800269199666051E-18
7342.29519918764  4.730798654747338E-18
7345.91800043603  6.420215463500849E-18
7349.54096217156  5.211391854369352E-18
7353.16408402502  4.616114343563509E-18
7356.78736562778  5.884458244501039E-18
7360.41080661173  5.174034619679988E-18
7364.03440660932  4.784148968905960E-18
7367.65816525351  4.658080249711447E-18
7371.28208217784  3.160108826397957E-18
7374.90615701635  4.778635025420723E-18
7378.53038940363  4.142422883509889E-18
7382.15477897479  4.763834181456260E-18
7385.77932536547  4.471515990329194E-18
7389.40402821184  3.542673521649904E-18
7393.02888715059  4.498652104127843E-18
7396.65390181892  4.968242442292142E-18
7400.27907185456  4.993237832653075E-18
7403.90439689573  5.261921354792979E-18
7407.52987658119  4.447825456123355E-18
7411.1555105502  3.631107442298749E-18
7414.7812984425  5.576018023709249E-18
7418.40723989838  5.240115346565614E-18
7422.03333455858  3.903739103598850E-18
7425.65958206437  5.306359670748602E-18
7429.28598205752  5.629489922447801E-18
7432.91253418027  6.029492779987820E-18
7436.53923807535  3.654184608629234E-18
7440.166093386  5.124619046372290E-18
7443.79309975593  3.166954464792476E-18
7447.42025682933  3.737902082615875E-18
7451.04756425087  3.953964291787031E-18
7454.6750216657  4.215030953562168E-18
7458.30262871945  3.859200631936854E-18
7461.93038505821  3.942589576738050E-18
7465.55829032855  4.281257965526050E-18
7469.18634417748  4.280256470194639E-18
7472.81454625251  3.275673982280960E-18
7476.44289620159  4.027379136445741E-18
7480.07139367313  4.221774332224671E-18
7483.700038316  4.768070194323247E-18
7487.32882977951  5.218230210822238E-18
7490.95776771344  3.994766233486719E-18
7494.586851768  4.955105444462582E-18
7498.21608159387  3.400806848406718E-18
7501.84545684213  4.083770343806008E-18
7505.47497716435  4.398058956656124E-18
7509.10464221249  4.350053125848960E-18
7512.73445163897  4.060716964872921E-18
7516.36440509665  4.237841404364829E-18
7519.9945022388  5.336274199280893E-18
7523.62474271912  5.289070701879643E-18
7527.25512619174  2.504718468555023E-18
7530.8856523112  4.699422248159946E-18
7534.51632073248  3.409099995614251E-18
7538.14713111096  3.700603634368384E-18
7541.77808310243  4.603362639628490E-18
7545.40917636309  4.161033551465181E-18
7549.04041054957  3.860496019522525E-18
7552.67178531887  4.566891575219404E-18
7556.30330032844  4.735796707772748E-18
7559.93495523607  3.300974541586066E-18
7563.5667497  3.299132048968119E-18
7567.19868337884  3.889197029088189E-18
7570.83075593159  3.803908179771539E-18
7574.46296701766  5.569259632011825E-18
7578.09531629681  4.077873994138975E-18
7581.72780342923  4.407885675512807E-18
7585.36042807545  4.774102211290777E-18
7588.99318989641  2.405966208701130E-18
7592.6260885534  3.854581277199869E-18
7596.25912370811  4.266184032145809E-18
7599.89229502258  4.325726658376164E-18
7603.52560215923  5.897578751632281E-19
7607.15904478083  1.989782602292919E-18
7610.79262255054  4.368824033947277E-18
7614.42633513186  4.856404282308166E-18
7618.06018218865  3.522024160115534E-18
7621.69416338513  4.363860775162007E-18
7625.32827838586  1.161000671716278E-18
7628.96252685577  6.287997290265836E-18
7632.59690846013  3.565227764282974E-18
7636.23142286455  5.087849900983838E-18
7639.86606973497  3.551908988469766E-18
7643.5008487377  5.585327043624834E-18
7647.13575953936  4.413561733226353E-18
7650.77080180692  4.394367316586968E-18
7654.40597520766  4.694435228374567E-18
7658.04127940922  4.229613033325087E-18
7661.67671407954  4.931111536396160E-18
7665.31227888689  3.602256126824485E-18
7668.94797349987  4.851139074509603E-18
7672.58379758739  4.934915617141390E-18
7676.21975081868  4.634064653383062E-18
7679.85583286327  4.232705128711927E-18
7683.49204339101  5.870860863418187E-18
7687.12838207206  5.274241968443887E-18
7690.76484857689  5.792885068444910E-18
7694.40144257626  5.820521634357428E-18
7698.03816374122  5.172974181157981E-18
7701.67501174315  4.689581458700065E-18
7705.31198625369  5.910286356882692E-18
7708.9490869448  4.629103325841982E-18
7712.5863134887  2.325515099924548E-18
7716.22366555793  7.945232676046133E-18
7719.86114282528  5.194917222176698E-18
7723.49874496385  6.213085878773613E-18
7727.136471647  4.960976048919857E-18
7730.77432254836  3.930476588513696E-18
7734.41229734186  4.672638576240490E-18
7738.05039570167  4.128329518992047E-18
7741.68861730226  4.619981619561611E-18
7745.32696181834  5.026647490853429E-18
7748.96542892488  6.947387329439624E-18
7752.60401829714  7.799482516389226E-18
7756.2427296106  5.019870477280554E-18
7759.88156254102  5.142845962518975E-18
7763.5205167644  4.394390444645716E-18
7767.15959195701  4.849859503326385E-18
7770.79878779532  4.752490677820590E-18
7774.4381039561  3.933046353264845E-18
7778.07754011633  5.442749945202406E-18
7781.71709595323  5.177554728917205E-18
7785.35677114427  2.909466849586049E-18
7788.99656536713  5.939257520734391E-18
7792.63647829974  3.643639562936970E-18
7796.27650962026  7.241215844624071E-18
7799.91665900706  3.851340340551040E-18
7803.55692613875  4.748486751544948E-18
7807.19731069415  5.120639144956156E-18
7810.8378123523  5.656648877148730E-18
7814.47843079245  4.432721204844630E-18
7818.11916569408  6.839931628299812E-18
7821.76001673685  4.182579537229741E-18
7825.40098360066  4.071119236020545E-18
7829.04206596558  4.571691584052120E-18
7832.68326351192  4.463175384127137E-18
7836.32457592016  5.151223098077589E-18
7839.96600287098  3.768020221837995E-18
7843.60754404527  4.943066052456500E-18
7847.2491991241  3.958371853727932E-18
7850.89096778872  5.221052601850169E-18
7854.53284972059  8.766842402286950E-19
7858.17484460133  6.034052534372731E-18
7861.81695211275  5.690485988106329E-18
7865.45917193684  5.300652686283836E-18
7869.10150375577  5.490616309877239E-18
7872.74394725185  2.803868345062594E-18
7876.38650210762  4.458883957696335E-18
7880.02916800573  5.030808527102591E-18
7883.67194462902  3.894477324767531E-18
7887.3148316605  3.832652969613446E-18
7890.95782878332  6.071683180512359E-18
7894.60093568081  4.820981700076505E-18
7898.24415203643  4.263837356571577E-18
7901.8874775338  6.442181774648397E-18
7905.53091185669  3.909245706355202E-18
7909.17445468903  5.818555299743024E-18
7912.81810571488  4.759715517630412E-18
7916.46186461843  5.560558292468189E-18
7920.10573108403  4.414220103185561E-18
7923.74970479616  6.945908833921718E-18
7927.39378543942  4.652884985120281E-18
7931.03797269855  4.865502765660508E-18
7934.68226625842  6.679416118001824E-18
7938.32666580403  4.685653703346879E-18
7941.97117102049  3.687786053924661E-18
7945.61578159303  4.688718553971786E-18
7949.26049720701  5.232232277413264E-18
7952.9053175479  3.185885652406051E-18
7956.55024230127  4.295310911958109E-18
7960.19527115281  4.135568482259749E-18
7963.84040378832  5.752244214464225E-18
7967.4856398937  5.671468485311824E-18
7971.13097915494  4.388616428518724E-18
7974.77642125816  3.933537755823887E-18
7978.42196588953  5.519893743929017E-18
7982.06761273535  4.141824873013129E-18
7985.71336148201  6.078080839343702E-18
7989.35921181596  5.581480676881003E-18
7993.00516342376  -8.899828007547744E-20
7996.65121599205  4.628015128922579E-18
8000.29736920755  2.839694340608814E-18
8003.94362275704  3.950790768291076E-18
8007.5899763274  3.950612159980122E-18
8011.23642960557  4.404051757586786E-18
8014.88298227856  4.331315269574825E-18
8018.52963403344  4.174683408054698E-18
8022.17638455736  4.616028842506849E-18
8025.82323353753  2.706591876165977E-18
8029.4701806612  3.534146029092912E-18
8033.1172256157  2.938877639682650E-18
8036.76436808839  3.880085468440525E-18
8040.41160776672  3.331307982580205E-18
8044.05894433813  3.491878502805156E-18
8047.70637749017  4.194850519728174E-18
8051.35390691038  3.365090826135386E-18
8055.00153228637  2.552566865234546E-18
8058.64925330579  3.076681114804126E-18
8062.29706965631  4.704993381920209E-18
8065.94498102563  3.080308412733857E-18
8069.59298710149  4.015042320895042E-18
8073.24108757167  3.095206671674721E-18
8076.88928212395  2.600913531189248E-18
8080.53757044615  3.351460443489773E-18
8084.18595222609  4.588506297114653E-18
8087.83442715164  2.811604250579130E-18
8091.48299491064  2.961703854733158E-18
8095.13165519098  2.988604279437188E-18
8098.78040768054  4.424418345908075E-18
8102.42925206721  3.235644012323731E-18
8106.07818803888  3.103633702640817E-18
8109.72721528345  5.599339142709911E-18
8113.37633348881  3.330921225457821E-18
8117.02554234286  3.193122857706087E-18
8120.67484153346  3.686423424703979E-18
8124.3242307485  3.034460638398954E-18
8127.97370967583  3.553526931121065E-18
8131.62327800331  3.989694371572629E-18
8135.27293541874  3.441109432712267E-18
8138.92268160995  3.530242447439386E-18
8142.57251626472  2.940465333682897E-18
8146.2224390708  2.567539759306463E-18
8149.87244971593  2.839664869509969E-18
8153.52254788781  4.800631424801188E-18
8157.17273327411  3.686405509804798E-18
8160.82300556245  3.970210754297407E-18
8164.47336444042  2.928846868272516E-18
8168.12380959558  3.639309667880322E-18
8171.77434071544  4.453316143637625E-18
8175.42495748745  2.583004014822003E-18
8179.07565959902  4.466842907599206E-18
8182.72644673752  3.050966477609394E-18
8186.37731859024  1.734155116612200E-18
8190.02827484444  2.961899976464476E-18
8193.67931518731  2.937419378954199E-18
8197.33043930596  2.583701231289568E-18
8200.98164688745  2.799454546368473E-18
8204.63293761879  4.473328244675840E-18
8208.28431118688  2.440167386428302E-18
8211.93576727859  4.493178352117292E-18
8215.58730558068  3.615784391482338E-18
8219.23892577984  3.788670752929088E-18
8222.8906275627  2.528161166697384E-18
8226.54241061577  3.206469706832868E-18
8230.19427462551  4.017879282557591E-18
8233.84621927828  3.549255664988649E-18
8237.49824426032  3.386836880935485E-18
8241.15034925781  2.592763308495421E-18
8244.80253395683  3.825263037624479E-18
8248.45479804334  2.816687483940979E-18
8252.10714120322  3.411818238759668E-18
8255.75956312224  4.899891211821558E-18
8259.41206348604  3.589731666451650E-18
8263.06464198019  4.105043517881307E-18
8266.71729829012  2.729545520873812E-18
8270.37003210114  2.615123560562287E-18
8274.02284309846  3.898998333471510E-18
8277.67573096716  3.789689974337546E-18
8281.32869539221  2.039545208563230E-18
8284.98173605843  4.538869690892680E-18
8288.63485265053  9.393289577627367E-19
8292.28804485307  3.802930898831311E-18
8295.94131235051  3.111000497379753E-18
8299.59465482715  1.933562692805717E-18
8303.24807196714  2.203345721058184E-18
8306.90156345451  3.547183106397901E-18
8310.55512897313  3.383805304178260E-18
8314.20876820675  2.643043385988565E-18
8317.86248083893  1.534276681042213E-18
8321.51626655311  3.227061746744904E-18
8325.17012503257  3.803786200560260E-18
8328.82405596041  3.505345164820398E-18
8332.47805901959  3.215398685717356E-18
8336.13213389291  3.161963157063083E-18
8339.78628026299  3.588621675426965E-18
8343.4404978123  1.803974124131887E-18
8347.09478622312  7.568860987349733E-19
8350.74914517756  3.129080649981486E-18
8354.40357435757  2.747007437786477E-18
8358.0580734449  3.293640494131290E-18
8361.71264212115  4.470504531880923E-18
8365.36728006768  4.564287268809422E-18
8369.02198696573  2.829409910803628E-18
8372.6767624963  1.608167189542137E-18
8376.33160634022  3.723992824236571E-18
8379.98651817813  2.688760440845456E-18
8383.64149769046  1.808312440017420E-18
8387.29654455745  4.720192330210183E-18
8390.95165845911  2.857421243633087E-18
8394.60683907531  3.735976646093356E-18
8398.26208608563  1.195505564589917E-18
8401.91739916949  4.227054792498709E-18
8405.57277800609  4.085074455301882E-18
8409.22822227442  3.167713159563350E-18
8412.88373165323  2.518978138891517E-18
8416.53930582106  3.447219045890828E-18
8420.19494445622  1.664611040751463E-18
8423.85064723682  3.766550374152650E-18
8427.50641384072  3.864379822075927E-18
8431.16224394553  4.563768230235568E-18
8434.81813722867  3.458804606568365E-18
8438.47409336729  2.507349563678002E-18
8442.1301120383  2.577344079568933E-18
8445.78619291839  2.829385810367189E-18
8449.44233568399  2.485315007547512E-18
8453.09854001128  3.845478316456081E-18
8456.7548055762  3.948188892244880E-18
8460.41113205443  1.144926037982632E-18
8464.0675191214  4.317226568838410E-18
8467.72396645228  4.061373977309824E-18
8471.38047372198  2.498296116263506E-18
8475.03704060513  3.214158165461374E-18
8478.69366677613  2.842960691317602E-18
8482.35035190908  3.647439519884445E-18
8486.00709567782  4.387654033112530E-18
8489.66389775591  2.683503973280068E-18
8493.32075781665  4.307984164909770E-18
8496.97767553304  3.672684506498407E-18
8500.63465057782  4.308101234587063E-18
8504.29168262343  4.043033205472778E-18
8507.94877134201  4.007161846447850E-18
8511.60591640544  3.015216401786553E-18
8515.2631174853  3.272814816960742E-18
8518.92037425285  2.500172377710327E-18
8522.5776863791  2.108728141031309E-18
8526.23505353471  3.593762910077264E-18
8529.89247539006  2.481354680436054E-18
8533.54995161523  3.040046389297699E-18
8537.20748187998  4.149059510703477E-18
8540.86506585377  2.748196275839986E-18
8544.52270320573  2.346944266019558E-18
8548.18039360469  2.161306108433639E-18
8551.83813671916  4.530686660511152E-18
8555.49593221731  4.077082675743242E-18
8559.15377976701  3.660588989154733E-18
8562.81167903579  3.151034552464449E-18
8566.46962969085  3.223628949969516E-18
8570.12763139908  4.213442520713684E-18
8573.78568382699  2.962416783786208E-18
8577.44378664079  2.534277946969859E-18
8581.10193950635  3.017285659467694E-18
8584.76014208918  3.432935591677019E-18
8588.41839405445  3.218539892297442E-18
8592.07669506698  2.917909853380921E-18
8595.73504479124  2.865077401918298E-18
8599.39344289137  3.600921167546708E-18
8603.05188903113  3.710569325401561E-18
8606.7103828739  2.444208892871719E-18
8610.36892408276  2.277114819594556E-18
8614.02751232037  3.387459380828339E-18
8617.68614724905  6.232084844800292E-18
8621.34482853074  1.598709345852345E-17
8625.00355582703  8.376363376271987E-18
8628.6623287991  6.022844513940381E-18
8632.32114710779  1.688119600571703E-18
8635.98001041353  6.870957070617579E-18
8639.63891837639  4.260807728879139E-18
8643.29787065605  3.791004497996070E-18
8646.95686691178  2.706979083118418E-18
8650.6159068025  2.025584357159614E-18
8654.2749899867  6.182983692201945E-18
8657.93411612251  5.832193710939757E-18
8661.59328486762  5.696978331160895E-18
8665.25249587935  3.970286038398191E-18
8668.91174881461  5.273127687533686E-18
8672.5710433299  1.028039499219734E-18
8676.23037908132  4.554327869732276E-19
8679.88975572454  1.086839142722380E-18
8683.54917291484  3.251456944693984E-18
8687.20863030707  1.100878556742548E-18
8690.86812755565  4.838218040571153E-18
8694.5276643146  3.194610048846274E-18
8698.18724023752  2.471932722272120E-18
8701.84685497755  3.894574164879882E-18
8705.50650818742  3.630205815197734E-18
8709.16619951943  1.496619058251788E-18
8712.82592862545  2.583314381406299E-18
8716.48569515689  2.274947554200735E-18
8720.14549876474  2.521399595395216E-18
8723.80533909955  8.997265279288352E-19
8727.4652158114  2.887232431968010E-18
8731.12512854994  1.528026601749534E-18
8734.78507696437  2.036350404788548E-18
8738.44506070343  2.418004586473101E-18
8742.10507941541  4.337410556046619E-18
8745.76513274812  3.511730671923344E-18
8749.42522034895  4.706423145278426E-18
8753.08534186479  2.935346413588474E-18
8756.74549694207  5.204509689822564E-18
8760.40568522676  2.897026779268418E-18
8764.06590636436  5.541699278427416E-18
8767.72615999987  9.586577062793185E-19
8771.38644577785  7.113062988786006E-18
8775.04676334235  3.885528990646542E-18
8778.70711233695  4.345040504011889E-18
8782.36749240475  2.129838389128805E-18
8786.02790318835  5.628321966694266E-19
8789.68834432986  -8.633537555946791E-19
8793.3488154709  3.752975082492774E-18
8797.00931625261  1.714388175325054E-18
8800.6698463156  2.223343985735586E-18
8804.33040530001  2.310467444123148E-18
8807.99099284546  3.267868087311990E-18
8811.65160859105  2.244180183898575E-18
8815.3122521754  2.392906678261183E-18
8818.97292323661  2.452774043593907E-18
8822.63362141225  8.107655732376436E-18
8826.29434633938  4.156363146943582E-18
8829.95509765456  5.764744823245989E-18
8833.61587499379  4.289821432702093E-18
8837.27667799259  1.087521106376762E-18
8840.93750628591  2.185432031848976E-18
8844.59835950819  2.834327267055236E-18
8848.25923729336  3.753439832915817E-18
8851.92013927476  5.412016753602206E-18
8855.58106508524  4.640562916671938E-19
8859.24201435708  2.002249437308364E-18
8862.90298672204  1.204838277937583E-18
8866.56398181131  3.243834857531171E-18
8870.22499925556  1.259931967660443E-18
8873.88603868487  1.444812189939713E-18
8877.54709972881  5.413851714010710E-18
8881.20818201635  2.845853372200597E-18
8884.86928517594  5.838369994936012E-18
8888.53040883545  7.369129868345842E-19
8892.19155262216  -1.585465444895633E-19
8895.85271616284  6.761026526994371E-19
8899.51389908364  3.703165518243687E-18
8903.17510101017  1.424166765774270E-18
8906.83632156743  3.723182229364013E-18
8910.49756037988  2.135124617036289E-18
8914.15881707138  6.783382809632478E-18
8917.82009126521  6.934471838480725E-19
8921.48138258405  2.598035003700387E-18
8925.14269065003  4.325315286604613E-18
8928.80401508464  9.588233174865862E-19
8932.46535550882  3.330318106518046E-18
8936.12671154288  2.734499654211270E-18
8939.78808280655  2.641343204564384E-18
8943.44946891896  -4.012517561384300E-19
8947.11086949863  1.578500457056599E-18
8950.77228416347  1.872610901912431E-18
8954.43371253077  5.661132007787164E-20
8958.09515421725  2.989988142635731E-18
8961.75660883896  4.737178019120682E-18
8965.41807601137  1.673223670350614E-19
8969.07955534932  2.450757004460710E-18
8972.74104646703  2.430328412844632E-18
8976.40254897808  2.557388151072170E-18
8980.06406249544  3.602036792307102E-18
8983.72558663144  3.482534649478110E-18
8987.38712099779  1.302158812680671E-19
8991.04866520553  3.903882708370444E-18
8994.71021886511  3.093516241398878E-18
8998.3717815863  4.152798392198460E-18
9002.03335297824  3.678330410096340E-18
9005.69493264943  4.888710427297942E-18
9009.3565202077  1.937178455548784E-18
9013.01811526026  1.898480588026977E-18
9016.67971741363  1.870105899600383E-18
9020.34132627371  4.529092003229114E-18
9024.00294144571  2.574967103359138E-18
9027.66456253418  1.524054137669852E-18
9031.32618914303  2.961651214722235E-18
9034.98782087548  3.623596892826341E-18
9038.64945733408  7.578845304392014E-19
9042.31109812072  2.105671273246673E-18
9045.97274283661  1.484280030721926E-18
9049.63439108227  6.868527183680245E-18
9053.29604245755  2.996626986705362E-18
9056.95769656162  1.310905150057362E-18
9060.61935299295  1.413833083770431E-18
9064.28101134934  3.874080926387328E-18
9067.94267122789  1.459848805923449E-18
9071.60433222499  8.897604097318724E-19
9075.26599393636  2.519711607419332E-18
9078.92765595701  1.540662547575416E-18
9082.58931788123  1.424337914759424E-18
9086.25097930264  3.211455497125793E-18
9089.91263981413  2.302028568179998E-18
9093.57429900788  2.928156426354902E-18
9097.23595647536  3.009984522897953E-18
9100.89761180733  3.395231731525175E-18
9104.55926459383  2.381790746665056E-18
9108.22091442417  2.382532689441848E-18
9111.88256088697  9.516645138151019E-19
9115.54420357007  2.548741099772311E-18
9119.20584206063  2.188144918494311E-18
9122.86747594505  3.067324600443230E-18
9126.52910480901  1.590652187188672E-18
9130.19072823745  6.754058930333689E-19
9133.85234581458  1.503924062972347E-18
9137.51395712384  2.229018754510438E-18
9141.17556174796  1.064631074404682E-18
9144.8371592689  3.147713249343691E-18
9148.49874926789  1.335856727921587E-18
9152.16033132539  1.104295281180582E-18
9155.82190502111  2.055271272775896E-18
9159.483469934  1.201323186256171E-18
9163.14502564226  1.859504733787839E-19
9166.80657172332  2.380716845394251E-18
9170.46810775385  1.102812236297459E-18
9174.12963330975  1.528848227668747E-18
9177.79114796613  1.644753989773310E-18
9181.45265129736  1.872591076384154E-18
9185.11414287701  8.925961591141938E-19
9188.77562227789  3.169606626057461E-18
9192.437089072  2.425537714670803E-18
9196.09854283059  1.165001250770269E-18
9199.7599831241  2.875426955711299E-18
9203.42140952219  2.357774538928816E-18
9207.08282159373  1.201130313815631E-18
9210.74421890678  1.920404662106740E-18
9214.40560102863  1.905991828441260E-18
9218.06696752574  3.904557198101841E-18
9221.7283179638  4.070838140947320E-18
9225.38965190766  9.894712430937211E-19
9229.05096892139  5.212309031327179E-18
9232.71226856824  -1.537649206605747E-19
9236.37355041064  2.589238377703376E-18
9240.03481401022  1.949474468192431E-18
9243.69605892778  3.229271353791566E-18
9247.3572847233  3.022748862479057E-18
9251.01849095593  3.571797971623734E-18
9254.67967718401  2.038288102418108E-18
9258.34084296505  4.008650656491054E-18
9262.00198785572  2.843429307368499E-18
9265.66311141184  -1.122141166367828E-19
9269.32421318843  1.049513096836185E-18
9272.98529273964  3.023091251112504E-18
9276.6463496188  -3.217798303595151E-20
9280.30738337837  1.356093476072380E-18
9283.96839357  2.303661312436615E-18
9287.62937974444  3.350937944390802E-18
9291.29034145164  1.572723125058714E-18
9294.95127824065  4.258345960649157E-18
9298.61218965969  1.533107866745690E-18
9302.27307525612  -2.612175084369451E-18
9305.93393457641  -5.311137986648600E-18
9309.59476716619  1.591452974928595E-18
9313.25557257022  1.199636113232512E-17
9316.91635033238  6.943984030378089E-18
9320.57709999567  -8.568845740099625E-18
9324.23782110222  8.915719661370060E-18
9327.8985131933  3.024282066359920E-18
9331.55917580927  3.402439957525525E-18
9335.21980848963  2.899623816249531E-18
9338.88041077296  8.179291689614242E-20
9342.54098219698  1.605316954625419E-18
9346.20152229852  4.513543844533022E-19
9349.86203061348  3.342080159280293E-18
9353.5225066769  5.179792731209115E-18
9357.18295002291  4.067700038465062E-18
9360.84336018473  1.234720890401276E-18
9364.50373669467  1.308051091509933E-18
9368.16407908414  -5.677154968661292E-19
9371.82438688366  -1.049850775610933E-17
9375.48465962278  -1.511223897137574E-17
9379.1448968302  -1.704832319881588E-18
9382.80509803365  -1.572604334315701E-17
9386.46526275997  8.048887502898594E-19
9390.12539053506  1.737987064421915E-19
9393.7854808839  3.552069334658351E-19
9397.44553333054  1.560054651891895E-18
9401.1055473981  7.687237061517322E-19
9404.76552260876  1.883071664310190E-18
9408.42545848377  3.222645657585813E-18
9412.08535454343  -8.173154179909310E-19
9415.74521030709  6.196359959726405E-18
9419.40502529321  4.789074643893655E-18
9423.06479901921  2.145019547937507E-18
9426.72453100165  4.441145159978465E-18
9430.38422075607  -1.752881141908387E-18
9434.0438677971  1.772363229184562E-18
9437.70347163839  2.316836475185436E-17
9441.36303179262  1.075454892637438E-18
9445.02254777153  -6.501150268330821E-19
9448.68201908588  3.132533270002921E-18
9452.34144524546  6.266669498750530E-18
9456.00082575909  7.571818537367740E-18
9459.66016013463  9.468690993885942E-18
9463.31944787894  8.538957165978967E-18
9466.97868849791  -3.417854122130427E-18
9470.63788149646  6.784896011029692E-18
9474.2970263785  7.800405221026453E-18
9477.95612264698  1.013436497435293E-17
9481.61516980384  8.216498118396053E-18
9485.27416735004  -7.824526735595169E-19
9488.93311478553  7.265202761204091E-19
9492.59201160928  -5.325721919669001E-19
9496.25085731924  2.845852285492340E-18
9499.90965141238  7.645251248349262E-18
9503.56839338465  7.624338826381110E-19
9507.22708273098  4.553731315698477E-18
9510.88571894532  4.100025043980989E-18
9514.54430152057  2.432492253895153E-18
9518.20282994864  7.069186205691663E-18
9521.86130372041  2.957652387446449E-18
9525.51972232575  1.708718686204109E-18
9529.17808525348  2.080657952018500E-18
9532.83639199142  5.146404605199337E-18
9536.49464202635  1.805985858976437E-18
9540.15283484401  -9.586951854648418E-19
9543.81096992912  -9.217803895771293E-20
9547.46904676535  5.548047749469535E-18
9551.12706483533  -2.607111206400545E-18
9554.78502362066  3.629228139963481E-18
9558.44292260188  -3.357146887218060E-19
9562.1007612585  3.350802467100062E-18
9565.75853906894  2.658063674844069E-18
9569.41625551062  1.363929993664950E-17
9573.07391005987  -1.170665874761452E-18
9576.73150219197  2.353334923385139E-20
9580.38903138112  1.809927543435476E-18
9584.04649710049  2.604641424919574E-18
9587.70389882216  4.088939696919322E-19
9591.36123601716  8.448031700027625E-19
9595.01850815542  2.315043788072620E-18
9598.67571470582  3.000880916262964E-18
9602.33285513614  1.961142558118463E-18
9605.98992891311  3.966739499589201E-18
9609.64693550236  3.739430677707461E-18
9613.30387436842  1.315207456547212E-19
9616.96074497476  7.053604500412311E-18
9620.61754678375  2.548253825058377E-18
9624.27427925665  2.142909804178095E-18
9627.93094185365  1.424025291778956E-18
9631.58753403384  1.941141516208112E-18
9635.24405525518  3.288813421527871E-18
9638.90050497455  1.650020737690071E-18
9642.55688264772  1.219467809806702E-18
9646.21318772936  4.937429106858600E-19
9649.86941967301  4.945441314939101E-18
9653.5255779311  2.515283439242038E-18
9657.18166195497  2.110146832886275E-18
9660.83767119478  1.083611587671159E-18
9664.49360509965  1.293917675605261E-18
9668.1494631175  -1.315111075066355E-19
9671.80524469515  5.056212053702779E-18
9675.46094927832  6.121102019017704E-18
9679.11657631156  2.910534511851989E-18
9682.77212523828  1.614528070897023E-18
9686.42759550079  4.144172486712919E-18
9690.08298654022  2.976588311281210E-18
9693.73829779658  5.456247863758818E-19
9697.39352870873  4.251178485793783E-18
9701.04867871438  4.146636623446974E-18
9704.70374725008  -2.902197309210181E-18
9708.35873375123  9.207682772257037E-19
9712.01363765209  4.849575174839383E-18
9715.66845838575  -2.801405245657670E-18
9719.32319538412  3.724590367785908E-18
