4250.  3.539572E-17
4254.51334379906  1.708109E-17
4259.02668759812  5.459347E-18
4263.54003139717  -1.392787E-18
4268.05337519623  -9.621655E-19
4272.56671899529  1.393057E-17
4277.08006279435  1.359183E-17
4281.59340659341  8.691349E-18
4286.10675039247  1.354642E-17
4290.62009419152  1.408613E-17
4295.13343799058  1.057192E-17
4299.64678178964  8.171639E-18
4304.1601255887  5.196219E-19
4308.67346938775  -7.922516E-19
4313.18681318681  1.018605E-17
4317.70015698587  1.725361E-18
4322.21350078493  8.725199E-18
4326.72684458399  4.742144E-18
4331.24018838305  -4.773753E-18
4335.7535321821  3.143442E-18
4340.26687598116  1.120438E-17
4344.78021978022  1.804055E-18
4349.29356357928  6.279475E-18
4353.80690737834  7.865086E-18
4358.3202511774  2.929239E-18
4362.83359497645  1.874062E-18
4367.34693877551  9.628394E-18
4371.86028257457  2.874225E-18
4376.37362637363  3.839667E-18
4380.88697017269  1.025280E-17
4385.40031397174  5.252110E-18
4389.9136577708  1.461683E-18
4394.42700156986  8.031949E-18
4398.94034536892  6.252601E-18
4403.45368916798  5.703218E-18
4407.96703296703  6.069387E-18
4412.48037676609  4.298032E-18
4416.99372056515  4.339755E-19
4421.50706436421  9.145692E-19
4426.02040816327  8.168659E-18
4430.53375196232  3.455411E-18
4435.04709576138  6.880825E-18
4439.56043956044  1.038527E-17
4444.0737833595  1.806787E-17
4448.58712715856  8.621972E-18
4453.10047095761  2.864841E-18
4457.61381475667  1.743128E-18
4462.12715855573  6.207369E-18
4466.64050235479  1.250186E-18
4471.15384615385  -2.308096E-18
4475.66718995291  6.055780E-18
4480.18053375196  6.224006E-18
4484.69387755102  1.052457E-17
4489.20722135008  1.018263E-17
4493.72056514914  1.378271E-18
4498.2339089482  -2.755985E-18
4502.74725274725  1.953459E-18
4507.26059654631  6.052585E-18
4511.77394034537  1.708661E-18
4516.28728414443  6.421760E-18
4520.80062794349  5.888014E-18
4525.31397174255  9.782151E-18
4529.8273155416  1.883472E-18
4534.34065934066  4.412160E-18
4538.85400313972  4.484070E-18
4543.36734693878  4.980747E-18
4547.88069073784  1.078318E-17
4552.39403453689  5.921659E-18
4556.90737833595  5.334420E-18
4561.42072213501  9.529329E-18
4565.93406593407  7.493217E-18
4570.44740973313  3.718262E-18
4574.96075353219  5.802505E-18
4579.47409733124  8.349382E-18
4583.9874411303  7.689320E-18
4588.50078492936  9.697985E-18
4593.01412872842  6.888780E-18
4597.52747252747  4.854689E-18
4602.04081632653  5.105318E-18
4606.55416012559  3.867904E-18
4611.06750392465  8.301529E-18
4615.58084772371  1.014801E-17
4620.09419152277  4.126700E-18
4624.60753532182  2.712688E-18
4629.12087912088  9.612218E-18
4633.63422291994  7.476904E-18
4638.147566719  1.114417E-17
4642.66091051806  4.419697E-18
4647.17425431711  2.861481E-18
4651.68759811617  4.993796E-18
4656.20094191523  8.730444E-18
4660.71428571429  6.958200E-18
4665.22762951335  1.102750E-17
4669.74097331241  1.143379E-17
4674.25431711146  8.721893E-18
4678.76766091052  8.058355E-18
4683.28100470958  6.066657E-18
4687.79434850864  7.210729E-18
4692.3076923077  9.294224E-18
4696.82103610675  6.632567E-18
4701.33437990581  1.464005E-20
4705.84772370487  2.428577E-17
4710.36106750393  1.035739E-17
4714.87441130299  7.604536E-18
4719.38775510204  6.712517E-18
4723.9010989011  2.457510E-18
4728.41444270016  9.136135E-18
4732.92778649922  7.454497E-18
4737.44113029828  9.571339E-18
4741.95447409733  6.996961E-18
4746.46781789639  1.210067E-17
4750.98116169545  1.253150E-17
4755.49450549451  1.366250E-17
4760.00784929357  1.249321E-17
4764.52119309262  8.960446E-18
4769.03453689168  5.816776E-18
4773.54788069074  8.016665E-18
4778.0612244898  1.166147E-17
4782.57456828886  7.752220E-18
4787.08791208792  7.058592E-18
4791.60125588698  9.254584E-18
4796.11459968603  1.010918E-17
4800.62794348509  9.835421E-18
4805.14128728415  4.045832E-18
4809.65463108321  2.125029E-18
4814.16797488227  8.058321E-18
4818.68131868132  1.196513E-17
4823.19466248038  1.208814E-17
4827.70800627944  1.017744E-17
4832.2213500785  7.033439E-18
4836.73469387755  6.058495E-18
4841.24803767661  4.641965E-18
4845.76138147567  1.061123E-17
4850.27472527473  1.031393E-17
4854.78806907379  5.438778E-18
4859.30141287285  6.657919E-18
4863.8147566719  1.112148E-17
4868.32810047096  8.489478E-18
4872.84144427002  6.060127E-18
4877.35478806908  6.642212E-18
4881.86813186814  1.120700E-17
4886.38147566719  9.516301E-18
4890.89481946625  7.254884E-18
4895.40816326531  9.199256E-18
4899.92150706437  1.080455E-17
4904.43485086343  5.730857E-18
4908.94819466249  6.731222E-18
4913.46153846154  6.382686E-18
4917.9748822606  1.199433E-17
4922.48822605966  9.305936E-18
4927.00156985872  4.086022E-18
4931.51491365778  3.542340E-18
4936.02825745683  8.378535E-18
4940.54160125589  6.305653E-18
4945.05494505495  2.517744E-18
4949.56828885401  3.783528E-18
4954.08163265307  6.506283E-18
4958.59497645212  4.374823E-18
4963.10832025118  4.462145E-18
4967.62166405024  7.075442E-18
4972.1350078493  5.599169E-18
4976.64835164836  1.757521E-18
4981.16169544741  4.859111E-18
4985.67503924647  4.367207E-18
4990.18838304553  4.297899E-18
4994.70172684459  4.172536E-18
4999.21507064365  2.280900E-18
5003.72841444271  2.604356E-18
5008.24175824177  1.516318E-18
5012.75510204082  4.225713E-18
5017.26844583988  2.870306E-18
5021.78178963894  5.165726E-18
5026.295133438  5.249115E-18
5030.80847723706  1.390294E-18
5035.32182103611  1.175880E-17
5039.83516483517  8.166437E-18
5044.34850863423  2.324283E-18
5048.86185243329  6.832021E-18
5053.37519623235  6.556264E-18
5057.8885400314  2.578682E-18
5062.40188383046  3.826589E-18
5066.91522762952  6.273935E-18
5071.42857142858  2.208231E-18
5075.94191522764  3.425428E-18
5080.45525902669  7.035145E-18
5084.96860282575  7.305916E-18
5089.48194662481  3.955574E-18
5093.99529042387  8.447276E-19
5098.50863422293  5.753016E-18
5103.02197802198  7.171986E-18
5107.53532182104  6.188040E-18
5112.0486656201  5.161869E-18
5116.56200941916  4.045654E-18
5121.07535321822  4.171396E-18
5125.58869701728  5.790776E-18
5130.10204081633  5.627474E-18
5134.61538461539  5.148510E-18
5139.12872841445  5.639597E-18
5143.64207221351  7.349988E-18
5148.15541601257  6.025859E-18
5152.66875981162  7.653189E-18
5157.18210361068  6.199839E-18
5161.69544740974  5.351306E-18
5166.2087912088  3.539377E-18
5170.72213500786  3.686739E-18
5175.23547880692  5.882646E-18
5179.74882260597  4.186627E-18
5184.26216640503  4.299852E-18
5188.77551020409  7.514084E-18
5193.28885400315  9.129171E-18
5197.80219780221  7.523098E-18
5202.31554160126  7.990364E-18
5206.82888540032  8.665480E-18
5211.34222919938  7.370656E-18
5215.85557299844  6.282514E-18
5220.3689167975  6.930882E-18
5224.88226059655  9.246892E-18
5229.39560439561  8.915416E-18
5233.90894819467  1.005279E-17
5238.42229199373  8.620907E-18
5242.93563579279  9.143028E-18
5247.44897959184  1.135377E-17
5251.9623233909  9.367161E-18
5256.47566718996  9.239880E-18
5260.98901098902  8.296909E-18
5265.50235478808  9.479836E-18
5270.01569858714  1.255256E-17
5274.52904238619  9.117607E-18
5279.04238618525  7.316466E-18
5283.55572998431  8.325275E-18
5288.06907378337  8.188145E-18
5292.58241758243  8.411038E-18
5297.09576138148  8.778599E-18
5301.60910518054  7.140154E-18
5306.1224489796  8.288914E-18
5310.63579277866  1.152858E-17
5315.14913657772  1.222054E-17
5319.66248037677  1.140399E-17
5324.17582417583  1.318933E-17
5328.68916797489  1.320974E-17
5333.20251177395  1.019066E-17
5337.71585557301  9.881816E-18
5342.22919937207  8.781555E-18
5346.74254317112  7.879834E-18
5351.25588697018  1.149130E-17
5355.76923076924  1.262212E-17
5360.2825745683  1.054807E-17
5364.79591836735  1.101396E-17
5369.30926216641  1.263502E-17
5373.82260596547  1.055630E-17
5378.33594976453  6.666261E-18
5382.84929356359  8.527862E-18
5387.36263736265  1.004934E-17
5391.8759811617  8.188304E-18
5396.38932496076  7.033960E-18
5400.90266875982  8.372432E-18
5405.41601255888  9.395511E-18
5409.92935635794  8.963692E-18
5414.442700157  9.053479E-18
5418.95604395605  9.233193E-18
5423.46938775511  8.339367E-18
5427.98273155417  9.282699E-18
5432.49607535323  1.206991E-17
5437.00941915228  1.059810E-17
5441.52276295134  8.797406E-18
5446.0361067504  8.734744E-18
5450.54945054946  8.714927E-18
5455.06279434852  7.416493E-18
5459.57613814758  1.053299E-17
5464.08948194664  1.151314E-17
5468.60282574569  1.019363E-17
5473.11616954475  1.246545E-17
5477.62951334381  1.271948E-17
5482.14285714287  9.608888E-18
5486.65620094192  1.129049E-17
5491.16954474098  1.242604E-17
5495.68288854004  1.219736E-17
5500.1962323391  1.275516E-17
5504.70957613816  1.054929E-17
5509.22291993721  8.763729E-18
5513.73626373627  1.172648E-17
5518.24960753533  1.255013E-17
5522.76295133439  1.132752E-17
5527.27629513345  1.052828E-17
5531.78963893251  1.000203E-17
5536.30298273156  1.134389E-17
5540.81632653062  1.202888E-17
5545.32967032968  1.004302E-17
5549.84301412874  1.065082E-17
5554.3563579278  1.098087E-17
5558.86970172685  7.289001E-18
5563.38304552591  8.862607E-18
5567.89638932497  5.597445E-18
5572.40973312403  5.837617E-18
5576.92307692309  1.425519E-17
5581.43642072215  2.145529E-17
5585.9497645212  1.304522E-17
5590.46310832026  1.493688E-17
5594.97645211932  9.267182E-18
5599.48979591838  6.897321E-18
5604.00313971744  1.003051E-17
5608.5164835165  1.160955E-17
5613.02982731555  1.153631E-17
5617.54317111461  9.685520E-18
5622.05651491367  9.642073E-18
5626.56985871273  8.532609E-18
5631.08320251178  9.053590E-18
5635.59654631084  6.742384E-18
5640.1098901099  8.020193E-18
5644.62323390896  9.590650E-18
5649.13657770802  9.685338E-18
5653.64992150707  8.877282E-18
5658.16326530613  5.752046E-18
5662.67660910519  7.597517E-18
5667.18995290425  1.178664E-17
5671.70329670331  6.688398E-18
5676.21664050237  6.238374E-18
5680.72998430142  7.971530E-18
5685.24332810048  6.934119E-18
5689.75667189954  8.833603E-18
5694.2700156986  9.459394E-18
5698.78335949766  9.726880E-18
5703.29670329671  8.671551E-18
5707.81004709577  6.488349E-18
5712.32339089483  6.142251E-18
5716.83673469389  6.426896E-18
5721.35007849295  9.015327E-18
5725.863422292  8.481898E-18
5730.37676609106  6.767010E-18
5734.89010989012  6.067654E-18
5739.40345368918  4.922109E-18
5743.91679748824  3.981777E-18
5748.4301412873  6.899459E-18
5752.94348508635  1.175866E-17
5757.45682888541  1.242763E-17
5761.97017268447  8.181467E-18
5766.48351648353  8.380418E-18
5770.99686028259  9.145823E-18
5775.51020408164  6.716152E-18
5780.0235478807  5.720278E-18
5784.53689167976  4.850377E-18
5789.05023547882  7.161376E-18
5793.56357927788  7.927225E-18
5798.07692307693  6.432937E-18
5802.59026687599  2.945787E-18
5807.10361067505  7.985469E-18
5811.61695447411  7.252361E-18
5816.13029827317  7.219726E-18
5820.64364207223  1.002619E-17
5825.15698587128  7.127959E-18
5829.67032967034  5.986169E-18
5834.1836734694  3.671543E-18
5838.69701726846  1.281874E-18
5843.21036106752  -3.155691E-19
5847.72370486657  2.515910E-18
5852.23704866563  5.633114E-18
5856.75039246469  4.585887E-18
5861.26373626375  5.665246E-18
5865.77708006281  7.530810E-18
5870.29042386186  6.947197E-18
5874.80376766092  5.550770E-18
5879.31711145998  4.202809E-18
5883.83045525904  8.826101E-18
5888.3437990581  5.540056E-18
5892.85714285716  5.268080E-18
5897.37048665621  9.438432E-18
5901.88383045527  1.169512E-17
5906.39717425433  1.197847E-17
5910.91051805339  9.249883E-18
5915.42386185245  5.008381E-18
5919.9372056515  1.182084E-18
5924.45054945056  7.468095E-19
5928.96389324962  6.053085E-18
5933.47723704868  8.935359E-18
5937.99058084774  8.120120E-18
5942.50392464679  7.575468E-18
5947.01726844585  6.741280E-18
5951.53061224491  9.382318E-18
5956.04395604397  1.000701E-17
5960.55729984303  6.790669E-18
5965.07064364208  5.603323E-18
5969.58398744114  3.205510E-18
5974.0973312402  2.874885E-18
5978.61067503926  6.672524E-18
5983.12401883832  6.439302E-18
5987.63736263738  4.749250E-18
5992.15070643643  5.909787E-18
5996.66405023549  3.628624E-18
6001.17739403455  5.952683E-18
6005.69073783361  7.643290E-18
6010.20408163267  4.457757E-18
6014.71742543172  4.870499E-18
6019.23076923078  6.655828E-18
6023.74411302984  8.255615E-18
6028.2574568289  6.888069E-18
6032.77080062796  5.308821E-18
6037.28414442702  7.379899E-18
6041.79748822607  8.352456E-18
6046.31083202513  8.946002E-18
6050.82417582419  7.154302E-18
6055.33751962325  7.237004E-18
6059.85086342231  8.260267E-18
6064.36420722136  8.095115E-18
6068.87755102042  5.977162E-18
6073.39089481948  6.221878E-18
6077.90423861854  8.966207E-18
6082.4175824176  8.919306E-18
6086.93092621665  5.304633E-18
6091.44427001571  5.923117E-18
6095.95761381477  7.638637E-18
6100.47095761383  6.205604E-18
6104.98430141289  7.101920E-18
6109.49764521194  7.234534E-18
6114.010989011  8.447246E-18
6118.52433281006  6.817949E-18
6123.03767660912  6.334296E-18
6127.55102040818  7.772149E-18
6132.06436420723  6.573520E-18
6136.57770800629  6.848001E-18
6141.09105180535  9.202139E-18
6145.60439560441  8.882041E-18
6150.11773940347  6.137420E-18
6154.63108320252  7.132953E-18
6159.14442700158  7.817108E-18
6163.65777080064  6.519745E-18
6168.1711145997  9.896821E-18
6172.68445839876  8.560789E-18
6177.19780219782  7.795687E-18
6181.71114599687  7.396048E-18
6186.22448979593  8.259375E-18
6190.73783359499  9.052699E-18
6195.25117739405  7.671888E-18
6199.76452119311  6.559363E-18
6204.27786499217  7.909755E-18
6208.79120879122  1.059687E-17
6213.30455259028  9.398396E-18
6217.81789638934  6.073201E-18
6222.3312401884  5.561277E-18
6226.84458398746  6.515624E-18
6231.35792778651  7.722120E-18
6235.87127158557  8.724881E-18
6240.38461538463  8.433906E-18
6244.89795918369  6.971371E-18
6249.41130298275  6.426937E-18
6253.9246467818  6.844551E-18
6258.43799058086  9.658113E-18
6262.95133437992  9.888714E-18
6267.46467817898  8.554621E-18
6271.97802197804  6.160485E-18
6276.4913657771  5.604742E-18
6281.00470957615  6.498880E-18
6285.51805337521  5.546506E-18
6290.03139717427  6.046152E-18
6294.54474097333  7.122396E-18
6299.05808477239  6.367920E-18
6303.57142857144  6.770927E-18
6308.0847723705  7.886610E-18
6312.59811616956  9.172674E-18
6317.11145996862  7.341931E-18
6321.62480376768  5.283965E-18
6326.13814756673  6.296942E-18
6330.65149136579  7.480241E-18
6335.16483516485  5.371784E-18
6339.67817896391  2.828124E-18
6344.19152276297  4.268091E-18
6348.70486656202  4.354919E-18
6353.21821036108  5.542292E-18
6357.73155416014  4.732385E-18
6362.2448979592  1.662997E-18
6366.75824175826  1.118919E-18
6371.27158555732  1.665755E-18
6375.78492935637  6.408691E-18
6380.29827315543  6.649678E-18
6384.81161695449  6.554557E-18
6389.32496075355  7.307456E-18
6393.83830455261  7.096918E-18
6398.35164835166  5.722620E-18
6402.86499215072  4.455706E-18
6407.37833594978  6.019988E-18
6411.89167974884  6.618988E-18
6416.4050235479  4.503089E-18
6420.91836734695  3.726034E-18
6425.43171114601  4.454923E-18
6429.94505494507  5.922556E-18
6434.45839874413  4.059623E-18
6438.97174254319  3.440861E-18
6443.48508634225  5.213374E-18
6447.9984301413  4.814588E-18
6452.51177394036  5.289466E-18
6457.02511773942  5.173327E-18
6461.53846153848  4.353939E-18
6466.05180533754  6.192351E-18
6470.5651491366  4.993777E-18
6475.07849293565  4.707581E-18
6479.59183673471  4.912460E-18
6484.10518053377  6.193791E-18
6488.61852433283  4.824136E-18
6493.13186813189  4.459331E-18
6497.64521193094  7.933172E-18
6502.15855573  4.903929E-18
6506.67189952906  5.144733E-18
6511.18524332812  5.082527E-18
6515.69858712718  3.420773E-18
6520.21193092623  6.177681E-18
6524.72527472529  6.519370E-18
6529.23861852435  5.086213E-18
6533.75196232341  4.222369E-18
6538.26530612246  5.254136E-18
6542.77864992152  5.529025E-18
6547.29199372058  4.946957E-18
6551.80533751964  6.842485E-18
6556.3186813187  7.124138E-18
6560.83202511776  5.848391E-18
6565.34536891681  3.629408E-18
6569.85871271587  4.331743E-18
6574.37205651493  7.566462E-18
6578.88540031399  6.940619E-18
6583.39874411305  5.361645E-18
6587.9120879121  5.159331E-18
6592.42543171116  4.014415E-18
6596.93877551022  2.968127E-18
6601.45211930928  3.268552E-18
6605.96546310834  4.873900E-18
6610.4788069074  7.616586E-18
6614.99215070645  7.357369E-18
6619.50549450551  5.459150E-18
6624.01883830457  6.168070E-18
6628.53218210363  6.379243E-18
6633.04552590269  5.819479E-18
6637.55886970174  6.225602E-18
6642.0722135008  5.796730E-18
6646.58555729986  3.883029E-18
6651.09890109892  5.159088E-18
6655.61224489798  6.742761E-18
6660.12558869703  6.171203E-18
6664.63893249609  4.961985E-18
6669.15227629515  4.428086E-18
6673.66562009421  5.328358E-18
6678.17896389327  5.055274E-18
6682.69230769233  4.091366E-18
6687.20565149138  4.142748E-18
6691.71899529044  2.657018E-18
6696.2323390895  2.545674E-18
6700.74568288856  4.639882E-18
6705.25902668762  6.320869E-18
6709.77237048667  4.909793E-18
6714.28571428573  4.069890E-18
6718.79905808479  4.325453E-18
6723.31240188385  5.369962E-18
6727.82574568291  4.249315E-18
6732.33908948196  3.477694E-18
6736.85243328102  5.412458E-18
6741.36577708008  5.970943E-18
6745.87912087914  8.054766E-18
6750.3924646782  7.555852E-18
6754.90580847726  5.054708E-18
6759.41915227631  5.571217E-18
6763.93249607537  5.731911E-18
6768.44583987443  4.235928E-18
6772.95918367349  6.546077E-18
6777.47252747255  9.093440E-18
6781.9858712716  6.284142E-18
6786.49921507066  4.213024E-18
6791.01255886972  5.004920E-18
6795.52590266878  5.288723E-18
6800.03924646784  3.770686E-18
6804.5525902669  4.546552E-18
6809.06593406595  4.891384E-18
6813.57927786501  5.319393E-18
6818.09262166407  5.883572E-18
6822.60596546313  6.642776E-18
6827.11930926219  5.388255E-18
6831.63265306124  4.755783E-18
6836.1459968603  4.958296E-18
6840.65934065936  4.360720E-18
6845.17268445842  4.845363E-18
6849.68602825748  5.449854E-18
6854.19937205653  5.793178E-18
6858.71271585559  5.104925E-18
6863.22605965465  4.480802E-18
6867.73940345371  7.690206E-18
6872.25274725277  1.074763E-17
6876.76609105183  8.670396E-18
6881.27943485088  6.285854E-18
6885.79277864994  6.037619E-18
6890.306122449  7.722598E-18
6894.81946624806  7.389444E-18
6899.33281004712  6.713743E-18
6903.84615384617  5.481751E-18
6908.35949764523  5.871984E-18
6912.87284144429  6.006651E-18
6917.38618524335  4.744110E-18
6921.8995290424  5.076974E-18
6926.41287284146  7.097579E-18
6930.92621664052  6.517660E-18
6935.43956043958  6.341139E-18
6939.95290423864  5.434792E-18
6944.4662480377  7.022961E-18
6948.97959183675  7.660934E-18
6953.49293563581  6.098133E-18
6958.00627943487  3.892917E-18
6962.51962323393  4.254054E-18
6967.03296703299  6.554546E-18
6971.54631083204  6.897972E-18
6976.0596546311  7.980769E-18
6980.57299843016  8.382953E-18
6985.08634222922  6.581196E-18
6989.59968602828  1.096368E-17
6994.11302982734  1.030253E-17
6998.62637362639  5.695064E-18
7003.13971742545  7.074512E-18
7007.65306122451  8.875335E-18
7012.16640502357  6.649363E-18
7016.67974882263  5.905773E-18
7021.19309262168  4.172094E-18
7025.70643642074  5.150189E-18
7030.2197802198  5.027653E-18
7034.73312401886  4.721585E-18
7039.24646781792  3.820645E-18
7043.75981161697  3.934581E-18
7048.27315541603  6.765448E-18
7052.78649921509  6.158483E-18
7057.29984301415  4.838158E-18
7061.81318681321  4.915473E-18
7066.32653061227  5.046647E-18
7070.83987441132  4.219083E-18
7075.35321821038  5.596758E-18
7079.86656200944  5.618563E-18
7084.3799058085  6.149607E-18
7088.89324960756  5.855878E-18
7093.40659340661  6.710357E-18
7097.91993720567  7.431616E-18
7102.43328100473  7.932851E-18
7106.94662480379  8.342697E-18
7111.45996860285  5.850952E-18
7115.97331240191  5.188883E-18
7120.48665620096  4.461794E-18
7125.00000000002  2.829879E-18
7129.51334379908  4.042918E-18
7134.02668759814  4.835512E-18
7138.54003139719  5.958813E-18
7143.05337519625  6.482910E-18
7147.56671899531  5.872839E-18
7152.08006279437  4.423589E-18
7156.59340659343  3.884480E-18
7161.10675039248  4.620959E-18
7165.62009419154  4.807866E-18
7170.1334379906  5.117155E-18
7174.64678178966  4.521372E-18
7179.16012558872  4.318942E-18
7183.67346938777  5.875241E-18
7188.18681318683  4.802662E-18
7192.70015698589  1.916205E-18
7197.21350078495  3.669680E-18
7201.72684458401  3.751315E-18
7206.24018838307  3.833574E-18
7210.75353218212  3.726209E-18
7215.26687598118  2.937678E-18
7219.78021978024  3.921115E-18
7224.2935635793  4.744841E-18
7228.80690737836  3.054371E-18
7233.32025117742  3.088559E-18
7237.83359497647  4.519171E-18
7242.34693877553  1.861173E-18
7246.86028257459  3.055481E-18
7251.37362637365  6.882701E-18
7255.88697017271  4.516379E-18
7260.40031397177  1.208874E-18
7264.91365777082  3.217038E-18
7269.42700156988  5.653894E-18
7273.94034536894  5.823836E-18
7278.453689168  7.121944E-18
7282.96703296706  6.237513E-18
7287.48037676611  6.081302E-18
7291.99372056517  6.592883E-18
7296.50706436423  4.397936E-18
7301.02040816329  4.602408E-18
7305.53375196235  5.208265E-18
7310.0470957614  3.023235E-18
7314.56043956046  4.495219E-18
7319.07378335952  6.489529E-18
7323.58712715858  7.086590E-18
7328.10047095764  5.008780E-18
7332.61381475669  2.796840E-18
7337.12715855575  4.485550E-18
7341.64050235481  6.922324E-18
7346.15384615387  6.261761E-18
7350.66718995293  7.296838E-18
7355.18053375198  7.534403E-18
7359.69387755104  3.694043E-18
7364.2072213501  4.653360E-18
7368.72056514916  8.082451E-18
7373.23390894822  6.591227E-18
7377.74725274728  7.000526E-18
7382.26059654633  5.639152E-18
7386.77394034539  2.867340E-18
7391.28728414445  -1.370062E-18
7395.80062794351  -1.522857E-19
7400.31397174257  8.691977E-18
7404.82731554163  5.845022E-18
7409.34065934068  2.986650E-18
7413.85400313974  3.967900E-18
7418.3673469388  3.177536E-18
7422.88069073786  4.704187E-18
7427.39403453691  3.978046E-18
7431.90737833597  5.094610E-18
7436.42072213503  6.053782E-18
7440.93406593409  5.215026E-18
7445.44740973315  6.805758E-18
7449.9607535322  7.459305E-18
7454.47409733126  5.295219E-18
7458.98744113032  5.163945E-18
7463.50078492938  6.740693E-18
7468.01412872844  6.245588E-18
7472.5274725275  4.839536E-18
7477.04081632655  6.764745E-18
7481.55416012561  9.149145E-18
7486.06750392467  8.494295E-18
7490.58084772373  7.751879E-18
7495.09419152279  7.489167E-18
7499.60753532185  5.435953E-18
7504.1208791209  5.146541E-18
7508.63422291996  5.454153E-18
7513.14756671902  4.704379E-18
7517.66091051808  5.505062E-18
7522.17425431714  3.682771E-18
7526.68759811619  4.821620E-18
7531.20094191525  6.506789E-18
7535.71428571431  4.388684E-18
7540.22762951337  3.573088E-18
7544.74097331243  5.530925E-18
7549.25431711148  6.585234E-18
7553.76766091054  4.146237E-18
7558.2810047096  4.381907E-18
7562.79434850866  8.420907E-18
7567.30769230772  8.119141E-18
7571.82103610677  5.730970E-18
7576.33437990583  5.010076E-18
7580.84772370489  6.201394E-18
7585.36106750395  8.814641E-18
7589.87441130301  4.881724E-18
7594.38775510206  2.874776E-18
7598.90109890112  3.896111E-18
7603.41444270018  8.040345E-18
7607.92778649924  6.897364E-18
7612.4411302983  -1.174643E-18
7616.95447409736  -3.699582E-19
7621.46781789641  6.189488E-18
7625.98116169547  9.922932E-18
7630.49450549453  3.811557E-18
7635.00784929359  6.044192E-18
7639.52119309265  5.690918E-18
7644.0345368917  6.629290E-18
7648.54788069076  8.997654E-18
7653.06122448982  9.235886E-18
7657.57456828888  9.157793E-18
7662.08791208794  6.519379E-18
7666.60125588699  7.148011E-18
7671.11459968605  8.174907E-18
7675.62794348511  5.058655E-18
7680.14128728417  5.437682E-18
7684.65463108323  5.672297E-18
7689.16797488228  4.933802E-18
7693.68131868135  5.936887E-18
7698.1946624804  6.978011E-18
7702.70800627946  6.576929E-18
7707.22135007852  2.640281E-18
7711.73469387758  4.577491E-18
7716.24803767663  2.887141E-18
7720.76138147569  -1.724466E-19
7725.27472527475  1.970951E-18
7729.78806907381  4.058798E-18
7734.30141287287  5.042354E-18
7738.81475667192  3.247689E-18
7743.32810047098  -4.456373E-19
7747.84144427004  1.170563E-18
7752.3547880691  2.844275E-18
7756.86813186816  6.739878E-18
7761.38147566722  6.102585E-18
7765.89481946627  5.439973E-18
7770.40816326533  8.396378E-18
7774.92150706439  6.183493E-18
7779.43485086345  6.481104E-18
7783.94819466251  5.216141E-18
7788.46153846156  7.080065E-18
7792.97488226062  8.780000E-18
7797.48822605968  7.851161E-18
7802.00156985874  9.484738E-18
7806.5149136578  5.523939E-18
7811.02825745685  3.770313E-18
7815.54160125591  7.419228E-18
7820.05494505497  5.036175E-18
7824.56828885403  2.356789E-18
7829.08163265309  6.529250E-18
7833.59497645215  8.443285E-18
7838.1083202512  5.680837E-18
7842.62166405026  3.320386E-18
7847.13500784932  4.527889E-19
7851.64835164838  4.009438E-19
7856.16169544744  -1.374526E-18
7860.67503924649  2.262168E-18
7865.18838304555  1.005886E-17
7869.70172684461  7.011707E-18
7874.21507064367  6.653196E-18
7878.72841444273  6.341502E-18
7883.24175824178  7.657930E-18
7887.75510204084  5.076333E-18
7892.2684458399  2.124516E-18
7896.78178963896  7.020635E-18
7901.29513343802  5.695821E-18
7905.80847723708  7.366507E-18
7910.32182103613  4.525770E-18
7914.83516483519  2.085718E-18
7919.34850863425  8.288059E-18
7923.86185243331  1.214676E-17
7928.37519623236  1.083652E-17
7932.88854003142  7.452934E-18
7937.40188383048  5.691276E-18
7941.91522762954  5.697292E-18
7946.4285714286  7.447776E-18
7950.94191522766  5.451839E-18
7955.45525902672  8.505289E-19
7959.96860282577  1.898545E-18
7964.48194662483  4.448680E-18
7968.99529042389  8.102509E-18
7973.50863422295  4.142047E-18
7978.02197802201  4.919468E-18
7982.53532182106  4.927469E-18
7987.04866562012  -4.035124E-19
7991.56200941918  -2.216887E-18
7996.07535321824  2.983556E-18
8000.5886970173  7.593390E-18
8005.10204081635  9.101936E-18
8009.61538461541  8.785718E-18
8014.12872841447  9.040675E-18
8018.64207221353  7.362801E-18
8023.15541601259  6.093421E-18
8027.66875981164  6.472626E-18
8032.1821036107  8.717426E-18
8036.69544740976  1.112924E-17
8041.20879120882  8.379046E-18
8045.72213500788  7.554016E-18
8050.23547880693  9.252961E-18
8054.74882260599  7.037467E-18
8059.26216640505  8.402574E-18
8063.77551020411  6.333889E-18
8068.28885400317  5.165044E-18
8072.80219780222  6.517342E-18
8077.31554160128  6.752995E-18
8081.82888540034  6.907988E-18
8086.3422291994  8.691459E-18
8090.85557299846  7.128505E-18
8095.36891679752  7.190264E-18
8099.88226059657  9.473410E-18
8104.39560439563  5.033668E-18
8108.90894819469  2.934593E-18
8113.42229199375  3.673686E-18
8117.93563579281  3.821169E-18
8122.44897959186  2.713173E-18
8126.96232339092  5.030175E-18
8131.47566718998  7.258481E-18
8135.98901098904  6.941466E-18
8140.5023547881  7.140991E-18
8145.01569858716  5.709853E-18
8149.52904238621  7.000842E-18
8154.04238618527  6.702385E-18
8158.55572998433  3.427496E-18
8163.06907378339  1.630463E-18
8167.58241758245  4.254635E-18
8172.0957613815  6.205402E-18
8176.60910518056  6.315077E-18
8181.12244897962  8.650123E-18
8185.63579277868  6.601327E-18
8190.14913657774  5.277424E-18
8194.6624803768  6.180182E-18
8199.17582417585  4.156582E-18
8203.68916797491  5.524784E-18
8208.20251177397  7.934963E-18
8212.71585557303  7.327512E-18
8217.22919937209  4.994272E-18
8221.74254317114  4.934128E-18
8226.2558869702  6.943381E-18
8230.76923076926  4.852465E-18
8235.28257456832  1.398760E-18
8239.79591836737  4.857322E-18
8244.30926216643  5.895980E-18
8248.82260596549  5.624896E-18
8253.33594976455  5.614119E-18
8257.84929356361  5.588188E-18
8262.36263736267  3.141803E-18
8266.87598116172  1.583520E-18
8271.38932496078  -3.378465E-20
8275.90266875984  4.712777E-19
8280.4160125589  4.795998E-18
8284.92935635796  7.173084E-18
8289.44270015701  9.338019E-18
8293.95604395607  9.378754E-18
8298.46938775513  1.100734E-17
8302.98273155419  1.016070E-17
8307.49607535325  1.314383E-17
8312.00941915231  1.054363E-17
8316.52276295136  3.709290E-18
8321.03610675042  4.086187E-18
8325.54945054948  3.587352E-18
8330.06279434854  4.106045E-18
8334.5761381476  1.771485E-18
8339.08948194665  -1.998070E-18
8343.60282574571  -2.988811E-18
8348.11616954477  2.075867E-18
8352.62951334383  2.347876E-18
8357.14285714289  2.865870E-18
8361.65620094194  5.793319E-18
8366.169544741  9.837193E-18
8370.68288854006  7.986005E-18
8375.19623233912  7.709127E-18
8379.70957613818  7.299164E-18
8384.22291993723  1.551133E-18
8388.7362637363  -7.591243E-19
8393.24960753535  -1.832871E-18
8397.76295133441  -5.471717E-19
8402.27629513347  5.403777E-18
8406.78963893253  1.210185E-17
8411.30298273158  1.432914E-17
8415.81632653064  7.006537E-18
8420.3296703297  9.239475E-19
8424.84301412876  -3.213164E-19
8429.35635792782  2.786598E-19
8433.86970172687  4.306437E-18
8438.38304552593  4.879432E-18
8442.89638932499  5.124634E-18
8447.40973312405  3.603033E-18
8451.92307692311  3.814525E-18
8456.43642072217  6.617167E-18
8460.94976452122  7.697521E-18
8465.46310832028  9.794187E-18
8469.97645211934  9.406564E-18
8474.4897959184  1.096266E-17
8479.00313971745  1.138577E-17
8483.51648351651  4.801189E-18
8488.02982731557  5.767897E-18
8492.54317111463  9.542952E-18
8497.05651491369  5.937004E-18
8501.56985871275  7.533776E-18
8506.0832025118  1.005763E-17
8510.59654631086  6.992073E-18
8515.10989010992  5.586886E-18
8519.62323390898  6.042981E-18
8524.13657770804  7.666776E-18
8528.64992150709  2.569221E-18
8533.16326530615  2.886846E-18
8537.67660910521  5.753576E-18
8542.18995290427  9.305811E-18
8546.70329670333  1.008266E-17
8551.21664050239  6.140244E-18
8555.72998430145  5.173568E-18
8560.2433281005  5.005098E-18
8564.75667189956  6.690453E-18
8569.27001569862  6.236320E-18
8573.78335949768  4.240261E-18
8578.29670329673  6.294156E-18
8582.81004709579  6.830615E-18
8587.32339089485  7.071172E-18
8591.83673469391  8.848239E-18
8596.35007849297  6.405723E-18
8600.86342229203  5.350260E-18
8605.37676609108  5.445670E-18
8609.89010989014  5.131512E-18
8614.4034536892  5.581965E-18
8618.91679748826  9.080293E-18
8623.43014128731  6.767097E-18
8627.94348508637  5.562491E-18
8632.45682888543  7.546936E-18
8636.97017268449  8.819720E-18
8641.48351648355  6.509207E-18
8645.9968602826  2.791684E-18
8650.51020408166  6.630423E-18
8655.02354788072  7.706515E-18
8659.53689167978  6.089475E-18
8664.05023547884  6.785534E-18
8668.5635792779  6.925279E-18
8673.07692307695  5.635838E-18
8677.59026687601  3.530826E-18
8682.10361067507  4.020418E-18
8686.61695447413  5.613145E-18
8691.13029827319  7.519332E-18
8695.64364207225  8.502439E-18
8700.1569858713  6.606380E-18
8704.67032967036  6.651816E-18
8709.18367346942  6.930819E-18
8713.69701726848  5.644647E-18
8718.21036106754  5.138996E-18
8722.72370486659  4.296289E-18
8727.23704866565  5.671897E-18
8731.75039246471  8.261086E-18
8736.26373626377  9.069628E-18
8740.77708006283  4.653128E-18
8745.29042386188  1.676283E-18
8749.80376766094  3.813550E-18
8754.31711146  3.700191E-18
8758.83045525906  1.089437E-17
8763.34379905812  1.769812E-17
8767.85714285717  3.703553E-18
8772.37048665623  2.335771E-18
8776.88383045529  8.225069E-18
8781.39717425435  9.245351E-18
8785.91051805341  5.699310E-18
8790.42386185247  3.556743E-18
8794.93720565153  7.309202E-18
8799.45054945058  4.876341E-18
8803.96389324964  3.774517E-18
8808.4772370487  4.270156E-18
8812.99058084776  9.685047E-18
8817.50392464681  1.384204E-17
8822.01726844587  -1.395017E-18
8826.53061224493  -7.984186E-18
8831.04395604399  7.805217E-18
8835.55729984305  2.147433E-17
8840.0706436421  1.964502E-17
8844.58398744116  1.554642E-17
8849.09733124022  1.233039E-17
8853.61067503928  2.826599E-18
8858.12401883834  -2.558258E-18
8862.6373626374  -2.479048E-18
8867.15070643645  3.986467E-18
8871.66405023551  8.670059E-18
8876.17739403457  1.185446E-17
8880.69073783363  1.135597E-17
8885.20408163268  1.019601E-17
8889.71742543174  2.705744E-18
8894.2307692308  9.762209E-19
8898.74411302986  2.419243E-18
8903.25745682892  -1.444019E-19
8907.77080062798  -2.551921E-18
8912.28414442703  2.636074E-19
8916.79748822609  1.106380E-17
8921.31083202515  4.675356E-18
8925.82417582421  6.780407E-18
8930.33751962327  1.989505E-17
8934.85086342233  1.561822E-17
8939.36420722138  7.927989E-18
8943.87755102044  6.913877E-18
8948.3908948195  -6.927719E-18
8952.90423861856  -8.129476E-18
8957.41758241762  2.285651E-18
8961.93092621667  4.548650E-18
8966.44427001573  1.117734E-17
8970.95761381479  1.316305E-17
8975.47095761385  1.031591E-17
8979.98430141291  4.591430E-18
8984.49764521197  -1.154601E-18
8989.01098901102  -4.315586E-18
8993.52433281008  2.945794E-18
8998.03767660914  1.171632E-17
9002.5510204082  7.449618E-18
9007.06436420725  2.125492E-18
9011.57770800631  4.561805E-18
9016.09105180537  6.846530E-18
9020.60439560443  1.076914E-18
9025.11773940349  -3.211481E-18
9029.63108320255  -1.687315E-18
9034.1444270016  5.700286E-18
9038.65777080066  1.219068E-17
9043.17111459972  1.430375E-17
9047.68445839878  3.056934E-18
9052.19780219784  3.181075E-18
9056.71114599689  4.675944E-18
9061.22448979595  3.551632E-18
9065.73783359501  8.402197E-18
9070.25117739407  9.476892E-18
9074.76452119313  8.619452E-18
9079.27786499219  7.483754E-18
9083.79120879124  9.320209E-18
9088.3045525903  7.693327E-18
9092.81789638936  4.855106E-18
9097.33124018842  3.506706E-18
9101.84458398748  5.828861E-18
9106.35792778653  7.650909E-18
9110.87127158559  9.165619E-18
9115.38461538465  8.155103E-18
9119.89795918371  8.405328E-18
9124.41130298277  9.847076E-18
9128.92464678182  8.381011E-18
9133.43799058088  3.788890E-18
9137.95133437994  2.690681E-18
9142.464678179  3.791712E-18
9146.97802197806  6.962978E-18
9151.49136577711  1.227733E-17
9156.00470957617  1.171105E-17
9160.51805337523  6.783628E-18
9165.03139717429  3.951892E-18
9169.54474097335  5.452616E-18
9174.05808477241  2.403230E-18
9178.57142857146  2.085706E-18
9183.08477237052  4.718036E-18
9187.59811616958  4.630029E-18
9192.11145996864  4.553071E-18
9196.6248037677  1.000553E-17
9201.13814756676  1.214141E-17
9205.65149136581  8.368375E-18
9210.16483516487  6.252862E-18
9214.67817896393  4.374974E-18
9219.19152276299  6.803627E-18
9223.70486656205  5.352421E-18
9228.2182103611  7.270116E-18
9232.73155416016  7.924055E-18
9237.24489795922  1.085290E-17
9241.75824175828  1.379574E-17
9246.27158555733  1.042532E-17
9250.78492935639  7.025429E-18
9255.29827315545  2.289602E-18
9259.81161695451  1.521319E-18
9264.32496075357  1.702745E-18
9268.83830455263  1.756963E-18
9273.35164835168  8.474085E-18
9277.86499215074  9.805280E-18
9282.3783359498  8.247303E-18
9286.89167974886  1.458974E-17
9291.40502354792  1.444830E-17
9295.91836734697  2.596955E-17
9300.43171114603  3.344222E-17
9304.94505494509  2.481417E-17
9309.45839874415  1.182696E-17
9313.97174254321  1.659395E-17
9318.48508634227  2.273722E-17
9322.99843014132  2.151609E-17
9327.51177394038  7.350972E-18
9332.02511773944  4.847101E-18
9336.5384615385  2.281434E-17
9341.05180533756  -1.238233E-17
9345.56514913661  7.976939E-18
9350.07849293567  7.350972E-18
9354.59183673473  7.976939E-18
9359.10518053379  9.854844E-18
9363.61852433285  7.976939E-18
9368.1318681319  1.173275E-17
9372.64521193096  -6.800902E-18
9377.15855573002  6.099036E-18
9381.67189952908  5.473068E-18
9386.18524332814  5.473068E-18
9390.69858712719  2.398539E-17
9395.21193092625  9.860737E-18
9399.72527472531  -8.330481E-18
9404.23861852437  5.473068E-18
9408.75196232343  -9.793574E-18
9413.26530612249  5.473068E-18
9417.77864992154  1.933263E-17
9422.2919937206  5.473068E-18
9426.80533751966  4.221132E-18
9431.31868131872  3.632274E-17
9435.83202511778  -1.437021E-17
9440.34536891683  2.343229E-18
9444.85871271589  2.343229E-18
9449.37205651495  3.595165E-18
9453.88540031401  2.044480E-18
9458.39874411307  2.329156E-17
9462.91208791213  1.444157E-17
9467.42543171118  6.958159E-18
9471.93877551024  -1.334663E-18
9476.4521193093  -1.192663E-17
9480.96546310836  2.302800E-18
9485.47880690741  2.096180E-17
9489.99215070647  3.000411E-17
9494.50549450553  2.357939E-17
9499.01883830459  6.319791E-18
9503.53218210365  3.273646E-18
9508.04552590271  2.271488E-18
9512.55886970176  1.126654E-17
9517.07221350082  1.932502E-17
9521.58555729988  1.552239E-17
9526.09890109894  1.732930E-17
9530.612244898  1.389332E-17
9535.12558869705  8.553327E-18
9539.63893249611  1.721265E-17
9544.15227629517  1.047207E-17
9548.66562009423  -4.486074E-18
9553.17896389328  -9.988371E-19
9557.69230769235  6.728690E-18
9562.2056514914  1.941024E-17
9566.71899529046  2.240738E-17
9571.23233908952  1.871689E-17
9575.74568288858  3.141272E-17
9580.25902668764  2.093301E-17
9584.7723704867  8.723457E-18
9589.28571428575  5.789004E-18
9593.79905808481  6.301881E-19
9598.31240188387  1.000437E-17
9602.82574568293  2.171318E-17
9607.33908948198  2.200094E-17
9611.85243328104  1.329806E-17
9616.3657770801  1.920454E-17
9620.87912087916  1.100311E-17
9625.39246467822  2.872760E-19
9629.90580847728  7.998120E-18
9634.41915227633  6.323417E-18
9638.93249607539  2.476026E-18
9643.44583987445  5.451233E-18
9647.95918367351  6.940562E-18
9652.47252747257  6.699026E-18
9656.98587127162  -1.712855E-18
9661.49921507068  -1.003161E-17
9666.01255886974  -2.265331E-18
9670.5259026688  7.472457E-18
9675.03924646786  1.471886E-17
9679.55259026691  1.049896E-17
9684.06593406597  -4.644845E-18
9688.57927786503  9.730681E-18
9693.09262166409  2.154016E-17
9697.60596546315  -8.612681E-18
9702.11930926221  -9.450771E-18
9706.63265306126  5.790196E-18
9711.14599686032  6.286956E-18
9715.65934065938  1.862203E-17
9720.17268445844  2.636101E-17
9724.6860282575  2.131572E-17
9729.19937205655  1.576270E-17
9733.71271585561  2.182170E-18
9738.22605965467  -1.226951E-17
9742.73940345373  -1.417551E-17
9747.25274725279  -4.729140E-18
9751.76609105185  -1.303637E-18
9756.2794348509  4.485033E-18
9760.79277864996  1.954873E-18
9765.30612244902  1.058231E-17
9769.81946624808  2.017175E-17
9774.33281004713  1.039795E-17
9778.84615384619  1.542302E-17
9783.35949764525  7.673106E-18
9787.87284144431  2.702385E-18
9792.38618524337  8.887641E-18
9796.89952904242  -1.023975E-17
9801.41287284148  -6.827265E-18
9805.92621664054  1.253199E-17
9810.4395604396  1.709953E-17
9814.95290423866  2.315013E-17
9819.46624803772  2.338807E-17
9823.97959183678  2.901846E-17
9828.49293563583  2.651152E-17
9833.00627943489  7.101482E-18
9837.51962323395  -4.693367E-18
9842.03296703301  -8.515891E-18
9846.54631083207  5.397738E-19
9851.05965463112  4.205174E-18
9855.57299843018  -6.052963E-18
9860.08634222924  -8.237995E-18
9864.5996860283  -9.982075E-18
9869.11302982736  4.950526E-18
9873.62637362641  -9.831503E-19
9878.13971742547  -3.571438E-17
9882.65306122453  -1.749508E-17
9887.16640502359  1.552342E-17
9891.67974882265  5.819641E-19
9896.1930926217  -1.485607E-17
9900.70643642076  -9.559322E-18
9905.21978021982  -2.177636E-17
9909.73312401888  -3.384275E-18
9914.24646781794  1.652918E-17
9918.75981161699  -4.324844E-18
9923.27315541605  3.922756E-18
9927.78649921511  1.202405E-17
9932.29984301417  -5.397339E-18
9936.81318681323  -3.276793E-18
9941.32653061228  -7.381803E-18
9945.83987441134  -1.321379E-17
9950.3532182104  -2.209195E-18
9954.86656200946  -3.169049E-18
9959.37990580852  3.395835E-17
9963.89324960758  3.039113E-17
9968.40659340664  -3.992976E-19
9972.91993720569  -2.539377E-19
9977.43328100475  7.760848E-18
9981.94662480381  1.152797E-17
9986.45996860287  -1.019063E-17
9990.97331240192  3.926546E-18
9995.48665620098  1.221685E-17
10000.  4.249090E-18
