9117.32085486708  3.191753976459870E-14
9113.76641418916  2.697441133848490E-14
9110.21284877272  2.091748710277442E-14
9106.6601569292  1.398749297404399E-14
9103.10833697237  1.419228605893230E-14
9099.55738721838  1.415093052231555E-14
9096.0073059857  1.145209127588433E-14
9092.45809159513  8.523823838326849E-15
9088.90974236985  6.564628584514653E-15
9085.36225663534  4.545547677815105E-15
9081.81563271947  4.062831647987878E-15
9078.2698689524  3.349637317938046E-15
9074.72496366669  2.730793987882869E-15
9071.18091519719  1.743297143468915E-15
9067.63772188112  2.078594076848346E-15
9064.09538205805  1.307885786163473E-15
9060.55389406989  1.266455816526489E-15
9057.01325626086  1.186681618279369E-15
9053.47346697758  6.025085643651727E-16
9049.93452456895  7.668851545378815E-16
9046.39642738627  5.104793875580586E-16
9042.85917378315  5.428428224067509E-16
9039.32276211555  6.610335647018796E-16
9035.78719074177  5.495936749963678E-16
9032.25245802247  4.598975975029063E-16
9028.71856232062  2.996727657909442E-16
9025.18550200158  3.205288874742724E-16
9021.65327543301  3.415836913232910E-16
9018.12188098493  3.561043241985122E-16
9014.5913170297  2.805779167725333E-16
9011.06158194203  2.454194055467998E-16
9007.53267409898  2.300720685150583E-16
9004.00459187992  1.596905524455918E-16
9000.47733366659  4.918207803598185E-17
8996.95089784308  4.321158101880270E-17
8993.4252827958  3.762975962784996E-17
8989.90048691352  1.705396416016005E-16
8986.37650858735  1.725396849134149E-16
8982.85334621072  2.300534337902187E-16
8979.33099817945  1.096898666969255E-16
8975.80946289165  1.358171141156866E-16
8972.28873874782  1.756064074036185E-16
8968.76882415077  1.390005286292642E-16
8965.24971750566  1.314461461751686E-16
8961.73141722002  2.237861840739250E-16
8958.21392170368  2.679000305438433E-16
8954.69722936884  2.377641864673114E-16
8951.18133863004  1.719810931544803E-16
8947.66624790416  1.176228199388846E-16
8944.15195561042  8.236280372582349E-17
8940.63846017039  7.569294866178790E-17
8937.12576000797  4.743470862280031E-17
8933.61385354943  8.379493791628348E-17
8930.10273922335  7.980040994637103E-17
8926.59241546067  2.721923832389443E-17
8923.08288069468  1.041555800670537E-17
8919.574133361  3.860282512195529E-17
8916.06617189759  6.581082040696389E-17
8912.55899474477  4.432519773387059E-17
8909.05260034519  6.651373202173185E-17
8905.54698714385  9.109459506382716E-17
8902.04215358809  7.879648399797256E-17
8898.53809812758  6.498031783707086E-17
8895.03481921437  8.088679587567369E-17
8891.5323153028  6.473305700836650E-17
8888.0305848496  5.102446072304365E-17
8884.52962631382  4.422942345382675E-17
8881.02943815687  6.366997772000316E-17
8877.53001884247  4.990688677592530E-17
8874.03136683671  3.257690038629019E-17
8870.53348060802  3.859138686844491E-17
8867.03635862718  2.697265578329237E-17
8863.53999936728  1.765654240622003E-17
8860.0444013038  5.317232121032128E-17
8856.54956291453  4.313547378500291E-17
8853.0554826796  4.687098172662299E-17
8849.56215908151  6.507011656436961E-17
8846.06959060509  6.040735900841230E-17
8842.5777757375  4.807573058413707E-17
8839.08671296826  6.189108941676090E-17
8835.59640078923  6.576711218339658E-17
8832.10683769461  6.419878435944095E-17
8828.61802218093  5.726000295209704E-17
8825.12995274709  5.668429848064992E-17
8821.64262789432  5.504377102410821E-17
8818.15604612619  5.453441305523276E-17
8814.67020594861  6.799271110464197E-17
8811.18510586985  4.341454136262115E-17
8807.7007444005  9.126439869997204E-17
8804.2171200535  6.117292459149749E-17
8800.73423134416  4.012173386739457E-17
8797.2520767901  7.248215777865717E-17
8793.77065491128  6.828263460061934E-17
8790.28996423004  5.332990573445755E-17
8786.81000327102  5.596548514578624E-17
8783.33077056123  7.388999932888772E-17
8779.85226463002  8.460911524960717E-17
8776.37448400908  8.569807536497609E-17
8772.89742723243  6.615772010353393E-17
8769.42109283646  5.856627334055097E-17
8765.94547935987  6.151416637267765E-17
8762.47058534374  6.809616823821520E-17
8758.99640933146  6.019267586095274E-17
8755.52294986879  5.916732262596671E-17
8752.05020550381  5.901035021548374E-17
8748.57817478696  4.992539576931180E-17
8745.106856271  5.828907519111712E-17
8741.63624851107  6.129743181729896E-17
8738.16635006463  6.741478317170832E-17
8734.69715949147  7.064487052416870E-17
8731.22867535376  7.326068693630229E-17
8727.76089621597  6.511191234636069E-17
8724.29382064495  6.857415951826264E-17
8720.82744720986  7.110118967216725E-17
8717.36177448224  6.492953556490500E-17
8713.89680103594  5.890448433196675E-17
8710.43252544718  5.884582730036940E-17
8706.9689462945  6.329558253987186E-17
8703.50606215879  5.861415055440555E-17
8700.04387162329  6.088840093055885E-17
8696.58237327358  6.080220871073081E-17
8693.12156569759  5.969154337608851E-17
8689.66144748556  6.790370647073126E-17
8686.20201723012  5.109674969113587E-17
8682.74327352622  7.145162308431411E-17
8679.28521497114  6.082285513882013E-17
8675.82784016453  6.409104573901714E-17
8672.37114770836  6.778768942673703E-17
8668.91513620696  5.880257568050022E-17
8665.45980426699  6.811277140747038E-17
8662.00515049747  7.215925955474099E-17
8658.55117350974  6.440831251732308E-17
8655.09787191751  6.704918919329459E-17
8651.6452443368  6.192088777114753E-17
8648.193289386  6.282581674383563E-17
8644.74200568584  5.022432560779865E-17
8641.29139185938  6.039933204774809E-17
8637.84144653203  5.156837829791156E-17
8634.39216833154  5.778869709497152E-17
8630.94355588802  5.012356508302236E-17
8627.4956078339  5.837013889114730E-17
8624.04832280396  6.565554867982035E-17
8620.60169943534  5.615003244916927E-17
8617.15573636748  6.335069923844748E-17
8613.71043224222  5.834424482925194E-17
8610.26578570371  6.173012006955810E-17
8606.82179539843  6.001903410676561E-17
8603.37845997524  6.550383713803321E-17
8599.93577808531  6.419879759433077E-17
8596.49374838218  6.041250738054483E-17
8593.0523695217  5.578013713157027E-17
8589.61164016211  5.873755928435356E-17
8586.17155896395  5.823121225290779E-17
8582.73212459011  5.584204332861374E-17
8579.29333570585  5.359261829700439E-17
8575.85519097875  5.031069649863900E-17
8572.41768907873  5.722422904496534E-17
8568.98082867807  5.474953626277820E-17
8565.54460845138  6.869324705669068E-17
8562.10902707562  5.993560136146106E-17
8558.67408323008  6.257443986440323E-17
8555.23977559642  7.080070473412879E-17
8551.80610285861  6.863181731568004E-17
8548.37306370299  6.721404959809885E-17
8544.94065681823  6.552088367609671E-17
8541.50888089535  6.068335278287428E-17
8538.07773462769  5.034312528737352E-17
8534.64721671098  4.958358488787018E-17
8531.21732584323  5.538628004598682E-17
8527.78806072486  5.144190569097464E-17
8524.35942005858  4.629278909589332E-17
8520.93140254947  6.826134628037470E-17
8517.50400690496  7.548030368735767E-17
8514.07723183478  6.208333942600805E-17
8510.65107605106  6.424576821823396E-17
8507.22553826823  6.240884492321501E-17
8503.80061720308  6.873140324398653E-17
8500.37631157475  5.595320978549596E-17
8496.95262010471  6.192135099229055E-17
8493.52954151678  5.583500898468458E-17
8490.10707453711  5.057915962080430E-17
8486.68521789423  5.180503136244054E-17
8483.26397031896  4.794690878426052E-17
8479.84333054449  5.593495225501570E-17
8476.42329730638  6.846124605592671E-17
8473.00386934248  6.523017270417618E-17
8469.58504539302  6.449569587723319E-17
8466.16682420056  6.491042438403258E-17
8462.74920451  5.721244999304257E-17
8459.3321850686  6.030367688171245E-17
8455.91576462595  5.728062952785165E-17
8452.49994193397  4.037108911740990E-17
8449.08471574695  4.808854857490919E-17
8445.67008482151  3.019788262247338E-17
8442.2560479166  4.576806541995908E-17
8438.84260379355  5.834782486694307E-17
8435.42975121599  4.819724672484356E-17
8432.01748894992  5.776724333860436E-17
8428.60581576367  4.665551110322027E-17
8425.19473042792  6.427099391819439E-17
8421.78423171571  7.480011637837778E-17
8418.37431840237  8.180673983084083E-17
8414.96498926564  6.761760124046142E-17
8411.55624308555  5.659034399795372E-17
8408.14807864451  5.021825079338007E-17
8404.74049472724  6.235783104047763E-17
8401.33349012083  4.490958098430460E-17
8397.9270636147  6.436939532386371E-17
8394.52121400062  5.880833947500850E-17
8391.11594007269  5.832222859006823E-17
8387.71124062737  5.077300112554999E-17
8384.30711446345  3.742911869846910E-17
8380.90356038208  5.033547552106862E-17
8377.50057718672  5.787539885805690E-17
8374.09816368321  5.414621719376162E-17
8370.69631867971  5.518306823926213E-17
8367.29504098674  6.976244086414203E-17
8363.89432941715  6.711664080916461E-17
8360.49418278612  7.264355064233363E-17
8357.09459991121  5.985940810087758E-17
8353.69557961229  4.193175724889329E-17
8350.29712071159  3.546417431440653E-17
8346.89922203368  7.573204948934330E-18
8343.50188240547  4.332406765594255E-17
8340.10510065621  4.452737721919079E-17
8336.7088756175  4.498602901651675E-17
8333.31320612329  5.032398101927659E-17
8329.91809100984  4.783090497515607E-17
8326.52352911581  4.688322730841122E-17
8323.12951928214  5.702358811558449E-17
8319.73606035216  5.167532613366977E-17
8316.34315117151  6.559419173070361E-17
8312.95079058821  5.302627751009137E-17
8309.55897745259  4.803182714594520E-17
8306.16771061733  6.161579047401347E-17
8302.77698893746  6.097955623406217E-17
8299.38681127036  4.743582035354360E-17
8295.99717647574  5.966786615823478E-17
8292.60808341565  5.165955014502716E-17
8289.2195309545  3.978972011312803E-17
8285.83151795903  4.934067502918787E-17
8282.44404329832  4.842833120948882E-17
8279.0571058438  4.291560917818633E-17
8275.67070446925  5.126628532076230E-17
8272.28483805078  4.742490487818034E-17
8268.89950546685  5.557227656980304E-17
8265.51470559826  5.094666934951672E-17
8262.13043732815  4.621538815161551E-17
8258.74669954201  5.661546381879572E-17
8255.36349112768  6.482681958516062E-17
8251.98081097532  5.570530044719137E-17
8248.59865797746  5.520821452988377E-17
8245.21703102894  4.462238718434863E-17
8241.83592902698  4.537377158301220E-17
8238.45535087112  4.833502854511529E-17
8235.07529546324  4.518459206819887E-17
8231.69576170759  4.550813549299287E-17
8228.31674851073  4.813302773080740E-17
8224.93825478158  5.114112627663812E-17
8221.5602794314  5.005513077658461E-17
8218.18282137381  5.510817199787915E-17
8214.80587952473  4.957220950008635E-17
8211.42945280247  4.945983866823225E-17
8208.05354012765  4.391355957383970E-17
8204.67814042326  5.841380079260030E-17
8201.3032526146  5.455234963963536E-17
8197.92887562935  5.310266267657698E-17
8194.5550083975  5.147779871211454E-17
8191.18164985142  5.327689338336023E-17
8187.80879892578  5.419170881872958E-17
8184.43645455761  5.453737436182571E-17
8181.06461568631  5.075041578610482E-17
8177.69328125359  4.769060852582218E-17
8174.32245020351  4.902970144098222E-17
8170.95212148247  5.396965714637341E-17
8167.58229403923  4.795430377893674E-17
8164.21296682488  5.263441889286784E-17
8160.84413879286  5.250335047044760E-17
8157.47580889894  5.111540426831018E-17
8154.10797610124  5.383055514584404E-17
8150.74063936023  4.967411815155288E-17
8147.37379763872  6.365132976027377E-17
8144.00744990186  5.349743296955669E-17
8140.64159511714  5.999280917262521E-17
8137.27623225439  5.944870300057765E-17
8133.9113602858  6.410318875040942E-17
8130.54697818589  6.396288568363063E-17
8127.18308493153  5.854270200181566E-17
8123.81967950192  6.094662121079277E-17
8120.45676087861  5.274880473669414E-17
8117.09432804551  5.257950071763923E-17
8113.73237998884  5.554200175938360E-17
8110.3709156972  5.510590883172319E-17
8107.0099341615  4.628075858106434E-17
8103.649434375  5.385916897759347E-17
8100.28941533333  5.320865760026951E-17
8096.92987603443  5.865841464334447E-17
8093.57081547861  6.014812722188310E-17
8090.21223266849  6.515789697097375E-17
8086.85412660906  6.469949994527645E-17
8083.49649630765  6.131418057034192E-17
8080.13934077392  7.174587438925637E-17
8076.78265901988  6.766790043914955E-17
8073.4264500599  6.424836225663494E-17
8070.07071291066  6.208033510602326E-17
8066.71544659121  6.939360433772706E-17
8063.36065012294  5.316503871220837E-17
8060.00632252955  6.082984316063498E-17
8056.65246283714  5.380730806190885E-17
8053.29907007411  5.212161654392173E-17
8049.94614327121  6.181084627989839E-17
8046.59368146154  5.417934081421069E-17
8043.24168368055  5.695342334730528E-17
8039.89014896601  6.521574667429325E-17
8036.53907635807  6.312229151026444E-17
8033.18846489918  5.108518239744994E-17
8029.83831363417  6.071443492157158E-17
8026.48862161018  6.395921300171091E-17
8023.13938787672  4.955894483178346E-17
8019.79061148564  5.444571944123238E-17
8016.44229149111  6.344182145472632E-17
8013.09442694966  5.837267337254416E-17
8009.74701692018  5.436100952906204E-17
8006.40006046386  6.125907048921121E-17
8003.05355664428  5.536300649227201E-17
7999.70750452733  5.633306435767011E-17
7996.36190318126  5.865324641887724E-17
7993.01675167665  5.624493322648627E-17
7989.67204908644  6.449071955866807E-17
7986.32779448589  5.452693865121773E-17
7982.98398695262  4.622985719489029E-17
7979.6406255666  5.263136494204632E-17
7976.29770941012  6.291351112365606E-17
7972.95523756784  6.469758088625533E-17
7969.61320912673  6.111949534137145E-17
7966.27162317613  5.333007778802495E-17
7962.93047880772  5.484375213454799E-17
7959.5897751155  5.390094490724984E-17
7956.24951119585  6.534550815134567E-17
7952.90968614747  6.016594800099992E-17
7949.5702990714  6.211351497475398E-17
7946.23134907103  5.683604972710645E-17
7942.8928352521  5.670141119316243E-17
7939.55475672267  5.506782212759881E-17
7936.21711259318  5.154381765116364E-17
7932.87990197638  5.201088352968048E-17
7929.54312398737  4.957379106941756E-17
7926.20677774361  4.128849859118022E-17
7922.87086236489  5.294360246222793E-17
7919.53537697333  6.402498378657623E-17
7916.20032069342  5.225536172280421E-17
7912.86569265197  5.217827841588161E-17
7909.53149197815  4.873480493516217E-17
7906.19771780347  6.124547825738574E-17
7902.86436926178  7.157593178676857E-17
7899.53144548926  6.753687503012115E-17
7896.19894562445  5.746789660108877E-17
7892.86686880823  5.769093096401266E-17
7889.53521418382  5.092886511401211E-17
7886.20398089678  4.390464256683637E-17
7882.87316809503  4.675559664861673E-17
7879.54277492882  5.022561931827668E-17
7876.21280055073  5.942208763718815E-17
7872.8832441157  6.532526538739526E-17
7869.55410478101  4.786541164158934E-17
7866.22538170629  7.530228780209135E-17
7862.8970740535  6.849248039585670E-17
7859.56918098695  6.268636071000410E-17
7856.24170167329  6.093982509488004E-17
7852.91463528151  6.081489435260492E-17
7849.58798098296  5.779467926516151E-17
7846.2617379513  6.178499192267241E-17
7842.93590536258  6.427313797034211E-17
7839.61048239516  5.762386315994686E-17
7836.28546822973  5.367769216864424E-17
7832.96086204937  4.167427246781779E-17
7829.63666303945  4.900170303160853E-17
7826.31287038773  5.822403894263573E-17
7822.98948328428  6.025963116845522E-17
7819.66650092153  5.272692415513089E-17
7816.34392249425  5.146275725985589E-17
7813.02174719955  5.229902362425720E-17
7809.69997423687  6.231858959221812E-17
7806.37860280803  6.726853102196405E-17
7803.05763211715  5.257253585688154E-17
7799.73706137073  5.213298531426067E-17
7796.41688977759  5.884629713895732E-17
7793.0971165489  5.781428013695657E-17
7789.77774089816  5.469423758446780E-17
7786.45876204124  5.287011573660871E-17
7783.14017919634  5.562518304178193E-17
7779.82199158399  5.413380948457334E-17
7776.50419842708  5.558265272340690E-17
7773.18679895084  5.972242699143880E-17
7769.86979238284  6.141484514216719E-17
7766.55317795299  5.916513225170467E-17
7763.23695489355  6.871380084055140E-17
7759.92112243912  5.437270586292354E-17
7756.60567982663  5.902969300692769E-17
7753.29062629539  6.584710385735292E-17
7749.97596108701  6.704085121272006E-17
7746.66168344546  5.385671721425786E-17
7743.34779261707  6.466309738087923E-17
7740.03428785049  5.679466422669920E-17
7736.72116839672  5.978523316098872E-17
7733.4084335091  4.948434968414343E-17
7730.09608244333  6.594325533175609E-17
7726.78411445743  8.049487108400114E-17
7723.47252881177  8.258280729898299E-17
7720.16132476907  6.580575144417018E-17
7716.85050159439  6.151223407876673E-17
7713.54005855514  6.126562175966263E-17
7710.22999492105  5.534129796427618E-17
7706.92030996422  5.954834848588824E-17
7703.61100295907  5.433539339985250E-17
7700.30207318239  5.581354199342760E-17
7696.99351991328  5.250084245883034E-17
7693.68534243321  5.627678960623690E-17
7690.37754002599  6.514931414493789E-17
7687.07011197775  6.660866588627333E-17
7683.76305757699  6.058421684082104E-17
7680.45637611454  5.872790443224383E-17
7677.15006688359  6.056147930014319E-17
7673.84412917963  7.716499266244237E-17
7670.53856230054  6.385377063466755E-17
7667.23336554652  6.569007188986586E-17
7663.92853822012  6.246046099343832E-17
7660.62407962623  6.150596735844603E-17
7657.31998907208  6.447277304809811E-17
7654.01626586725  7.204055582811717E-17
7650.71290932366  9.231538129905741E-17
7647.40991875558  5.655603916358991E-17
7644.1072934796  4.217778061540127E-17
7640.80503281469  4.859413460019140E-17
7637.50313608212  5.653681548615417E-17
7634.20160260553  4.257714010641942E-17
7630.90043171091  4.788578675443774E-17
7627.59962272657  4.430445866155265E-17
7624.29917498318  6.747835034742180E-17
7620.99908781375  8.820606712990219E-17
7617.69936055362  9.181485761912401E-17
7614.39999254049  3.230825528439012E-17
7611.10098311439  2.131272703581871E-17
7607.80233161771  1.391941649932180E-17
7604.50403739517  1.918173276123103E-17
7601.20609979382  2.837861136172630E-17
7597.90851816309  5.895543204025512E-17
7594.61129185471  6.140061763563128E-17
7591.3144202228  5.504218283733210E-17
7588.01790262378  6.109463360088057E-17
7584.72173841643  6.299648726526248E-17
7581.42592696188  6.515682494489986E-17
7578.13046762359  6.273554817794896E-17
7574.83535976738  6.057854569054138E-17
7571.5406027614  6.687272840757986E-17
7568.24619597613  6.107879143778895E-17
7564.95213878443  6.165953840225018E-17
7561.65843056148  5.167300010178728E-17
7558.36507068478  5.673679467104499E-17
7555.07205853423  5.678238886640891E-17
7551.77939349202  5.971015163114850E-17
7548.48707494272  6.089085600261689E-17
7545.19510227321  6.054256002517286E-17
7541.90347487274  5.940653002422724E-17
7538.61219213289  6.464939926993534E-17
7535.32125344758  7.066590076406225E-17
7532.03065821309  6.746487061215963E-17
7528.74040582803  6.730064548206581E-17
7525.45049569335  6.110983387181683E-17
7522.16092721236  6.116935778869615E-17
7518.87169979069  5.984619968085633E-17
7515.58281283632  5.454464693377127E-17
7512.29426575959  5.321655552075816E-17
7509.00605797316  5.812807937413468E-17
7505.71818889206  6.203523060158197E-17
7502.43065793362  5.930974989255854E-17
7499.14346451756  6.359809241604985E-17
7495.85660806592  6.010079925595524E-17
7492.57008800308  6.282939016408186E-17
7489.28390375577  6.063469471052147E-17
7485.99805475307  5.991183149937873E-17
7482.71254042638  5.429475897944144E-17
7479.42736020946  5.859699813722364E-17
7476.14251353842  5.952481685182232E-17
7472.85799985171  6.002177372895438E-17
7469.57381859009  5.734903405578734E-17
7466.28996919671  5.493252515788718E-17
7463.00645111705  6.222601153806119E-17
7459.7232637989  6.051525644751372E-17
7456.44040669244  6.206047615387708E-17
7453.15787925017  5.798755793167417E-17
7449.87568092692  6.473336141083192E-17
7446.5938111799  6.047141587504841E-17
7443.31226946862  6.032941212493021E-17
7440.03105525497  5.666955481341178E-17
7436.75016800316  5.435829306793041E-17
7433.46960717975  5.782416659963780E-17
7430.18937225365  5.664662536683181E-17
7426.90946269609  5.606363508854933E-17
7423.62987798068  5.944102014704826E-17
7420.35061758334  5.340453396932208E-17
7417.07168098235  6.569087260069882E-17
7413.79306765832  6.042043507953555E-17
7410.51477709422  6.068788573263108E-17
7407.23680877536  5.775850831133579E-17
7403.95916218937  6.094249854261980E-17
7400.68183682625  6.562698778763012E-17
7397.40483217834  5.542088597409358E-17
7394.12814774031  5.490950306707861E-17
7390.85178300918  5.789898343168200E-17
7387.57573748431  6.125656909503885E-17
7384.30001066741  5.886880306906366E-17
7381.02460206253  6.474711246133502E-17
7377.74951117605  6.800922162966855E-17
7374.47473751673  5.733964390147363E-17
7371.20028059562  5.741053658869189E-17
7367.92613992616  5.281287152949760E-17
7364.6523150241  5.341975740131550E-17
7361.37880540756  6.856028935375135E-17
7358.10561059698  5.628755618908991E-17
7354.83273011515  5.076433558145287E-17
7351.56016348722  6.377370616881730E-17
7348.28791024067  5.711487576798583E-17
7345.0159699053  5.574793002723989E-17
7341.7443420133  5.799381803454997E-17
7338.47302609916  5.237255667199071E-17
7335.20202169975  5.517527619789190E-17
7331.93132835424  5.703535393261745E-17
7328.66094560419  5.551868850099941E-17
7325.39087299347  6.476666039357086E-17
7322.1211100683  5.301045189061202E-17
7318.85165637725  5.510230894169736E-17
7315.58251147124  5.403778374162327E-17
7312.31367490351  6.334889267598969E-17
7309.04514622965  5.127066606928638E-17
7305.77692500761  5.408294780306866E-17
7302.50901079767  6.236706237611373E-17
7299.24140316246  5.500207781251310E-17
7295.97410166693  6.317789128231781E-17
7292.70710587841  6.139439723742489E-17
7289.44041536654  6.009250098005011E-17
7286.17402970333  5.869429442959459E-17
7282.90794846311  4.982768919535703E-17
7279.64217122256  5.798729985132306E-17
7276.37669756071  6.065268754320572E-17
7273.11152705894  6.109559974783602E-17
7269.84665930094  6.698615141317314E-17
7266.58209387279  6.527887709864330E-17
7263.31783036286  6.001867014729608E-17
7260.05386836192  6.359338741272564E-17
7256.79020746303  5.966721764863457E-17
7253.52684726164  5.474579409768701E-17
7250.2637873555  4.962802103037653E-17
7247.00102734473  4.559296782789385E-17
7243.73856683178  5.666318221397268E-17
7240.47640542147  5.915646339888511E-17
7237.21454272092  6.334636481203771E-17
7233.95297833963  5.984162040898523E-17
7230.69171188942  5.892820125448987E-17
7227.43074298446  5.921445868599244E-17
7224.17007124128  5.751675981423350E-17
7220.90969627871  5.888813924306271E-17
7217.64961771798  5.878705777220872E-17
7214.38983518262  5.540802827865205E-17
7211.13034829851  5.618595194008878E-17
7207.87115669389  5.409222876954151E-17
7204.61225999933  5.650716933300027E-17
7201.35365784774  5.377977287367818E-17
7198.09534987439  6.026691697529061E-17
7194.83733571687  6.128467338353095E-17
7191.57961501514  5.941359083793599E-17
7188.32218741147  6.038869119634819E-17
7185.0650525505  6.930191302118680E-17
7181.80821007921  6.489448295926745E-17
7178.5516596469  6.050751403698022E-17
7175.29540090524  6.214243320896883E-17
7172.03943350824  5.645215851354304E-17
7168.78375711224  6.072837126053187E-17
7165.52837137593  6.187702072890263E-17
7162.27327596034  5.800905139271074E-17
7159.01847052884  5.755966070952293E-17
7155.76395474716  6.273270929408668E-17
7152.50972828335  6.198958346665882E-17
7149.25579080782  5.699108322623359E-17
7146.00214199332  5.558128952975742E-17
7142.74878151494  6.488449723491273E-17
7139.4957090501  6.065587715164772E-17
7136.2429242786  6.083062401913323E-17
7132.99042688255  5.711845580567697E-17
7129.7382165464  5.929919506794235E-17
7126.48629295696  6.135005373914713E-17
7123.23465580339  6.204140467767405E-17
7119.98330477718  6.089835356768908E-17
7116.73223957215  6.537760937655762E-17
7113.48145988449  5.934198346666851E-17
7110.23096541273  6.464480676317446E-17
7106.98075585771  6.027864308765416E-17
7103.73083092265  6.040690902215906E-17
7100.4811903131  6.176087133601038E-17
7097.23183373696  6.144985804313534E-17
7093.98276090444  6.176553001722028E-17
7090.73397152815  5.626478556118753E-17
7087.485465323  6.171223973343716E-17
7084.23724200624  6.256475854251391E-17
7080.98930129751  6.403944952112854E-17
7077.74164291873  6.845745425999877E-17
7074.49426659421  6.700435600409421E-17
7071.24717205058  6.541875664894847E-17
7068.00035901683  6.367697897670778E-17
7064.75382722428  6.678872656201390E-17
7061.50757640658  6.471055769570508E-17
7058.26160629977  6.422101897430638E-17
7055.01591664217  6.272928145762825E-17
7051.7705071745  6.451036013513253E-17
7048.52537763979  6.969668993161139E-17
7045.28052778342  7.552203329489976E-17
7042.03595735311  6.299139183268915E-17
7038.79166609894  6.657796755938027E-17
7035.54765377331  6.987993359834905E-17
7032.30392013097  6.615476872310834E-17
7029.06046492903  7.090175973520317E-17
7025.81728792693  6.326040420278120E-17
7022.57438888644  6.770694998150695E-17
7019.33176757169  6.473845684340526E-17
7016.08942374915  6.403297104257101E-17
7012.84735718763  6.092964084717829E-17
7009.60556765829  6.524121060227008E-17
7006.36405493462  7.006983441465653E-17
7003.12281879248  6.433441551012006E-17
6999.88185901003  6.140357563350177E-17
6996.6411753678  6.489167716262968E-17
6993.40076764868  7.100177579742816E-17
6990.16063563787  6.696508146861019E-17
6986.92077912291  6.800059248151837E-17
6983.68119789373  6.343159750235517E-17
6980.44189174255  7.173439973979903E-17
6977.20286046397  5.803546161530835E-17
6973.9641038549  6.519434585748529E-17
6970.72562171463  6.290045490486752E-17
6967.48741384477  6.564067928112909E-17
6964.24948004927  6.420232469246267E-17
6961.01182013443  6.618936472504777E-17
6957.7744339089  6.900077957354810E-17
6954.53732118367  6.801102819212633E-17
6951.30048177205  6.601752291587354E-17
6948.06391548974  6.305296054004271E-17
6944.82762215473  6.885917948756882E-17
6941.5916015874  6.407525651548474E-17
6938.35585361044  7.419631423588346E-17
6935.12037804889  6.866806767884456E-17
6931.88517473015  6.827511056576758E-17
6928.65024348394  6.645391031983203E-17
6925.41558414235  6.814966366279024E-17
6922.18119653977  6.875990457917266E-17
6918.94708051299  6.347090512506370E-17
6915.71323590109  6.660497996946380E-17
6912.47966254552  6.490720168836608E-17
6909.24636029009  6.478268122767478E-17
6906.0133289809  6.475128145162227E-17
6902.78056846644  6.116536746942119E-17
6899.54807859754  6.892563848670376E-17
6896.31585922734  6.756862553075339E-17
6893.08391021135  7.029973768538706E-17
6889.85223140743  6.525046179024087E-17
6886.62082267576  6.357459386920844E-17
6883.38968387887  6.260825500784439E-17
6880.15881488165  6.256868930478476E-17
6876.9282155513  5.302972189016204E-17
6873.69788575739  7.217539288540820E-17
6870.46782537183  7.815580945249310E-17
6867.23803426887  6.623957127950728E-17
6864.0085123251  6.411643025765517E-17
6860.77925941944  6.342932110130943E-17
6857.55027543319  6.480139536185319E-17
6854.32156024996  6.151084441533765E-17
6851.09311375571  6.472258821053403E-17
6847.86493583875  5.990562433606214E-17
6844.63702638973  6.641904962009659E-17
6841.40938530164  5.694833453217685E-17
6838.18201246983  5.978191782109361E-17
6834.95490779196  4.761948091930997E-17
6831.72807116805  5.021472038652569E-17
6828.50150250049  5.039417556605783E-17
6825.27520169396  4.620168011450427E-17
6822.04916865553  5.163566778638153E-17
6818.82340329458  5.306796079551915E-17
6815.59790552286  5.089471248088104E-17
6812.37267525444  5.378830276015483E-17
6809.14771240574  6.159241765862518E-17
6805.92301689554  5.956006798080690E-17
6802.69858864495  5.807234725318330E-17
6799.4744275774  6.943986689502594E-17
6796.25053361871  6.343560767396483E-17
6793.026906697  6.456825616056636E-17
6789.80354674277  5.898268929579998E-17
6786.58045368882  6.427952380467104E-17
6783.35762747034  6.233926249008705E-17
6780.13506802482  5.911125301532541E-17
6776.91277529214  6.008837831187716E-17
6773.69074921447  5.789081088722997E-17
6770.46898973636  6.436030295457051E-17
6767.2474968047  7.261325597957947E-17
6764.0262703687  6.422682247348405E-17
6760.80531037995  6.860306451758769E-17
6757.58461679233  6.500214217035247E-17
6754.36418956213  6.430478920930084E-17
6751.14402864793  6.959754075466837E-17
6747.92413401066  6.882463642518859E-17
6744.70450561362  6.315226191821845E-17
6741.48514342244  6.308670950903485E-17
6738.26604740508  7.117100371586672E-17
6735.04721753185  6.694775038041599E-17
6731.82865377541  6.814434323709028E-17
6728.61035611077  6.359984603894846E-17
6725.39232451526  6.639037623134305E-17
6722.17455896856  6.642456195169864E-17
6718.95705945271  6.718502548476559E-17
6715.73982595208  6.554973573586256E-17
6712.52285845337  6.628350449620121E-17
6709.30615694565  6.653549018056446E-17
6706.08972142033  7.311654575148124E-17
6702.87355187113  5.908694714020615E-17
6699.65764829415  6.304444388845586E-17
6696.44201068781  6.238378465937711E-17
6693.2266390529  5.911204710871347E-17
6690.01153339252  6.981287902917305E-17
6686.79669371213  6.494588065380906E-17
6683.58212001954  6.692732232800837E-17
6680.36781232489  6.667756672257656E-17
6677.15377064066  6.487957385590680E-17
6673.93999498169  5.956771774711178E-17
6670.72648536515  6.388308591557643E-17
6667.51324181056  6.114243140539633E-17
6664.30026433978  6.469042081087308E-17
6661.087552977  6.490913398227700E-17
6657.87510774878  5.534594341059628E-17
6654.66292868401  6.258596745341976E-17
6651.45101581391  6.412912913441909E-17
6648.23936917206  6.516067629783193E-17
6645.02798879438  6.499143514450357E-17
6641.81687471913  5.881382533683094E-17
6638.60602698691  6.482865261739803E-17
6635.39544564068  6.154885501884567E-17
6632.18513072571  6.484674471175580E-17
6628.97508228965  6.465328371009189E-17
6625.76530038247  5.517743679365187E-17
6622.55578505649  6.131926938547036E-17
6619.34653636637  6.459869640710830E-17
6616.13755436911  6.789487218178922E-17
6612.92883912408  6.009755009050914E-17
6609.72039069294  6.086864124008616E-17
6606.51220913975  5.935027512512873E-17
6603.30429453087  6.586772381566263E-17
6600.09664693504  5.617537726313791E-17
6596.8892664233  5.998883870568496E-17
6593.68215306907  5.804794873383545E-17
6590.4753069481  6.399501999606710E-17
6587.26872813848  6.582032305784091E-17
6584.06241672065  5.970882152472352E-17
6580.85637277738  6.280362183363962E-17
6577.65059639379  6.474036928498147E-17
6574.44508765736  6.212316982686370E-17
6571.23984665788  6.329436493001018E-17
6568.03487348752  5.616970611285825E-17
6564.83016824075  6.035960752601084E-17
6561.62573101443  6.653762099782238E-17
6558.42156190772  5.725581410947507E-17
6555.21766102216  5.908836327341484E-17
6552.01402846161  5.975769135531315E-17
6548.81066433227  5.881055631905014E-17
6545.6075687427  5.562093464215587E-17
6542.4047418038  6.101746757589672E-17
6539.2021836288  6.181665639652093E-17
6535.99989433328  6.248959760333488E-17
6532.79787403517  5.817773668066747E-17
6529.59612285474  6.720193967393107E-17
6526.39464091459  6.552829521438519E-17
6523.19342833968  6.432566063051679E-17
6519.9924852573  6.060289788777494E-17
6516.7918117971  6.360279741937404E-17
6513.59140809105  6.543331502772940E-17
6510.39127427349  6.332468606254392E-17
6507.19141048108  6.413857222829200E-17
6503.99181685282  6.212354040377812E-17
6500.79249353009  6.321761580405506E-17
6497.59344065656  6.547516374927968E-17
6494.3946583783  6.118455805963241E-17
6491.19614684367  5.740536836422466E-17
6487.9979062034  5.481756359635456E-17
6484.79993661057  5.776275009351696E-17
6481.60223822058  4.993259885808590E-17
6478.4048111912  6.356118692584018E-17
6475.20765568252  5.202311256785646E-17
6472.01077185698  5.583259361729594E-17
6468.81415987937  5.946113717954554E-17
6465.61781991682  5.907841063628460E-17
6462.42175213879  6.247004967109904E-17
6459.22595671711  6.069578696184220E-17
6456.03043382592  6.581236227162570E-17
6452.83518364173  6.337814839989446E-17
6449.64020634338  6.177554221135461E-17
6446.44550211206  5.835402541281478E-17
6443.25107113129  5.950341603501435E-17
6440.05691358696  6.330906227513402E-17
6436.86302966727  6.442889277096341E-17
6433.66941956277  6.496199413214159E-17
6430.47608346639  6.283332754379761E-17
6427.28302157335  6.630449503142534E-17
6424.09023408124  6.142293165983552E-17
6420.89772119  6.250268029190303E-17
6417.7054831019  5.627601536518357E-17
6414.51352002156  6.078392471047095E-17
6411.32183215593  6.287898129616565E-17
6408.13041971432  5.886295324777170E-17
6404.93928290836  6.196769957637313E-17
6401.74842195206  6.023642378918946E-17
6398.55783706175  6.006126002267521E-17
6395.36752845609  5.787552458950999E-17
6392.17749635611  6.006992225804987E-17
6388.98774098517  6.285176374529021E-17
6385.79826256896  6.214249276597293E-17
6382.60906133554  5.955013519601135E-17
6379.4201375153  5.529583611781027E-17
6376.23149134097  5.436242235354828E-17
6373.04312304762  6.455284413139326E-17
6369.85503287268  6.005698515326955E-17
6366.66722105591  5.782930835432543E-17
6363.4796878394  5.662840754102095E-17
6360.29243346762  5.669532976129893E-17
6357.10545818735  6.027630712960430E-17
6353.91876224772  6.253456314143326E-17
6350.73234590022  5.505745259143984E-17
6347.54620939865  5.554462226756417E-17
6344.3603529992  5.809352307686467E-17
6341.17477696035  6.006611060978723E-17
6337.98948154297  6.262134431385744E-17
6334.80446701024  6.192276050805435E-17
6331.6197336277  5.889138840850883E-17
6328.43528166323  5.925743237317578E-17
6325.25111138704  6.191808197450975E-17
6322.06722307171  6.475555632102796E-17
6318.88361699214  5.775160631630464E-17
6315.70029342558  5.886395248195165E-17
6312.51725265163  6.383051031584255E-17
6309.33449495222  6.047924431236561E-17
6306.15202061163  5.790177599342998E-17
6302.96982991649  5.955505857501726E-17
6299.78792315575  6.508118093224313E-17
6296.60630062074  6.690520020970626E-17
6293.42496260509  6.164218746172126E-17
6290.24390940482  5.738102278443600E-17
6287.06314131824  6.029985861600490E-17
6283.88265864605  6.431111548662565E-17
6280.70246169126  5.810536830323643E-17
6277.52255075926  5.816769801675353E-17
6274.34292615774  6.392799851411559E-17
6271.16358819676  6.174048960571707E-17
6267.9845371887  6.023865386812089E-17
6264.80577344833  6.115239727741635E-17
6261.62729729271  5.735281261682549E-17
6258.44910904127  5.751142615364375E-17
6255.27120901578  6.386063954247418E-17
6252.09359754036  6.072827199885837E-17
6248.91627494145  5.741193286956588E-17
6245.73924154785  6.200931668735190E-17
6242.5624976907  6.000573965996066E-17
6239.38604370349  6.315499492296233E-17
6236.20987992204  6.279957857480545E-17
6233.03400668453  6.560539506492003E-17
6229.85842433146  6.278774658332350E-17
6226.68313320569  6.536885449695438E-17
6223.50813365242  6.329623766691700E-17
6220.33342601919  6.629396667658876E-17
6217.15901065588  6.805355851050137E-17
6213.98488791473  6.217966957142352E-17
6210.8110581503  5.636323328897115E-17
6207.63752171951  6.513106984934742E-17
6204.46427898162  6.643518956820871E-17
6201.29133029822  5.983890063913116E-17
6198.11867603326  6.528911428590424E-17
6194.94631655301  6.561428229342131E-17
6191.77425222613  6.924414272720611E-17
6188.60248342356  5.898767223180999E-17
6185.43101051864  6.132226708801026E-17
6182.25983388701  6.928241802851015E-17
6179.08895390668  5.837207780250313E-17
6175.918370958  6.163572883549845E-17
6172.74808542364  6.774365033092472E-17
6169.57809768864  6.226679485098251E-17
6166.40840814038  6.142420220925639E-17
6163.23901716857  6.763141846541352E-17
6160.06992516527  6.329408699732436E-17
6156.90113252487  6.174734527863391E-17
6153.73263964414  6.751545436097848E-17
6150.56444692214  7.148869401064628E-17
6147.39655476033  6.142755725382090E-17
6144.22896356247  7.217400322197913E-17
6141.06167373467  6.715815204102497E-17
6137.89468568541  5.705069316989662E-17
6134.72799982548  6.393241234986418E-17
6131.56161656803  6.573370732153925E-17
6128.39553632854  6.601883978740873E-17
6125.22975952486  6.195437204234367E-17
6122.06428657716  6.397878740372635E-17
6118.89911790795  6.294360726306319E-17
6115.7342539421  6.520574109760381E-17
6112.56969510682  5.950565934883558E-17
6109.40544183164  5.757145299633550E-17
6106.24149454847  5.447144806700522E-17
6103.07785369153  6.102422398714004E-17
6099.91451969741  5.574231843396434E-17
6096.75149300502  6.393204839039466E-17
6093.58877405563  5.920465163264999E-17
6090.42636329284  6.040935747677222E-17
6087.2642611626  6.593842459697878E-17
6084.1024681132  6.610035347369215E-17
6080.94098459529  6.042403496956137E-17
6077.77981106183  6.769196808625239E-17
6074.61894796814  6.478285328124221E-17
6071.45839577191  6.147127871227800E-17
6068.29815493312  5.919037780399978E-17
6065.13822591413  6.495377526557524E-17
6061.97860917964  6.695004001635153E-17
6058.81930519668  5.562003466964941E-17
6055.66031443462  6.439310562894191E-17
6052.5016373652  6.252222160669398E-17
6049.34327446248  5.688538939628402E-17
6046.18522620287  5.974038011945365E-17
6043.02749306511  5.953809144629258E-17
6039.87007553031  5.693836866015682E-17
6036.71297408189  6.267849256801749E-17
6033.55618920565  6.066569743987995E-17
6030.39972138971  5.734995388062850E-17
6027.24357112453  5.491068428099334E-17
6024.08773890291  6.141351503574220E-17
6020.93222522003  5.979708500480538E-17
6017.77703057336  6.082444332559624E-17
6014.62215546276  6.008530119999845E-17
6011.4676003904  5.392458572915661E-17
6008.3133658608  4.995419819824088E-17
6005.15945238084  5.290052289592615E-17
6002.00586045973  5.385475514184489E-17
5998.85259060901  4.986118339272053E-17
5995.6996433426  4.721852331534837E-17
5992.54701917672  4.297840211284643E-17
5989.39471862996  4.203707719320600E-17
5986.24274222325  4.876473232972434E-17
5983.09109047986  4.823955535881442E-17
5979.9397639254  5.324698914985523E-17
5976.78876308782  5.327829297295667E-17
5973.63808849742  6.193391090271155E-17
5970.48774068685  5.255258756922920E-17
5967.33772019109  5.169382520088891E-17
5964.18802754746  4.990383944254866E-17
5961.03866329564  5.789578058835020E-17
5957.88962797765  5.352337004484390E-17
5954.74092213782  5.737942136277008E-17
5951.59254632288  5.651915352571493E-17
5948.44450108186  5.453685489240100E-17
5945.29678696614  5.004675640006311E-17
5942.14940452946  5.666344029432378E-17
5939.00235432788  5.909928205750056E-17
5935.85563691982  5.710178646197279E-17
5932.70925286605  5.183500838783945E-17
5929.56320272965  6.043592651804743E-17
5926.41748707608  6.191498501029634E-17
5923.27210647312  6.241621013938917E-17
5920.1270614909  5.744642960983179E-17
5916.98235270189  5.569801464035601E-17
5913.83798068091  5.337185702640379E-17
5910.69394600512  5.737776700154499E-17
5907.55024925403  4.807057559455964E-17
5904.40689100947  5.972400194332509E-17
5901.26387185564  5.049920765151737E-17
5898.12119237906  6.130391691330138E-17
5894.97885316862  5.501198081880658E-17
5891.83685481552  5.693659518492351E-17
5888.69519791333  5.436419582878158E-17
5885.55388305795  5.147566127741171E-17
5882.41291084763  5.471570788444722E-17
5879.27228188296  4.933192345830706E-17
5876.13199676687  5.375345529530919E-17
5872.99205610464  6.531210328948833E-17
5869.85246050388  6.372084601895272E-17
5866.71321057455  5.480587387993796E-17
5863.57430692897  6.725344324759108E-17
5860.43575018178  5.468363643773733E-17
5857.29754094997  6.529833238665054E-17
5854.15967985287  6.910992770973568E-17
5851.02216751216  5.927591489678267E-17
5847.88500455186  5.596806594929741E-17
5844.74819159833  5.613642698245401E-17
5841.61172928028  5.288656670463117E-17
5838.47561822877  5.604680030872265E-17
5835.33985907717  5.974441676084289E-17
5832.20445246122  5.177864430090010E-17
5829.06939901901  6.034269333684536E-17
5825.93469939095  5.916173750247075E-17
5822.80035421982  6.195435219000897E-17
5819.6663641507  5.747964256578702E-17
5816.53272983107  5.967087047821959E-17
5813.3994519107  5.576801397251269E-17
5810.26653104174  5.844493587085679E-17
5807.13396787866  6.294135733179705E-17
5804.00176307829  5.827176395525759E-17
5800.86991729979  5.458796141936699E-17
5797.73843120468  6.174399685151429E-17
5794.6073054568  5.569547354151424E-17
5791.47654072234  6.018153208374043E-17
5788.34613766985  5.995407065017815E-17
5785.2160969702  5.946862150972792E-17
5782.08641929662  6.371928430195622E-17
5778.95710532468  5.881983397680052E-17
5775.82815573228  5.639864985407823E-17
5772.69957119968  5.882849621217518E-17
5769.57135240948  5.848374056775288E-17
5766.4435000466  5.726858577813288E-17
5763.31601479834  6.336797076963760E-17
5760.18889735433  6.598763191725833E-17
5757.06214840652  6.272222064391950E-17
5753.93576864922  7.079633060304959E-17
5750.8097587791  6.958850132493436E-17
5747.68411949515  6.722613966993194E-17
5744.5588514987  6.817165343219433E-17
5741.43395549345  6.898368671337030E-17
5738.30943218542  6.676084726664841E-17
5735.18528228297  6.731120692412688E-17
5732.06150649683  7.359294884475259E-17
5728.93810554004  6.478615538624752E-17
5725.815080128  6.955649274395102E-17
5722.69243097846  6.737851295620909E-17
5719.57015881149  6.556382427605555E-17
5716.44826434953  6.272407352849161E-17
5713.32674831735  6.580115231996437E-17
5710.20561144206  6.051595789667317E-17
5707.08485445312  6.853107995196089E-17
5703.96447808232  6.549021181898324E-17
5700.84448306381  6.490773108395810E-17
5697.72487013408  6.195335295582902E-17
5694.60564003194  6.274113991888981E-17
5691.48679349859  6.377561199294863E-17
5688.36833127752  6.327700737203636E-17
5685.2502541146  6.657029794074070E-17
5682.13256275802  6.839195479037439E-17
5679.01525795834  6.625128415698105E-17
5675.89834046844  7.001685515078373E-17
5672.78181104355  6.960318543516841E-17
5669.66567044123  6.691821010638049E-17
5666.54991942142  5.828505840206254E-17
5663.43455874636  7.088182799116310E-17
5660.31958918066  6.331499812320970E-17
5657.20501149126  6.153409149927282E-17
5654.09082644745  6.456900393184008E-17
5650.97703482087  6.712820148540565E-17
5647.86363738548  6.043807718764007E-17
5644.75063491761  6.260225298531971E-17
5641.6380281959  6.873917874174453E-17
5638.52581800138  6.517751769510349E-17
5635.41400511739  5.700090351446583E-17
5632.3025903296  5.784431010191468E-17
5629.19157442606  6.397224936816472E-17
5626.08095819714  6.075128085477714E-17
5622.97074243556  6.218855018247988E-17
5619.86092793638  6.327655076833824E-17
5616.75151549701  6.367425258940882E-17
5613.64250591719  6.982461837642642E-17
5610.53389999901  7.047768077875948E-17
5607.42569854691  5.987079010610631E-17
5604.31790236767  6.989177882472081E-17
5601.21051227039  5.930421109117688E-17
5598.10352906656  7.044203260308091E-17
5594.99695356996  6.869932187110928E-17
5591.89078659676  6.499845625354292E-17
5588.78502896544  6.275074844888522E-17
5585.67968149684  6.391667606589099E-17
5582.57474501413  6.742650928407188E-17
5579.47022034284  5.811486433666854E-17
5576.36610831082  6.919533907106546E-17
5573.2624097483  6.691704543607801E-17
5570.15912548782  6.393666074949027E-17
5567.05625636426  6.255956384826708E-17
5563.95380321487  6.973823425069626E-17
5560.85176687923  6.925382404909542E-17
5557.75014819925  7.083084719565022E-17
5554.64894801921  7.454697264115694E-17
5551.54816718571  6.586630768245395E-17
5548.44780654771  6.807022785420555E-17
5545.34786695649  7.158851816696919E-17
5542.24834926569  6.777806104440692E-17
5539.1492543313  7.263949414860966E-17
5536.05058301164  6.578549544532998E-17
5532.95233616737  6.572083639120793E-17
5529.85451466151  6.016216282251688E-17
5526.75711935941  6.864294785800256E-17
5523.66015112875  6.318137205833544E-17
5520.56361083959  6.175315539525647E-17
5517.46749936431  6.460312347774666E-17
5514.37181757762  6.439174905273734E-17
5511.27656635659  6.928164378745680E-17
5508.18174658064  6.911626060450539E-17
5505.08735913153  6.704314746610050E-17
5501.99340489334  7.012792234599245E-17
5498.89988475251  6.649700973846849E-17
5495.80679959784  6.508891010788682E-17
5492.71415032044  6.591686496149320E-17
5489.62193781378  7.045521455332254E-17
5486.53016297368  7.013230309451654E-17
5483.4388266983  5.868468589959917E-17
5480.34792988812  5.692359190569416E-17
5477.257473446  6.266077766801904E-17
5474.16745827711  6.298180315502843E-17
5471.07788528898  6.033399801424620E-17
5467.98875539149  6.848610117897271E-17
5464.90006949684  6.983107038520431E-17
5461.81182851959  6.350474673828447E-17
5458.72403337664  6.538231437988183E-17
5455.63668498724  5.956547443329053E-17
5452.54978427297  6.146497890473280E-17
5449.46333215776  5.604840173038857E-17
5446.37732956787  5.837753719454598E-17
5443.29177743193  6.179938486533085E-17
5440.20667668089  6.766928348513373E-17
5437.12202824805  5.947510660573033E-17
5434.03783306906  5.911155080034592E-17
5430.9540920819  6.197947862829588E-17
5427.8708062269  5.347870229176602E-17
5424.78797644674  6.437412017952260E-17
5421.70560368643  6.588199102686795E-17
5418.62368889332  6.624134475474059E-17
5415.54223301713  6.038728168058442E-17
5412.4612370099  6.232130936207219E-17
5409.380701826  6.023043500155456E-17
5406.30062842219  5.890128810607986E-17
5403.22101775752  6.574555916535591E-17
5400.14187079342  7.415672206304423E-17
5397.06318849364  6.430449804172523E-17
5393.98497182429  6.783550046614260E-17
5390.90722175382  6.294158232492366E-17
5387.82993925301  6.135509623216126E-17
5384.753125295  6.553164364150481E-17
5381.67678085526  6.320071484977938E-17
5378.60090691161  6.558552949532893E-17
5375.52550444422  5.932160835382011E-17
5372.45057443558  5.537121212394855E-17
5369.37611787054  6.424452413859269E-17
5366.30213573629  7.043579235253978E-17
5363.22862902238  6.483464802247783E-17
5360.15559872066  7.241904720664182E-17
5357.08304582537  6.375683830176612E-17
5354.01097133307  6.215815625805225E-17
5350.93937624265  6.355738851246734E-17
5347.86826155538  6.150616588179303E-17
5344.79762827484  6.694879593671025E-17
5341.72747740696  6.633836311442571E-17
5338.65780996003  6.492699446606325E-17
5335.58862694467  5.870588157561522E-17
5332.51992937383  6.226894552057514E-17
5329.45171826283  6.339084065921346E-17
5326.38399462931  6.852867120201713E-17
5323.31675949327  6.666601928122533E-17
5320.25001387705  6.346080690414566E-17
5317.18375880532  6.515301991408213E-17
5314.1179953051  6.077233094700540E-17
5311.05272440576  6.216157085962086E-17
5307.98794713902  5.848949774481626E-17
5304.92366453891  6.198101387551279E-17
5301.85987764184  6.281078852646677E-17
5298.79658748653  6.869166548735949E-17
5295.73379511408  6.575827127700963E-17
5292.67150156791  7.141680870669299E-17
5289.60970789377  6.222276237261508E-17
5286.54841513978  5.660791331416433E-17
5283.4876243564  6.121538211797861E-17
5280.42733659642  6.128999380923088E-17
5277.36755291497  6.509895538924565E-17
5274.30827436954  6.199481786557506E-17
5271.24950201995  6.441790119498380E-17
5268.19123692837  6.155609450356674E-17
5265.13348015932  6.395815421052684E-17
5262.07623277963  6.360111658836933E-17
5259.01949585852  6.213397611438608E-17
5255.96327046752  5.974628288030483E-17
5252.90755768051  5.703504953015201E-17
5249.85235857372  5.823106666911998E-17
5246.79767422573  5.260564624244081E-17
5243.74350571742  5.825593502705579E-17
5240.68985413208  5.877731027587040E-17
5237.63672055529  5.968002902196179E-17
5234.58410607499  5.815806963442340E-17
5231.53201178147  6.709108423695918E-17
5228.48043876735  6.624511008088894E-17
5225.42938812761  5.928702558677048E-17
5222.37886095955  6.447704791750380E-17
5219.32885836284  6.566299330533333E-17
5216.27938143948  6.028088640147539E-17
5213.2304312938  5.630169105139720E-17
5210.18200903248  6.192445457394887E-17
5207.13411576457  5.930446255408310E-17
5204.08675260143  6.084195970224765E-17
5201.03992065677  7.018434929865837E-17
5197.99362104666  5.744423923556975E-17
5194.94785488949  5.868435502735414E-17
5191.902623306  6.708771595750485E-17
5188.85792741929  5.628468421800310E-17
5185.81376835478  6.302025712734481E-17
5182.77014724024  5.503968806060465E-17
5179.72706520579  5.375751840647805E-17
5176.68452338389  5.683593061309826E-17
5173.64252290934  5.401517524112096E-17
5170.60106491929  5.273404452584374E-17
5167.56015055322  5.804301211993974E-17
5164.51978095297  5.795979113287199E-17
5161.4799572627  5.621774214539042E-17
5158.44068062893  5.095281033838431E-17
5155.40195220053  5.481144576854411E-17
5152.3637731287  5.241443186332059E-17
5149.32614456698  6.001984143504346E-17
5146.28906767126  6.173795512432020E-17
5143.25254359978  5.358939560133787E-17
5140.2165735131  5.476446521847356E-17
5137.18115857415  5.452841434143051E-17
5134.14629994819  5.289157280169833E-17
5131.11199880283  5.382809676506353E-17
5128.078256308  6.006695764273448E-17
5125.04507363601  5.771335748478019E-17
5122.01245196148  5.215786690708625E-17
5118.98039246138  4.877379822923792E-17
5115.94889631505  5.597010412232674E-17
5112.91796470414  5.709725351221599E-17
5109.88759881265  4.957379437813999E-17
5106.85779982694  5.287074108515179E-17
5103.8285689357  5.071038686190215E-17
5100.79990732996  4.749629056504367E-17
5097.7718162031  5.115172742336860E-17
5094.74429675083  4.498638635854137E-17
5091.71735017124  5.388283957800227E-17
5088.69097766471  5.252408292532065E-17
5085.665180434  4.858941305325494E-17
5082.6399596842  4.347419431967603E-17
5079.61531662275  4.849382075294586E-17
5076.59125245942  5.023358672193679E-17
5073.56776840635  5.028113968099125E-17
5070.54486567799  5.074673648674020E-17
5067.52254549116  5.427735840807578E-17
5064.50080906499  5.011513776694166E-17
5061.47965762099  4.916159373529258E-17
5058.45909238299  5.119492279495613E-17
5055.43911457719  5.235886517849174E-17
5052.41972543208  5.359087460027312E-17
5049.40092617855  4.926365458799181E-17
5046.3827180498  4.769017177445875E-17
5043.36510228138  4.912797049775353E-17
5040.3480801112  5.338279235410173E-17
5037.33165277948  5.037963703961160E-17
5034.31582152881  4.576349276553289E-17
5031.30058760412  4.136425179167782E-17
5028.28595225267  4.587266737150009E-17
5025.27191672406  4.359030731662133E-17
5022.25848227027  5.040464105516786E-17
5019.24565014557  4.987880564849035E-17
5016.23342160662  4.388938935634090E-17
5013.22179791239  4.540708380064095E-17
5010.21078032421  4.864107213687011E-17
5007.20037010574  4.670280598192360E-17
5004.19056852301  4.991589642715722E-17
5001.18137684436  4.526721417650313E-17
4998.17279634049  4.749752140979516E-17
4995.16482828444  3.897718721486209E-17
4992.1574739516  4.183679029712731E-17
4989.1507346197  3.672271638151617E-17
4986.1446115688  3.398028839610276E-17
4983.13910608131  3.349775093140872E-17
4980.134219442  3.377832066901937E-17
4977.12995293795  3.828570723615962E-17
4974.12630785862  4.146701078481406E-17
4971.12328549579  3.787879062306518E-17
4968.12088714359  5.026000025325684E-17
4965.11911409848  4.670780546154587E-17
4962.11796765929  4.185597426989364E-17
4959.11744912716  4.475211888289901E-17
4956.1175598056  4.235125362474344E-17
4953.11830100046  4.760584236537020E-17
4950.11967401991  4.701440822739478E-17
4947.12168017449  4.019487317715651E-17
4944.12432077708  4.623380450077339E-17
4941.12759714288  5.532309006463266E-17
4938.13151058945  4.346577692976270E-17
4935.1360624367  3.912647677181566E-17
4932.14125400687  4.236751268686379E-17
4929.14708662455  4.695652212812832E-17
4926.15356161666  4.518433729657021E-17
4923.16068031249  4.361763405533763E-17
4920.16844404365  4.345314753617024E-17
4917.1768541441  4.682891132066854E-17
4914.18591195014  4.070141542322683E-17
4911.19561880041  4.287618905891449E-17
4908.20597603592  3.558668638057054E-17
4905.21698499998  4.509173608135613E-17
4902.22864703827  5.024888294582412E-17
4899.24096349881  4.309547133057985E-17
4896.25393573197  4.345363722709286E-17
4893.26756509044  4.404106119345862E-17
4890.28185292928  3.773331933181915E-17
4887.29680060587  4.660901362662744E-17
4884.31240947994  4.337321541921800E-17
4881.32868091357  4.226302323188609E-17
4878.34561627119  4.145801436847193E-17
4875.36321691955  4.750077057524126E-17
4872.38148422776  3.938985107885255E-17
4869.40041956727  4.084109645018497E-17
4866.42002431186  4.047908250946237E-17
4863.44029983768  4.746331252838242E-17
4860.4612475232  4.024378271241554E-17
4857.48286874924  4.458754302822546E-17
4854.50516489896  3.683934884788615E-17
4851.52813735788  3.702030949613314E-17
4848.55178751383  3.914893307108525E-17
4845.57611675702  3.875634653492268E-17
4842.60112647997  4.139873198833148E-17
4839.62681807757  4.481184794057024E-17
4836.65319294705  4.322336007072546E-17
4833.68025248795  3.745682594026717E-17
4830.7079981022  4.448974050131963E-17
4827.73643119404  4.004782362530173E-17
4824.76555317006  4.088925159672537E-17
4821.7953654392  4.369326152438212E-17
4818.82586941275  4.843386339342558E-17
4815.85706650433  3.712317436838779E-17
4812.88895812989  3.573654503778555E-17
4809.92154570776  3.688940320111295E-17
4806.95483065858  4.542038155616834E-17
4803.98881440534  4.013334086574991E-17
4801.0234983734  3.999816301004650E-17
4798.05888399042  3.896464053933089E-17
4795.09497268643  4.379887925371535E-17
4792.13176589379  4.198968967027406E-17
4789.16926504723  3.183731820060653E-17
4786.20747158379  4.516310191588475E-17
4783.24638694287  3.873762909202183E-17
4780.2860125662  3.994426392133254E-17
4777.32634989787  4.515834066427890E-17
4774.36740038431  4.417409168829184E-17
4771.40916547429  4.335629461260762E-17
4768.45164661891  3.893155000610632E-17
4765.49484527163  4.805483600186398E-17
4762.53876288824  4.339746504605562E-17
4759.5834009269  3.533034641746280E-17
4756.62876084807  3.951345833214757E-17
4753.6748441146  4.382197744514027E-17
4750.72165219164  4.225161475687776E-17
4747.76918654671  3.435258584620063E-17
4744.81744864967  4.770763852027342E-17
4741.86643997272  4.549757405093179E-17
4738.91616199039  5.091805220904483E-17
4735.96661617958  4.075263444675611E-17
4733.0178040195  4.250916240367981E-17
4730.06972699174  4.187088006453184E-17
4727.1223865802  4.381392401469646E-17
4724.17578427115  4.609363047417015E-17
4721.22992155317  4.842850988050113E-17
4718.28479991723  3.926073149395547E-17
4715.34042085659  3.426979499305142E-17
4712.39678586689  4.564876612329423E-17
4709.45389644611  3.789093694317991E-17
4706.51175409456  4.553505525884780E-17
4703.57036031489  4.092265976730517E-17
4700.62971661211  4.314398051042241E-17
4697.68982449356  4.803571489482420E-17
4694.75068546894  5.486461693831903E-17
4691.81230105026  3.454244034039379E-17
4688.8746727519  4.387413614584542E-17
4685.93780209059  4.145646919508767E-17
4683.00169058538  4.708971144163916E-17
4680.06633975766  4.135964274130467E-17
4677.1317511312  4.162887679580088E-17
4674.19792623207  4.919936941950664E-17
4671.26486658871  3.903690303764352E-17
4668.3325737319  4.659459752291186E-17
4665.40104919474  4.379561023593455E-17
4662.47029451271  4.655180250674082E-17
4659.5403112236  4.989823115799556E-17
4656.61110086756  4.329756478911636E-17
4653.68266498708  4.188511418851266E-17
4650.755005127  4.808239765987424E-17
4647.8281228345  4.145754122116155E-17
4644.90201965908  5.183596791735002E-17
4641.97669715261  4.403060563051595E-17
4639.0521568693  4.879490787847028E-17
4636.12840036569  3.746174601055064E-17
4633.20542920069  4.782453899316187E-17
4630.28324493551  4.947560142198507E-17
4627.36184913374  3.943597136108605E-17
4624.4412433613  5.341844052978030E-17
4621.52142918645  3.939400683425001E-17
4618.60240817979  3.868830927517898E-17
4615.68418191429  4.433645400764621E-17
4612.76675196522  3.973760773453719E-17
4609.85011991023  4.099712256604719E-17
4606.93428732929  3.154185259452504E-17
4604.01925580473  3.012505764134421E-17
4601.1050269212  2.607924612781467E-17
4598.19160226573  1.376661142476488E-17
4595.27898342765  2.925648821966148E-17
4592.36717199866  2.645868049223765E-17
4589.4561695728  2.669166087484688E-17
4586.54597774645  3.259605788927692E-17
4583.63659811833  3.289550057974357E-17
4580.72803228951  2.547348191290739E-17
4577.82028186338  3.770803076613218E-17
4574.91334844572  2.833638213709424E-17
4572.00723364461  2.281161139298930E-17
4569.10193907049  2.895253904921765E-17
4566.19746633614  2.602983532110443E-17
4563.29381705668  1.772621086613169E-17
4560.39099284959  2.393298375348049E-17
4557.48899533467  2.328252366135451E-17
4554.58782613407  2.375167072629254E-17
4551.68748687229  2.245935322041114E-17
4548.78797917618  3.326804618402520E-17
4545.88930467491  3.444035301791496E-17
4542.991465  3.280610551658374E-17
4540.09446178533  3.706421293432502E-17
4537.19829666711  4.236232130133941E-17
4534.30297128389  3.870359557289895E-17
4531.40848727657  4.778755409361339E-17
4528.51484628839  4.420251692286162E-17
4525.62204996494  4.358300496617371E-17
4522.73009995413  3.051824636499272E-17
4519.83899790624  3.878774961969766E-17
4516.94874547389  3.812406952702185E-17
4514.05934431202  4.198680777301993E-17
4511.17079607794  3.060918660153681E-17
4508.28310243128  3.438486574242490E-17
4505.39626503404  2.548208459127794E-17
4502.51028555054  3.184265186119628E-17
4499.62516564745  3.212467412796256E-17
4496.74090699378  2.666090464531094E-17
4493.8575112609  2.429728567577742E-17
4490.9749801225  2.749491280663998E-17
4488.09331525462  3.609852258256120E-17
4485.21251833566  2.673819971047034E-17
4482.33259104633  3.120511398459961E-17
4479.45353506971  3.849522215915195E-17
4476.57535209123  2.930143059670271E-17
4473.69804379862  2.860176483865841E-17
4470.82161188201  3.169584053735791E-17
4467.94605803382  2.250182067305961E-17
4465.07138394885  1.708821638583689E-17
4462.19759132423  2.132266809242037E-17
4459.32468185943  3.370648499590281E-17
4456.45265725627  2.829943032477028E-17
4453.5815192189  2.169160057178638E-17
4450.71126945384  1.971965658538039E-17
4447.84190966991  2.758464039640606E-17
4444.97344157832  2.374567201249031E-17
4442.1058668926  1.937427062933132E-17
4439.23918732861  1.082262682103251E-17
4436.37340460458  3.154125371576155E-17
4433.50852044108  2.929028681949040E-17
4430.64453656099  2.166716731085278E-17
4427.78145468956  2.766121912315499E-17
4424.9192765544  3.121138070492030E-17
4422.05800388543  4.240816034216464E-17
4419.19763841492  2.723994100026541E-17
4416.33818187749  3.599617717973124E-17
4413.47963601012  2.766620205916501E-17
4410.62200255209  3.323937610399410E-17
4407.76528324507  3.263763860430874E-17
4404.90947983303  3.220056629480306E-17
4402.05459406232  2.606604597959956E-17
4399.20062768162  2.839841075686837E-17
4396.34758244193  2.881687150259160E-17
4393.49546009663  2.591107038311529E-17
4390.64426240142  4.193781882842209E-17
4387.79399111434  3.533790684826155E-17
4384.94464799581  4.448024777660998E-17
4382.09623480854  4.250053987297456E-17
4379.24875331761  4.082988649852366E-17
4376.40220529046  3.527473010179718E-17
4373.55659249683  3.529458243649846E-17
4370.71191670885  3.009820404993829E-17
4367.86817970095  3.088657996559524E-17
4365.02538324994  2.720077896134470E-17
4362.18352913494  3.915873350698278E-17
4359.34261913745  2.580717484381741E-17
4356.50265504128  2.359502587933215E-17
4353.66363863259  3.079947453837095E-17
4350.8255716999  3.336401236997115E-17
4347.98845603407  2.131954134970492E-17
4345.15229342827  2.434501399712172E-17
4342.31708567805  3.187339320148119E-17
4339.48283458129  2.950957901732311E-17
4336.64954193822  2.446685935571201E-17
4333.8172095514  3.229333956358457E-17
4330.98583922574  2.658332337565959E-17
4328.15543276849  2.270626828761944E-17
4325.32599198926  2.183191191037129E-17
4322.49751869997  3.327150710770812E-17
4319.67001471492  2.540728926592967E-17
4316.84348185073  2.736394695461568E-17
4314.01792192635  2.708826254570278E-17
4311.19333676312  2.855716326002955E-17
4308.36972818467  3.066086884620911E-17
4305.54709801702  2.569104695762108E-17
4302.72544808849  3.172446760399714E-17
4299.90478022977  2.391943949813055E-17
4297.08509627389  3.233228984426846E-17
4294.26639805622  3.651090520514339E-17
4291.44868741446  2.519939396257672E-17
4288.63196618868  3.734448819563758E-17
4285.81623622127  3.172840498371290E-17
4283.00149935698  2.892978165620508E-17
4280.18775744288  3.855864044235516E-17
4277.37501232842  3.030802668411849E-17
4274.56326586535  3.206993793246870E-17
4271.75251990779  4.061371773468395E-17
4268.9427763122  3.003935180371637E-17
4266.13403693738  3.037592166879685E-17
4263.32630364447  2.837380378800615E-17
4260.51957829695  3.119958841810775E-17
4257.71386276066  3.537200654183342E-17
4254.90915890376  3.674104008644544E-17
4252.10546859678  2.995590913224447E-17
4249.30279371256  3.827151612557066E-17
4246.50113612633  2.938436372491728E-17
4243.7004977156  3.488046273462992E-17
4240.90088036027  4.387647541261772E-17
4238.10228594257  4.021064254835422E-17
4235.30471634708  2.993333702768913E-17
4232.50817346072  3.701095242904394E-17
4229.71265917273  3.528106961401180E-17
4226.91817537472  2.984111962427926E-17
4224.12472396064  3.233199867669284E-17
4221.33230682678  2.986295388372821E-17
4218.54092587177  2.788276621533752E-17
4215.75058299658  2.228834190057193E-17
4212.96128010452  2.747403311361791E-17
4210.17301910127  2.993140142505575E-17
4207.38580189482  4.493552467703671E-17
4204.59963039551  2.828913358050522E-17
4201.81450651605  4.577870296263651E-17
4199.03043217146  3.090210780005407E-17
4196.24740927912  3.285404890488731E-17
4193.46543975875  2.402691672948078E-17
4190.6845255324  2.305052596931298E-17
4187.90466852448  2.656261242748248E-17
4185.12587066175  3.800533602189599E-17
4182.34813387328  3.136775423663978E-17
4179.57146009052  3.539261326525335E-17
4176.79585124725  3.159011031146139E-17
4174.02130927957  3.599824843998507E-17
4171.24783612596  3.348416862575060E-17
4168.47543372722  2.739669668942789E-17
4165.7041040265  2.867258473398275E-17
4162.93384896929  2.500178051423780E-17
4160.16467050343  2.668579450994266E-17
4157.39657057909  2.112477671139564E-17
4154.6295511488  1.843310949145216E-17
4151.86361416742  2.292428166422515E-17
4149.09876159216  2.123423421313233E-17
4146.33499538256  1.844323583651103E-17
4143.57231750053  3.149001153117512E-17
4140.8107299103  2.399688014707775E-17
4138.05023457844  2.258408709370046E-17
4135.29083347388  1.686894404033889E-17
4132.53252856788  3.366603917267141E-17
4129.77532183406  2.976644175857798E-17
4127.01921524837  3.404576470467000E-17
4124.26421078909  3.905969020915814E-17
4121.51031043687  1.823301780999803E-17
4118.75751617469  3.093723650630798E-17
4116.00582998786  1.761805038359548E-17
4113.25525386407  3.016084147464326E-17
4110.50578979332  2.997807757266089E-17
4107.75743976795  1.819640348736399E-17
4105.01020578267  2.292380851691476E-17
4102.26408983452  2.091453883254794E-17
4099.51909392287  2.615855951366871E-17
4096.77522004946  3.669870498269498E-17
4094.03247021834  1.861914737429901E-17
4091.29084643594  2.503871578294952E-17
4088.550350711  2.086309647025327E-17
4085.81098505462  2.833255725394181E-17
4083.07275148025  3.562177207343259E-17
4080.33565200366  1.371941249901261E-17
4077.59968864298  2.690161585792509E-17
4074.86486341868  2.302217848972079E-17
4072.13117835358  2.625264965398539E-17
4069.39863547282  2.358744725055994E-17
4066.66723680391  3.191563896972550E-17
4063.93698437669  3.345970724067619E-17
4061.20788022334  4.131293019775259E-17
4058.47992637839  1.780205340213545E-17
4055.75312487871  3.983740542108049E-17
4053.02747776351  4.637843537651706E-17
4050.30298707435  3.480868330979502E-17
4047.57965485513  3.022632770937786E-17
4044.85748315209  2.080102980017096E-17
4042.13647401383  3.862763723160944E-17
4039.41662949126  3.920216379786428E-17
4036.69795163765  3.461402455060414E-17
4033.98044250863  2.347418637236673E-17
4031.26410416215  4.833931003196587E-17
4028.54893865851  1.715133192093591E-17
4025.83494806036  2.986766881321976E-17
4023.12213443268  2.803056684718849E-17
4020.4104998428  2.651812830850061E-17
4017.7000463604  3.176221350970916E-17
4014.99077605748  3.687034165107728E-17
4012.28269100842  2.517634374762732E-17
4009.57579328991  1.737397254588824E-17
4006.870084981  3.453908860455174E-17
4004.16556816307  2.934486750502910E-17
4001.46224491986  1.755983175772277E-17
3998.76011733744  3.145212335039774E-17
3996.05918750422  4.944389062602223E-17
3993.35945751098  1.404375167155587E-17
3990.66092945081  3.659967161103768E-17
3987.96360541915  2.846174632201034E-17
3985.26748751381  3.006342275954167E-17
3982.5725778349  3.230417893833146E-17
3979.8788784849  1.924919430326840E-17
3977.18639156865  3.959704989612973E-17
3974.49511919328  4.475183764149072E-17
3971.80506346832  2.459299447295899E-17
3969.1162265056  3.773997317266653E-17
3966.42861041932  2.102186220830424E-17
3963.74221732602  2.881707002593861E-17
3961.05704934456  2.684555451908993E-17
3958.37310859617  1.548422549695164E-17
3955.69039720441  1.420027409578561E-17
3953.00891729519  4.299740410587801E-17
3950.32867099675  2.670183023329761E-17
3947.64966043969  2.625972701130640E-17
3944.97188775694  4.029808215654597E-17
3942.29535508379  2.869515352981564E-17
3939.62006455784  3.705659625524461E-17
3936.94601831907  2.230825544663853E-17
3934.27321850979  2.931499966747104E-17
3931.60166727463  1.696603850064036E-17
3928.9313667606  2.260485594452044E-17
3926.26231911703  2.142203233632269E-17
3923.59452649561  2.418716312082823E-17
3920.92799105034  2.475053929242585E-17
3918.26271493761  3.316211412605921E-17
3915.59870031611  1.160955268907565E-17
3912.9359493469  8.545136378419847E-18
3910.27446419337  4.116499390828115E-17
3907.61424702127  1.834534893718273E-17
3904.95529999866  3.859666758947545E-17
3902.29762529598  9.372528749209687E-18
3899.64122508599  3.228240092716416E-17
3896.98610154379  2.625492274630869E-17
3894.33225684686  2.501594184632471E-17
3891.67969317497  2.583327239214346E-17
3889.02841271026  2.646498526286653E-17
3886.37841763723  2.499911699266538E-17
3883.72971014268  3.072151772872150E-17
3881.0822924158  3.395580715869363E-17
3878.4361666481  3.910391459342766E-17
3875.79133503341  5.072654004490409E-17
3873.14779976795  4.551743300307797E-17
3870.50556305025  3.213768402463679E-17
3867.8646270812  3.887265805521499E-17
3865.22499406402  1.650960023863360E-17
3862.58666620428  3.036968472697820E-17
3859.9496457099  2.652501872300318E-17
3857.31393479112  1.694555750867355E-17
3854.67953566054  2.901016706813299E-17
3852.04645053312  4.805298973473676E-17
3849.41468162613  3.588772718398064E-17
3846.78423115919  5.992361716874638E-17
3844.15510135428  1.152244395312891E-17
3841.52729443572  4.249172212764475E-17
3838.90081263015  2.790254327660305E-18
3836.27565816658  3.935316727304704E-17
3833.65183327636  3.264837209993722E-17
3831.02934019315  3.195046989095888E-17
3828.40818115301  1.635887138741419E-17
3825.78835839428  3.636683350349380E-17
3823.1698741577  2.505547777088230E-17
3820.55273068632  3.865764734423286E-17
3817.93693022553  1.781818838716391E-17
3815.32247502309  2.514814846926784E-17
3812.70936732908  2.114099937756903E-17
3810.09760939592  4.511689891558999E-17
3807.4872034784  4.131110047423761E-17
3804.87815183362  4.252557035831042E-17
3802.27045672106  4.380471253139507E-17
3799.66412040249  2.955411442150296E-17
3797.05914514208  5.053601718877599E-17
3794.45553320632  4.349904613399957E-17
3791.85328686402  1.738209876822596E-17
3789.25240838637  4.426222612819815E-17
3786.65290004689  2.882672818677079E-17
3784.05476412142  4.370520601242739E-17
3781.45800288819  3.677118254796687E-17
3778.86261862772  1.227889317868315E-17
3776.26861362292  3.980300132504319E-17
3773.67599015901  2.532043364725038E-17
3771.08475052357  5.378461353462284E-17
3768.49489700652  1.926272863245099E-17
3765.90643190012  3.015096493812937E-17
3763.31935749897  -3.642805810371252E-18
3760.73367610002  2.716331595140217E-17
3758.14939000256  1.571688989656688E-17
3755.56650150823  2.397684914136417E-17
3752.985012921  1.708032011970946E-17
3750.40492654719  1.971778053975111E-17
3747.82624469546  3.614665125932199E-17
3745.24896967682  4.097113255120077E-17
3742.67310380462  2.434777678036765E-17
3740.09864939455  3.434748048745995E-17
3737.52560876464  2.818398568975993E-17
3734.95398423528  -1.936432130092353E-17
3732.38377812917  -1.219104825199124E-17
3729.8149927714  4.222028777271915E-17
3727.24763048936  1.072815535045344E-17
3724.6816936128  9.369417722925877E-18
3722.11718447382  5.388639314591382E-17
3719.55410540685  -1.712008269175488E-17
3716.99245874867  1.582037349991971E-17
3714.4322468384  3.487750473675943E-17
3711.87347201752  2.961883965007401E-17
3709.31613662982  2.790003774652762E-17
3706.76024302146  2.787412383229756E-17
3704.20579354093  1.217449190115874E-16
3701.65279053907  3.713150904023987E-17
3699.10123636905  -5.581812291965992E-18
3696.55113338642  2.579950522517782E-17
3694.00248394902  2.227818743137222E-17
3691.45529041707  1.110833086870527E-17
3688.90955515312  -5.243407326696567E-18
3686.36528052207  4.450489362296099E-18
3683.82246889115  8.837951697818722E-18
3681.28112262996  -3.046281533778431E-17
3678.7412441104  3.138601507584249E-17
3676.20283570675  -3.160798403013743E-17
3673.66589979562  2.131975641666419E-17
3671.13043875596  1.941916668425825E-17
3668.59645496907  5.614289222612171E-17
3666.06395081859  1.445497624128048E-17
3663.53292869051  -2.475251459972862E-17
3661.00339097314  6.773823726099616E-17
3658.47534005716  4.555200584396023E-17
3655.94877833558  2.958718841111529E-17
3653.42370820376  2.956877206195740E-17
3650.90013205938  -2.245114758873461E-17
3648.3780523025  -1.574220038254008E-18
3645.85747133549  9.068796630958589E-17
3643.33839156309  -2.412804286808784E-17
3640.82081539237  -1.356326644196158E-17
3638.30474523273  2.253677236266243E-17
3635.79018349593  4.206219618686740E-18
3633.27713259607  6.356531621145805E-17
3630.76559494961  1.158458837818880E-17
3628.25557297531  1.441678862112136E-17
3625.74706909431  4.184224638044772E-17
3623.24008573008  8.082016482297129E-17
3620.73462530843  5.711504285846956E-18
3618.23069025753  -1.554799119601213E-17
3615.72828300786  4.038916466815541E-17
3613.22740599229  6.750040629127490E-17
3610.72806164598  9.441018642184591E-17
3608.23025240648  -1.088944150783087E-17
3605.73398071365  -7.816952741577165E-18
3603.23924900971  2.584391986098824E-17
3600.74605973922  -2.126076024101568E-17
3598.25441534908  -1.219022272573991E-17
3595.76431828854  1.697563710446843E-17
3593.27577100918  1.849612245615522E-17
3590.78877596493  2.302448466926860E-17
3588.30333561207  4.952357789751314E-17
3585.81945240921  -1.804210617898202E-17
3583.33712881732  -6.574443502690345E-18
3580.8563672997  4.488226417175564E-17
3578.37717032199  1.853160519571129E-17
3575.89954035218  1.578674033621331E-17
3573.42347986061  2.677912033537334E-17
3570.94899131994  5.537424291371295E-17
3568.47607720521  3.997848686481570E-18
3566.00473999376  9.787994439370985E-17
3563.53498216531  3.766336632177677E-17
3561.06680620189  -2.305862075878743E-17
3558.60021458791  -6.212369260501083E-17
3556.13520981009  9.214349316776891E-17
3553.67179435751  -1.388878765560019E-17
3551.20997072159  1.154469643509557E-16
3548.7497413961  1.081961968863364E-16
3546.29110887713  6.056016242860799E-17
3543.83407566313  6.009835080134209E-17
3541.37864425491  8.623019072686410E-17
3538.92481715559  1.211781050773641E-17
3536.47259687064  2.042752466637876E-17
3534.0219859079  -5.535752063044957E-17
3531.57298677752  6.400701742367155E-17
3529.12560199202  2.267177816479843E-17
3526.67983406623  -4.810224337713062E-17
3524.23568551736  -1.005841615979070E-17
3521.79315886493  1.216134303814160E-16
3519.35225663084  -6.386672097433766E-17
3516.91298133929  1.101214564533311E-16
3514.47533551686  2.035619754390280E-16
3512.03932169245  1.368271049523363E-17
3509.60494239732  1.256103125073518E-17
3507.17220016506  8.507581716865450E-17
3504.7410975316  7.630236901500266E-17
3502.31163703522  -4.750488662596933E-17
3499.88382121655  -9.164669510931444E-17
3497.45765261856  7.782213802827899E-17
3495.03313378655  4.430804531668869E-17
3492.61026726818  1.051149491045763E-16
3490.18905561344  1.191724898769435E-17
3487.76950137467  6.648060509256035E-17
3485.35160710655  -2.527294851700616E-17
3482.9353753661  4.120893374241997E-17
3480.5208087127  -1.362811028823247E-16
3478.10790970805  7.817239276941355E-17
3475.69668091621  -1.478966675200924E-17
3473.28712490357  -5.683049107339010E-17
3470.87924423887  1.650775099365617E-16
3468.4730414932  7.540460177205804E-18
3466.06851923998  1.108263036707324E-17
3463.66568005498  -1.305483574255280E-16
3461.26452651631  -9.554376796817837E-17
3458.86506120443  9.543002070778497E-17
3456.46728670213  -4.678846549743715E-17
3454.07120559456  -3.715714833050657E-17
3451.6768204692  1.318173848340824E-17
3449.28413391587  1.890808619447521E-16
3446.89314852675  8.241202097227040E-18
3444.50386689634  -1.530708179092321E-16
3442.11629162151  -1.441875995795720E-16
3439.73042530146  -2.363262950997881E-16
3437.34627053772  7.545579267144651E-17
3434.96382993418  -1.747078775001491E-16
3432.58310609707  1.445096309182062E-16
3430.20410163496  -2.453250143127401E-16
3427.82681915876  -6.395402492490898E-17
3425.45126128174  1.522806155787826E-16
3423.07743061948  6.009203114146219E-17
3420.70532978995  -4.707702182929811E-16
3418.33496141341  3.606112740142890E-17
3415.96632811251  -2.681982382536554E-18
3413.59943251221  -6.865616951291362E-17
3411.23427723982  -2.786184383979585E-16
3408.87086492502  -4.225663739755718E-17
3406.50919819979  1.381726598024416E-16
3404.14927969849  -7.512568143258885E-17
3401.7911120578  -1.720083702623599E-16
3399.43469791675  1.170642281799500E-16
3397.08003991672  -1.487610613340429E-16
3394.72714070142  1.236718263223624E-16
3392.37600291691  -5.754999923996832E-17
3390.02662921159  6.131414768991259E-19
3387.67902223622  -9.947859335019924E-17
3385.33318464387  1.818270703078133E-16
3382.98911908999  -1.380905108414477E-16
3380.64682823234  -1.732377988806301E-16
3378.30631473105  2.356629706947757E-18
3375.96758124857  8.213340338090537E-17
3373.63063044971  2.559506191195717E-16
3371.29546500162  -2.374172205962924E-16
3368.96208757379  -4.263097235893989E-16
3366.63050083804  7.903066213810879E-17
3364.30070746856  2.154713678652643E-17
3361.97271014187  2.485249724385689E-16
3359.64651153682  -2.540889465806252E-16
3357.32211433463  -2.111746972873659E-16
3354.99952121883  -9.933984538297202E-17
3352.67873487533  4.237144146390117E-16
3350.35975799236  2.297717423956975E-16
3348.04259326049  -1.292576909721493E-16
3345.72724337264  -2.578897951731920E-16
3343.41371102408  -6.209587948409435E-16
3341.10199891242  4.904826337392792E-17
3338.7921097376  -4.510342447428373E-16
3336.48404620192  5.544274802681112E-16
3334.17781101001  2.653673490919938E-16
3331.87340686885  9.064440366980640E-17
3329.57083648777  -6.417776470745925E-16
3327.27010257842  3.852882355912283E-16
3324.97120785482  -5.584743919318555E-16
3322.67415503331  1.043893462712448E-16
3320.3789468326  -6.172616019052968E-16
3318.08558597371  2.606444290357243E-17
3315.79407518002  -6.874344699370529E-16
3313.50441717727  -2.186283357602975E-16
3311.21661469352  1.361766663669062E-16
3308.93067045917  -2.236024308639299E-16
3306.64658720698  7.783311107541289E-16
3304.36436767203  3.215685410076882E-16
3302.08401459178  -2.988716843810784E-16
3299.805530706  -1.077522523603016E-16
3297.52891875682  2.451565341655753E-16
3295.2541814887  6.049267375504653E-16
3292.98132164845  3.998722106490364E-16
3290.71034198523  3.111379655369620E-16
3288.44124525054  6.143060921940898E-16
3286.1740341982  1.521658426144296E-16
3283.90871158441  8.232395800076902E-16
3281.64528016769  6.309668067501083E-16
3279.38374270891  -2.231827260385655E-16
3277.12410197128  -1.352268909701279E-16
3274.86636072036  -8.382992434747203E-17
3272.61052172404  7.259210530218873E-16
3270.35658775256  -1.240470486831062E-17
3268.10456157851  8.208541234699852E-16
3265.85444597681  2.402928074549701E-15
3263.60624372473  -2.274124856458423E-15
3261.35995760189  1.448237451457616E-15
3259.11559039025  4.751196795375726E-16
3256.87314487409  3.341191552420974E-15
3254.63262384007  -1.695887280042993E-16
3252.39403007717  -1.209430593902014E-15
3250.15736637671  -3.841608665021683E-15
3247.92263553236  -1.729177210117304E-15
3245.68984034015  3.691886274232066E-15
3243.45898359843  -5.432699387704040E-16
3241.23006810789  -2.810137893392785E-15
3239.00309667159  2.533618693805698E-15
3236.7780720949  -5.902070519326393E-16
3234.55499718556  4.841517083211755E-15
3232.33387475364  -3.324442852317559E-16
3230.11470761155  2.050557180415110E-16
3227.89749857406  -4.543393673030237E-15
3225.68225045826  1.784518001847046E-15
3223.4689660836  -4.728897700127191E-15
3221.25764827186  -5.282634901482849E-15
3219.04829984718  -4.431722172753210E-16
3216.84092363603  2.885046522632640E-15
3214.63552246722  -8.235708122417140E-15
3212.43209917193  -4.539584142349961E-15
3210.23065658364  7.474424555578130E-15
3208.0311975382  1.370911813702771E-15
3205.83372487381  1.678537578299766E-14
3203.63824143099  -2.046789683744842E-15
3201.44475005262  8.750162900294458E-15
3199.25325358392  1.156214203155634E-14
3197.06375487244  8.963953142678718E-17
3194.8762567681  1.307472349381918E-14
3192.69076212313  -9.938645204740570E-16
3190.50727379214  8.623910945440311E-15
3188.32579463205  -1.297388591551445E-14
3186.14632750213  6.353396355161322E-15
3183.96887526401  -3.302581673102753E-15
3181.79344078165  3.362423661441676E-14
3179.62002692135  -1.612513392940367E-14
3177.44863655177  -1.355100503786259E-14
3175.27927254389  -1.052114340982025E-15
3173.11193777104  -1.400575161625501E-14
3170.94663510891  -1.571968466854146E-14
3168.78336743552  1.640400533948529E-15
3166.62213763122  -1.985006465297402E-14
3164.46294857873  -4.230735770396899E-14
3162.3058031631  -2.828300270309343E-14
3160.15070427171  7.127243538190484E-15
3157.9976547943  -2.051785018199626E-14
3155.84665762295  -1.347489573942000E-14
3153.69771565208  -4.435306085620073E-14
