3614.82745753195  -1.463190801701854E-14
3617.76978177436  -8.247595315036271E-13
3620.71358945766  1.240155981380164E-12
3623.65887800248  6.627669333486574E-13
3626.60564483292  -5.722146660582655E-14
3629.55388737656  -2.715706620085717E-13
3632.50360306447  1.708486799842195E-14
3635.45478933119  1.948558298763871E-14
3638.40744361472  1.756412262811022E-13
3641.36156335656  2.082521302756643E-13
3644.31714600164  3.043980811769792E-13
3647.2741889984  -9.947520373610254E-14
3650.23268979869  -1.266723034245524E-14
3653.19264585787  2.477987433302520E-14
3656.15405463472  5.032479221214226E-14
3659.11691359149  6.706723528317539E-14
3662.08122019388  7.944206138190899E-14
3665.04697191105  6.594756699415540E-15
3668.01416621558  4.069404793065161E-14
3670.98280058351  -3.444414375505171E-15
3673.95287249432  3.341693419442221E-15
3676.92437943093  -1.853350101426593E-14
3679.89731887969  -1.073571739590874E-14
3682.87168833039  2.469249780231824E-14
3685.84748527625  2.652303256309076E-15
3688.8247072139  4.944547629816927E-15
3691.80335164341  2.244416234624662E-15
3694.78341606827  7.320530527523283E-15
3697.7648979954  -4.242119300284933E-15
3700.74779493512  -7.624547487072680E-16
3703.73210440117  -2.942702361286346E-15
3706.71782391069  1.957947786039127E-15
3709.70495098426  -1.536333642532392E-15
3712.69348314584  1.801851260563184E-15
3715.68341792279  2.800416708015384E-15
3718.67475284589  1.855156526241555E-15
3721.6674854493  -5.252164373513034E-16
3724.6616132706  5.323757252576193E-17
3727.65713385073  -9.511242967467893E-16
3730.65404473404  -1.539975354809993E-15
3733.65234346827  -8.587108846189771E-17
3736.65202760453  1.801160769892494E-16
3739.65309469732  -4.461791048287349E-16
3742.65554230452  3.689822160818726E-16
3745.6593679874  4.618914601211839E-16
3748.66456931057  -3.594500514006075E-16
3751.67114384204  3.160705824959586E-16
3754.67908915318  1.928000016364110E-17
3757.68840281873  4.848642575826964E-17
3760.69908241678  -2.099991214356953E-16
3763.71112552879  7.980470466811140E-17
3766.72452973958  -1.290218981754574E-16
3769.73929263732  -3.430911585064974E-17
3772.75541181353  -1.932764675954088E-16
3775.7728848631  -2.140369671999259E-16
3778.79170938423  -1.297617086629901E-17
3781.81188297851  1.128940335177109E-16
3784.83340325083  -4.263112191319463E-17
3787.85626780944  3.310788747382268E-17
3790.88047426593  -6.181816517395823E-17
3793.90602023521  1.483939651956368E-16
3796.93290333552  -4.919333430975746E-17
3799.96112118846  3.382132413470477E-17
3802.99067141891  -2.069410843419235E-17
3806.02155165511  -1.962310806428319E-17
3809.05375952859  -9.409264667393781E-18
3812.08729267423  5.885057862580790E-17
3815.12214873019  2.660490617220232E-17
3818.15832533798  4.195134157707610E-17
3821.19582014238  7.575301024606538E-18
3824.23463079152  3.461582583978555E-19
3827.27475493679  6.361472205508461E-17
3830.31619023291  3.847527635304146E-18
3833.35893433789  1.577408281848002E-17
3836.40298491304  -4.366217276823992E-17
3839.44833962297  -1.194921869118891E-17
3842.49499613556  6.063721595702853E-17
3845.54295212199  -1.099573338936332E-17
3848.59220525673  -2.096092877566114E-17
3851.64275321754  3.811329963544642E-17
3854.69459368543  -4.205062972036207E-17
3857.74772434472  -4.292140605991909E-17
3860.80214288299  -2.248887695083439E-17
3863.85784699108  -4.025754865216965E-18
3866.91483436313  4.053542343534458E-17
3869.97310269653  2.156299053014663E-17
3873.03264969192  -9.558354046639115E-18
3876.09347305322  1.809559333175092E-17
3879.1555704876  -3.516614444842613E-18
3882.21893970551  1.396025771488599E-17
3885.28357842061  -2.644380282174027E-17
3888.34948434985  2.437202971592771E-17
3891.41665521341  2.287265856296663E-18
3894.48508873471  -7.998245089249801E-18
3897.55478264043  7.438793889658750E-18
3900.62573466046  1.288228338523240E-17
3903.69794252798  1.570027473319284E-18
3906.77140397934  1.203005905245372E-17
3909.84611675418  2.289683415713942E-17
3912.92207859533  4.312233153943067E-18
3915.99928724886  -6.107758540845584E-18
3919.07774046407  1.143965392716032E-17
3922.15743599347  -2.850683180129754E-18
3925.23837159279  1.387894089758836E-17
3928.320545021  1.940888482924421E-17
3931.40395404024  1.000296114434453E-17
3934.48859641589  1.267788953741239E-17
3937.57446991654  2.262197527447784E-17
3940.66157231397  2.582214184982094E-17
3943.74990138317  1.453242350767260E-17
3946.83945490233  1.821755780434942E-17
3949.93023065283  2.570896989354359E-19
3953.02222641926  1.777178024607724E-17
3956.11543998938  3.420662320967075E-18
3959.20986915417  1.299793067949283E-17
3962.30551170776  1.316184727121817E-17
3965.4023654475  2.444046981262974E-18
3968.50042817388  1.819967085078357E-17
3971.59969769061  1.423874792043667E-17
3974.70017180455  1.515416223456950E-17
3977.80184832574  9.775349163910762E-18
3980.90472506739  1.940205562610698E-17
3984.00879984588  1.660213527939868E-17
3987.11407048075  3.057124548120022E-17
3990.22053479471  1.654456020004254E-17
3993.32819061363  1.492589512709060E-17
3996.43703576651  1.543151920268098E-17
3999.54706808555  6.665538422008974E-18
4002.65828540607  1.569034236198760E-17
4005.77068556655  1.426942970371749E-17
4008.8842664086  1.173450576522730E-17
4011.99902577701  2.073684223899807E-17
4015.11496151966  1.467780380905124E-17
4018.23207148762  1.422076666828099E-17
4021.35035353506  8.553651375645470E-18
4024.4698055193  1.805347991240462E-17
4027.59042530077  1.406136730988080E-17
4030.71221074307  1.100559090072312E-17
4033.83515971287  9.561596594640320E-18
4036.95927008001  2.402460062376563E-17
4040.08453971741  1.290501265410413E-17
4043.21096650114  1.863928756785345E-17
4046.33854831036  1.601189724458902E-17
4049.46728302736  1.418113479077235E-17
4052.59716853752  1.650362303152729E-17
4055.72820272934  1.318063916037416E-17
4058.86038349443  2.352502654717545E-17
4061.99370872748  1.939730430066847E-17
4065.12817632629  1.858153216312377E-17
4068.26378419175  1.791401891548941E-17
4071.40053022785  1.336976738998950E-17
4074.53841234166  1.719893285646589E-17
4077.67742844336  9.452479064135390E-18
4080.81757644619  1.811843013410229E-17
4083.95885426648  2.250276200459669E-17
4087.10125982364  1.951756147248265E-17
4090.24479104015  1.627546842061169E-17
4093.38944584158  1.381561443143313E-17
4096.53522215655  2.104992844648816E-17
4099.68211791678  1.957913679728110E-17
4102.83013105702  2.199970715198890E-17
4105.97925951511  1.833940150857848E-17
4109.12950123193  1.270580357436360E-17
4112.28085415143  2.265532554241476E-17
4115.43331622062  1.626657292030430E-17
4118.58688538955  6.059491311332196E-18
4121.74155961133  1.519191310336520E-17
4124.89733684212  1.206989937947672E-17
4128.0542150411  1.803792726252740E-17
4131.21219217051  1.205240368234061E-17
4134.37126619565  1.965161932563667E-17
4137.53143508481  1.616439626231929E-17
4140.69269680936  1.777191755805892E-17
4143.85504934366  1.506559600638345E-17
4147.01849066513  1.471889317879920E-17
4150.18301875421  1.590486999949201E-17
4153.34863159435  1.631040852968593E-17
4156.51532717202  1.447566568276166E-17
4159.68310347672  1.762660839421296E-17
4162.85195850097  1.350037755435040E-17
4166.02189024028  1.216411938714958E-17
4169.19289669319  1.317544363894671E-17
4172.36497586124  1.519818809549203E-17
4175.53812574897  1.402705916679455E-17
4178.71234436392  1.664443233284097E-17
4181.88762971665  1.577848672806126E-17
4185.06397982069  1.810015275128731E-17
4188.24139269257  9.372522131764791E-18
4191.41986635183  1.914269479940220E-17
4194.59939882098  1.303513064600056E-17
4197.77998812551  1.770922388507230E-17
4200.9616322939  1.332432622303890E-17
4204.14432935763  1.278617823294354E-17
4207.32807735113  2.139905822198965E-17
4210.51287431181  1.468568022284397E-17
4213.69871828006  1.641226258723204E-17
4216.88560729924  1.832030190823463E-17
4220.07353941568  1.399993756887016E-17
4223.26251267865  1.541017132543221E-17
4226.45252514041  1.748932949975366E-17
4229.64357485617  2.036705941796236E-17
4232.83565988409  1.287393051540684E-17
4236.02877828529  1.381433312866429E-17
4239.22292812384  1.413686243002729E-17
4242.41810746675  1.789871772851840E-17
4245.61431438399  1.703595180601334E-17
4248.81154694846  1.620493638414052E-17
4252.009803236  1.664039072836803E-17
4255.20908132541  2.426347384105870E-17
4258.40937929838  1.487329305757713E-17
4261.61069523958  1.824100010290917E-17
4264.81302723658  1.677386790073204E-17
4268.01637337989  1.969097988790440E-17
4271.22073176294  1.841267978468332E-17
4274.42610048207  1.398446101960930E-17
4277.63247763656  1.441547009522495E-17
4280.83986132858  2.042917406452019E-17
4284.04824966325  1.948556778075033E-17
4287.25764074857  1.247749676221529E-17
4290.46803269544  1.602433804100181E-17
4293.67942361771  1.747035563086291E-17
4296.89181163209  1.599583505145446E-17
4300.1051948582  1.990627018593358E-17
4303.31957141857  2.185340702576910E-17
4306.53493943862  1.796233618942985E-17
4309.75129704665  1.681752649346259E-17
4312.96864237385  1.745804222026445E-17
4316.18697355433  1.709338461030412E-17
4319.40628872503  1.838332314474381E-17
4322.62658602582  1.346208570943410E-17
4325.84786359941  1.545639914114536E-17
4329.07011959142  1.628432752497213E-17
4332.29335215032  1.852173858536476E-17
4335.51755942745  1.782415070501920E-17
4338.74273957703  1.742393094616399E-17
4341.96889075614  1.606151650081363E-17
4345.19601112472  1.877804049816432E-17
4348.42409884558  1.478517516128308E-17
4351.65315208437  1.532232309001786E-17
4354.8831690096  1.653142788063765E-17
4358.11414779265  1.378466877753691E-17
4361.34608660772  1.656079940982818E-17
4364.57898363188  1.547063988257107E-17
4367.81283704503  1.859649916912731E-17
4371.04764502991  2.166076493291162E-17
4374.28340577211  1.701525574708727E-17
4377.52011746005  1.963093650160039E-17
4380.75777828498  1.752289648901106E-17
4383.99638644099  1.873101031725701E-17
4387.23594012497  1.583582192503975E-17
4390.47643753667  2.014475297397751E-17
4393.71787687865  1.688413769383026E-17
4396.96025635627  2.222483428186255E-17
4400.20357417774  1.653125913579269E-17
4403.44782855406  1.870179098929918E-17
4406.69301769906  2.208330864213841E-17
4409.93913982935  2.041451311534330E-17
4413.18619316438  2.013030212867621E-17
4416.43417592638  2.247399266289210E-17
4419.68308634039  1.934755600426830E-17
4422.93292263425  2.381182495479862E-17
4426.18368303858  2.071902973168735E-17
4429.43536578683  2.171467891087660E-17
4432.68796911519  2.171020882684636E-17
4435.94149126268  2.072995513321795E-17
4439.19593047107  1.962216176966243E-17
4442.45128498495  1.973503552732897E-17
4445.70755305165  1.930785960667189E-17
4448.96473292131  1.465792996765405E-17
4452.22282284683  2.133640259931120E-17
4455.48182108387  2.122306065741796E-17
4458.74172589087  1.846740770837106E-17
4462.00253552905  1.849058200041234E-17
4465.26424826237  1.925642717054456E-17
4468.52686235755  1.670934284986922E-17
4471.79037608409  2.336680013088387E-17
4475.05478771424  2.001092342267256E-17
4478.32009552298  2.183080514271170E-17
4481.58629778806  2.486976910591924E-17
4484.85339278998  1.745316020028917E-17
4488.12137881197  2.352820788381134E-17
4491.39025414001  1.849333651185214E-17
4494.66001706282  1.720753884355889E-17
4497.93066587186  1.910551137650671E-17
4501.20219886131  2.164171165468208E-17
4504.4746143281  1.793238894253299E-17
4507.74791057187  1.973047445343135E-17
4511.022085895  2.537582000670571E-17
4514.29713860259  2.626941825936306E-17
4517.57306700245  2.134890626145056E-17
4520.84986940512  1.800480364207832E-17
4524.12754412385  2.218829109676119E-17
4527.40608947461  1.780373092441771E-17
4530.68550377607  2.154768107136950E-17
4533.96578534961  2.328228377897687E-17
4537.24693251931  2.268579722181998E-17
4540.52894361197  2.538565187546651E-17
4543.81181695706  2.210743915496781E-17
4547.09555088677  2.551749950202379E-17
4550.38014373598  2.746083958284770E-17
4553.66559384225  2.537692677436531E-17
4556.95189954584  2.744441508460484E-17
4560.23905918968  2.494339976096504E-17
4563.52707111941  2.409839671493394E-17
4566.81593368333  2.769808821741770E-17
4570.10564523242  2.573538880153761E-17
4573.39620412033  2.820929741650405E-17
4576.6876087034  3.072386030421625E-17
4579.97985734062  2.475127217444856E-17
4583.27294839366  2.589318839263312E-17
4586.56688022685  2.507673631262490E-17
4589.86165120719  2.224479084132101E-17
4593.15725970431  2.409692929652727E-17
4596.45370409054  2.082414122648569E-17
4599.75098274082  2.337279884468610E-17
4603.04909403278  1.967990890258599E-17
4606.34803634666  2.231477693858790E-17
4609.64780806538  2.167111957981957E-17
4612.94840757448  2.238179842053940E-17
4616.24983326214  2.232840887508277E-17
4619.55208351921  2.514598952786907E-17
4622.85515673913  2.520893962684558E-17
4626.15905131799  2.122967975667961E-17
4629.46376565453  2.474156769150210E-17
4632.76929815008  2.396677408150328E-17
4636.07564720862  2.784091087634234E-17
4639.38281123675  2.751419273235736E-17
4642.69078864367  2.838363731112818E-17
4645.99957784122  2.584815171700206E-17
4649.30917724383  2.050702003196756E-17
4652.61958526857  2.064863831592032E-17
4655.93080033508  2.167916970154093E-17
4659.24282086565  2.228277662941067E-17
4662.55564528512  2.287730442287703E-17
4665.86927202099  1.878572004297127E-17
4669.1836995033  2.293147648119314E-17
4672.49892616472  2.204099504508387E-17
4675.81495044051  2.747005602923276E-17
4679.1317707685  2.009771452126407E-17
4682.44938558912  2.364867515950112E-17
4685.7677933454  2.168968482148770E-17
4689.08699248291  2.300779381886850E-17
4692.40698144983  2.484461619785272E-17
4695.72775869692  2.261590046005925E-17
4699.04932267749  2.140033538885543E-17
4702.37167184743  2.445503398167495E-17
4705.6948046652  2.946211870249727E-17
4709.01871959183  2.694419580713687E-17
4712.34341509091  2.821589500906978E-17
4715.66888962858  2.340475614047147E-17
4718.99514167355  2.455654393208623E-17
4722.32216969708  2.161585068001122E-17
4725.64997217297  2.231033663305971E-17
4728.97854757758  2.067457373684630E-17
4732.30789438983  2.042731952558685E-17
4735.63801109116  2.359665707950010E-17
4738.96889616557  2.385921744081423E-17
4742.30054809957  2.602891053317960E-17
4745.63296538225  2.554962223393167E-17
4748.96614650519  2.028004167188301E-17
4752.30008996252  2.499670824272163E-17
4755.6347942509  2.120961400938030E-17
4758.97025786952  2.310071432579903E-17
4762.30647932007  2.229196991473858E-17
4765.64345710677  1.873735644691651E-17
4768.98118973638  1.860932874042801E-17
4772.31967571813  1.787643679153867E-17
4775.65891356381  1.716178748387858E-17
4778.99890178767  2.293763070495053E-17
4782.33963890652  2.344927830976152E-17
4785.68112343961  2.381624706235333E-17
4789.02335390876  2.475832140762875E-17
4792.36632883823  2.589173090039381E-17
4795.71004675481  2.710168106959962E-17
4799.05450618777  2.835680026333450E-17
4802.39970566887  2.722708992226879E-17
4805.74564373237  2.575595085720445E-17
4809.09231891499  2.910264916933887E-17
4812.43972975596  3.074951282937274E-17
4815.78787479696  2.814712652166457E-17
4819.13675258219  3.367363930813955E-17
4822.48636165827  3.013844804110022E-17
4825.83670057433  3.119120742414136E-17
4829.18776788196  2.970515760135514E-17
4832.53956213521  2.930600986857381E-17
4835.8920818906  2.907649040964749E-17
4839.24532570711  2.873128477897196E-17
4842.59929214617  2.697618619014675E-17
4845.95397977167  2.985840108163672E-17
4849.30938714996  3.118704505129899E-17
4852.66551284983  3.293435159875396E-17
4856.02235544253  3.331675388721477E-17
4859.37991350173  3.385813698068583E-17
4862.73818560357  3.544374626199893E-17
4866.09717032662  3.112245548034840E-17
4869.45686625187  3.326128315533697E-17
4872.81727196277  3.592517199594968E-17
4876.17838604518  3.662869903309339E-17
4879.54020708741  3.149286034120474E-17
4882.90273368018  3.408159155136090E-17
4886.26596441662  2.920826689867209E-17
4889.62989789232  2.728905898503881E-17
4892.99453270526  2.647970907776997E-17
4896.35986745583  2.138872177305518E-17
4899.72590074685  2.925717312520868E-17
4903.09263118355  3.035969569390100E-17
4906.46005737355  3.501635196566013E-17
4909.82817792689  3.268733230678847E-17
4913.196991456  3.113142542691093E-17
4916.56649657572  3.797252673007969E-17
4919.93669190329  3.991698019600809E-17
4923.30757605832  3.876864505627013E-17
4926.67914766284  3.313408593818346E-17
4930.05140534125  3.222326743953397E-17
4933.42434772034  2.582882546917038E-17
4936.79797342929  2.644229569866420E-17
4940.17228109964  2.313250287673945E-17
4943.54726936534  2.402788453079747E-17
4946.9229368627  2.962215498996912E-17
4950.29928223037  2.806856421580673E-17
4953.67630410944  3.270425973084376E-17
4957.05400114329  3.655570861584171E-17
4960.43237197773  3.727399255511335E-17
4963.81141526088  3.859261109575149E-17
4967.19112964326  3.807249977891285E-17
4970.57151377771  3.582226080158074E-17
4973.95256631945  3.788899472310163E-17
4977.33428592605  3.425232162979185E-17
4980.71667125741  4.045287081021179E-17
4984.09972097578  4.293138847555138E-17
4987.48343374578  4.076520759206692E-17
4990.86780823433  3.572016024421210E-17
4994.25284311072  3.996443720211149E-17
4997.63853704655  3.751294187302278E-17
5001.02488871577  4.176165582772790E-17
5004.41189679466  4.012924466735655E-17
5007.7995599618  3.845917693677933E-17
5011.18787689814  4.119346877368768E-17
5014.57684628691  3.735837159503867E-17
5017.96646681367  3.639627782457824E-17
5021.35673716632  3.670393938161121E-17
5024.74765603504  3.782545401716776E-17
5028.13922211234  4.277190143600625E-17
5031.53143409302  3.792882512395729E-17
5034.92429067422  3.732268702341313E-17
5038.31779055535  3.688482723796431E-17
5041.71193243814  4.232813888970627E-17
5045.10671502659  4.005625094138242E-17
5048.50213702703  3.943544858293892E-17
5051.89819714806  3.912375700196159E-17
5055.29489410058  3.722395474549880E-17
5058.69222659776  3.454411786267606E-17
5062.09019335507  3.919405411913880E-17
5065.48879309027  3.718519967943946E-17
5068.88802452337  3.620689978641790E-17
5072.28788637667  3.876009200873633E-17
5075.68837737475  4.085810328357907E-17
5079.08949624446  4.060575033102385E-17
5082.49124171491  3.785897468431085E-17
5085.89361251747  3.970727667583609E-17
5089.2966073858  4.102508788819638E-17
5092.70022505578  3.911605098737504E-17
5096.10446426559  3.665847753514529E-17
5099.50932375561  3.493426256167037E-17
5102.91480226854  3.318661521580303E-17
5106.32089854928  3.354854643846438E-17
5109.72761134498  3.500533722862337E-17
5113.13493940506  3.697501308578974E-17
5116.54288148115  3.615426132095747E-17
5119.95143632714  3.736900913771610E-17
5123.36060269916  3.874849493654833E-17
5126.77037935555  3.599533014678399E-17
5130.18076505689  3.679701043541323E-17
5133.59175856601  3.637752398573044E-17
5137.00335864793  3.464483868278296E-17
5140.4155640699  3.678405347829820E-17
5143.82837360142  3.623318758628483E-17
5147.24178601417  3.646067548962672E-17
5150.65580008206  3.556530872481972E-17
5154.07041458122  3.724727131260544E-17
5157.48562828998  3.743052821423289E-17
5160.90143998886  3.587982926349198E-17
5164.31784846062  3.644820491471187E-17
5167.73485249019  3.650099889012745E-17
5171.15245086471  3.599735177620106E-17
5174.57064237352  3.527337683431505E-17
5177.98942580814  3.608756078508365E-17
5181.40879996229  3.778064729774698E-17
5184.82876363188  3.676135564228975E-17
5188.24931561501  3.816986555445524E-17
5191.67045471193  3.463637497075531E-17
5195.09217972511  3.249436761349211E-17
5198.51448945917  4.035324848595836E-17
5201.93738272092  3.527444555166647E-17
5205.36085831933  3.717902229462492E-17
5208.78491506555  3.760555963184912E-17
5212.20955177288  3.850973421581858E-17
5215.63476725681  3.797885300740449E-17
5219.06056033495  3.890307844942224E-17
5222.48692982712  3.718168912491979E-17
5225.91387455525  3.657391320676278E-17
5229.34139334345  3.684204214796062E-17
5232.76948501796  3.873190169346052E-17
5236.19814840719  3.947194379156477E-17
5239.62738234167  3.685946588038344E-17
5243.0571856541  3.773201238645132E-17
5246.48755717929  3.964710755807899E-17
5249.91849575422  3.833016653972311E-17
5253.35000021796  3.584866771545589E-17
5256.78206941176  3.576898375268742E-17
5260.21470217896  3.441450527813390E-17
5263.64789736505  3.696279397378110E-17
5267.08165381763  3.834159817578859E-17
5270.51597038643  3.564532025111075E-17
5273.95084592328  3.756273483717602E-17
5277.38627928215  3.759837639540970E-17
5280.82226931911  3.908876064460569E-17
5284.25881489234  3.868079185777209E-17
5287.69591486213  3.615770239230569E-17
5291.13356809087  3.641491254941783E-17
5294.57177344306  3.582290269373608E-17
5298.01052978528  3.665156230522436E-17
5301.44983598624  3.704251102377407E-17
5304.8896909167  3.943015793574104E-17
5308.33009344956  3.792702187022192E-17
5311.77104245977  3.448585126032782E-17
5315.21253682439  3.512150647385032E-17
5318.65457542254  3.492765173421485E-17
5322.09715713544  3.651711567718243E-17
5325.54028084638  3.828590906822908E-17
5328.98394544074  3.759766502008290E-17
5332.42814980593  3.403252650614670E-17
5335.87289283148  3.253149809682838E-17
5339.31817340897  3.342024741673495E-17
5342.76399043202  3.142253344552549E-17
5346.21034279635  3.324060364002314E-17
5349.6572293997  3.130094782164755E-17
5353.10464914191  3.039481116526511E-17
5356.55260092484  2.784778971031633E-17
5360.00108365241  2.865033688422752E-17
5363.4500962306  3.178541758025250E-17
5366.89963756742  3.364888675548951E-17
5370.34970657292  3.663856233471747E-17
5373.80030215922  3.779057346509762E-17
5377.25142324043  3.492757563359849E-17
5380.70306873274  3.728816712209007E-17
5384.15523755436  3.570871206453436E-17
5387.6079286255  3.877478273641527E-17
5391.06114086845  3.536600121058630E-17
5394.51487320747  3.891985036352237E-17
5397.96912456887  3.631706370039772E-17
5401.42389388099  3.398699517650934E-17
5404.87918007416  3.210684011395590E-17
5408.33498208074  3.483959339492490E-17
5411.79129883509  3.501063449326617E-17
5415.24812927358  3.404685658307858E-17
5418.70547233461  3.668848103032382E-17
5422.16332695854  3.850016539049256E-17
5425.62169208776  3.971967445885704E-17
5429.08056666666  3.975838651152452E-17
5432.5399496416  4.101576721705414E-17
5435.99983996095  3.940292053253088E-17
5439.46023657507  3.861724453439332E-17
5442.92113843631  3.733434034388278E-17
5446.38254449898  3.729234934726713E-17
5449.8444537194  3.634914176455252E-17
5453.30686505585  3.729215082392012E-17
5456.76977746861  3.627512564334128E-17
5460.23318991989  3.406428031550139E-17
5463.69710137392  3.692577929573059E-17
5467.16151079686  3.746702342285872E-17
5470.62641715686  3.929712082346290E-17
5474.09181942402  3.750810782952301E-17
5477.55771657041  3.906389890411480E-17
5481.02410757003  3.624127410395315E-17
5484.49099139888  3.818900320510726E-17
5487.95836703487  3.722106292207732E-17
5491.42623345788  4.108023767399652E-17
5494.89458964974  4.070802294195990E-17
5498.36343459421  4.232138247846292E-17
5501.832767277  3.987184922178721E-17
5505.30258668575  4.113222101241181E-17
5508.77289181005  3.802929448115797E-17
5512.24368164142  4.229686815382931E-17
5515.7149551733  4.080749637370307E-17
5519.18671140105  4.109955068693841E-17
5522.658949322  4.130827151654268E-17
5526.13166793534  4.123895708993319E-17
5529.60486624223  4.242007174298540E-17
5533.07854324573  4.458804595403788E-17
5536.5526979508  4.335280721914510E-17
5540.02732936433  4.452024030486569E-17
5543.50243649512  4.341162968686496E-17
5546.97801835386  4.035567377951437E-17
5550.45407395317  4.046157275025586E-17
5553.93060230753  4.181739125740172E-17
5557.40760243336  4.448217345307599E-17
5560.88507334896  4.418491451942649E-17
5564.36301407452  4.678399872212936E-17
5567.84142363212  4.490745016704666E-17
5571.32030104573  4.713627178395855E-17
5574.7996453412  4.141591087529298E-17
5578.27945554628  5.338894988658157E-17
5581.75973069058  5.231290040621340E-17
5585.24046980559  4.445093911314598E-17
5588.72167192468  4.796173186083747E-17
5592.2033360831  4.404759922902024E-17
5595.68546131794  4.580049420869362E-17
5599.16804666819  4.568067544260408E-17
5602.65109117469  4.993323413279633E-17
5606.13459388013  4.876102656058010E-17
5609.61855382906  4.963728876195958E-17
5613.10297006792  5.075943536350411E-17
5616.58784164495  5.095966270257869E-17
5620.07316761028  4.635913890718741E-17
5623.55894701587  4.691253597187520E-17
5627.04517891553  4.784837172097074E-17
5630.5318623649  4.879146018967716E-17
5634.01899642149  4.613433437775267E-17
5637.50658014461  4.489296458015963E-17
5640.99461259543  4.554508399659438E-17
5644.48309283693  4.974443181234234E-17
5647.97201993395  4.979014843043693E-17
5651.46139295312  4.922381095224637E-17
5654.95121096293  4.972371920980401E-17
5658.44147303365  4.815358813211301E-17
5661.9321782374  4.775364299722117E-17
5665.4233256481  4.789028661697003E-17
5668.9149143415  4.564331665741873E-17
5672.40694339513  4.877949915801963E-17
5675.89941188836  4.777510006231080E-17
5679.39231890234  4.910774096869293E-17
5682.88566352003  4.892394143658364E-17
5686.3794448262  4.943873563644480E-17
5689.8736619074  4.815214883784716E-17
5693.36831385198  5.032808052639240E-17
5696.86339975009  4.897750634433013E-17
5700.35891869365  5.019291259685633E-17
5703.85486977639  4.875542820219434E-17
5707.3512520938  4.670466548394063E-17
5710.84806474317  4.836922419163823E-17
5714.34530682355  4.946329297447028E-17
5717.84297743577  4.623777496771364E-17
5721.34107568245  4.540377176946828E-17
5724.83960066796  4.865756942700688E-17
5728.33855149844  4.734628963276331E-17
5731.83792728181  4.853387283820570E-17
5735.33772712772  4.868803945205087E-17
5738.83795014761  4.927986071055296E-17
5742.33859545466  5.001986641271026E-17
5745.83966216382  5.170719243958776E-17
5749.34114939177  4.921449689854902E-17
5752.84305625696  5.261143981545113E-17
5756.34538187955  5.280942053198202E-17
5759.84812538149  4.898203598536446E-17
5763.35128588644  4.929281105022310E-17
5766.85486251981  5.054746205973127E-17
5770.35885440874  4.531436347141864E-17
5773.86326068209  4.700879001667432E-17
5777.36808047047  4.592143794041621E-17
5780.87331290621  4.780649983836330E-17
5784.37895712337  4.453132452507391E-17
5787.88501225772  4.784389171077315E-17
5791.39147744675  4.734016187878551E-17
5794.89835182968  4.705665068691664E-17
5798.40563454742  4.811739732595260E-17
5801.91332474262  4.467207426938347E-17
5805.42142155962  4.447707802050267E-17
5808.92992414446  4.591793731206389E-17
5812.4388316449  4.392551398805232E-17
5815.94814321039  4.783284057778944E-17
5819.45785799208  4.705476802384247E-17
5822.96797514281  4.490972987681486E-17
5826.47849381712  4.357560335405258E-17
5829.98941317124  4.594451958822889E-17
5833.50073236307  4.712799666911056E-17
5837.01245055223  4.549590645481688E-17
5840.52456689997  4.475755511388469E-17
5844.03708056927  4.545633413431235E-17
5847.54999072476  4.695848420054129E-17
5851.06329653273  4.543931075730601E-17
5854.57699716118  4.683670336203878E-17
5858.09109177974  4.292028771173093E-17
5861.60557955973  4.219420842236657E-17
5865.12045967412  4.327901939978292E-17
5868.63573129754  4.637641043837754E-17
5872.15139360628  4.637874639642738E-17
5875.6674457783  4.742968929084335E-17
5879.18388699319  4.790726698058452E-17
5882.70071643219  4.651389116490629E-17
5886.21793327821  4.281019658964502E-17
5889.73553671577  4.276232599323535E-17
5893.25352593106  4.587394122964342E-17
5896.77190011189  4.188250691522189E-17
5900.29065844772  4.559815590469579E-17
5903.80980012964  4.590423920112002E-17
5907.32932435036  4.544085262196781E-17
5910.84923030423  4.539845134376833E-17
5914.36951718721  4.563820468123315E-17
5917.89018419691  4.446847534213212E-17
5921.41123053254  4.692946339593048E-17
5924.93265539492  4.200759316745216E-17
5928.4544579865  4.244527428188867E-17
5931.97663751134  4.244420556453725E-17
5935.49919317511  4.332544739320429E-17
5939.02212418507  4.470532362128566E-17
5942.5454297501  4.477155431857155E-17
5946.06910908068  4.394921436696319E-17
5949.59316138888  4.552673713060796E-17
5953.11758588838  4.394075065493553E-17
5956.64238179445  4.423533614084528E-17
5960.16754832392  4.904267163298706E-17
5963.69308469526  4.546951277583154E-17
5967.21899012848  4.876764731420298E-17
5970.7452638452  4.504914951469944E-17
5974.27190506861  4.640351880141213E-17
5977.79891302347  4.686924795605907E-17
5981.32628693613  4.434666472512756E-17
5984.85402603449  4.360420725963466E-17
5988.38212954804  4.579044561861231E-17
5991.91059670783  4.385707968161457E-17
5995.43942674647  4.333334862241540E-17
5998.96861889814  4.396487785904248E-17
6002.49817239856  4.579165330230664E-17
6006.02808648502  4.446882606671184E-17
6009.55836039635  4.505706728752280E-17
6013.08899337297  4.308146219972565E-17
6016.61998465678  4.527433785593843E-17
6020.15133349129  4.272737926671620E-17
6023.68303912151  4.265456090303193E-17
6027.21510079402  4.264923055116465E-17
6030.7475177569  4.410059503650528E-17
6034.2802892598  4.377258152768106E-17
6037.81341455388  4.172239452713368E-17
6041.34689289184  3.885432111539592E-17
6044.88072352789  4.251832094742200E-17
6048.4149057178  4.282532737740984E-17
6051.94943871881  4.280589525045973E-17
6055.48432178972  4.295377860037198E-17
6059.01955419082  4.095173020275272E-17
6062.55513518393  3.989874582658497E-17
6066.09106403236  4.084947744415136E-17
6069.62734000096  4.421058027947278E-17
6073.16396235605  4.412101316274553E-17
6076.70093036546  4.459011059684681E-17
6080.23824329855  4.276257414741912E-17
6083.77590042613  4.304550962158165E-17
6087.31390102053  4.464261009596432E-17
6090.85224435558  4.648684897632072E-17
6094.39092970658  4.382225206910365E-17
6097.92995635032  4.655146170832845E-17
6101.46932356507  4.519593106003576E-17
6105.0090306306  4.456746570039757E-17
6108.54907682814  4.357846209024956E-17
6112.0894614404  4.526452087642866E-17
6115.63018375156  4.450300847834498E-17
6119.17124304727  4.524264691231031E-17
6122.71263861465  4.569499559336859E-17
6126.25436974229  4.329330646332294E-17
6129.79643572023  4.197221299829204E-17
6133.33883583998  4.512099180526091E-17
6136.8815693945  4.729484892482986E-17
6140.4246356782  4.675409448862434E-17
6143.96803398696  4.267921750273091E-17
6147.51176361807  4.396105297589004E-17
6151.05582387032  4.620959457860519E-17
6154.6002140439  4.609564548614233E-17
6158.14493344045  4.833813874421849E-17
6161.68998136306  4.397309341688637E-17
6165.23535711625  4.575667348856300E-17
6168.78106000596  4.434603937658446E-17
6172.32708933958  4.626529030360961E-17
6175.87344442591  4.436081943976957E-17
6179.42012457517  4.165447307267572E-17
6182.96712909904  4.608797917622519E-17
6186.51445731057  4.180423246821723E-17
6190.06210852426  4.393785221406915E-17
6193.61008205601  4.280506806984718E-17
6197.15837722312  4.101002327488057E-17
6200.70699334433  4.169916729553319E-17
6204.25592973975  3.819454531521137E-17
6207.80518573092  4.247852363379085E-17
6211.35476064077  4.460764020838803E-17
6214.90465379362  4.307066252964816E-17
6218.4548645152  4.274895213709159E-17
6222.00539213262  4.019981640849712E-17
6225.55623597439  4.143891642248931E-17
6229.1073953704  4.446397217087739E-17
6232.65886965192  4.102963738156542E-17
6236.21065815161  4.206461569015912E-17
6239.76276020351  4.182595423110287E-17
6243.31517514303  3.956808203107813E-17
6246.86790230695  4.206722627217233E-17
6250.42094103343  4.102039942848443E-17
6253.974290662  4.125908735732028E-17
6257.52795053355  4.249084862491789E-17
6261.08191999032  4.194300690522402E-17
6264.63619837593  4.350053836782462E-17
6268.19078503535  4.096153725609515E-17
6271.74567931492  4.108044281478843E-17
6275.30088056229  3.919125163122346E-17
6278.85638812651  4.187764971066498E-17
6282.41220135794  4.081760782951093E-17
6285.96831960831  4.473368929885133E-17
6289.52474223066  4.204755260848337E-17
6293.0814685794  4.290185481896079E-17
6296.63849801027  4.199106940753580E-17
6300.19582988032  4.613465532383033E-17
6303.75346354796  4.399979811578202E-17
6307.31139837291  4.370992094191894E-17
6310.86963371623  4.360800236428506E-17
6314.42816894027  4.422211117721176E-17
6317.98700340875  4.309935577073639E-17
6321.54613648668  4.226441951276006E-17
6325.10556754036  3.982620870430897E-17
6328.66529593745  4.394282191518938E-17
6332.22532104689  4.303237068473186E-17
6335.78564223893  4.347244400549986E-17
6339.34625888513  4.624403507058944E-17
6342.90717035835  4.198688718235874E-17
6346.46837603274  4.415119202021394E-17
6350.02987528376  4.429722248555404E-17
6353.59166748815  4.506020064768315E-17
6357.15375202395  4.610577679428489E-17
6360.71612827048  4.383674427343557E-17
6364.27879560835  4.475098068237613E-17
6367.84175341945  4.522124609550233E-17
6371.40500108697  4.644079155981376E-17
6374.96853799533  4.284151033891382E-17
6378.53236353027  4.306687404244266E-17
6382.09647707877  4.151045761930778E-17
6385.66087802912  4.396064600302867E-17
6389.22556577082  4.484406827979039E-17
6392.79053969469  4.658212694799702E-17
6396.35579919277  4.332229748943168E-17
6399.92134365837  4.357340305362319E-17
6403.48717248607  4.415566541296662E-17
6407.05328507169  4.536693907115251E-17
6410.61968081229  4.160075596369653E-17
6414.18635910621  4.109426003974051E-17
6417.753319353  4.597904941571932E-17
6421.32056095347  4.683361632399274E-17
6424.88808330966  4.291871937728953E-17
6428.45588582487  4.134003856078717E-17
6432.0239679036  3.799296801737710E-17
6435.59232895162  3.886264255235820E-17
6439.16096837589  3.760501369264482E-17
6442.72988558463  4.245334756466718E-17
6446.29907998725  4.390336209124813E-17
6449.86855099442  4.061201374262209E-17
6453.43829801799  4.114756686713588E-17
6457.00832047105  4.260060887475878E-17
6460.57861776789  4.394108814462547E-17
6464.14918932403  4.478383298758429E-17
6467.72003455617  4.470703092206997E-17
6471.29115288223  4.545961969570542E-17
6474.86254372133  4.624400860080985E-17
6478.4342064938  4.372524032686342E-17
6482.00614062114  4.401375430707702E-17
6485.57834552607  4.212791155063167E-17
6489.15082063249  4.431819316844348E-17
6492.72356536549  4.474382391571633E-17
6496.29657915135  4.575711023992643E-17
6499.86986141753  4.580253238172294E-17
6503.44341159267  4.497020670575984E-17
6507.01722910658  4.442937286021551E-17
6510.59131339026  4.630429021513026E-17
6514.16566387589  4.676295855606847E-17
6517.74027999679  4.713978564720067E-17
6521.31516118746  4.660149290049812E-17
6524.89030688358  4.772928418254271E-17
6528.46571652198  4.585299039908868E-17
6532.04138954066  4.620304992559868E-17
6535.61732537874  4.454802695600258E-17
6539.19352347655  4.621867040428612E-17
6542.76998327551  4.908458322026389E-17
6546.34670421825  4.379802560332318E-17
6549.92368574849  4.350080306562064E-17
6553.50092731115  4.059999315396048E-17
6557.07842835223  4.105919750793560E-17
6560.65618831892  4.401268889844805E-17
6564.2342066595  4.285944030587153E-17
6567.81248282343  4.473690206835049E-17
6571.39101626126  4.707706881315690E-17
6574.96980642469  4.353032679604388E-17
6578.54885276653  4.750356313698925E-17
6582.12815474073  4.895889147182524E-17
6585.70771180233  4.609955970480092E-17
6589.28752340752  4.568646570689195E-17
6592.86758901358  4.489046649470973E-17
6596.44790807891  4.465297632340084E-17
6600.02848006301  4.605590442079283E-17
6603.60930442651  4.758189714099802E-17
6607.19038063112  4.704485840010408E-17
6610.77170813966  4.884570007680347E-17
6614.35328641602  4.805196403077721E-17
6617.93511492524  4.704165886549472E-17
6621.51719313341  4.767303590088911E-17
6625.09952050772  4.495469541491325E-17
6628.68209651644  4.298395084039546E-17
6632.26492062895  4.714825597667321E-17
6635.84799231569  4.561231061933780E-17
6639.43131104817  4.409159200271826E-17
6643.014876299  4.592999429667246E-17
6646.59868754185  4.646451509978178E-17
6650.18274425146  4.479886782239804E-17
6653.76704590365  4.512876730301889E-17
6657.3515919753  4.579317862335619E-17
6660.93638194434  4.847655253047822E-17
6664.52141528977  4.995213024670951E-17
6668.10669149166  4.949124506172966E-17
6671.69221003111  4.662099120189722E-17
6675.27797039029  4.897958091330639E-17
6678.86397205242  4.588593534852543E-17
6682.45021450176  4.447031830053688E-17
6686.03669722361  4.447981102524655E-17
6689.62341970432  4.440094431692330E-17
6693.21038143128  4.632242201415742E-17
6696.7975818929  4.747882381922901E-17
6700.38502057865  4.676750804943750E-17
6703.97269697901  4.860164870887584E-17
6707.56061058549  4.513394876237593E-17
6711.14876089063  4.515840683872791E-17
6714.737147388  4.568320992400094E-17
6718.32576957217  4.253185031352092E-17
6721.91462693875  4.438843734606149E-17
6725.50371898436  4.582300013879995E-17
6729.09304520661  4.481705917842931E-17
6732.68260510414  4.640465700193500E-17
6736.2723981766  4.662128236947283E-17
6739.86242392463  4.876686976442718E-17
6743.45268184987  4.722007510617752E-17
6747.04317145499  4.751447199490759E-17
6750.6338922436  4.461490616288871E-17
6754.22484372037  4.862191132516094E-17
6757.81602539089  4.572307341208110E-17
6761.4074367618  4.593684666086685E-17
6764.99907734069  4.641600261121677E-17
6768.59094663614  4.750925083088115E-17
6772.18304415771  4.752787232083094E-17
6775.77536941595  4.603604215992421E-17
6779.36792192236  4.653364092921162E-17
6782.96070118943  4.685368703437573E-17
6786.5537067306  4.647080498115963E-17
6790.14693806032  4.742565264945409E-17
6793.74039469395  4.656658918737083E-17
6797.33407614784  4.704602637912900E-17
6800.92798193931  4.675912705547112E-17
6804.52211158659  4.369618643502811E-17
6808.11646460892  4.446023993195354E-17
6811.71104052645  4.747709666610999E-17
6815.30583886028  4.552986718204587E-17
6818.90085913249  4.468234123514648E-17
6822.49610086607  4.667334180850446E-17
6826.09156358494  4.385752305042291E-17
6829.687246814  4.671482326186277E-17
6833.28315007904  4.474287431237311E-17
6836.87927290682  4.500719491403076E-17
6840.47561482499  4.541922019458832E-17
6844.07217536215  4.875378376713659E-17
6847.66895404783  4.777324386901621E-17
6851.26595041247  4.677011863145072E-17
6854.86316398742  4.311049293050381E-17
6858.46059430496  4.328379388627857E-17
6862.05824089827  4.574940422533988E-17
6865.65610330146  4.796203957202533E-17
6869.25418104952  4.427691354715463E-17
6872.85247367838  4.741800288314921E-17
6876.45098072484  4.422127737915432E-17
6880.0497017266  4.185750951711054E-17
6883.64863622229  4.732175876451743E-17
6887.24778375141  4.434175458101145E-17
6890.84714385434  4.689954261881322E-17
6894.44671607237  4.530046021968286E-17
6898.04649994768  4.864221364611544E-17
6901.64649502331  4.628926530648385E-17
6905.2467008432  5.236522454304105E-17
6908.84711695215  5.041755169016858E-17
6912.44774289586  4.806580772550889E-17
6916.04857822089  4.788542279496821E-17
6919.64962247466  4.534011525824864E-17
6923.25087520547  4.596392524539939E-17
6926.85233596249  4.354257899527701E-17
6930.45400429574  4.786658623805916E-17
6934.05587975609  4.890841029340235E-17
6937.65796189531  4.720343223225295E-17
6941.26025026596  4.780887880980501E-17
6944.86274442151  4.838531781763606E-17
6948.46544391624  4.760597471426820E-17
6952.06834830529  4.991233624180081E-17
6955.67145714465  4.707672139729963E-17
6959.27476999115  4.534208063938408E-17
6962.87828640243  4.410509159031513E-17
6966.48200593701  4.762733582640677E-17
6970.08592815421  4.635225345576853E-17
6973.69005261418  4.706123326751018E-17
6977.29437887792  4.775522787527482E-17
6980.89890650724  4.841890465922817E-17
6984.50363506477  4.594043000728043E-17
6988.10856411396  4.279840761155490E-17
6991.71369321908  4.715377492572017E-17
6995.31902194521  4.683826507903528E-17
6998.92454985825  4.802237081718250E-17
7002.5302765249  4.669431249139392E-17
7006.13620151267  4.582574637843363E-17
7009.74232438987  4.787425585669875E-17
7013.3486447256  4.758219492601853E-17
7016.95516208979  4.340974702379080E-17
7020.56187605312  4.486703743103976E-17
7024.16878618711  4.454504579707492E-17
7027.77589206404  4.560328442449363E-17
7031.38319325697  4.803556931103639E-17
7034.99068933978  4.605978555222694E-17
7038.59837988709  4.154472936644709E-17
7042.20626447433  4.688671139315131E-17
7045.81434267769  4.188367820296926E-17
7049.42261407414  4.632456275758270E-17
7053.03107824142  4.716504443438559E-17
7056.63973475804  4.659664231338610E-17
7060.24858320327  4.704975861805284E-17
7063.85762315715  4.729697312464289E-17
7067.46685420047  4.680070446178048E-17
7071.07627591479  4.701628758174650E-17
7074.68588788242  4.685027574152956E-17
7078.29568968642  4.585941593808699E-17
7081.9056809106  4.610908882545754E-17
7085.51586113952  4.540508533228100E-17
7089.12622995848  4.473929096595953E-17
7092.73678695352  4.537642517841728E-17
7096.34753171143  4.511811652545167E-17
7099.95846381973  4.573165623811695E-17
7103.56958286666  4.640701281231955E-17
7107.18088844122  4.373237062374363E-17
7110.79238013311  4.620068749776921E-17
7114.40405753277  4.894838627804581E-17
7118.01592023136  4.891638100578490E-17
7121.62796782075  4.803354768161931E-17
7125.24019989355  4.867247522164507E-17
7128.85261604307  4.835790174341362E-17
7132.46521586332  4.539967226235247E-17
7136.07799894905  4.658564081123914E-17
7139.69096489569  4.801563756699632E-17
7143.30411329939  4.968501046585899E-17
7146.91744375699  4.738081284280882E-17
7150.53095586604  4.784019586779627E-17
7154.14464922477  4.615520249024615E-17
7157.75852343212  4.572701410051930E-17
7161.37257808772  4.660828570768840E-17
7164.98681279187  5.272656350438380E-17
7168.60122714557  4.874710676523205E-17
7172.2158207505  5.019644631243316E-17
7175.83059320903  4.962519869012650E-17
7179.44554412418  5.000924541364506E-17
7183.06067309968  5.263981541918415E-17
7186.67597973989  5.082111325869852E-17
7190.29146364989  4.971189714448941E-17
7193.90712443538  4.684924011140264E-17
7197.52296170274  4.766801656893213E-17
7201.13897505903  4.664178652249679E-17
7204.75516411194  4.877847014533761E-17
7208.37152846984  4.807623681867196E-17
7211.98806774173  4.728396984541356E-17
7215.60478153729  4.872183143443488E-17
7219.2216694668  4.736055022652372E-17
7222.83873114125  5.019977157849563E-17
7226.45596617221  4.866538793815673E-17
7230.07337417193  4.735184828647966E-17
7233.69095475328  5.046182239655243E-17
7237.30870752977  4.777166560840748E-17
7240.92663211555  5.222019331188089E-17
7244.54472812537  4.910934569908127E-17
7248.16299517465  5.385126774838237E-17
7251.78143287939  5.345417804096506E-17
7255.40004085623  5.155057075368453E-17
7259.01881872245  5.067627724216292E-17
7262.63776609591  5.205745379816723E-17
7266.25688259509  5.151477368549568E-17
7269.8761678391  5.243664000840642E-17
7273.49562144765  5.641156048907893E-17
7277.11524304103  4.971502057848241E-17
7280.73503224018  4.984939772335287E-17
7284.3549886666  4.589614606600679E-17
7287.97511194238  4.804704726921617E-17
7291.59540169026  4.794532059748441E-17
7295.21585753351  4.808817468927232E-17
7298.83647909602  4.949924224389183E-17
7302.45726600226  5.099653510556385E-17
7306.07821787729  4.851216431020985E-17
7309.69933434674  4.866143732355117E-17
7313.32061503682  4.939799202819290E-17
7316.94205957432  4.617074686831725E-17
7320.56366758661  4.533402059149535E-17
7324.18543870161  4.597333194332534E-17
7327.80737254782  4.277605719140373E-17
7331.4294687543  3.976803143746689E-17
7335.05172695069  4.092690154948633E-17
7338.67414676716  4.424403477216689E-17
7342.29672783446  4.689678645301219E-17
7345.91946978389  4.336412635864728E-17
7349.54237224729  4.538535872903285E-17
7353.16543485706  4.284036882966851E-17
7356.78865724613  4.755372667805691E-17
7360.412039048  4.691484215142299E-17
7364.0355798967  4.800714738518907E-17
7367.65927942677  4.763271580911082E-17
7371.28313727334  4.590003381488579E-17
7374.90715307202  4.784904670035059E-17
7378.53132645898  4.719284101168981E-17
7382.1556570709  4.647058660547792E-17
7385.78014454501  4.759627023132173E-17
7389.40478851904  4.736968560920875E-17
7393.02958863124  4.835481139664511E-17
7396.65454452038  4.702683578891778E-17
7400.27965582576  5.070195623709903E-17
7403.90492218716  4.716308897941751E-17
7407.5303432449  4.678492516441542E-17
7411.15591863978  4.827477340057447E-17
7414.78164801312  4.476012929995097E-17
7418.40753100674  4.814457186343618E-17
7422.03356726294  5.018843589538120E-17
7425.65975642454  4.539015637658565E-17
7429.28609813482  4.855850958556996E-17
7432.9125920376  4.824673859525383E-17
7436.53923777714  4.924265412660033E-17
7440.16603499821  4.742541773016013E-17
7443.79298334604  4.480514777760856E-17
7447.42008246636  4.471122969085928E-17
7451.04733200538  4.584593289410237E-17
7454.67473160975  4.844716445767543E-17
7458.30228092664  4.717539742693229E-17
7461.92997960364  4.711808042792727E-17
7465.55782728884  4.442224918078021E-17
7469.18582363078  4.838604242785266E-17
7472.81396827846  4.479513227475176E-17
7476.44226088134  4.559093627230942E-17
7480.07070108933  4.685344549763686E-17
7483.6992885528  4.682933483714216E-17
7487.32802292257  4.547845625261447E-17
7490.95690384989  4.479386503405333E-17
7494.58593098648  4.412052347182291E-17
7498.21510398448  4.543895672400384E-17
7501.84442249649  4.699035050645929E-17
7505.47388617552  4.729939841819891E-17
7509.10349467504  4.948785692994065E-17
7512.73324764892  4.583519608975143E-17
7516.3631447515  4.808944854741564E-17
7519.99318563751  4.806841830752210E-17
7523.62336996211  4.665238436050483E-17
7527.25369738089  4.989580255571709E-17
7530.88416754986  4.658683526004367E-17
7534.51478012543  4.749995001207361E-17
7538.14553476443  4.605342287895518E-17
7541.7764311241  4.412495715990620E-17
7545.40746886209  4.659004802954282E-17
7549.03864763645  4.500105723388561E-17
7552.66996710562  4.689744488877979E-17
7556.30142692846  4.658894622496690E-17
7559.93302676421  4.722521686086515E-17
7563.56476627252  4.657923843329799E-17
7567.19664511342  4.268806171784033E-17
7570.82866294731  3.967423908217073E-17
7574.46081943502  4.211363441325900E-17
7578.09311423771  4.700174243785537E-17
7581.72554701697  4.369332108138623E-17
7585.35811743473  4.773526966145515E-17
7588.99082515332  4.250537391647432E-17
7592.62366983541  4.086199764990298E-17
7596.25665114408  4.734435403012994E-17
7599.88976874275  4.833466127692332E-17
7603.52302229521  3.813210310513096E-17
7607.15641146561  4.242071694386319E-17
7610.78993591846  4.457466878917168E-17
7614.42359531863  4.532557342307997E-17
7618.05738933134  4.122551375061798E-17
7621.69131762216  4.333420889025246E-17
7625.32537985699  4.361706495507618E-17
7628.95957570212  4.683921137365605E-17
7632.59390482414  4.539603597637969E-17
7636.22836689  4.109687723919862E-17
7639.86296156698  3.966127550761079E-17
7643.4976885227  4.448683213428589E-17
7647.13254742511  4.174323286112510E-17
7650.76753794248  4.229612700000045E-17
7654.40265974342  4.127733496163320E-17
7658.03791249686  3.967590006084074E-17
7661.67329587204  4.155599225766761E-17
7665.30880953854  3.992437849940677E-17
7668.94445316624  3.956367481277444E-17
7672.58022642533  4.181315278394299E-17
7676.21612898632  4.040129775338034E-17
7679.85216052003  4.041481719331191E-17
7683.48832069757  3.821434471035344E-17
7687.12460919037  4.144463720360572E-17
7690.76102567015  4.414041551119359E-17
7694.39756980893  4.242633846330611E-17
7698.03424127902  4.072255815968367E-17
7701.67103975303  4.382441597358608E-17
7705.30796490384  4.382991507029834E-17
7708.94501640464  4.127547876833864E-17
7712.58219392889  4.474044571009466E-17
7716.21949715034  5.168899446611161E-17
7719.85692574301  4.279703118301561E-17
7723.4944793812  4.178772194319066E-17
7727.13215773947  4.508141617603392E-17
7730.76996049267  4.415195302637748E-17
7734.40788731592  4.186648938984042E-17
7738.04593788457  4.564515961582350E-17
7741.68411187427  4.634521911183938E-17
7745.32240896092  4.409571136216878E-17
7748.96082882066  4.274570297164548E-17
7752.5993711299  4.652662312889471E-17
7756.2380355653  4.548840558102226E-17
7759.87682180377  3.946955489395571E-17
7763.51572952246  4.517913598487848E-17
7767.15475839876  4.119712822071761E-17
7770.79390811031  4.603201875342475E-17
7774.433178335  4.203592575779333E-17
7778.07256875091  4.237196953600422E-17
7781.71207903641  4.178893955305235E-17
7785.35170887006  4.391069422019781E-17
7788.99145793067  4.129986736151914E-17
7792.63132589726  4.872877313413543E-17
7796.27131244907  4.564374348261482E-17
7799.91141726558  4.586978216552351E-17
7803.55164002646  4.406461598858168E-17
7807.19198041162  4.033001132819052E-17
7810.83243810116  4.377363370142023E-17
7814.4730127754  4.419924128763590E-17
7818.11370411486  4.445663011576035E-17
7821.75451180027  4.529119910554471E-17
7825.39543551256  4.877159792880853E-17
7829.03647493285  4.551515329330977E-17
7832.67762974246  4.387615777526249E-17
7836.3188996229  4.904153343246419E-17
7839.96028425588  4.416998225500868E-17
7843.60178332328  4.457884770562630E-17
7847.24339650719  4.402634399600008E-17
7850.88512348985  4.434288285536696E-17
7854.5269639537  4.768232679352931E-17
7858.16891758136  4.394470457826354E-17
7861.8109840556  4.552012630315244E-17
7865.45316305939  4.942790618786525E-17
7869.09545427585  4.017150036176821E-17
7872.73785738828  4.567743289460286E-17
7876.38037208012  4.732060732910476E-17
7880.02299803498  4.283693106704273E-17
7883.66573493666  4.183943396636503E-17
7887.30858246906  4.337761932879923E-17
7890.95154031627  4.899296138689507E-17
7894.59460816252  4.399455379069844E-17
7898.23778569218  4.508233930959753E-17
7901.88107258979  4.363142481051011E-17
7905.52446853998  4.251043626182315E-17
7909.16797322759  4.301041400255225E-17
7912.81158633752  4.465134512323289E-17
7916.45530755487  4.594873159190802E-17
7920.09913656483  4.373594404398986E-17
7923.74307305273  4.690741737824472E-17
7927.38711670402  4.465261236393132E-17
7931.0312672043  4.609345842060274E-17
7934.67552423926  4.895660183588968E-17
7938.3198874947  4.533363016224623E-17
7941.96435665658  4.505588938233053E-17
7945.60893141092  4.774226760943735E-17
7949.25361144389  4.536763721158951E-17
7952.89839644174  4.574146990890428E-17
7956.54328609084  4.449965012505802E-17
7960.18828007766  4.433938222701464E-17
7963.83337808875  4.175665965682807E-17
7967.47857981079  4.495334876487601E-17
7971.12388493053  4.478327050476774E-17
7974.7692931348  4.623576657318637E-17
7978.41480411056  5.041944097068765E-17
7982.06041754481  4.507003747952764E-17
7985.70613312465  4.585031033390401E-17
7989.35195053727  4.237629734496911E-17
7992.99786946994  3.979108330677751E-17
7996.64388960997  4.754861470187133E-17
8000.29001064478  4.597041695884671E-17
8003.93623226184  4.448483035720352E-17
8007.5825541487  4.569284161505350E-17
8011.22897599296  4.733268085732558E-17
8014.87549748229  4.677189872412894E-17
8018.52211830442  4.311604165805283E-17
8022.16883814712  4.583174840095832E-17
8025.81565669824  4.889424234387053E-17
8029.46257364566  4.716798257992137E-17
8033.10958867731  4.552564525219938E-17
8036.75670148117  4.640160966855836E-17
8040.40391174527  4.653176488358234E-17
8044.05121915766  4.425714723923707E-17
8047.69862340645  4.459502074096294E-17
8051.34612417977  4.537286830178330E-17
8054.99372116578  4.737479096794944E-17
8058.64141405269  4.547640484469534E-17
8062.2892025287  4.617890948660193E-17
8065.93708628207  4.336535058595385E-17
8069.58506500106  4.650938137620665E-17
8073.23313837396  4.512941581261914E-17
8076.88130608907  4.362279235363750E-17
8080.5295678347  4.478374034335569E-17
8084.17792329917  4.200136615180086E-17
8087.82637217082  4.260892038555371E-17
8091.47491413799  4.519986182230661E-17
8095.12354888901  4.275158588016195E-17
8098.77227611222  4.486209750842160E-17
8102.42109549596  4.468945498841444E-17
8106.07000672857  4.645202467253223E-17
8109.71900949835  4.614714244235743E-17
8113.36810349363  4.540863559147009E-17
8117.0172884027  4.780318780719064E-17
8120.66656391385  4.456819361933661E-17
8124.31592971533  4.270705709342701E-17
8127.96538549539  4.714121501529916E-17
8131.61493094225  4.685906039963488E-17
8135.26456574408  4.736522214262342E-17
8138.91428958906  4.732206647570531E-17
8142.56410216531  4.887355951983426E-17
8146.21400316092  4.891510383891913E-17
8149.86399226395  4.973915109131180E-17
8153.5140691624  4.924755103582665E-17
8157.16423354427  4.969112829366943E-17
8160.81448509746  5.684140985747580E-17
8164.46482350985  5.697160808589164E-17
8168.11524846927  6.551723746395657E-17
8171.76575966349  6.296116334438401E-17
8175.41635678024  4.967263584389519E-17
8179.06703950715  4.561067941916984E-17
8182.71780753183  4.547055502340336E-17
8186.36866054182  5.415352947037659E-17
8190.01959822456  5.380166999885368E-17
8193.67062026745  5.473014053177505E-17
8197.32172635781  5.329481011542814E-17
8200.9729161829  4.848395414259934E-17
8204.62418942987  4.384471167709569E-17
8208.27554578581  4.505145569424724E-17
8211.92698493773  4.237311766269444E-17
8215.57850657254  4.575830138000850E-17
8219.23011037707  4.363406517102538E-17
8222.88179603806  4.763224266180044E-17
8226.53356324215  4.887587893427186E-17
8230.18541167589  5.112888731229480E-17
8233.83734102572  4.839581308524813E-17
8237.489350978  4.639670283316469E-17
8241.14144121895  4.725816842774681E-17
8244.79361143473  4.503743001978079E-17
8248.44586131134  4.670156851972723E-17
8252.0981905347  4.565684602351765E-17
8255.7505987906  4.367579808728990E-17
8259.40308576473  4.564269461759810E-17
8263.05565114263  4.502163748752592E-17
8266.70829460975  4.320758739080528E-17
8270.36101585138  4.682605920191646E-17
8274.0138145527  4.519436272559435E-17
8277.66669039877  4.234758094282371E-17
8281.31964307449  4.800139020812570E-17
8284.97267226465  4.699819548738874E-17
8288.62577765386  4.867276969794315E-17
8292.27895892664  4.500106385133051E-17
8295.93221576733  4.841669443263143E-17
8299.58554786012  4.530226016469577E-17
8303.23895488908  4.488375309685824E-17
8306.8924365381  4.349660098810887E-17
8310.54599249092  4.574716091151865E-17
8314.19962243112  5.043723528002490E-17
8317.85332604214  4.405317442634885E-17
8321.50710300723  4.410183249870166E-17
8325.16095300948  4.644844132611865E-17
8328.81487573182  4.265204296524732E-17
8332.468870857  4.221177773857720E-17
8336.12293806761  4.434172811123183E-17
8339.77707704603  4.343490654930221E-17
8343.43128747451  4.059289263558231E-17
8347.08556903506  4.948456805982513E-17
8350.73992140956  4.219184268581467E-17
8354.39434427966  4.016842986733441E-17
8358.04883732685  4.575229935748382E-17
8361.7034002324  4.352357038480054E-17
8365.35803267741  4.528213651475358E-17
8369.01273434276  4.288737915824112E-17
8372.66750490915  4.693462500295281E-17
8376.32234405706  4.511132371826137E-17
8379.97725146676  4.423182889504805E-17
8383.63222681832  4.085732904252571E-17
8387.28726979161  4.171221027943192E-17
8390.94238006626  4.027163222927898E-17
8394.5975573217  3.923830828191039E-17
8398.25280123714  4.103169209820700E-17
8401.90811149155  4.105026064859760E-17
8405.56348776371  4.102669592730718E-17
8409.21892973213  4.336687921572585E-17
8412.87443707512  4.167459010517301E-17
8416.53000947074  4.090044831349689E-17
8420.18564659683  4.169790336355721E-17
8423.84134813097  4.207345659654609E-17
8427.49711375052  4.830985247599163E-17
8431.15294313258  4.196417942018293E-17
8434.80883595402  4.456107655734621E-17
8438.46479189144  4.231189967992062E-17
8442.1208106212  4.438344779260657E-17
8445.77689181941  3.875919534495232E-17
8449.43303516192  4.104698832209433E-17
8453.0892403243  4.227767094617318E-17
8456.74550698189  3.976419331942464E-17
8460.40183480975  4.372122022908641E-17
8464.05822348265  4.058033272516131E-17
8467.71467267514  4.428488425953720E-17
8471.37118206144  3.993560499468033E-17
8475.02775131554  4.376851841651220E-17
8478.68438011111  4.186062633365864E-17
8482.34106812159  4.426808256693503E-17
8485.99781502008  4.154070265122518E-17
8489.65462047943  4.293536555993654E-17
8493.31148417219  4.095034715676854E-17
8496.96840577062  4.229863170289527E-17
8500.62538494668  4.322727428938405E-17
8504.28242137204  4.243273422380237E-17
8507.93951471805  3.768005882653809E-17
8511.59666465579  3.894962555685182E-17
8515.25387085602  3.902792978235855E-17
8518.91113298917  3.966108360170868E-17
8522.56845072538  3.944042821022648E-17
8526.2258237345  4.213851931480705E-17
8529.883251686  4.162376481961530E-17
8533.5407342491  4.107803406484467E-17
8537.19827109266  4.137007845191264E-17
8540.85586188522  4.029015776627772E-17
8544.51350629499  4.159290767404463E-17
8548.17120398986  4.365921146164700E-17
8551.8289546374  4.179055751833050E-17
8555.4867579048  4.140696408978761E-17
8559.14461345897  3.665603900669949E-17
8562.80252096644  4.149215707543566E-17
8566.4604800934  3.831967458083349E-17
8570.11849050572  4.031187622044090E-17
8573.77655186889  4.185015091838127E-17
8577.43466384807  4.177190294115621E-17
8581.09282610806  4.384641566915753E-17
8584.7510383133  4.064428040395656E-17
8588.40930012787  4.195772410268256E-17
8592.06761121549  4.443141434196730E-17
8595.72597123954  3.653751064236554E-17
8599.384379863  4.104452663259137E-17
8603.04283674847  3.972567648138172E-17
8606.70134155822  4.060409596979875E-17
8610.35989395412  4.493441625501588E-17
8614.01849359766  4.120890396391791E-17
8617.67714014997  4.213867813348467E-17
8621.33583327176  4.388155099285634E-17
8624.99457262338  4.126617464080863E-17
8628.6533578648  4.107596280459084E-17
8632.31218865558  3.773668099382857E-17
8635.97106465489  4.214866054911697E-17
8639.62998552151  3.898810599894780E-17
8643.28895091381  4.121963084210150E-17
8646.94796048977  3.937156376987022E-17
8650.60701390695  4.489798722083905E-17
8654.26611082253  3.828937660935689E-17
8657.92525089324  4.259896774842347E-17
8661.58443377544  4.410538606661320E-17
8665.24365912505  4.022001615905567E-17
8668.90292659756  4.152878463295952E-17
8672.56223584808  4.167158909391067E-17
8676.22158653126  4.262952710897363E-17
8679.88097830134  4.151677727918770E-17
8683.54041081212  4.003375493744342E-17
8687.19988371698  3.648664896086088E-17
8690.85939666887  4.018490730513646E-17
8694.51894932029  4.250728304932810E-17
8698.1785413233  4.220971640449072E-17
8701.83817232953  3.821847399597130E-17
8705.49784199016  4.230938174213601E-17
8709.15754995593  3.949313946758081E-17
8712.8172958771  4.086662986133326E-17
8716.47707940352  3.943568019351044E-17
8720.13690018454  4.180884151859037E-17
8723.7967578691  4.061303613785921E-17
8727.45665210564  3.820439207322321E-17
8731.11658254216  4.063178666798457E-17
8734.77654882618  3.989310114608491E-17
8738.43655060475  3.857308632457279E-17
8742.09658752446  4.151344870440278E-17
8745.75665923142  4.014818379466157E-17
8749.41676537126  3.853562827771394E-17
8753.07690558913  4.291188686542984E-17
8756.73707952971  3.784163036122685E-17
8760.39728683718  4.284430620938424E-17
8764.05752715525  3.995943772248921E-17
8767.71780012711  4.128151718681027E-17
8771.37810539549  3.856463915615740E-17
8775.0384426026  4.294781297379424E-17
8778.69881139016  3.941553999995599E-17
8782.3592113994  4.030013356446510E-17
8786.01964227103  3.762572298646071E-17
8789.68010364526  3.625546521454212E-17
8793.34059516179  3.862971510930817E-17
8797.00111645982  3.863258708039496E-17
8800.66166717801  4.013453200583199E-17
8804.32224695453  4.009831142116952E-17
8807.98285542701  4.047553555899574E-17
8811.64349223256  3.773847101267413E-17
8815.30415700779  3.838044919479899E-17
8818.96484938875  3.731778680546436E-17
8822.62556901097  4.340715629411228E-17
8826.28631550946  3.717885685850241E-17
8829.94708851867  3.714648431804953E-17
8833.60788767253  3.800695067845170E-17
8837.26871260443  3.239352767937699E-17
8840.9295629472  3.416196703712146E-17
8844.59043833314  3.867824745020787E-17
8848.25133839399  3.997755628662657E-17
8851.91226276094  3.788973587693048E-17
8855.57321106463  3.991939225467429E-17
8859.23418293515  4.048096517253655E-17
8862.895178002  3.314232134836204E-17
8866.55619589416  3.585187055878769E-17
8870.21723624  3.696952060652239E-17
8873.87829866737  3.471325975433090E-17
8877.53938280349  3.853814621549855E-17
8881.20048827508  3.823252614021735E-17
8884.86161470821  3.346275457405283E-17
8888.52276172843  4.028629648717832E-17
8892.18392896067  3.926966173584860E-17
8895.84511602929  3.746859837474503E-17
8899.50632255808  3.612160753909633E-17
8903.1675481702  3.434431404007510E-17
8906.82879248826  3.241168594818375E-17
8910.49005513426  3.718049798483772E-17
8914.15133572959  3.925487505521860E-17
8917.81263389504  2.994823951360487E-17
8921.47394925083  3.520762921050688E-17
8925.13528141655  3.533901857900482E-17
8928.79663001116  3.705112362831198E-17
8932.45799465306  3.611581396608602E-17
8936.11937495998  3.975057130909712E-17
8939.7807705491  4.137834364059328E-17
8943.44218103692  3.854018107980543E-17
8947.10360603934  3.604703555251345E-17
8950.76504517165  3.624199871416975E-17
8954.42649804849  4.234396450918563E-17
8958.08796428391  4.226522022359302E-17
8961.74944349126  3.278140259477046E-17
8965.41093528332  3.590654388855499E-17
8969.0724392722  3.624247186148013E-17
8972.73395506938  3.994586203427599E-17
8976.3954822857  3.877866055912692E-17
8980.05702053133  3.760592359131864E-17
8983.71856941584  4.021159546041987E-17
8987.38012854808  4.613493325651615E-17
8991.04169753632  4.451305706842628E-17
8994.70327598812  3.688261701136758E-17
8998.36486351041  4.171969460961431E-17
9002.02645970945  3.907802714897720E-17
9005.68806419082  4.374885798771305E-17
9009.34967655946  4.149079057306374E-17
9013.01129641962  4.024276031717842E-17
9016.67292337489  4.010662954940935E-17
9020.33455702818  4.064502486650786E-17
9023.99619698172  3.944754858093935E-17
9027.65784283707  3.965716938305008E-17
9031.31949419508  3.690987757563486E-17
9034.98115065595  4.224890491319102E-17
9038.64281181917  3.734973913816606E-17
9042.30447728354  3.839430612442047E-17
9045.96614664716  3.700804406201021E-17
9049.62781950747  3.733548185312809E-17
9053.28949546116  4.232808925886951E-17
9056.95117410425  3.752663336652175E-17
9060.61285503204  3.961190936865363E-17
9064.27453783914  3.994001552170646E-17
9067.93622211944  3.732999930002811E-17
9071.59790746611  3.947078904742964E-17
9075.25959347162  3.580857592552666E-17
9078.92127972772  4.137835687548307E-17
9082.58296582541  3.651112027210265E-17
9086.24465135501  3.779111278685701E-17
9089.9063359061  4.415998991320905E-17
9093.5680190675  3.627323305409975E-17
9097.22970042735  4.028083709513547E-17
9100.89137957302  3.632299293102850E-17
9104.55305609116  3.894435476198863E-17
9108.21472956767  3.748096968798637E-17
9111.8763995877  4.104700155698414E-17
9115.53806573569  3.827743873875653E-17
9119.1997275953  4.056453026673909E-17
9122.86138474945  3.962958456398268E-17
9126.52303678031  4.160443857178362E-17
9130.18468326929  3.995308497538480E-17
9133.84632379705  4.558213507059186E-17
9137.50795794347  4.174750773053078E-17
9141.1695852877  4.070667960064511E-17
9144.83120540809  4.045350939364468E-17
9148.49281788223  4.089406578789042E-17
9152.15442228696  4.449985195712748E-17
9155.81601819831  4.404903521456363E-17
9159.47760519157  3.817567236235536E-17
9163.13918284123  3.952025775678276E-17
9166.80075072099  4.130441354616572E-17
9170.46230840379  4.326668117376607E-17
9174.12385546175  4.154475583622668E-17
9177.78539146624  4.499028734231017E-17
9181.4469159878  4.183247572305224E-17
9185.10842859619  4.015605193664816E-17
9188.76992886038  3.966576544397574E-17
9192.43141634853  4.313162243207087E-17
9196.09289062799  4.088289554089851E-17
9199.75435126531  4.069843426429919E-17
9203.41579782624  4.108029061355572E-17
9207.0772298757  3.851365836064453E-17
9210.73864697781  4.083162026908758E-17
9214.40004869587  4.341386969196376E-17
9218.06143459237  4.094097685478954E-17
9221.72280422894  4.489252782879621E-17
9225.38415716643  4.039732066899518E-17
9229.04549296484  4.110651223897365E-17
9232.70681118334  4.284464369907418E-17
9236.36811138028  4.376949779835746E-17
9240.02939311315  4.380349823025584E-17
9243.69065593863  4.440910031776307E-17
9247.35189941254  4.315741723229272E-17
9251.01312308986  3.919679043260512E-17
9254.67432652471  4.083301985868402E-17
9258.33550927041  3.921784383355582E-17
9261.99667087936  4.586917336059267E-17
9265.65781090316  3.935768037046914E-17
9269.31892889252  3.825374497729056E-17
9272.98002439732  4.360099779885795E-17
9276.64109696653  4.109308544327069E-17
9280.30214614831  3.917532675007059E-17
9283.96317148992  4.491040816491715E-17
9287.62417253776  4.190137655935545E-17
9291.28514883733  4.334828750427811E-17
9294.94609993331  4.213009861617126E-17
9298.60702536944  4.652449892908167E-17
9302.26792468863  4.248997181346859E-17
9305.92879743287  4.680393708361433E-17
9309.58964314327  5.572235360269976E-17
9313.25046136007  6.478924573301600E-17
9316.9112516226  3.988087210790892E-17
9320.5720134693  3.705003505862585E-17
9324.23274643772  6.395304554306370E-17
9327.89345006449  3.953516024269851E-17
9331.55412388536  5.401134704924608E-17
9335.21476743516  5.058652152825603E-17
9338.87538024782  4.774696268659420E-17
9342.53596185636  3.685626303705163E-17
9346.19651179287  4.541231489083472E-17
9349.85702958855  4.550252389971730E-17
9353.51751477366  5.037458792915259E-17
9357.17796687756  4.857965232202683E-17
9360.83838542865  5.072775434604333E-17
9364.49876995444  5.258199218564425E-17
9368.15911998149  5.421051890585904E-17
9371.81943503544  4.264801625002541E-17
9375.47971464098  2.717235538113615E-17
9379.13995832188  4.410671948176062E-17
9382.80016560096  4.528947856987059E-17
9386.4603360001  4.844923240920681E-17
9390.12046904022  4.708324950669390E-17
9393.78056424132  3.915816440672134E-17
9397.44062112243  3.752371838204311E-17
9401.10063920163  5.104022016807401E-17
9404.76061799604  4.538266873768082E-17
9408.42055702182  4.492861606456067E-17
9412.08045579419  4.469075200761492E-17
9415.74031382738  4.981269406521267E-17
9419.40013063465  4.685323043067760E-17
9423.05990572833  4.720563915012724E-17
9426.71963861973  4.310927532064214E-17
9430.3793288192  4.208343901217838E-17
9434.03897583614  4.261560400490314E-17
9437.69857917892  5.949947203785370E-17
9441.35813835498  4.798773180185123E-17
9445.01765287074  4.653401150612604E-17
9448.67712223162  3.184622859016495E-17
9452.3365459421  4.514763032970757E-17
9455.99592350561  5.225619221213921E-17
9459.65525442462  5.252817250626908E-17
9463.3145382006  4.281906396581158E-17
9466.97377433398  4.792965710540511E-17
9470.63296232424  4.374601910385075E-17
9474.29210166981  4.317916546495797E-17
9477.95119186814  5.783161784259569E-17
9481.61023241564  4.092885700445441E-17
9485.26922280772  4.208326695861097E-17
9488.92816253878  4.435373877372612E-17
9492.58705110219  4.337620981303545E-17
9496.24588799029  4.560754936773194E-17
9499.9046726944  5.019054024285953E-17
9503.56340470482  4.557083578342439E-17
9507.22208351081  4.101403344649022E-17
9510.8807086006  3.931329055007708E-17
9514.53927946137  4.764827673079416E-17
9518.19779557927  4.335642696150562E-17
9521.85625643944  6.049353137590562E-17
9525.5146615259  5.463585186811136E-17
9529.1730103217  4.257337147154863E-17
9532.8313023088  3.889227216189985E-17
9536.48953696812  5.073503022671133E-17
9540.1477137795  3.526280215736417E-17
9543.80583222176  4.425318008101927E-17
9547.46389177263  3.859510587247895E-17
9551.1218919088  4.764952742788034E-17
9554.77983210588  4.345770033826173E-17
9558.4377118384  4.119653595939902E-17
9562.09553057984  4.329590711916880E-17
9565.7532878026  4.854615812466333E-17
9569.41098297799  5.089320039472129E-17
9573.06861557627  4.333378868250127E-17
9576.72618506657  3.648453799593765E-17
9580.383690917  3.604736311603602E-17
9584.04113259452  4.178974357260775E-17
9587.69850956503  3.933437372952985E-17
9591.35582129335  4.162345710842743E-17
9595.01306724317  4.363901832853334E-17
9598.67024687711  4.222336157587539E-17
9602.32735965668  4.160628483891083E-17
9605.98440504227  3.990644853244907E-17
9609.6413824932  3.071640575253592E-17
9613.29829146765  3.400901141569304E-17
9616.9551314227  4.669429263905921E-17
9620.61190181432  3.250433679423459E-17
9624.26860209735  3.670449193826039E-17
9627.92523172552  3.235004114021385E-17
9631.58179015144  3.485400949864047E-17
9635.23827682659  3.621072797829279E-17
9638.89469120132  3.511437286824766E-17
9642.55103272485  3.829230152000289E-17
9646.20730084527  3.518415051600018E-17
9649.86349500955  3.378700937417362E-17
9653.51961466349  4.169810850434912E-17
9657.17565925177  3.545870168747389E-17
9660.83162821792  3.324519945550648E-17
9664.48752100432  3.628871125772184E-17
9668.14333705222  4.264899563187069E-17
9671.79907580169  4.686012580826385E-17
9675.45473669166  3.673013122852709E-17
9679.11031915991  4.539891787363382E-17
9682.76582264305  3.996630993901830E-17
9686.42124657653  3.356090120809347E-17
9690.07659039464  3.216914335769341E-17
9693.73185353048  4.047948948232376E-17
9697.38703541601  3.874085840513324E-17
9701.04213548201  3.303526432476298E-17
9704.69715315807  4.082608146770592E-17
9708.3520878726  3.627826562094652E-17
9712.00693905285  4.520752151477886E-17
9715.66170612487  3.566355792925632E-17
9719.31638851353  4.037247216339409E-17
