9113.91815444626  9.416471203856689E-15
9110.37787510822  1.721495531846126E-14
9106.83842977284  1.557005121621130E-14
9103.29981682828  1.186754314882067E-14
9099.76203466502  9.072464018922405E-15
9096.2250816758  7.775591355139131E-15
9092.68895625563  4.975042933500450E-15
9089.15365680179  3.606721770066856E-15
9085.61918171384  2.049426497309644E-15
9082.08552939363  2.264590230087655E-15
9078.55269824526  1.725853241074042E-15
9075.02068667512  1.896587448790604E-15
9071.48949309186  2.050795937827118E-15
9067.95911590642  1.052473588830779E-15
9064.42955353201  1.287092397857801E-15
9060.9008043841  1.153080562415619E-15
9057.37286688046  1.066069420546276E-15
9053.84573944112  1.090898814966497E-15
9050.31942048838  9.168289915036465E-16
9046.79390844682  8.209385091273555E-16
9043.26920174329  1.427833592428562E-15
9039.74529880692  1.298200176169857E-15
9036.22219806913  9.900664247385687E-16
9032.69989796358  5.963144241801387E-16
9029.17839692622  6.063117952379037E-16
9025.65769339529  2.428808478038787E-16
9022.13778581127  3.015374029452061E-16
9018.61867261696  3.407388553677436E-16
9015.10035225739  1.069071186197338E-16
9011.58282317989  2.151209840839542E-16
9008.06608383406  2.463803908952394E-16
9004.55013267177  1.117120784491563E-16
9001.03496814717  -7.159684291265390E-17
8997.52058871668  -3.129698066342974E-16
8994.00699283899  -1.411139287722229E-16
8990.49417897508  -9.544764296355481E-18
8986.98214558819  2.676082012237346E-16
8983.47089114384  1.844425227604774E-16
8979.96041410982  2.155692630363988E-16
8976.4507129562  1.740771291220203E-16
8972.94178615532  1.718295404313708E-16
8969.4336321818  1.032893813450065E-16
8965.92624951254  7.667679066491357E-17
8962.41963662668  1.608216458326417E-16
8958.91379200568  1.887757712650630E-16
8955.40871413325  4.319747924371989E-17
8951.90440149538  3.647260674278218E-17
8948.40085258032  1.332070217933918E-16
8944.89806587863  1.362070139692196E-16
8941.39603988311  1.049494401901718E-16
8937.89477308884  9.922464228470053E-17
8934.39426399318  5.267088763171409E-17
8930.89451109578  7.994215561613810E-17
8927.39551289854  9.500068088264546E-17
8923.89726790564  1.480343732397478E-16
8920.39977462355  1.940718844724399E-16
8916.90303156099  2.143872550282850E-16
8913.40703722898  1.025549773099575E-16
8909.91179014079  8.255012373861980E-17
8906.41728881198  3.129136907015418E-17
8902.92353176037  8.375358550310075E-17
8899.43051750609  7.572691600646179E-17
8895.93824457149  9.869997816577042E-17
8892.44671148125  1.008347195685330E-16
8888.95591676227  5.802940665322445E-17
8885.46585894378  3.670622240010186E-17
8881.97653655724  3.366099337093484E-17
8878.4879481364  2.370224172160882E-17
8875.00009221729  4.872092153576108E-18
8871.51296733821  -3.095449811133074E-17
8868.02657203974  -7.111363543166371E-18
8864.54090486472  -7.166337139496032E-18
8861.05596435827  3.306795450257107E-17
8857.5717490678  1.305170569111490E-16
8854.08825754297  4.953784510871845E-17
8850.60548833573  3.538158860204924E-17
8847.12344000031  -4.549844093621374E-17
8843.64211109319  -5.345194796203362E-17
8840.16150017315  9.251550896286818E-19
8836.68160580123  3.574834063332055E-17
8833.20242654074  6.392319424911789E-17
8829.72396095729  4.951759572732316E-17
8826.24620761874  2.829265075246979E-17
8822.76916509522  1.826850882136023E-17
8819.29283195916  2.316144923509512E-17
8815.81720678525  2.119826178265363E-17
8812.34228815044  2.525618776984431E-18
8808.86807463399  1.689031011556113E-17
8805.39456481739  4.579116030266156E-17
8801.92175728445  3.520200438234152E-17
8798.44965062122  8.811158986905882E-17
8794.97824341604  8.276329810864206E-17
8791.50753425952  1.242692492479727E-16
8788.03752174455  7.665920811381315E-17
8784.56820446628  6.569704667679089E-17
8781.09958102215  1.337659080286245E-17
8777.63165001187  3.255946672770003E-17
8774.16441003743  4.062531149814950E-17
8770.69785970307  5.028807145452444E-17
8767.23199761533  4.736880879775945E-17
8763.76682238302  5.091492215760693E-17
8760.30233261722  3.872617429489921E-17
8756.83852693129  3.453190867683477E-17
8753.37540394084  4.152419543492108E-17
8749.91296226379  4.393227701674055E-17
8746.45120052032  6.741232809965026E-17
8742.99011733287  5.735527430632845E-17
8739.52971132618  7.154025052386549E-17
8736.06998112724  6.186937096259773E-17
8732.61092536534  6.181140214527002E-17
8729.15254267202  5.725380240622533E-17
8725.69483168111  7.980862219549244E-17
8722.2377910287  6.252717145547950E-17
8718.78141935317  6.037653495006613E-17
8715.32571529517  5.933913796536131E-17
8711.87067749762  4.741973665371312E-17
8708.41630460571  4.578704756065595E-17
8704.96259526692  4.303301588560965E-17
8701.509548131  4.034484763965727E-17
8698.05716184996  4.660382554982550E-17
8694.60543507809  3.556520284570131E-17
8691.15436647197  4.755954341212437E-17
8687.70395469045  6.123195220000926E-17
8684.25419839462  5.672616043709001E-17
8680.8050962479  7.292285313924583E-17
8677.35664691594  5.753101379054901E-17
8673.90884906669  7.442177058364092E-17
8670.46170137036  7.876429674597690E-17
8667.01520249944  6.586611577655185E-17
8663.56935112869  6.826598510924988E-17
8660.12414593515  8.418898690776904E-17
8656.67958559814  7.984969667598937E-17
8653.23566879925  7.144139913194297E-17
8649.79239422232  5.943924667181494E-17
8646.34976055351  4.104935405864623E-17
8642.90776648121  8.099997403580562E-17
8639.46641069613  5.068318254591651E-17
8636.0256918912  4.541005834212368E-17
8632.58560876167  5.874211208644505E-17
8629.14616000505  7.625707260465928E-17
8625.70734432112  5.976403086752775E-17
8622.26916041193  5.765413797036631E-17
8618.83160698182  7.670112962725735E-17
8615.39468273739  7.746289679696967E-17
8611.95838638752  7.734596654557917E-17
8608.52271664336  6.907070611381088E-17
8605.08767221835  7.150429132827660E-17
8601.65325182819  5.668146621423254E-17
8598.21945419085  5.466271538568463E-17
8594.78627802659  4.770416767042314E-17
8591.35372205793  4.077181511079998E-17
8587.92178500968  4.419126064908601E-17
8584.49046560891  4.721707078619273E-17
8581.05976258496  4.612982789777547E-17
8577.62967466947  4.917854762912746E-17
8574.20020059633  3.541165165423187E-17
8570.77133910171  5.916838803459567E-17
8567.34308892407  8.133424103006076E-17
8563.91544880412  7.244296926995686E-17
8560.48841748486  7.808577703311190E-17
8557.06199371156  5.938970847929038E-17
8553.63617623176  6.237471214241861E-17
8550.21096379528  6.760549131629365E-17
8546.78635515422  6.666881184297329E-17
8543.36234906295  4.638189299147754E-17
8539.9389442781  4.365022497147222E-17
8536.5161395586  4.149230927666837E-17
8533.09393366563  4.494447807998699E-17
8529.67232536266  4.938752984780531E-17
8526.25131341543  2.305548243554341E-17
8522.83089659196  2.855638571025375E-17
8519.41107366254  6.724902279439759E-17
8515.99184339971  6.078721358058646E-17
8512.57320457834  6.404441922224877E-17
8509.15515597552  5.888588269435167E-17
8505.73769637065  7.558321819044905E-17
8502.32082454537  5.317069001015334E-17
8498.90453928364  5.559995072437661E-17
8495.48883937166  5.871794517766869E-17
8492.07372359791  5.445985430353967E-17
8488.65919075315  3.972137183347401E-17
8485.24523963042  8.495010060479746E-18
8481.83186902501  4.008789556289625E-17
8478.41907773452  5.514980565247017E-17
8475.0068645588  5.953249308790682E-17
8471.59522829998  6.641270349043708E-17
8468.18416776246  7.109765595659043E-17
8464.77368175293  6.774720389883624E-17
8461.36376908033  8.152661677076098E-17
8457.9544285559  7.365353817026088E-17
8454.54565899313  1.044728385735535E-16
8451.13745920781  8.269243189120343E-17
8447.72982801798  3.500225019057732E-17
8444.32276424398  5.144175348974195E-17
8440.9162667084  6.145224694074437E-17
8437.51033423611  7.197272701788782E-17
8434.10496565427  7.836497365090568E-17
8430.7001597923  5.856924457331126E-17
8427.29591548189  7.164544804544753E-17
8423.89223155702  6.694228437092824E-17
8420.48910685393  1.455307026663417E-16
8417.08654021115  1.665454312690433E-16
8413.68453046947  1.395303477377718E-16
8410.28307647196  6.527840726005537E-17
8406.88217706396  5.334005358621234E-17
8403.48183109309  1.970640680632851E-17
8400.08203740926  6.138368359413108E-17
8396.68279486461  5.840853992390446E-17
8393.2841023136  6.626609399866818E-17
8389.88595861293  5.479477973356239E-17
8386.48836262161  7.985350170680714E-17
8383.09131320089  3.513248150621767E-17
8379.69480921432  4.094297863187192E-17
8376.29884952771  3.955457251731391E-17
8372.90343300914  6.649937878374284E-17
8369.50855852898  1.053167083821454E-16
8366.11422495987  2.066761582440575E-16
8362.72043117672  2.055254904549921E-16
8359.32717605671  1.417883655215844E-16
8355.9344584793  9.791117873363985E-17
8352.54227732623  7.174571557057875E-17
8349.1506314815  3.686082907403292E-17
8345.75951983141  6.481523905658487E-17
8342.3689412645  4.857607228433569E-17
8338.97889467162  5.284749730993906E-17
8335.58937894585  4.347559721799492E-17
8332.2003929826  5.040703657022182E-17
8328.81193567951  5.178154274176649E-17
8325.42400593651  6.987270073107288E-17
8322.0366026558  6.964171881682358E-17
8318.64972474187  1.072377526367386E-16
8315.26337110147  1.075673410974491E-16
8311.87754064362  8.187513112388673E-17
8308.49223227963  9.647368441281049E-17
8305.10744492307  7.649318303870642E-17
8301.7231774898  7.715558927323888E-17
8298.33942889793  4.808258625705390E-17
8294.95619806787  5.299693245068044E-17
8291.57348392229  8.242712529025562E-17
8288.19128538614  5.561679212164820E-17
8284.80960138664  5.821443041264032E-17
8281.4284308533  6.281250906214088E-17
8278.04777271787  6.043747500015412E-17
8274.6676259144  6.604383387679764E-17
8271.28798937922  6.601845597560451E-17
8267.90886205093  7.179906541136599E-17
8264.53024287038  6.332947709265182E-17
8261.15213078072  6.144001128512350E-17
8257.77452472738  7.233852613709346E-17
8254.39742365804  6.982809915244403E-17
8251.02082652267  6.498767643580012E-17
8247.6447322735  4.882143721507608E-17
8244.26913986506  5.479431982114181E-17
8240.89404825414  4.322493833133420E-17
8237.5194563998  5.216869966438824E-17
8234.14536326338  3.888082067349967E-17
8230.77176780848  5.606998121820884E-17
8227.39866900101  5.300283852025407E-17
8224.02606580911  4.999949129986186E-17
8220.65395720323  6.398791286024405E-17
8217.28234215608  4.927190654178265E-17
8213.91121964264  5.643945963677913E-17
8210.54058864017  6.414023320696200E-17
8207.1704481282  5.423206861517727E-17
8203.80079708855  6.473490327549374E-17
8200.43163450529  5.977810617283095E-17
8197.06295936479  5.159614840543619E-17
8193.69477065566  4.451744443439526E-17
8190.32706736883  5.229060292562142E-17
8186.95984849747  5.371766153584280E-17
8183.59311303703  4.950326895911373E-17
8180.22685998525  4.453282999378874E-17
8176.86108834213  4.507869640617983E-17
8173.49579710993  5.371953096402717E-17
8170.13098529323  4.270965113182796E-17
8166.76665189884  4.814618321126944E-17
8163.40279593586  4.895819664011070E-17
8160.03941641567  4.065943104405609E-17
8156.67651235192  6.444998918530597E-17
8153.31408276054  5.321216153734430E-17
8149.95212665972  5.869570394535838E-17
8146.59064306993  6.007763819880375E-17
8143.22963101393  5.720399289845985E-17
8139.86908951673  6.320517500764227E-17
8136.50901760563  6.391192474045245E-17
8133.1494143102  6.379632459548695E-17
8129.79027866229  6.352897982150982E-17
8126.43160969601  5.132118695237865E-17
8123.07340644777  6.301021184598596E-17
8119.71566795622  5.355814802651806E-17
8116.35839326231  4.559843714610406E-17
8113.00158140926  5.941876567984813E-17
8109.64523144256  5.058895674797938E-17
8106.28934240998  3.794759219769489E-17
8102.93391336155  5.689331047782983E-17
8099.57894334958  4.960335450451020E-17
8096.22443142868  6.123853655768519E-17
8092.8703766557  4.926728094779725E-17
8089.51677808978  6.747438649792645E-17
8086.16363479233  5.930975651000343E-17
8082.81094582704  6.785812551025714E-17
8079.45871025987  7.776950287154104E-17
8076.10692715905  6.847038474733420E-17
8072.7555955951  7.271973066802730E-17
8069.4047146408  5.984545190958257E-17
8066.05428337121  6.517952939835323E-17
8062.70430086365  5.227556147336275E-17
8059.35476619775  6.433502431505089E-17
8056.00567845537  4.598413161340284E-17
8052.65703672069  5.749093854423204E-17
8049.30884008012  5.870972631110237E-17
8045.96108762237  5.644065739430612E-17
8042.61377843842  5.758728192453731E-17
8039.26691162153  6.545795839253859E-17
8035.92048626723  4.926800886673631E-17
8032.57450147331  5.928022285341284E-17
8029.22895633985  7.933420433569122E-17
8025.88384996921  5.539873407728941E-17
8022.53918146601  5.178427243778791E-17
8019.19494993715  5.958364593698709E-17
8015.8511544918  7.013749778876338E-17
8012.50779424142  5.524100066064290E-17
8009.16486829973  4.678491854697052E-17
8005.82237578273  2.696442533619747E-17
8002.48031580868  5.098309507497109E-17
7999.13868749814  4.387986023568429E-17
7995.79748997392  5.414706091798642E-17
7992.45672236113  4.791505240450987E-17
7989.11638378713  5.452738532874850E-17
7985.77647338157  4.943880511961625E-17
7982.43699027636  6.261364160799334E-17
7979.09793360569  9.808038018229879E-17
7975.75930250605  8.330735795857535E-17
7972.42109611616  8.241745058581118E-17
7969.08331357704  6.069356350035564E-17
7965.74595403198  5.514623554094638E-17
7962.40901662656  5.382086389778737E-17
7959.07250050861  5.657151074976709E-17
7955.73640482823  6.236763809382007E-17
7952.40072873783  6.168172669500129E-17
7949.06547139206  6.025601804353960E-17
7945.73063194787  5.239305089884734E-17
7942.39620956445  5.472814537213758E-17
7939.06220340331  4.737844048881202E-17
7935.72861262819  3.787276213076089E-17
7932.39543640513  4.481850178141761E-17
7929.06267390245  3.267007401048816E-17
7925.73032429072  5.050551407650748E-17
7922.39838674281  6.671534571551308E-17
7919.06686043384  5.722182691246649E-17
7915.73574454123  4.183626090153528E-17
7912.40503824464  4.237534443290344E-17
7909.07474072605  4.551100084663474E-17
7905.74485116968  7.037078919128292E-17
7902.41536876203  6.834250262463350E-17
7899.08629269189  5.462869510145155E-17
7895.7576221503  4.816210809242230E-17
7892.42935633059  4.815031911433219E-17
7889.10149442837  7.249801979408348E-17
7885.77403564151  5.614722665253149E-17
7882.44697917016  4.957858540824791E-17
7879.12032421675  3.858079895660424E-17
7875.79406998597  5.200104669783600E-17
7872.46821568481  6.601589502442805E-17
7869.14276052251  7.765476961185747E-17
7865.81770371059  9.002006759578607E-17
7862.49304446284  7.840384452225079E-17
7859.16878199535  7.250939518186733E-17
7855.84491552646  7.408264638482887E-17
7852.52144427678  6.054621947220280E-17
7849.19836746921  4.936884218340651E-17
7845.87568432892  6.181354619741775E-17
7842.55339408336  6.336575392559595E-17
7839.23149596224  6.177214084467578E-17
7835.90998919756  6.662258899034384E-17
7832.58887302357  6.405437185937900E-17
7829.26814667683  7.349895465738695E-17
7825.94780939615  6.319132469546567E-17
7822.62786042262  5.781269195018047E-17
7819.30829899959  6.641750113798988E-17
7815.98912437272  6.364130433124961E-17
7812.67033578992  5.996355344872046E-17
7809.35193250137  5.374605037446562E-17
7806.03391375953  4.561367381298729E-17
7802.71627881914  5.320849878159190E-17
7799.39902693721  4.335256899112868E-17
7796.08215737303  4.476154543315966E-17
7792.76566938816  6.297707829936954E-17
7789.44956224642  7.633654150046846E-17
7786.13383521394  5.850255396360479E-17
7782.81848755908  7.213386841865804E-17
7779.50351855252  7.324427567294923E-17
7776.18892746717  6.576113663065151E-17
7772.87471357825  7.825884306959269E-17
7769.56087616324  6.265157280216257E-17
7766.24741450188  5.865239938592999E-17
7762.93432787622  4.912415223204598E-17
7759.62161557056  5.492376035211656E-17
7756.30927687146  6.052115259091999E-17
7752.99731106779  7.164910087503256E-17
7749.68571745067  7.413594990350179E-17
7746.37449531351  9.656482648142404E-17
7743.06364395197  7.600760816680307E-17
7739.75316266401  7.301089824364598E-17
7736.44305074985  7.141643151233365E-17
7733.133307512  8.118045822801979E-17
7729.82393225521  1.077511273946685E-16
7726.51492428655  8.495243490848610E-17
7723.20628291534  1.048426544818137E-16
7719.89800745317  7.101757825585037E-17
7716.5900972139  6.955204582097795E-17
7713.2825515137  7.691324520609553E-17
7709.97536967097  6.540006236710476E-17
7706.66855100641  6.719836625368484E-17
7703.36209484299  6.186113886114162E-17
7700.05600050596  6.042965318028183E-17
7696.75026732282  6.166327064117401E-17
7693.44489462337  6.505263989238758E-17
7690.13988173968  6.168805297232610E-17
7686.83522800609  7.981680797483427E-17
7683.53093275921  7.175310063908764E-17
7680.22699533793  7.256909115231405E-17
7676.92341508341  6.577429211111356E-17
7673.6201913391  7.960017929857398E-17
7670.31732345071  6.153369445257881E-17
7667.01481076621  6.997368294025337E-17
7663.71265263588  6.654136647163603E-17
7660.41084841225  4.497766456616260E-17
7657.10939745013  7.049201416441379E-17
7653.8082991066  5.280739559384249E-17
7650.50755274103  9.097742658442026E-17
7647.20715771504  7.911244052218822E-17
7643.90711339254  7.298367407532562E-17
7640.60741913973  5.714307931815144E-17
7637.30807432504  5.945348079579575E-17
7634.00907831921  4.200031397806170E-17
7630.71043049526  6.209798383157268E-17
7627.41213022845  5.725797139651261E-17
7624.11417689634  4.264818830359284E-17
7620.81656987877  5.876078651595405E-17
7617.51930855783  2.039849724432305E-17
7614.2223923179  2.505023013707626E-17
7610.92582054563  2.020015918576754E-17
7607.62959262995  3.647189536745538E-17
7604.33370796206  4.350523013625902E-17
7601.03816593543  4.418457041229167E-17
7597.74296594582  4.399028553873766E-17
7594.44810739124  5.730161344563090E-17
7591.153589672  6.249265486287889E-17
7587.85941219067  6.158444363752016E-17
7584.56557435209  6.136059532887351E-17
7581.27207556339  7.631784060117986E-17
7577.97891523395  6.627735027244381E-17
7574.68609277546  7.984364171390549E-17
7571.39360760186  6.706076972187031E-17
7568.10145912936  6.959123432967824E-17
7564.80964677646  6.035123645821180E-17
7561.51816996393  7.057856372626645E-17
7558.2270281148  8.171768225737094E-17
7554.9362206544  6.691472933036289E-17
7551.64574701031  6.309909736588847E-17
7548.35560661241  6.346136276951729E-17
7545.06579889282  6.466538701681477E-17
7541.77632328598  6.447512224103777E-17
7538.48717922855  7.117692632905258E-17
7535.19836615951  6.862592117227377E-17
7531.90988352009  6.863548999759978E-17
7528.62173075381  7.014158736971182E-17
7525.33390730645  6.929140451868493E-17
7522.04641262608  6.816772266992350E-17
7518.75924616301  5.978602725437676E-17
7515.47240736988  6.669829256000470E-17
7512.18589570156  6.042378350665515E-17
7508.8997106152  5.566980447274549E-17
7505.61385157025  6.541115982220278E-17
7502.3283180284  6.006981637893147E-17
7499.04310945364  6.102585849603046E-17
7495.75822531223  6.600359319435815E-17
7492.47366507269  6.856724428834169E-17
7489.18942820584  6.463477471670541E-17
7485.90551418473  6.889156526291150E-17
7482.62192248475  6.140341681482416E-17
7479.3386525835  6.934331175648384E-17
7476.05570396089  7.060876574479200E-17
7472.7730760991  6.693811538064097E-17
7469.49076848259  7.124190302052988E-17
7466.20878059806  7.510479677648311E-17
7462.92711193453  6.879385868895672E-17
7459.64576198327  6.359827770450707E-17
7456.36473023783  6.216082308834711E-17
7453.08401619402  6.381459536085703E-17
7449.80361934996  5.998748212948039E-17
7446.523539206  6.070552122329071E-17
7443.2437752648  6.896909524736487E-17
7439.96432703128  6.146127975303347E-17
7436.68519401262  7.026536667657426E-17
7433.40637571831  6.270389693899023E-17
7430.12787166008  6.796927211480467E-17
7426.84968135196  5.657982887800693E-17
7423.57180431023  6.347310211677063E-17
7420.29424005346  5.784873055510817E-17
7417.01698810249  6.206151509272644E-17
7413.74004798044  7.375926508743495E-17
7410.46341921271  6.781221367753800E-17
7407.18710132694  7.060686653810556E-17
7403.9110938531  6.661392675496919E-17
7400.63539632337  6.516386590627392E-17
7397.36000827226  7.578906704896657E-17
7394.08492923653  6.671318842847552E-17
7390.81015875521  6.069466861365403E-17
7387.53569636962  6.230857078063888E-17
7384.26154162333  6.396277980451223E-17
7380.98769406222  5.695638134517576E-17
7377.71415323441  5.274165127875678E-17
7374.44091869031  4.805186807782614E-17
7371.1679899826  5.901854922971537E-17
7367.89536666625  6.604372799767923E-17
7364.62304829848  6.888136116287503E-17
7361.35103443881  6.770893521497707E-17
7358.079324649  6.308301035733554E-17
7354.80791849312  7.336569255198222E-17
7351.5368155375  8.047822159263168E-17
7348.26601535073  6.511840405980802E-17
7344.99551750371  6.760889930041736E-17
7341.72532156958  6.555035777568320E-17
7338.45542712376  6.549342789720485E-17
7335.18583374396  6.677308292226929E-17
7331.91654101016  5.452888418001845E-17
7328.6475485046  5.933612702793162E-17
7325.37885581181  7.003486121835779E-17
7322.11046251859  7.059960058360490E-17
7318.84236821401  5.947840871073566E-17
7315.57457248943  7.202176890204486E-17
7312.30707493845  6.615364375747527E-17
7309.03987515698  6.468828999361514E-17
7305.7729727432  6.773447193484782E-17
7302.50636729754  6.467168682435997E-17
7299.24005842272  6.356348317922062E-17
7295.97404572375  6.434119839114299E-17
7292.70832880788  5.575617536358583E-17
7289.44290728467  4.967834008139936E-17
7286.17778076592  5.018433638826539E-17
7282.91294886573  5.202875724835652E-17
7279.64841120048  6.085887389141314E-17
7276.38416738879  6.053405660847582E-17
7273.12021705158  6.178654702222402E-17
7269.85655981204  6.524042974377184E-17
7266.59319529565  6.637602961079894E-17
7263.33012313012  6.620900530151223E-17
7260.06734294548  6.354686677507568E-17
7256.80485437402  5.516985981924089E-17
7253.54265705029  5.352863422226218E-17
7250.28075061113  5.840523120145425E-17
7247.01913469566  6.139042015303973E-17
7243.75780894525  5.918577867979399E-17
7240.49677300357  6.513519251752040E-17
7237.23602651655  6.170814353504381E-17
7233.97556913239  6.595150728554692E-17
7230.71540050158  7.057981442335261E-17
7227.45552027689  6.893230887116340E-17
7224.19592811332  6.832607812639064E-17
7220.9366236682  6.772059515289163E-17
7217.6776066011  6.387560158539404E-17
7214.41887657388  7.470486487648106E-17
7211.16043325067  6.141096731945554E-17
7207.90227629786  6.469167150795927E-17
7204.64440538414  5.966765439999798E-17
7201.38682018046  6.818728383704915E-17
7198.12952036004  7.012833262757628E-17
7194.87250559839  7.496363344186725E-17
7191.61577557328  7.810865354013268E-17
7188.35932996475  6.791733178978123E-17
7185.10316845515  7.366127396334944E-17
7181.84729072905  6.372062102582609E-17
7178.59169647334  6.614775423151391E-17
7175.33638537716  7.072844223581614E-17
7172.08135713193  6.532367720061918E-17
7168.82661143135  7.700600854870969E-17
7165.57214797139  7.685232500834224E-17
7162.3179664503  6.856600020870042E-17
7159.0640665686  6.699104170495457E-17
7155.81044802906  7.495084192087474E-17
7152.55711053678  7.502668445687850E-17
7149.30405379908  6.779831704324711E-17
7146.05127752558  7.122079998874242E-17
7142.79878142819  6.862576235359616E-17
7139.54656522105  6.566334402991305E-17
7136.29462862061  6.796853096097582E-17
7133.04297134559  7.366552898042043E-17
7129.79159311697  6.539795801962643E-17
7126.54049365802  6.467396322540572E-17
7123.28967269427  7.259810203075751E-17
7120.03912995354  7.324004050821296E-17
7116.78886516592  7.760631006285167E-17
7113.53887806375  6.802296606272672E-17
7110.28916838169  6.974122533579125E-17
7107.03973585663  6.006646133436696E-17
7103.79058022777  6.629414534760108E-17
7100.54170123656  6.641118147810999E-17
7097.29309862673  7.442295510627810E-17
7094.04477214429  6.803070847326021E-17
7090.79672153753  7.224255995114752E-17
7087.54894655699  7.249658380854009E-17
7084.30144695551  7.359895748472217E-17
7081.0542224882  8.383404701564501E-17
7077.80727291243  7.139960334995187E-17
7074.56059798785  6.266497974553084E-17
7071.3141974764  7.226020205925204E-17
7068.06807114228  6.451845988769066E-17
7064.82221875196  7.783002602260030E-17
7061.57664007419  7.051603548940232E-17
7058.33133488001  7.783768240635009E-17
7055.0863029427  7.428073298047818E-17
7051.84154403785  7.656958144008179E-17
7048.5970579433  7.424280840375384E-17
7045.35284443918  7.277250479110819E-17
7042.10890330789  7.522163438364498E-17
7038.86523433409  7.460770755045303E-17
7035.62183730473  7.156089033450991E-17
7032.37871200904  8.270166984428442E-17
7029.1358582385  6.950689499442233E-17
7025.89327578689  7.663810508202571E-17
7022.65096445026  9.034695613897723E-17
7019.40892402692  8.819101244275373E-17
7016.16715431746  8.586257842775573E-17
7012.92565512475  9.714218531409624E-17
7009.68442625393  9.652372553114750E-17
7006.44346751243  8.812649235497460E-17
7003.20277870992  8.540801952010070E-17
6999.96235965837  7.594721074719689E-17
6996.72221017203  6.711719005709135E-17
6993.48233006741  7.777968711924278E-17
6990.24271916329  7.811474820688597E-17
6987.00337728073  7.650595470736422E-17
6983.76430424308  7.404250496406290E-17
6980.52549987595  8.087185368508851E-17
6977.28696400721  7.442100957747737E-17
6974.04869646704  8.059157180633103E-17
6970.81069708786  7.577962395509365E-17
6967.57296570439  7.701480313298234E-17
6964.3355021536  7.030803596129220E-17
6961.09830627476  7.309466847864044E-17
6957.8613779094  7.422520600031871E-17
6954.62471690132  7.393481928319829E-17
6951.3883230966  7.294428042583339E-17
6948.15219634361  6.365905893591746E-17
6944.91633649296  6.436103087350957E-17
6941.68074339756  7.153884762554660E-17
6938.4454169126  6.772430753948077E-17
6935.21035689552  7.492442508083224E-17
6931.97556320606  7.883857094753926E-17
6928.74103570621  6.821410434123055E-17
6925.50677426025  7.939529658701194E-17
6922.27277873472  7.241604288665703E-17
6919.03904899847  6.415911277726292E-17
6915.80558492258  6.724913529096090E-17
6912.57238638042  6.568429486046778E-17
6909.33945324765  7.370577628030482E-17
6906.10678540219  6.987045079980674E-17
6902.87438272424  6.951407492213929E-17
6899.64224509626  7.939855236990296E-17
6896.41037240301  6.656409077742408E-17
6893.17876453149  6.376773061607222E-17
6889.94742137102  6.145306750391203E-17
6886.71634281315  7.200763403973756E-17
6883.48552875173  7.251415974219563E-17
6880.25497908288  6.902366269801375E-17
6877.02469370498  7.079095062034555E-17
6873.79467251871  8.247578336260843E-17
6870.56491542701  6.363739342131347E-17
6867.33542233509  6.765571772308787E-17
6864.10619315044  7.238906356379802E-17
6860.87722778283  6.782939256449949E-17
6857.64852614429  7.500976365026811E-17
6854.42008814913  7.877668460283050E-17
6851.19191371395  8.131741948512388E-17
6847.96400275761  7.451362733630371E-17
6844.73635520124  6.360464368650127E-17
6841.50897096825  7.501253635968140E-17
6838.28184998433  7.119399271945079E-17
6835.05499217744  6.915519103285459E-17
6831.8283974778  6.607805930182263E-17
6828.60206581794  7.312706748887292E-17
6825.37599713262  7.311956330635584E-17
6822.15019135892  7.313060120444974E-17
6818.92464843615  7.496649879550913E-17
6815.69936830593  7.253238418545139E-17
6812.47435091214  6.995703344888390E-17
6809.24959620092  7.246407230174432E-17
6806.02510412071  7.771446558230420E-17
6802.80087462222  7.358394250224311E-17
6799.57690765841  7.130791865085650E-17
6796.35320318455  7.443982959077417E-17
6793.12976115816  7.187530499406376E-17
6789.90658153903  7.120446151728327E-17
6786.68366428925  6.950049592520363E-17
6783.46100937316  8.064257245417859E-17
6780.2386167574  7.189707638778618E-17
6777.01648641085  7.567158754964935E-17
6773.79461830469  7.228745931479690E-17
6770.57301241237  7.315128733720848E-17
6767.35166870961  7.417771259826838E-17
6764.1305871744  6.632561791554749E-17
6760.90976778702  6.872115943928067E-17
6757.68921053001  7.279158288475611E-17
6754.46891538819  7.294647080009544E-17
6751.24888234865  7.034425985467712E-17
6748.02911140077  6.915720273610431E-17
6744.80960253618  8.170050337040944E-17
6741.59035574881  6.651493639670373E-17
6738.37137103484  8.451868786504290E-17
6735.15264839273  7.345585523875051E-17
6731.93418782324  8.066029397162195E-17
6728.71598932937  7.546606294593195E-17
6725.49805291641  6.853158287777332E-17
6722.28037859193  7.735593903504412E-17
6719.06296636576  6.778031759311796E-17
6715.84581625002  7.325592899341888E-17
6712.62892825909  7.556832232197820E-17
6709.41230240964  7.587174540555246E-17
6706.19593872059  7.767150513001064E-17
6702.97983721316  7.561192466642712E-17
6699.76399791084  7.333826986031485E-17
6696.54842083938  7.866419465696816E-17
6693.33310602681  6.755625090878959E-17
6690.11805350345  6.832824864831797E-17
6686.90326330187  7.109581630690810E-17
6683.68873545693  7.921446167021805E-17
6680.47447000576  6.947419819916934E-17
6677.26046698776  7.915660534945365E-17
6674.04672644462  7.416213513297277E-17
6670.83324842029  6.757181513919539E-17
6667.620032961  7.651336624565270E-17
6664.40708011525  7.716484046120966E-17
6661.19438993381  7.366487385337529E-17
6657.98196246974  7.083034426983779E-17
6654.76979777837  7.785329957631510E-17
6651.55789591728  6.952894432083055E-17
6648.34625694637  7.030026708097909E-17
6645.13488092778  6.686314634736406E-17
6641.92376792593  7.924760183427938E-17
6638.71291800752  7.099662080785074E-17
6635.50233124151  7.765638426841316E-17
6632.29200769917  7.333597360693442E-17
6629.08194745401  8.010475947223133E-17
6625.87215058182  7.272973624471676E-17
6622.66261716067  8.554576163570304E-17
6619.45334727092  8.416531630736024E-17
6616.24434099516  7.518715749571378E-17
6613.03559841832  7.560070809732089E-17
6609.82711962754  7.296056595773334E-17
6606.61890471227  6.889722317830137E-17
6603.41095376422  7.499197595837578E-17
6600.20326687739  7.489080184329319E-17
6596.99584414804  7.440748352010090E-17
6593.78868567472  7.990780445966001E-17
6590.58179155822  7.372906306890940E-17
6587.37516190166  7.629692947529452E-17
6584.16879681037  6.552683275906218E-17
6580.96269639201  7.283053978288490E-17
6577.75686075649  7.218357204730513E-17
6574.55129001598  7.564743387576278E-17
6571.34598428496  8.153249306183257E-17
6568.14094368015  7.202968998359066E-17
6564.93616832056  6.669246259104743E-17
6561.73165832748  6.598401879234271E-17
6558.52741382447  7.130119532683767E-17
6555.32343493736  7.135759580972399E-17
6552.11972179424  7.617704122603353E-17
6548.91627452552  7.456969694694501E-17
6545.71309326384  7.220883083449005E-17
6542.51017814413  7.931546373173324E-17
6539.30752930359  7.131351700924226E-17
6536.10514688171  7.443884359148401E-17
6532.90303102023  6.645348018591350E-17
6529.70118186319  7.644021700972341E-17
6526.49959955688  7.689408108566389E-17
6523.29828424989  7.397496070396427E-17
6520.09723609306  8.210853502296959E-17
6516.89645523952  7.658269721587444E-17
6513.69594184467  7.598284568798570E-17
6510.49569606618  8.161300089649113E-17
6507.295718064  7.124183684608086E-17
6504.09600800035  7.593750295552799E-17
6500.89656603973  8.437082767618784E-17
6497.69739234891  7.504948155456045E-17
6494.49848709695  8.342338823745938E-17
6491.29985045514  8.385513681254264E-17
6488.10148259711  7.285147076110495E-17
6484.9033836987  7.898173275051503E-17
6481.70555393807  7.433399679448170E-17
6478.50799349563  8.107211080266516E-17
6475.31070255407  8.538833923896683E-17
6472.11368129837  8.089438608497445E-17
6468.91692991577  8.570080836971998E-17
6465.72044859576  8.634056309035829E-17
6462.52423753017  7.438078874737259E-17
6459.32829691303  7.945495285278926E-17
6456.13262694069  7.443983620821907E-17
6452.93722781177  7.956746926843118E-17
6449.74209972715  8.295304672371683E-17
6446.54724289  7.919443066450448E-17
6443.35265750574  8.106716095387964E-17
6440.1583437821  8.423080915953974E-17
6436.96430192906  8.205541679275389E-17
6433.77053215887  8.044600787085640E-17
6430.57703468607  8.465869314680118E-17
6427.38380972747  8.077491473474221E-17
6424.19085750215  7.719083378477852E-17
6420.99817823146  8.284423607721915E-17
6417.80577213905  7.995115534120269E-17
6414.61363945082  7.746328060877390E-17
6411.42178039494  7.980015848346482E-17
6408.23019520187  7.898891929567691E-17
6405.03888410434  7.687811319111919E-17
6401.84784733736  8.091556190865581E-17
6398.65708513819  8.092839313431772E-17
6395.4665977464  7.843063193920771E-17
6392.27638540381  8.077742936380436E-17
6389.08644835453  8.455092143915287E-17
6385.89678684492  7.339427991395206E-17
6382.70740112364  8.287054703814325E-17
6379.51829144161  8.246933797127542E-17
6376.32945805203  8.717347441019509E-17
6373.14090121037  7.439386481849583E-17
6369.95262117439  7.438342910788787E-17
6366.7646182041  7.395400987340954E-17
6363.5768925618  8.232252333871461E-17
6360.38944451206  8.767321061418531E-17
6357.20227432173  7.724909376968186E-17
6354.01538225992  7.360866527639108E-17
6350.82876859803  7.620775940526131E-17
6347.64243360973  8.263574024074149E-17
6344.45637757095  7.712215794160193E-17
6341.27060075993  8.605289614309196E-17
6338.08510345715  7.974095882138559E-17
6334.89988594537  7.556930170382348E-17
6331.71494850964  7.836199580070051E-17
6328.53029143726  7.514911380498123E-17
6325.34591501784  7.242457939057858E-17
6322.16181954323  8.160258503821786E-17
6318.97800530757  8.609943001563173E-17
6315.79447260728  8.340037276409571E-17
6312.61122174104  8.198146684599162E-17
6309.4282530098  7.227844635484251E-17
6306.24556671682  8.122840161632337E-17
6303.06316316759  8.665063670605746E-17
6299.88104266991  8.043113847216517E-17
6296.69920553383  8.681652943226620E-17
6293.51765207167  7.871897386585391E-17
6290.33638259807  7.992359368319242E-17
6287.15539742988  7.823486144927355E-17
6283.97469688627  7.913775886637725E-17
6280.79428128868  8.005621389644181E-17
6277.6141509608  7.553047053714778E-17
6274.43430622862  7.802610091499988E-17
6271.25474742039  6.998759280943406E-17
6268.07547486663  6.407266909452867E-17
6264.89648890016  7.358023673309888E-17
6261.71778985605  7.483573146683185E-17
6258.53937807164  7.490444039723296E-17
6255.36125388657  8.325065969066848E-17
6252.18341764274  7.642026541334862E-17
6249.00586968432  7.948484385140450E-17
6245.82861035776  8.267216927491832E-17
6242.65164001178  7.769696905798748E-17
6239.47495899738  8.287008381700021E-17
6236.29856766784  7.600850813930954E-17
6233.12246637871  7.037084213084212E-17
6229.94665548779  8.285760331591800E-17
6226.7711353552  8.338331299114241E-17
6223.59590634328  7.474355045936896E-17
6220.42096881671  7.521839845308869E-17
6217.24632314239  8.245735377856076E-17
6214.07196968951  8.036577135143875E-17
6210.89790882954  8.263247784040558E-17
6207.72414093623  7.455052620906846E-17
6204.55066638559  8.702212021043258E-17
6201.37748555592  8.558331563551293E-17
6198.20459882777  8.138442773218557E-17
6195.03200658399  8.144606923143303E-17
6191.85970920968  8.132614127750265E-17
6188.68770709225  7.985171499668402E-17
6185.51600062135  8.401825021189322E-17
6182.34459018893  7.569038771061143E-17
6179.17347618918  8.391288725418865E-17
6176.0026590186  7.677650894211806E-17
6172.83213907595  8.272943002564169E-17
6169.66191676226  8.623925662637770E-17
6166.49199248085  8.103159880498475E-17
6163.32236663729  7.868875199499365E-17
6160.15303963945  8.484517274409512E-17
6156.98401189745  7.575654892472588E-17
6153.8152838237  7.809056806321981E-17
6150.64685583289  8.136008876984179E-17
6147.47872834197  7.728474194536046E-17
6144.31090177018  8.396728265127016E-17
6141.143376539  8.984270683756490E-17
6137.97615307223  8.464653690051909E-17
6134.80923179592  7.878537330798475E-17
6131.6426131384  8.189964875724278E-17
6128.47629753026  7.897606160023538E-17
6125.31028540438  9.100721832136196E-17
6122.14457719593  8.417268152353440E-17
6118.97917334231  8.635955515722251E-17
6115.81407428322  7.466991153251703E-17
6112.64928046066  8.232984885021938E-17
6109.48479231885  8.292219619559105E-17
6106.32061030434  8.490682747823235E-17
6103.1567348659  8.490766127628985E-17
6099.99316645462  7.970353055302881E-17
6096.82990552384  8.987689255792048E-17
6093.66695252918  8.708078385947484E-17
6090.50430792854  9.126793241554887E-17
6087.34197218208  8.839160043257535E-17
6084.17994575226  8.180779200458001E-17
6081.01822910377  8.851983989730069E-17
6077.85682270363  8.285148217938511E-17
6074.6957270211  8.100180706804305E-17
6071.53494252771  8.364876517587802E-17
6068.37446969729  7.792173719147530E-17
6065.21430900592  8.369829675095768E-17
6062.05446093197  8.705015832447568E-17
6058.89492595609  8.070282428999696E-17
6055.73570456116  8.777067896012368E-17
6052.5767972324  8.291946980829207E-17
6049.41820445726  8.819773576677253E-17
6046.25992672548  8.842380091946084E-17
6043.10196452906  8.822750765137955E-17
6039.9443183623  8.922905793705876E-17
6036.78698872175  8.256511886876417E-17
6033.62997610626  8.157722037191451E-17
6030.47328101691  8.311594174738567E-17
6027.31690395711  8.330680209320371E-17
6024.1608454325  8.381737105449593E-17
6021.00510595102  7.556919582470509E-17
6017.84968602288  8.248570952995908E-17
6014.69458616055  8.137129872150314E-17
6011.53980687879  9.243394605933833E-17
6008.38534869463  8.375958752562544E-17
6005.23121212738  7.899449780172797E-17
6002.0773976986  1.002310233051571E-16
5998.92390593216  9.267316669248865E-17
5995.77073735418  8.379599009002268E-17
5992.61789249307  8.626873734340909E-17
5989.46537187949  7.348687782044369E-17
5986.3131760464  8.011585030988443E-17
5983.16130552902  8.888256190462763E-17
5980.00976086486  8.426529266491586E-17
5976.85854259368  7.839972847152272E-17
5973.70765125754  8.934078025931261E-17
5970.55708740075  8.323368594449892E-17
5967.40685156991  8.295114089958548E-17
5964.2569443139  8.127363846966266E-17
5961.10736618385  7.590556716643853E-17
5957.9581177332  8.201734663224174E-17
5954.80919951762  8.087234999345604E-17
5951.6606120951  7.990761255375788E-17
5948.51235602587  8.485132696785251E-17
5945.36443187246  7.564276857710799E-17
5942.21684019964  9.209795191196418E-17
5939.0695815745  7.856405286329005E-17
5935.92265656637  8.217232057436479E-17
5932.77606574686  8.308444932710456E-17
5929.62980968987  8.067704934210983E-17
5926.48388897155  9.113554381287098E-17
5923.33830417035  9.164594733804070E-17
5920.19305586699  7.804544370644382E-17
5917.04814464444  8.974147316547821E-17
5913.90357108797  8.736267377734311E-17
5910.75933578511  9.024022337017829E-17
5907.61543932567  8.649832297678440E-17
5904.47188230175  8.520236918493024E-17
5901.32866530769  8.637472234093429E-17
5898.18578894013  1.041776343565456E-16
5895.04325379799  9.757467504300837E-17
5891.90106048243  8.437451359299735E-17
5888.75920959692  8.792326400463766E-17
5885.61770174719  8.240125769813985E-17
5882.47653754125  9.097260246708785E-17
5879.33571758937  9.693729598508932E-17
5876.19524250411  8.124688413993025E-17
5873.0551129003  8.963020082947759E-17
5869.91532939504  9.515413281244139E-17
5866.7758926077  1.031248518124473E-16
5863.63680315995  9.520590108389740E-17
5860.4980616757  9.222309441247610E-17
5857.35966878115  8.573157948850695E-17
5854.2216251048  9.565935487825408E-17
5851.08393127737  8.937392042337394E-17
5847.94658793189  8.476419507084864E-17
5844.80959570367  8.629527329745979E-17
5841.67295523028  8.757084535902064E-17
5838.53666715156  9.494163342179897E-17
5835.40073210963  8.492818197292605E-17
5832.2651507489  8.860658136505549E-17
5829.12992371602  8.613031363098199E-17
5825.99505165995  9.012358428636341E-17
5822.86053523191  9.079540052754426E-17
5819.72637508538  8.624368369701608E-17
5816.59257187614  9.066151638231890E-17
5813.45912626223  8.990416304835513E-17
5810.32603890396  8.728502467888155E-17
5807.19331046393  8.487761145899700E-17
5804.060941607  9.098080809876435E-17
5800.92893300032  8.828030162679514E-17
5797.79728531328  7.869727526402541E-17
5794.6659992176  9.717000505245763E-17
5791.53507538722  8.465288303017860E-17
5788.40451449839  9.331729554420615E-17
5785.27431722961  1.003210999651416E-16
5782.14448426167  1.024586868692114E-16
5779.01501627765  9.359598923618751E-17
5775.88591396286  1.000720259565346E-16
5772.75717800492  8.782016421308904E-17
5769.62880909371  8.936608536861184E-17
5766.50080792139  9.044005697128129E-17
5763.3731751824  8.555441725363280E-17
5760.24591157344  9.547401348148300E-17
5757.11901779348  8.870733196366440E-17
5753.99249454381  9.213915874135912E-17
5750.86634252792  9.885114045963078E-17
5747.74056245164  9.216710421117364E-17
5744.61515502305  8.149319205656894E-17
5741.49012095249  8.767444145893682E-17
5738.36546095259  8.875380627920009E-17
5735.24117573826  9.080925083972084E-17
5732.11726602667  9.192967028814640E-17
5728.99373253728  9.312196180563542E-17
5725.87057599181  8.705267957098275E-17
5722.74779711426  1.041553070974515E-16
5719.6253966309  9.814050628666404E-17
5716.50337527028  8.900688384197191E-17
5713.38173376323  9.243205347009677E-17
5710.26047284285  1.008305770480253E-16
5707.1395932445  8.632644808038568E-17
5704.01909570583  1.016461308098883E-16
5700.89898096677  9.271242137563795E-17
5697.7792497695  9.417886040046177E-17
5694.6599028585  9.338051199533989E-17
5691.54094098051  9.847029988816649E-17
5688.42236488455  9.528675302569080E-17
5685.30417532192  8.625222681838252E-17
5682.18637304617  1.023955167401919E-16
5679.06895881316  8.789059367916427E-17
5675.95193338099  1.001787719602233E-16
5672.83529751006  8.510054656024740E-17
5669.71905196303  9.956657889759526E-17
5666.60319750485  9.528296122976286E-17
5663.48773490272  8.991573695948599E-17
5660.37266492613  9.867967584481592E-17
5657.25798834685  9.333202597655448E-17
5654.14370593891  9.526531912165834E-17
5651.02981847863  9.867342897682991E-17
5647.91632674458  9.295420295996477E-17
5644.80323151764  9.937398478121332E-17
5641.69053358092  9.385731875275016E-17
5638.57823371985  9.383882961169836E-17
5635.46633272211  9.380748277520506E-17
5632.35483137765  9.692267143185938E-17
5629.2437304787  1.014029860319120E-16
5626.13303081977  1.018904534930568E-16
5623.02273319765  9.873178822340676E-17
5619.91283841139  9.692707865016304E-17
5616.80334726231  9.190691951257871E-17
5613.69426055402  1.031303178219350E-16
5610.58557909241  9.129431616836686E-17
5607.47730368562  9.745591837682534E-17
5604.36943514407  9.093475068225741E-17
5601.26197428048  9.146906965329726E-17
5598.15492190981  9.263397156634344E-17
5595.04827884933  9.361216888896905E-17
5591.94204591854  9.836354726703284E-17
5588.83622393926  9.968629509328884E-17
5585.73081373555  1.128798986554035E-16
5582.62581613377  1.003438507407093E-16
5579.52123196253  1.015321387040336E-16
5576.41706205274  8.273428723019859E-17
5573.31330723755  9.277543268597982E-17
5570.20996835243  1.008020889477290E-16
5567.10704623509  8.785441610789366E-17
5564.00454172552  9.310059407605194E-17
5560.902455666  9.976126412656574E-17
5557.80078890106  9.151003825467579E-17
5554.69954227753  9.212845833295514E-17
5551.59871664449  1.019281199894301E-16
5548.49831285331  9.559409363664610E-17
5545.39833175764  9.308001382241164E-17
5542.29877421339  8.889237557541498E-17
5539.19964107874  8.382437231120059E-17
5536.10093321417  8.601421717764898E-17
5533.00265148241  9.004525359107708E-17
5529.90479674847  9.338578609892554E-17
5526.80736987964  9.508422612451330E-17
5523.71037174549  9.364462083876073E-17
5520.61380321784  9.881676283337309E-17
5517.51766517081  8.276493261753246E-17
5514.42195848079  9.104134448471345E-17
5511.32668402642  1.014361261959733E-16
5508.23184268866  9.011459117874373E-17
5505.1374353507  8.898861307660187E-17
5502.04346289803  8.943563471451533E-17
5498.9499262184  9.052255003940999E-17
5495.85682620185  9.034624145492797E-17
5492.76416374068  1.018910887677673E-16
5489.67193972947  9.139034191131690E-17
5486.58015506508  9.855210474202552E-17
5483.48881064663  1.009672405201089E-16
5480.39790737553  9.191838754459116E-17
5477.30744615546  9.170928290318267E-17
5474.21742789236  1.002007749645172E-16
5471.12785349447  9.685667565386745E-17
5468.03872387228  9.823655849939370E-17
5464.95003993857  9.440883646308622E-17
5461.8618026084  9.080226943535091E-17
5458.77401279907  9.265322833100366E-17
5455.68667143021  8.865008444783084E-17
5452.59977942366  9.340518844737356E-17
5449.51333770359  9.652974078856200E-17
5446.42734719642  9.281835343360395E-17
5443.34180883083  1.020504500758593E-16
5440.25672353781  9.809330405218931E-17
5437.17209225059  9.196619858399673E-17
5434.0879159047  8.983282037488367E-17
5431.00419543793  1.028412016542355E-16
5427.92093179035  8.898825573457722E-17
5424.83812590429  9.288458743961230E-17
5421.75577872438  9.316488255325959E-17
5418.67389119751  9.770163072342299E-17
5415.59246427285  9.820290879207504E-17
5412.51149890183  1.008326880129486E-16
5409.43099603817  9.738286178512467E-17
5406.35095663785  9.481839674541838E-17
5403.27138165915  1.048040218384850E-16
5400.19227206259  1.035238903573878E-16
5397.113628811  8.967673470201734E-17
5394.03545286945  9.459772481032391E-17
5390.95774520531  9.159533050199735E-17
5387.88050678822  9.745282803005686E-17
5384.80373859008  1.091512794739248E-16
5381.72744158507  9.731672042334494E-17
5378.65161674966  9.421092853844923E-17
5375.57626506259  9.409736656651304E-17
5372.50138750485  1.003166927468380E-16
5369.42698505972  9.051141949708746E-17
5366.35305871277  9.575843126330322E-17
5363.27960945183  9.612557372382367E-17
5360.20663826699  9.625321100106305E-17
5357.13414615065  1.074825583933848E-16
5354.06213409744  9.516573319335185E-17
5350.99060310431  1.026633644399815E-16
5347.91955417045  1.056015165932147E-16
5344.84898829735  9.704269864746326E-17
5341.77890648874  9.840332472832930E-17
5338.70930975066  9.175939019596867E-17
5335.64019909141  9.129759842103746E-17
5332.57157552157  9.960659458690814E-17
5329.50344005397  9.067630637167134E-17
5326.43579370375  9.767556460796022E-17
5323.36863748831  9.409100058451883E-17
5320.3019724273  9.417901260169449E-17
5317.23579954269  1.004550105801466E-16
5314.17011985869  1.049975225448183E-16
5311.1049344018  9.518553258849392E-17
5308.04024420079  1.011741812570349E-16
5304.9760502867  1.020111292182610E-16
5301.91235369285  9.189733083491802E-17
5298.84915545483  9.530387235564820E-17
5295.78645661052  9.076750799728900E-17
5292.72425820004  1.032143924593949E-16
5289.66256126583  1.104470148900973E-16
5286.60136685256  1.030295738407710E-16
5283.54067600722  9.451747505601646E-17
5280.48048977902  1.067396641765285E-16
5277.42080921949  1.044278730354551E-16
5274.36163538242  1.031920982875254E-16
5271.30296932386  1.012766457738731E-16
5268.24481210216  1.004321142207912E-16
5265.18716477793  9.682293330232017E-17
5262.13002841405  1.025895005200030E-16
5259.07340407569  9.906491039969409E-17
5256.01729283027  1.001163429850327E-16
5252.96169574751  9.064583965534978E-17
5249.90661389939  1.099480727794951E-16
5246.85204836016  8.903752922930580E-17
5243.79800020637  1.020301742246844E-16
5240.74447051682  9.053017333593526E-17
5237.69146037258  9.887457283202321E-17
5234.63897085701  1.024044966129218E-16
5231.58700305575  9.549014019470533E-17
5228.5355580567  1.027970500618599E-16
5225.48463695003  9.222479509581550E-17
5222.4342408282  1.035590091374743E-16
5219.38437078594  1.030523643210080E-16
5216.33502792024  1.109628248677506E-16
5213.28621333039  8.905005605250229E-17
5210.23792811794  9.812383032551498E-17
5207.1901733867  9.761195111013245E-17
5204.14295024279  9.987722161355588E-17
5201.09625979456  9.482521933111071E-17
5198.05010315268  9.602793994176280E-17
5195.00448143007  1.067221147126526E-16
5191.95939574192  1.001702553086365E-16
5188.9148472057  1.073522741381853E-16
5185.87083694116  9.970531362993265E-17
5182.82736607031  9.531177358485930E-17
5179.78443571747  9.088037513751062E-17
5176.74204700918  9.116706270293171E-17
5173.7002010743  8.849584504209175E-17
5170.65889904395  9.620822561062997E-17
5167.61814205151  1.013875276806246E-16
5164.57793123265  8.848212046136827E-17
5161.53826772533  8.918413210362976E-17
5158.49915266973  9.923123325982135E-17
5155.46058720837  1.007944722686486E-16
5152.42257248601  1.001474185062851E-16
5149.38510964967  9.910617678609316E-17
5146.34819984868  9.319980942744400E-17
5143.31184423463  9.811856283937423E-17
5140.27604396137  9.794883199512327E-17
5137.24080018504  1.037705423811613E-16
5134.20611406405  9.486947018515984E-17
5131.17198675909  9.901711259517833E-17
5128.13841943312  9.515204169985286E-17
5125.10541325137  9.744689218198118E-17
5122.07296938134  9.949743321583072E-17
5119.04108899283  1.074406964369448E-16
5116.00977325789  9.270836488191401E-17
5112.97902335084  9.614485695826349E-17
5109.94884044831  1.033611078302822E-16
5106.91922572916  1.055786334687491E-16
5103.89018037455  9.379322218144467E-17
5100.86170556791  9.376049229896715E-17
5097.83380249495  1.063021782767166E-16
5094.80647234363  1.031342816714304E-16
5091.77971630422  1.008328335967364E-16
5088.75353556924  1.026201525247818E-16
5085.7279313335  1.054934868052153E-16
5082.70290479406  1.044380903703814E-16
5079.67845715028  9.752300603322584E-17
5076.65458960378  1.015179244323875E-16
5073.63130335846  9.573055196793776E-17
5070.60859962049  8.612509908440047E-17
5067.58647959833  8.947889295182937E-17
5064.56494450269  1.058963568507532E-16
5061.54399554656  1.023175897090445E-16
5058.52363394523  1.122744950912433E-16
5055.50386091623  9.665048268821513E-17
5052.48467767939  1.057346066450521E-16
5049.4660854568  9.626866935235046E-17
5046.44808547282  9.840141228675305E-17
5043.4306789541  1.143418378176950E-16
5040.41386712956  1.088422977366342E-16
5037.39765123039  1.017898021561214E-16
5034.38203249005  9.898278129103495E-17
5031.36701214429  1.030768488671396E-16
5028.35259143112  1.067009653587508E-16
5025.33877159083  1.114015614646488E-16
5022.32555386598  1.004114677927018E-16
5019.31293950141  1.111140996581744E-16
5016.30092974423  9.765154328297171E-17
5013.28952584383  1.113443073313703E-16
5010.27872905187  1.072559241404351E-16
5007.26854062229  1.157110665769316E-16
5004.25896181129  1.145586782521921E-16
5001.24999387737  9.525052913230586E-17
4998.24163808127  1.014481964154717E-16
4995.23389568603  1.120682690383665E-16
4992.22676795697  1.044015223698616E-16
4989.22025616166  9.686204240168168E-17
4986.21436156996  1.026959752084508E-16
4983.20908545399  1.133766967138580E-16
4980.20442908817  1.200761317565985E-16
4977.20039374918  1.142076492700043E-16
4974.19698071596  1.055406890396900E-16
4971.19419126975  1.090832852275729E-16
4968.19202669405  1.236816863152640E-16
4965.19048827463  1.074390883978340E-16
4962.18957729956  1.088762187591938E-16
4959.18929505914  1.043366250877232E-16
4956.18964284599  1.155166063410878E-16
4953.19062195498  1.141995759872257E-16
4950.19223368326  1.031207291442743E-16
4947.19447933025  1.042263387510127E-16
4944.19736019765  1.061904162497933E-16
4941.20087758944  1.097956664059934E-16
4938.20503281185  1.070569111024998E-16
4935.20982717341  1.037035539864343E-16
4932.21526198492  1.041753116333855E-16
4929.22133855944  1.089613124831683E-16
4926.22805821233  1.208329027554110E-16
4923.23542226119  1.099272013582792E-16
4920.24343202593  1.145322878819293E-16
4917.25208882871  1.029814385465653E-16
4914.26139399396  1.108523333902482E-16
4911.27134884842  1.201059631982096E-16
4908.28195472107  1.059947516389776E-16
4905.29321294317  1.040116357512184E-16
4902.30512484827  1.146369229206948E-16
4899.31769177217  1.189704625928560E-16
4896.33091505298  1.089696769335225E-16
4893.34479603104  1.107179463192105E-16
4890.359336049  1.095410271262251E-16
4887.37453645176  1.034813931262372E-16
4884.39039858652  1.162703465501359E-16
4881.40692380274  1.074298372098631E-16
4878.42411345215  1.075791135319269E-16
4875.44196888875  1.126946234330814E-16
4872.46049146884  9.733290669357137E-17
4869.47968255097  1.114420469925496E-16
4866.49954349597  1.185300848696225E-16
4863.52007566695  1.205041348578681E-16
4860.5412804293  9.381175102716586E-17
4857.56315915066  1.108419307668648E-16
4854.58571320097  1.195804851335567E-16
4851.60894395242  1.108759378162081E-16
4848.63285277952  1.034484051634086E-16
4845.65744105899  9.846892345962720E-17
4842.68271016987  1.125938000425786E-16
4839.70866149347  1.072467391269133E-16
4836.73529641336  1.171455168731068E-16
4833.76261631539  1.020028375598007E-16
4830.79062258769  1.054875906618090E-16
4827.81931662065  9.953014324597353E-17
4824.84869980695  1.036207498983953E-16
4821.87877354154  9.932294442869636E-17
4818.90953922164  1.036407279645497E-16
4815.94099824675  1.037590412619243E-16
4812.97315201864  1.134882403650995E-16
4810.00600194135  9.827818222781738E-17
4807.03954942122  1.142497229846811E-16
4804.07379586682  9.963450035205323E-17
4801.10874268904  1.163691185327196E-16
4798.14439130101  1.007702325679784E-16
4795.18074311815  1.084194827121665E-16
4792.21779955816  1.091187481147943E-16
4789.255562041  1.114837501303120E-16
4786.29403198891  1.046094821933023E-16
4783.33321082642  1.168436819763086E-16
4780.3730999803  1.095703688769136E-16
4777.41370087962  9.925464577987906E-17
4774.45501495573  1.017507724660987E-16
4771.49704364224  1.021928111680021E-16
4768.53978837502  1.127240710628884E-16
4765.58325059226  1.110890063071119E-16
4762.62743173438  9.177300889757376E-17
4759.67233324409  1.151585231626360E-16
4756.71795656638  9.172382142962888E-17
4753.7643031485  1.065374747650409E-16
4750.81137444  1.122352271732042E-16
4747.85917189268  9.609953407814051E-17
4744.90769696063  9.831529947626385E-17
4741.9569511002  1.048522233071397E-16
4739.00693577001  1.169379540963601E-16
4736.05765243099  1.067273557290137E-16
4733.10910254631  1.092990404011064E-16
4730.16128758143  1.080900530701336E-16
4727.21420900406  9.973592593004203E-17
4724.26786828423  1.095517407695189E-16
4721.3222668942  1.082983106785948E-16
4718.37740630853  1.063313082691682E-16
4715.43328800404  1.089201916805571E-16
4712.48991345984  9.620429484835913E-17
4709.5472841573  1.095948798928248E-16
4706.60540158008  1.081748291567529E-16
4703.66426721409  1.117758309133270E-16
4700.72388254754  1.083317420102318E-16
4697.7842490709  1.028084651543131E-16
4694.84536827692  1.036376971747853E-16
4691.90724166061  1.064913247043054E-16
4688.96987071928  1.020698656591972E-16
4686.0332569525  1.191615744015802E-16
4683.09740186211  1.066552057272644E-16
4680.16230695224  1.131581092739072E-16
4677.22797372926  1.093041358336797E-16
4674.29440370187  1.156588417017775E-16
4671.36159838099  9.535861847730940E-17
4668.42955927985  1.206081743265926E-16
4665.49828791393  1.177410736792552E-16
4662.56778580101  9.423412268282522E-17
4659.63805446112  1.145070224772994E-16
4656.70909541658  1.117034625358959E-16
4653.78091019197  1.053269720391860E-16
4650.85350031418  1.160035576415304E-16
4647.92686731232  1.070083787616000E-16
4645.00101271781  1.086139098607859E-16
4642.07593806434  1.062200624029472E-16
4639.15164488787  1.042256240669634E-16
4636.22813472664  1.115490907812588E-16
4633.30540912116  1.143114108060429E-16
4630.38346961421  1.067538652132848E-16
4627.46231775085  1.069459564038543E-16
4624.54195507841  1.049617221679070E-16
4621.62238314651  1.053198318161384E-16
4618.70360350702  1.046784492040546E-16
4615.7856177141  1.165240858573978E-16
4612.86842732418  1.106651920484643E-16
4609.95203389597  1.041528917300629E-16
4607.03643899044  1.047047138428643E-16
4604.12164417086  1.086563938570466E-16
4601.20765100274  1.122941753723772E-16
4598.2944610539  1.063191983450004E-16
4595.38207589441  1.046658826761887E-16
4592.47049709663  1.026055015017722E-16
4589.55972623517  1.000908922919457E-16
4586.64976488693  1.045050390604389E-16
4583.74061463111  9.878564760745128E-17
4580.83227704913  9.876003809568667E-17
4577.92475372474  1.121725996746666E-16
4575.01804624392  1.115018422246698E-16
4572.11215619494  1.082710931277194E-16
4569.20708516837  1.206325132889364E-16
4566.302834757  1.125762770484823E-16
4563.39940655595  1.144513697656869E-16
4560.49680216259  1.133812627508393E-16
4557.59502317655  1.148222775523557E-16
4554.69407119976  1.295259092488532E-16
4551.7939478364  1.221709104096073E-16
4548.89465469296  1.083107977971219E-16
4545.99619337816  1.203880913440943E-16
4543.09856550303  1.198630103261354E-16
4540.20177268086  1.180645608557675E-16
4537.30581652721  1.278848887926664E-16
4534.41069865993  1.178116024070039E-16
4531.51642069912  1.108636492210280E-16
4528.62298426718  1.096010208816924E-16
4525.73039098876  1.164353856259525E-16
4522.83864249081  1.073750381486427E-16
4519.94774040254  9.943718799745727E-17
4517.05768635544  1.232152755637923E-16
4514.16848198326  1.264433313606683E-16
4511.28012892204  1.406992135003133E-16
4508.39262881009  1.237026900853780E-16
4505.50598328799  1.176785652947258E-16
4502.62019399861  9.269661229977085E-17
4499.73526258707  1.330847711163014E-16
4496.85119070078  1.107092774663909E-16
4493.96797998943  1.293522939644458E-16
4491.08563210496  1.132378759547369E-16
4488.20414870162  1.188737552530812E-16
4485.32353143589  1.200616660220461E-16
4482.44378196658  1.293031925232846E-16
4479.56490195471  1.321559465500778E-16
4476.68689306363  1.303220011052641E-16
4473.80975695894  1.059705317906420E-16
4470.93349530852  1.207073036512009E-16
4468.0581097825  1.177301813649491E-16
4465.18360205333  1.260786042675365E-16
4462.3099737957  1.162939840633202E-16
4459.43722668658  1.378524681134897E-16
4456.56536240522  1.274178824711537E-16
4453.69438263315  1.309360338175745E-16
4450.82428905417  1.206638270382051E-16
4447.95508335434  1.164895295601277E-16
4445.08676722201  1.335679107684814E-16
4442.2193423478  1.223718028018944E-16
4439.35281042461  1.162555631782284E-16
4436.48717314761  1.148720407380069E-16
4433.62243221424  1.121392080476991E-16
4430.75858932422  1.359140199788084E-16
4427.89564617954  1.164461588262504E-16
4425.03360448447  1.365893434657865E-16
4422.17246594555  1.334761797472717E-16
4419.3122322716  1.426342337985362E-16
4416.45290517371  1.306350988932828E-16
4413.59448636524  1.239168173674659E-16
4410.73697756182  1.027256081267149E-16
4407.88038048139  1.371114333986503E-16
4405.02469684411  1.419051237194075E-16
4402.16992837246  1.298964993981668E-16
4399.31607679118  1.307116627307807E-16
4396.46314382726  1.213833418222283E-16
4393.61113121  1.112348944973867E-16
4390.76004067097  1.182274691143262E-16
4387.90987394398  1.389376364329306E-16
4385.06063276515  1.216199816518674E-16
4382.21231887287  1.008258191051419E-16
4379.3649340078  1.051567647389021E-16
4376.51847991285  1.353662543597309E-16
4373.67295833325  1.058322139573333E-16
4370.82837101647  9.878533658754097E-17
4367.98471971226  1.138277946978301E-16
4365.14200617266  9.889246640303396E-17
4362.30023215197  1.008844562844046E-16
4359.45939940677  1.247457979250318E-16
4356.6195096959  1.005303700426727E-16
4353.78056478051  1.147181586742924E-16
4350.94256642398  1.101037283184429E-16
4348.10551639201  1.115206622379666E-16
4345.26941645252  1.272788896584652E-16
4342.43426837576  9.749817076251456E-17
4339.60007393422  1.222476463006727E-16
4336.76683490267  1.105037197754490E-16
4333.93455305817  1.255892045124807E-16
4331.10323018003  1.375019023524448E-16
4328.27286804985  1.150239110984716E-16
4325.4434684515  1.055800032798435E-16
4322.61503317112  1.178424264653501E-16
4319.78756399715  1.161468650282940E-16
4316.96106272027  1.194388585777978E-16
4314.13553113345  9.859476079185366E-17
4311.31097103193  1.227809197154183E-16
4308.48738421323  1.163316902643628E-16
4305.66477247715  1.140742945203709E-16
4302.84313762575  1.210284350173287E-16
4300.02248146337  1.262864714467486E-16
4297.20280579662  1.018825721161805E-16
4294.3841124344  1.196033550231326E-16
4291.56640318787  1.122315081691702E-16
4288.74967987047  1.121749819548307E-16
4285.93394429791  1.127470733013622E-16
4283.11919828818  1.367235187785875E-16
4280.30544366153  1.162778772024326E-16
4277.49268224051  1.079904737592720E-16
4274.68091584993  1.255519615325811E-16
4271.87014631687  1.198592251476524E-16
4269.06037547069  1.283478849425696E-16
4266.25160514302  1.139392589397329E-16
4263.44383716778  1.183631267347848E-16
4260.63707338114  1.009588165127506E-16
4257.83131562156  1.203380369908674E-16
4255.02656572977  1.106825959285524E-16
4252.22282554878  1.208990110299662E-16
4249.42009692387  1.215053410364125E-16
4246.61838170259  1.101112920579641E-16
4243.81768173478  9.536633441806330E-17
4241.01799887252  9.145868688224851E-17
4238.21933497021  1.005137536385277E-16
4235.4216918845  8.671997429372412E-17
4232.6250714743  1.022081570227262E-16
4229.82947560083  1.064618969268332E-16
4227.03490612755  8.550138505020079E-17
4224.24136492022  9.585103578723977E-17
4221.44885384686  9.882702649041366E-17
4218.65737477777  9.672355913225050E-17
4215.86692958552  1.016346098383167E-16
4213.07752014496  1.257680211085800E-16
4210.28914833321  1.153146286878370E-16
4207.50181602967  1.175709259359755E-16
4204.715525116  1.155145152284992E-16
4201.93027747616  9.946444525300211E-17
4199.14607499636  1.168650827931166E-16
4196.36291956509  9.357216643454597E-17
4193.58081307313  1.041190633517319E-16
4190.79975741351  8.142104867226452E-17
4188.01975448156  9.926553809418516E-17
4185.24080617486  1.092054101732103E-16
4182.46291439328  9.220830442312365E-17
4179.68608103895  1.082233879674322E-16
4176.91030801631  9.739920025658383E-17
4174.13559723202  1.038348440932587E-16
4171.36195059507  9.405005183547503E-17
4168.58937001667  1.178443852290406E-16
4165.81785741035  1.191235373282926E-16
4163.0474146919  9.943539466988926E-17
4160.27804377937  1.139963410194439E-16
4157.50974659309  1.143888613811575E-16
4154.74252505569  9.949867067802710E-17
4151.97638109204  1.058704098492986E-16
4149.2113166293  7.417924784548528E-17
4146.4473335969  9.978200319888369E-17
4143.68443392655  1.047247117613534E-16
4140.92261955224  1.080462124976683E-16
4138.16189241022  1.023482946533825E-16
4135.40225443901  8.696115369056498E-17
4132.64370757943  1.075064275171407E-16
4129.88625377456  1.132217161542901E-16
4127.12989496974  8.013334021675627E-17
4124.37463311261  9.450297623423963E-17
4121.62047015307  1.175608541848370E-16
4118.86740804329  1.138436500958115E-16
4116.11544873773  1.118163429110074E-16
4113.36459419311  1.089481834724859E-16
4110.61484636843  1.108884514045148E-16
4107.86620722497  9.731038091113031E-17
4105.11867872627  1.028110856624937E-16
4102.37226283817  9.822786317679454E-17
4099.62696152875  1.200017781456973E-16
4096.88277676839  1.125723198164318E-16
4094.13971052974  1.219186666448930E-16
4091.39776478771  1.002243595381423E-16
4088.6569415195  9.138895886533271E-17
4085.91724270459  1.144141267857873E-16
4083.17867032471  1.125505881273788E-16
4080.44122636389  1.053993668863966E-16
4077.70491280841  9.024165935572167E-17
4074.96973164685  8.351198920723115E-17
4072.23568487005  9.071223248003573E-17
4069.50277447111  9.647948791198817E-17
4066.77100244544  1.116840866572275E-16
4064.0403707907  9.775027556088602E-17
4061.31088150683  1.048375656666853E-16
4058.58253659603  1.191027585513053E-16
4055.85533806281  1.009274432064777E-16
4053.12928791392  1.092507065835537E-16
4050.4043881584  1.023177022056078E-16
4047.68064080755  1.026706634817067E-16
4044.95804787498  1.308657830225116E-16
4042.23661137653  1.227647863847510E-16
4039.51633333034  1.140312414238487E-16
4036.79721575682  1.667599555978252E-16
4034.07926067865  1.033134556095543E-16
4031.36247012079  1.251797567267119E-16
4028.64684611048  1.091690473134824E-16
4025.93239067722  9.857026301083228E-17
4023.21910585279  1.073760175304880E-16
4020.50699367124  1.326469212570200E-16
4017.79605616891  9.405201059916555E-17
4015.0862953844  1.040301315097151E-16
4012.37771335859  9.325919437798042E-17
4009.67031213463  1.179702887357161E-16
4006.96409375795  1.201467266587962E-16
4004.25906027625  9.516641479017657E-17
4001.55521373951  1.176042116838246E-16
3998.85255619998  9.682295315465488E-17
3996.15108971217  1.069363478738589E-16
3993.4508163329  1.201010530540935E-16
3990.75173812124  1.070510281939833E-16
3988.05385713853  9.921475582201932E-17
3985.3571754484  1.131118798038328E-16
3982.66169511674  1.211314553995385E-16
3979.96741821172  1.184121222968276E-16
3977.2743468038  1.108206821512895E-16
3974.58248296569  1.093610855644928E-16
3971.89182877238  1.048177398017636E-16
3969.20238630115  1.063294487671512E-16
3966.51415763154  1.276140500077819E-16
3963.82714484536  1.192961070564059E-16
3961.14135002671  1.101659521528416E-16
3958.45677526196  8.641140283801734E-17
3955.77342263974  8.788058810247481E-17
3953.09129425097  1.013984266123756E-16
3950.41039218885  1.026674540209300E-16
3947.73071854883  1.014827328604070E-16
3945.05227542866  7.735895658991871E-17
3942.37506492834  1.155339043420575E-16
3939.69908915016  5.640749737791008E-17
3937.0243501987  8.825172749971510E-17
3934.35085018077  7.760643579430476E-17
3931.6785912055  1.219390880798557E-16
3929.00757538427  1.043168852495852E-16
3926.33780483074  1.380339184526593E-16
3923.66928166083  7.285450155086934E-17
3921.00200799277  7.664475561415063E-17
3918.33598594703  1.112807533905466E-16
3915.67121764637  1.099843826996637E-16
3913.00770521582  1.097976847266881E-16
3910.34545078269  9.497246409759005E-17
3907.68445647655  1.065946494889806E-16
3905.02472442927  1.025293942679724E-16
3902.36625677497  1.031518443701961E-16
3899.70905565005  1.229978263243644E-16
3897.0531231932  1.185272658380950E-16
3894.39846154536  8.854162452591289E-17
3891.74507284976  8.907354136445388E-17
3889.0929592519  1.127571715222803E-16
3886.44212289956  9.580712242288056E-17
3883.79256594279  1.311298720135977E-16
3881.14429053391  6.765723973541497E-17
3878.49729882753  9.852374237318230E-17
3875.8515929805  7.755065735123910E-17
3873.20717515199  9.186652662890654E-17
3870.56404750341  1.057782619290602E-16
3867.92221219846  1.042685911367019E-16
3865.28167140311  7.230078684882634E-17
3862.64242728561  6.846700323299009E-17
3860.00448201647  9.434612293776490E-17
3857.36783776849  7.478900568838997E-17
3854.73249671673  1.040463177799415E-16
3852.09846103855  7.575130129091984E-17
3849.46573291355  1.104533610197568E-16
3846.83431452363  7.537660170832314E-17
3844.20420805296  6.681108029088751E-17
3841.57541568797  8.019992494734434E-17
3838.94793961738  1.006744516704896E-16
3836.32178203218  1.121780392143747E-16
3833.69694512563  9.407294157738556E-17
3831.07343109326  1.189213214470254E-16
3828.45124213291  1.047933743696402E-16
3825.83038044464  1.093614296716276E-16
3823.21084823082  7.739831053474154E-17
3820.59264769608  1.049659507151984E-16
3817.97578104734  7.656993878210642E-17
3815.36025049379  9.901334726902998E-17
3812.74605824687  7.521238319567419E-17
3810.13320652032  8.980881228478493E-17
3807.52169753015  9.429195253381001E-17
3804.91153349464  7.152516936693742E-17
3802.30271663435  8.066588571256280E-17
3799.6952491721  1.182502066550040E-16
3797.08913333301  6.750326502747189E-17
3794.48437134446  8.252601638684755E-17
3791.88096543609  7.866045580059944E-17
3789.27891783983  9.707453517487920E-17
3786.6782307899  1.333300136243111E-16
3784.07890652276  9.854603654505183E-17
3781.48094727716  9.019179690839697E-17
3778.88435529414  1.033047867567347E-16
3776.28913281699  7.800264207282787E-17
3773.69528209128  9.251953609168040E-17
3771.10280536488  7.897571087565564E-17
3768.51170488789  9.162604206378023E-17
3765.92198291273  6.834702233950049E-17
3763.33364169405  8.896735122613678E-17
3760.74668348881  5.273951715277640E-17
3758.16111055623  8.691818662082651E-17
3755.57692515781  1.314933153224188E-16
3752.99412955731  4.428671729177462E-17
3750.41272602078  8.460087653070615E-17
3747.83271681653  1.102155432849253E-16
3745.25410421517  8.907941765552546E-17
3742.67689048955  1.045595535715287E-16
3740.10107791482  1.094146537809617E-16
3737.5266687684  8.353306576923902E-17
3734.95366532998  1.124480971407611E-16
3732.38206988152  7.861346532436153E-17
3729.81188470726  1.001850585328787E-16
3727.24311209372  7.517876657558004E-17
3724.67575432968  7.627244492916296E-17
3722.10981370621  1.350222795738068E-16
3719.54529251664  8.844275328165565E-17
3716.98219305659  1.277988090694017E-16
3714.42051762395  7.688097854476106E-17
3711.86026851886  1.399811810239479E-16
3709.30144804377  1.333136023609581E-16
3706.74405850339  7.436730901211042E-17
3704.1881022047  1.404761129629404E-16
3701.63358145695  9.612358849035356E-17
3699.08049857169  7.052500874468731E-17
3696.52885586271  1.218406072648476E-16
3693.9786556461  1.201088881088556E-16
3691.42990024022  1.061892714318255E-16
3688.88259196569  5.181231716927591E-17
3686.33673314542  8.720425214642697E-17
3683.79232610459  9.502091702915096E-17
3681.24937317064  7.914210652767681E-17
3678.70787667332  8.891989752875584E-17
3676.16783894461  1.348279781566406E-16
3673.6292623188  1.423040365328948E-16
3671.09214913244  6.696535278385111E-17
3668.55650172436  2.646487442066445E-17
3666.02232243564  1.016939550841836E-16
3663.48961360967  9.037546409160825E-17
3660.9583775921  1.826642300272762E-16
3658.42861673084  8.722765804903977E-17
3655.9003333761  1.669293489523863E-16
3653.37352988034  6.197703679112763E-17
3650.84820859832  1.285856894425112E-16
3648.32437188705  6.368468830001681E-17
3645.80202210583  2.260742682186426E-17
3643.28116161622  1.785537644227082E-16
3640.76179278208  1.586189366533069E-16
3638.24391796951  6.569664301265198E-17
3635.72753954692  1.061149376732591E-16
3633.21265988496  7.990300681210720E-17
3630.69928135659  8.043692211900811E-17
3628.187406337  1.823577728452151E-17
3625.67703720371  5.532880422830420E-17
3623.16817633646  9.409143733588226E-17
3620.6608261173  1.342489252580738E-16
3618.15498893055  9.150813243054447E-17
3615.65066716278  6.413558776064189E-17
3613.14786320286  2.088984285905180E-16
3610.64657944194  7.823843486951977E-17
3608.14681827341  1.003150780902823E-16
3605.64858209296  1.855964595673235E-16
3603.15187329856  1.505025213689284E-16
3600.65669429044  1.240151923033556E-16
3598.1630474711  9.348743005259604E-17
3595.67093524533  1.236416110689470E-16
3593.18036002019  1.033459737337949E-16
3590.69132420501  1.476770179802351E-16
3588.20383021139  1.627445297369172E-16
3585.71788045322  1.647059801100723E-16
3583.23347734664  8.133173301844347E-17
3580.7506233101  8.361371918768538E-17
3578.26932076428  1.491165504740938E-16
3575.78957213218  1.928537981547290E-16
3573.31137983904  1.171948565422844E-16
3570.83474631239  1.621465377110454E-16
3568.35967398204  -2.416651834710013E-17
3565.88616528005  1.368657938439466E-16
3563.41422264077  1.433994751268213E-16
3560.94384850084  -8.739813335584203E-18
3558.47504529915  9.403868968258098E-17
3556.00781547688  5.536609022159564E-17
3553.54216147746  1.388709855278935E-17
3551.07808574663  1.547775892979495E-16
3548.61559073238  3.090141098310606E-16
3546.15467888498  9.723846913739741E-17
3543.69535265698  5.621541280478546E-17
3541.23761450319  -4.870382205813839E-17
3538.78146688072  8.421341851434142E-17
3536.32691224892  5.473008428349340E-17
3533.87395306945  1.903129110712029E-16
3531.42259180621  1.232688901023756E-16
3528.97283092541  2.547992631162367E-16
3526.5246728955  1.322634006203710E-16
3524.07812018723  4.786719835171245E-17
3521.63317527361  -3.892795673352539E-17
3519.18984062994  9.832150002213552E-17
3516.74811873377  8.867794389086164E-17
3514.30801206494  -1.390815360810128E-17
3511.86952310557  2.167433036408525E-16
3509.43265434004  4.554167601247067E-17
3506.99740825502  2.697319775202972E-16
3504.56378733944  2.659560899298947E-16
3502.13179408451  6.922245074282251E-17
3499.70143098371  7.129045355940305E-18
3497.27270053281  1.644547289620930E-16
3494.84560522984  4.502560795446620E-17
3492.4201475751  1.307139523667162E-16
3489.99633007118  1.498470766864312E-16
3487.57415522293  3.585971156925021E-16
3485.15362553749  6.535678510463660E-18
3482.73474352425  5.737690673370793E-17
3480.31751169491  -2.092088264610173E-16
3477.90193256341  2.920552132078291E-16
3475.48800864599  -1.739394333285323E-16
3473.07574246114  -1.010587978333899E-17
3470.66513652964  1.828841674259867E-16
3468.25619337455  3.196545641842488E-16
3465.84891552119  -5.036749485539994E-18
3463.44330549716  1.341997477162963E-17
3461.03936583234  8.604625884585683E-17
3458.63709905887  2.589008878144177E-16
3456.23650771118  1.140217387729717E-16
3453.83759432597  1.693109011975999E-17
3451.44036144221  1.791227985096958E-16
3449.04481160115  1.073380400142045E-16
3446.65094734631  5.785385245746112E-17
3444.25877122348  2.345105740982301E-16
3441.86828578074  -1.313312408619176E-16
3439.47949356843  4.796474412175614E-16
3437.09239713916  9.176479003100743E-17
3434.70699904784  -3.742228949533186E-17
3432.32330185163  -1.085161966693862E-16
3429.94130810997  4.441060247775546E-17
3427.56102038458  2.517635698251712E-17
3425.18244123945  3.970274240259032E-16
3422.80557324084  4.905560294750310E-18
3420.4304189573  3.478434236221778E-16
3418.05698095963  6.101529250447600E-19
3415.68526182094  3.356315113935962E-16
3413.31526411657  -4.211328368867929E-17
3410.94699042417  1.907920405517733E-16
3408.58044332366  1.505801076016634E-17
3406.21562539721  1.972854348300940E-16
3403.85253922928  -2.275458721592112E-16
3401.49118740662  8.293533579418532E-16
3399.13157251823  -3.502418768216672E-16
3396.77369715539  -1.279965217794142E-18
3394.41756391167  -1.612320200606966E-16
3392.06317538289  2.523000626268608E-17
3389.71053416717  -2.802682468209731E-16
3387.35964286488  2.674055717521612E-18
3385.01050407868  1.680990749827649E-16
3382.6631204135  1.111309476728908E-16
3380.31749447654  -4.496939276003708E-17
3377.97362887729  3.531363736908924E-16
3375.6315262275  2.355683329608935E-16
3373.2911891412  4.330862783350088E-16
3370.95262023468  6.152377225569511E-16
3368.61582212652  4.319357428948415E-16
3366.28079743758  4.615864223810539E-16
3363.94754879099  1.584338070147726E-16
3361.61607881213  5.727580144005230E-16
3359.28639012869  -2.990638549809867E-16
3356.95848537061  -2.107125746401897E-16
3354.63236717011  -1.322865087379633E-16
3352.30803816171  -5.373765482212045E-16
3349.98550098215  2.880037487419933E-16
3347.6647582705  -5.035968742847030E-16
3345.34581266808  -3.030202929380524E-16
3343.02866681847  2.566742499543229E-16
3340.71332336755  3.896329852150508E-16
3338.39978496346  -2.902674972330896E-16
3336.08805425662  6.316012873671610E-16
3333.77813389972  6.021409520660643E-16
3331.47002654773  -7.773759355223118E-17
3329.1637348579  -2.596334919044538E-16
3326.85926148973  -2.305561743141938E-16
3324.55660910501  -2.252516040122341E-16
3322.25578036782  4.826715605974960E-16
3319.95677794449  -1.025501306933124E-15
3317.65960450364  1.225105997382139E-15
3315.36426271614  1.831482167124034E-15
3313.07075525517  -7.377970637473235E-17
3310.77908479617  -9.174958181913728E-16
3308.48925401683  8.627989832597814E-16
3306.20126559715  -8.883252740373555E-16
3303.9151222194  1.296646505986356E-15
3301.63082656809  9.038134832361370E-16
3299.34838133004  4.772910484978591E-16
3297.06778919434  1.301174955880614E-17
3294.78905285234  -4.952413177765130E-16
3292.51217499767  -1.051741222968760E-15
3290.23715832624  1.745778950004370E-15
3287.96400553623  1.916992896006434E-15
3285.6927193281  8.980060665310841E-17
3283.42330240457  -6.993281360054836E-16
3281.15575747065  6.215637881235198E-16
3278.89008723362  3.603022724246638E-16
3276.62629440303  -5.477374122186272E-18
3274.36438169071  8.761871330845238E-16
3272.10435181075  4.364307614574628E-16
3269.84620747954  8.144546307348011E-16
3267.58995141573  1.232033350462140E-15
3265.33558634023  1.712254656501466E-15
3263.08311497625  1.346043561646095E-15
3260.83254004927  2.833555601527288E-15
3258.58386428702  3.541810670703444E-15
3256.33709041954  2.841480441781799E-15
3254.09222117912  2.684996610490724E-15
3251.84925930032  -3.535553638322076E-15
3249.60820752001  2.384507649045762E-15
3247.36906857729  8.603550814487160E-16
3245.13184521356  2.611885808681417E-15
3242.89654017249  -9.504494232460643E-16
3240.66315620002  8.157528675451462E-15
3238.43169604437  -5.372311126641609E-15
3236.20216245603  -7.282829091040996E-15
3233.97455818777  1.324978699280828E-15
3231.74888599463  -5.257896033708866E-15
3229.52514863393  -3.599844709568098E-15
3227.30334886524  3.527750135537259E-15
3225.08348945045  -7.486734485400575E-15
3222.86557315368  1.275815424714530E-14
3220.64960274135  2.321788459191607E-15
3218.43558098215  6.106866568830011E-15
3216.22351064703  -7.151488162239743E-15
3214.01339450924  2.062692430868009E-14
3211.80523534428  -3.788481488020473E-15
3209.59903592994  -1.362512126778029E-14
3207.39479904627  1.792482144430310E-14
3205.19252747562  1.088806897696663E-14
3202.99222400259  1.949460727665876E-14
3200.79389141406  1.542858654962446E-14
3198.59753249918  4.834631128867052E-15
3196.4031500494  -2.301422060194645E-14
3194.21074685842  2.126508231927327E-14
3192.0203257222  3.598262367319333E-14
3189.83188943902  -1.777513039373253E-14
3187.6454408094  2.962420441265479E-15
3185.46098263614  2.640419384059098E-14
3183.27851772431  6.544317496769147E-14
3181.09804888128  6.401485803708738E-15
3178.91957891667  1.160572780592320E-14
3176.74311064237  2.686197110286868E-14
3174.56864687257  1.930006524919592E-16
3172.39619042371  -3.607390671985303E-14
3170.22574411452  2.691632012489630E-14
3168.057310766  -4.120951491290090E-14
3165.89089320141  -1.954293728256319E-14
3163.72649424631  1.697570916844339E-14
3161.56411672852  -2.593617764404688E-14
3159.40376347813  -6.058964229860643E-14
3157.24543732751  -3.875471856406784E-14
3155.08914111132  -2.802866242595549E-14
3152.93487766646  4.047705841835579E-14
