3192.  0.0395377
3194.  0.0358815
3196.  0.0169502
3198.  0.0086458
3200.  0.022903
3202.  0.0118561
3204.  0.0160928
3206.  0.0320184
3208.  0.0128993
3210.  0.0260198
3212.  0.0322908
3214.  0.0116872
3216.  0.0262721
3218.  0.00456914
3220.  0.0183308
3222.  0.0285911
3224.  0.0188725
3226.  0.0105073
3228.  0.0162007
3230.  0.02152
3232.  -0.00168353
3234.  0.0105661
3236.  0.0224545
3238.  0.0137502
3240.  0.0192911
3242.  0.0119409
3244.  0.00350372
3246.  0.0199429
3248.  0.0258628
3250.  0.0243614
3252.  0.0190076
3254.  0.0121895
3256.  0.0179687
3258.  0.0303387
3260.  0.0285022
3262.  0.0267005
3264.  0.037329
3266.  0.0205764
3268.  0.0231585
3270.  0.0308633
3272.  0.0271274
3274.  0.0155015
3276.  0.0119917
3278.  0.0242027
3280.  0.0225526
3282.  0.0163377
3284.  0.0208661
3286.  0.00949532
3288.  0.0364842
3290.  0.0157516
3292.  0.0306348
3294.  0.0196603
3296.  0.0142119
3298.  0.0147741
3300.  0.0265675
3302.  0.020635
3304.  0.0126514
3306.  0.0128584
3308.  0.0213577
3310.  0.0199782
3312.  0.0209138
3314.  0.0229905
3316.  0.0191373
3318.  0.0212312
3320.  0.026188
3322.  0.0156443
3324.  0.0232444
3326.  0.026633
3328.  0.0201128
3330.  0.015956
3332.  0.0158928
3334.  0.0218661
3336.  0.0172225
3338.  0.0231982
3340.  0.0235413
3342.  0.0280554
3344.  0.0232828
3346.  0.0212542
3348.  0.030661
3350.  0.0302782
3352.  0.0233696
3354.  0.01428
3356.  0.0252827
3358.  0.0277606
3360.  0.0164393
3362.  0.0256137
3364.  0.0216023
3366.  0.0167101
3368.  0.0192028
3370.  0.0127745
3372.  0.0296577
3374.  0.0213911
3376.  0.0242534
3378.  0.0252536
3380.  0.0287711
3382.  0.0224911
3384.  0.0193691
3386.  0.0225119
3388.  0.0191234
3390.  0.0140051
3392.  0.0206455
3394.  0.0220946
3396.  0.0233003
3398.  0.0278346
3400.  0.0209398
3402.  0.0209926
3404.  0.0171563
3406.  0.0159592
3408.  0.0211082
3410.  0.0146585
3412.  0.0250398
3414.  0.0219927
3416.  0.0161139
3418.  0.0202587
3420.  0.0236576
3422.  0.0237804
3424.  0.0209637
3426.  0.0276129
3428.  0.0216931
3430.  0.0171685
3432.  0.0257238
3434.  0.0210206
3436.  0.0223053
3438.  0.0217067
3440.  0.0204824
3442.  0.0285691
3444.  0.0237683
3446.  0.0228928
3448.  0.0190991
3450.  0.0271775
3452.  0.018707
3454.  0.0212786
3456.  0.0277194
3458.  0.0304631
3460.  0.01953
3462.  0.0200711
3464.  0.0304587
3466.  0.0257498
3468.  0.0186377
3470.  0.0160023
3472.  0.0195374
3474.  0.0171978
3476.  0.0190744
3478.  0.0192406
3480.  0.0287714
3482.  0.0188573
3484.  0.0127073
3486.  0.0245406
3488.  0.0189909
3490.  0.0247813
3492.  0.0140105
3494.  0.0203655
3496.  0.0229722
3498.  0.0238326
3500.  0.0185171
3502.  0.016738
3504.  0.0220593
3506.  0.0185505
3508.  0.0202742
3510.  0.0175166
3512.  0.0173571
3514.  0.0198128
3516.  0.0156494
3518.  0.014151
3520.  0.00953105
3522.  0.0162562
3524.  0.0191093
3526.  0.0122912
3528.  0.0142897
3530.  0.0197848
3532.  0.0176455
3534.  0.0187804
3536.  0.0223379
3538.  0.0257725
3540.  0.0251392
3542.  0.0283177
3544.  0.02483
3546.  0.0267486
3548.  0.0271525
3550.  0.02055
3552.  0.0259828
3554.  0.0203299
3556.  0.0222065
3558.  0.0198237
3560.  0.0219477
3562.  0.0194822
3564.  0.0192599
3566.  0.0227296
3568.  0.0179042
3570.  0.0208277
3572.  0.0153248
3574.  0.0195558
3576.  0.0236004
3578.  0.0182753
3580.  0.0124274
3582.  0.0186249
3584.  0.0169114
3586.  0.0183787
3588.  0.0142398
3590.  0.0193747
3592.  0.0169669
3594.  0.0176235
3596.  0.0162781
3598.  0.0185632
3600.  0.0187647
3602.  0.022323
3604.  0.0201354
3606.  0.0177614
3608.  0.022396
3610.  0.0184865
3612.  0.0203747
3614.  0.0204479
3616.  0.0240622
3618.  0.0194558
3620.  0.0245144
3622.  0.0239701
3624.  0.0191811
3626.  0.0223455
3628.  0.0204018
3630.  0.0236083
3632.  0.0237712
3634.  0.0257667
3636.  0.0151142
3638.  0.0223095
3640.  0.0237349
3642.  0.0192854
3644.  0.0200985
3646.  0.0244232
3648.  0.021494
3650.  0.0248945
3652.  0.0207273
3654.  0.0169
3656.  0.0230475
3658.  0.0197093
3660.  0.0227302
3662.  0.0190174
3664.  0.0230857
3666.  0.0236641
3668.  0.0191616
3670.  0.0189994
3672.  0.0247832
3674.  0.0219999
3676.  0.0241177
3678.  0.0175005
3680.  0.0212335
3682.  0.0229454
3684.  0.0176091
3686.  0.0238462
3688.  0.020267
3690.  0.023947
3692.  0.0230884
3694.  0.024501
3696.  0.0200471
3698.  0.0217143
3700.  0.0174742
3702.  0.0195391
3704.  0.0188028
3706.  0.0199169
3708.  0.0225485
3710.  0.0221377
3712.  0.0231177
3714.  0.021895
3716.  0.0222348
3718.  0.0187984
3720.  0.0198416
3722.  0.0181589
3724.  0.018125
3726.  0.0178392
3728.  0.0145407
3730.  0.017038
3732.  0.0190062
3734.  0.0193003
3736.  0.0213513
3738.  0.0252491
3740.  0.0206742
3742.  0.0239695
3744.  0.0213916
3746.  0.0176024
3748.  0.0224271
3750.  0.020032
3752.  0.018215
3754.  0.0183369
3756.  0.0177677
3758.  0.0217715
3760.  0.0236217
3762.  0.01952
3764.  0.0209793
3766.  0.0185967
3768.  0.0171976
3770.  0.0206362
3772.  0.0216656
3774.  0.0210908
3776.  0.0190211
3778.  0.0225475
3780.  0.0211104
3782.  0.0210625
3784.  0.0160809
3786.  0.0163855
3788.  0.0188613
3790.  0.0222805
3792.  0.0177448
3794.  0.017608
3796.  0.0189514
3798.  0.0217309
3800.  0.0200284
3802.  0.0190616
3804.  0.0206562
3806.  0.0223465
3808.  0.0152285
3810.  0.0184528
3812.  0.019918
3814.  0.0226625
3816.  0.0254879
3818.  0.0201369
3820.  0.0195716
3822.  0.0187968
3824.  0.0237648
3826.  0.0189112
3828.  0.0193495
3830.  0.0219643
3832.  0.0216621
3834.  0.021681
3836.  0.0178355
3838.  0.0226621
3840.  0.0190282
3842.  0.0164996
3844.  0.0172076
3846.  0.0162568
3848.  0.0197655
3850.  0.0184401
3852.  0.0206242
3854.  0.0204893
3856.  0.020234
3858.  0.0203214
3860.  0.0235123
3862.  0.0215643
3864.  0.0199167
3866.  0.0220604
3868.  0.019617
3870.  0.0200828
3872.  0.0187211
3874.  0.0207787
3876.  0.0199187
3878.  0.0197915
3880.  0.022174
3882.  0.0191147
3884.  0.0200692
3886.  0.0205438
3888.  0.0206729
3890.  0.0211398
3892.  0.0204583
3894.  0.0193241
3896.  0.0200195
3898.  0.01917
3900.  0.019599
3902.  0.0185854
3904.  0.0181269
3906.  0.0215603
3908.  0.020543
3910.  0.0212531
3912.  0.0209354
3914.  0.0196272
3916.  0.0209706
3918.  0.0213487
3920.  0.0194782
3922.  0.0209432
3924.  0.0187423
3926.  0.0239824
3928.  0.0181702
3930.  0.0185114
3932.  0.0209307
3934.  0.0207168
3936.  0.0172825
3938.  0.0219592
3940.  0.0184584
3942.  0.0192088
3944.  0.0204784
3946.  0.0232126
3948.  0.0197437
3950.  0.0212074
3952.  0.0187063
3954.  0.019914
3956.  0.0211024
3958.  0.0163773
3960.  0.0223143
3962.  0.0195803
3964.  0.0228052
3966.  0.0183568
3968.  0.0200187
3970.  0.0194412
3972.  0.0208495
3974.  0.0220499
3976.  0.0174202
3978.  0.0174178
3980.  0.018416
3982.  0.0170188
3984.  0.02049
3986.  0.0161986
3988.  0.0188538
3990.  0.022092
3992.  0.0198334
3994.  0.0212459
3996.  0.0232423
3998.  0.021523
4000.  0.022281
4002.  0.0236081
4004.  0.0193435
4006.  0.0199013
4008.  0.0195845
4010.  0.021306
4012.  0.0210985
4014.  0.0168246
4016.  0.0176502
4018.  0.0170033
4020.  0.0206907
4022.  0.0220308
4024.  0.0221244
4026.  0.021621
4028.  0.0184713
4030.  0.020413
4032.  0.0185335
4034.  0.0201761
4036.  0.0210834
4038.  0.0224147
4040.  0.0209089
4042.  0.0193248
4044.  0.0234787
4046.  0.0231032
4048.  0.0220982
4050.  0.0194156
4052.  0.0204568
4054.  0.0198909
4056.  0.018763
4058.  0.0183192
4060.  0.0235442
4062.  0.0218747
4064.  0.0212628
4066.  0.0188527
4068.  0.0176533
4070.  0.0187989
4072.  0.0211975
4074.  0.0186743
4076.  0.0206568
4078.  0.0188099
4080.  0.0178888
4082.  0.022027
4084.  0.0170425
4086.  0.0206
4088.  0.0215025
4090.  0.0184645
4092.  0.0208966
4094.  0.0209658
4096.  0.0191859
4098.  0.0175051
4100.  0.0214324
4102.  0.0187502
4104.  0.0198245
4106.  0.0214426
4108.  0.0215479
4110.  0.0189197
4112.  0.0196532
4114.  0.0222028
4116.  0.0211425
4118.  0.0212216
4120.  0.0192647
4122.  0.021528
4124.  0.019803
4126.  0.0189675
4128.  0.018262
4130.  0.0191676
4132.  0.0207743
4134.  0.0182072
4136.  0.0188819
4138.  0.020343
4140.  0.0201739
4142.  0.017846
4144.  0.0189719
4146.  0.021507
4148.  0.0206977
4150.  0.0186948
4152.  0.0201923
4154.  0.0217581
4156.  0.0221589
4158.  0.0199222
4160.  0.0248931
4162.  0.0195475
4164.  0.0234248
4166.  0.0178833
4168.  0.0208473
4170.  0.0203307
4172.  0.0182437
4174.  0.0202315
4176.  0.0211253
4178.  0.019754
4180.  0.0228896
4182.  0.0194146
4184.  0.0207764
4186.  0.0204052
4188.  0.0197337
4190.  0.0217404
4192.  0.020407
4194.  0.0189212
4196.  0.0216541
4198.  0.0197545
4200.  0.0218696
4202.  0.0207912
4204.  0.0200658
4206.  0.0207035
4208.  0.0189004
4210.  0.0179804
4212.  0.0203003
4214.  0.0209792
4216.  0.0198232
4218.  0.0233913
4220.  0.0225108
4222.  0.0230532
4224.  0.0196253
4226.  0.0192096
4228.  0.0209547
4230.  0.0215731
4232.  0.0214281
4234.  0.0183737
4236.  0.0220947
4238.  0.0170386
4240.  0.0211615
4242.  0.0180775
4244.  0.0188613
4246.  0.0192635
4248.  0.0211815
4250.  0.0185658
4252.  0.0197436
4254.  0.0201482
4256.  0.017035
4258.  0.0203129
4260.  0.0202326
4262.  0.0169112
4264.  0.0192317
4266.  0.0179277
4268.  0.0182915
4270.  0.0192084
4272.  0.0191764
4274.  0.020097
4276.  0.0196482
4278.  0.0197201
4280.  0.0192599
4282.  0.0202102
4284.  0.0191597
4286.  0.0183287
4288.  0.0206449
4290.  0.0210726
4292.  0.0208777
4294.  0.0176963
4296.  0.0203351
4298.  0.019693
4300.  0.0202502
4302.  0.0202897
4304.  0.018456
4306.  0.0195667
4308.  0.0198867
4310.  0.0224247
4312.  0.01873
4314.  0.0191228
4316.  0.0206163
4318.  0.0250605
4320.  0.0229178
4322.  0.0269051
4324.  0.0246769
4326.  0.0202649
4328.  0.0229077
4330.  0.0216396
4332.  0.0209307
4334.  0.0199145
4336.  0.0206031
4338.  0.019404
4340.  0.0183046
4342.  0.0193708
4344.  0.0177435
4346.  0.0179398
4348.  0.0173818
4350.  0.0187856
4352.  0.0194231
4354.  0.0181211
4356.  0.018924
4358.  0.01904
4360.  0.0209426
4362.  0.0188341
4364.  0.0198142
4366.  0.0213801
4368.  0.0182136
4370.  0.0193742
4372.  0.0178958
4374.  0.0185992
4376.  0.020564
4378.  0.0208948
4380.  0.0196742
4382.  0.0198095
4384.  0.0186284
4386.  0.0179601
4388.  0.0197813
4390.  0.0181383
4392.  0.0190205
4394.  0.0197633
4396.  0.0177921
4398.  0.0191191
4400.  0.0192331
4402.  0.0193075
4404.  0.0200419
4406.  0.0188253
4408.  0.0186779
4410.  0.0167741
4412.  0.0177599
4414.  0.0199603
4416.  0.0218117
4418.  0.0208817
4420.  0.0209044
4422.  0.0218063
4424.  0.0213031
4426.  0.0181867
4428.  0.0190356
4430.  0.0186656
4432.  0.0197339
4434.  0.0199268
4436.  0.019933
4438.  0.0193746
4440.  0.0188695
4442.  0.0197289
4444.  0.019815
4446.  0.0176326
4448.  0.0180675
4450.  0.0183991
4452.  0.0176474
4454.  0.020725
4456.  0.0199382
4458.  0.018813
4460.  0.0179086
4462.  0.0192673
4464.  0.0183745
4466.  0.0200991
4468.  0.0190655
4470.  0.0203382
4472.  0.0209633
4474.  0.0185904
4476.  0.0200339
4478.  0.0195205
4480.  0.0162248
4482.  0.0193939
4484.  0.0190266
4486.  0.0194492
4488.  0.0195874
4490.  0.0208693
4492.  0.0192334
4494.  0.0170824
4496.  0.0202692
4498.  0.0205877
4500.  0.0170036
4502.  0.0168245
4504.  0.017307
4506.  0.0209459
4508.  0.0161655
4510.  0.0177445
4512.  0.0212444
4514.  0.0192425
4516.  0.0174156
4518.  0.0163084
4520.  0.0169155
4522.  0.0187846
4524.  0.0169909
4526.  0.0185262
4528.  0.0196728
4530.  0.0186409
4532.  0.0194815
4534.  0.0191478
4536.  0.0187641
4538.  0.0199699
4540.  0.0170644
4542.  0.018866
4544.  0.0198416
4546.  0.0188166
4548.  0.0166361
4550.  0.0186709
4552.  0.018817
4554.  0.0195229
4556.  0.020552
4558.  0.0172941
4560.  0.0193327
4562.  0.0177617
4564.  0.0201077
4566.  0.020203
4568.  0.0193208
4570.  0.020667
4572.  0.0174437
4574.  0.0179171
4576.  0.0212877
4578.  0.0202774
4580.  0.0175382
4582.  0.0197805
4584.  0.017376
4586.  0.0180766
4588.  0.0210306
4590.  0.0196539
4592.  0.0198405
4594.  0.0167848
4596.  0.0206617
4598.  0.0167982
4600.  0.0174409
4602.  0.0213419
4604.  0.0195599
4606.  0.0192754
4608.  0.018789
4610.  0.0196119
4612.  0.0190531
4614.  0.0198354
4616.  0.0213788
4618.  0.0186013
4620.  0.0215157
4622.  0.0192094
4624.  0.0188813
4626.  0.0183478
4628.  0.0205245
4630.  0.0194571
4632.  0.018957
4634.  0.020723
4636.  0.017187
4638.  0.0186457
4640.  0.0181063
4642.  0.0193428
4644.  0.0202549
4646.  0.0192033
4648.  0.0187026
4650.  0.0179517
4652.  0.0196559
4654.  0.0197843
4656.  0.0188996
4658.  0.0206238
4660.  0.0196494
4662.  0.018634
4664.  0.0193353
4666.  0.020627
4668.  0.021072
4670.  0.0202858
4672.  0.0215477
4674.  0.0178473
4676.  0.0179343
4678.  0.0175816
4680.  0.0201293
4682.  0.0201389
4684.  0.0219062
4686.  0.0210662
4688.  0.0208803
4690.  0.0207121
4692.  0.0198584
4694.  0.019434
4696.  0.0203515
4698.  0.027708
4700.  0.0304667
4702.  0.035309
4704.  0.0322861
4706.  0.0273327
4708.  0.0212068
4710.  0.0178755
4712.  0.0187354
4714.  0.0181196
4716.  0.020802
4718.  0.0202302
4720.  0.0203069
4722.  0.0178172
4724.  0.0186363
4726.  0.0174127
4728.  0.0181088
4730.  0.0174487
4732.  0.019122
4734.  0.0216287
4736.  0.0195234
4738.  0.0215218
4740.  0.020586
4742.  0.0199021
4744.  0.0187384
4746.  0.0206346
4748.  0.0203726
4750.  0.0202127
4752.  0.0196965
4754.  0.0180262
4756.  0.0194288
4758.  0.0198686
4760.  0.0223468
4762.  0.0205592
4764.  0.0233966
4766.  0.0220899
4768.  0.0215954
4770.  0.0238185
4772.  0.0231779
4774.  0.022646
4776.  0.0201073
4778.  0.0186941
4780.  0.0204629
4782.  0.017412
4784.  0.0204123
4786.  0.0194467
4788.  0.0193795
4790.  0.0175713
4792.  0.0184378
4794.  0.0168802
4796.  0.0208994
4798.  0.0205853
4800.  0.0220955
4802.  0.0221297
4804.  0.0199179
4806.  0.0224008
4808.  0.0202689
4810.  0.0212248
4812.  0.0197726
4814.  0.0203769
4816.  0.020027
4818.  0.0215969
4820.  0.0201444
4822.  0.020712
4824.  0.0218474
4826.  0.0216339
4828.  0.0172231
4830.  0.0173942
4832.  0.0165284
4834.  0.0170948
4836.  0.0178038
4838.  0.0171669
4840.  0.016153
4842.  0.0187813
4844.  0.0165652
4846.  0.0169738
4848.  0.0185678
4850.  0.0203294
4852.  0.0206292
4854.  0.0204112
4856.  0.0202716
4858.  0.0215679
4860.  0.0210684
4862.  0.0210403
4864.  0.0233588
4866.  0.0219963
4868.  0.0226946
4870.  0.0215876
4872.  0.0245092
4874.  0.0232521
4876.  0.0261938
4878.  0.0280971
4880.  0.0271249
4882.  0.026497
4884.  0.024653
4886.  0.0222727
4888.  0.0201964
4890.  0.0203569
4892.  0.0189488
4894.  0.0204831
4896.  0.0200451
4898.  0.0172226
4900.  0.018455
4902.  0.0178384
4904.  0.020628
4906.  0.0201447
4908.  0.0182793
4910.  0.0191729
4912.  0.0213624
4914.  0.0205208
4916.  0.0222693
4918.  0.0204176
4920.  0.0206554
4922.  0.0185112
4924.  0.0208144
4926.  0.019073
4928.  0.024342
4930.  0.021352
4932.  0.0231332
4934.  0.0196566
4936.  0.0229405
4938.  0.0224505
4940.  0.0218062
4942.  0.0215783
4944.  0.0182517
4946.  0.0205076
4948.  0.022246
4950.  0.018123
4952.  0.0189076
4954.  0.0194474
4956.  0.0190129
4958.  0.0177669
4960.  0.0150871
4962.  0.0137272
4964.  0.0168804
4966.  0.0181145
4968.  0.0150907
4970.  0.0207817
4972.  0.0182746
4974.  0.0212505
4976.  0.0210733
4978.  0.0203464
4980.  0.0219787
4982.  0.0222234
4984.  0.0228182
4986.  0.0205554
4988.  0.0235984
4990.  0.0240792
4992.  0.0222753
4994.  0.0217505
4996.  0.0188539
4998.  0.0199119
5000.  0.018321
5002.  0.0171083
5004.  0.0156814
5006.  0.0163134
5008.  0.0176717
5010.  0.0173406
5012.  0.0193275
5014.  0.0205721
5016.  0.0195702
5018.  0.0219921
5020.  0.023317
5022.  0.0237907
5024.  0.0261735
5026.  0.023922
5028.  0.0240726
5030.  0.024387
5032.  0.0242398
5034.  0.0247275
5036.  0.0238281
5038.  0.0251933
5040.  0.0264999
5042.  0.0246588
5044.  0.0238422
5046.  0.0240897
5048.  0.0244691
5050.  0.0227121
5052.  0.0226357
5054.  0.0248147
5056.  0.0253738
5058.  0.0227846
5060.  0.0244055
5062.  0.0243394
5064.  0.0256708
5066.  0.0265308
5068.  0.0274271
5070.  0.025117
5072.  0.024316
5074.  0.0243268
5076.  0.026869
5078.  0.0241164
5080.  0.0232007
5082.  0.0260889
5084.  0.0235891
5086.  0.0238915
5088.  0.0240895
5090.  0.0246879
5092.  0.0252519
5094.  0.0252557
5096.  0.0249655
5098.  0.0241085
5100.  0.0249631
5102.  0.0250076
5104.  0.0243611
5106.  0.0254678
5108.  0.0250745
5110.  0.027049
5112.  0.0262154
5114.  0.022766
5116.  0.0231927
5118.  0.0225587
5120.  0.024863
5122.  0.0238417
5124.  0.0242106
5126.  0.0216465
5128.  0.0242657
5130.  0.0266959
5132.  0.0264355
5134.  0.023984
5136.  0.0259496
5138.  0.024745
5140.  0.0246542
5142.  0.0240961
5144.  0.0241645
5146.  0.0234346
5148.  0.0252614
5150.  0.0234344
5152.  0.0257876
5154.  0.0236469
5156.  0.0231614
5158.  0.0242505
5160.  0.0252303
5162.  0.0248734
5164.  0.0220254
5166.  0.0244751
5168.  0.0251321
5170.  0.0235602
5172.  0.022979
5174.  0.0224292
5176.  0.0224095
5178.  0.0218123
5180.  0.024094
5182.  0.0244649
5184.  0.0232518
5186.  0.022419
5188.  0.0250828
5190.  0.0242863
5192.  0.0255868
5194.  0.0250997
5196.  0.0250049
5198.  0.0223844
5200.  0.0225684
5202.  0.0262211
5204.  0.0250126
5206.  0.0248471
5208.  0.0251906
5210.  0.0226269
5212.  0.0227777
5214.  0.0245259
5216.  0.0253399
5218.  0.0241133
5220.  0.0246023
5222.  0.0246493
5224.  0.0237995
5226.  0.0254158
5228.  0.0243033
5230.  0.0248039
5232.  0.0244406
5234.  0.0231923
5236.  0.0245854
5238.  0.024215
5240.  0.0222848
5242.  0.0237721
5244.  0.0245164
5246.  0.0237006
5248.  0.0234095
5250.  0.0253943
5252.  0.0272559
5254.  0.0259172
5256.  0.0248105
5258.  0.0235132
5260.  0.0236612
5262.  0.0224724
5264.  0.0241546
5266.  0.0234251
5268.  0.0231291
5270.  0.0253582
5272.  0.0234289
5274.  0.0240628
5276.  0.0248589
5278.  0.0237149
5280.  0.023945
5282.  0.0219643
5284.  0.0222389
5286.  0.0257979
5288.  0.0241457
5290.  0.0240811
5292.  0.0244163
5294.  0.0248307
5296.  0.02404
5298.  0.0220208
5300.  0.0231355
5302.  0.0230512
5304.  0.0248988
5306.  0.0266407
5308.  0.0252706
5310.  0.0249895
5312.  0.024715
5314.  0.0253871
5316.  0.0264063
5318.  0.024589
5320.  0.0248718
5322.  0.0250517
5324.  0.0252764
5326.  0.0236396
5328.  0.0238356
5330.  0.0229001
5332.  0.023229
5334.  0.0215192
5336.  0.0245253
5338.  0.0233322
5340.  0.0228034
5342.  0.0241825
5344.  0.0231265
5346.  0.0252933
5348.  0.0236879
5350.  0.0235579
5352.  0.0269915
5354.  0.0248926
5356.  0.0213952
5358.  0.0229654
5360.  0.0229034
5362.  0.022001
5364.  0.0235666
5366.  0.023021
5368.  0.0241415
5370.  0.0229441
5372.  0.0257429
5374.  0.0207547
5376.  0.0259334
5378.  0.0240693
5380.  0.0247321
5382.  0.0273426
5384.  0.024946
5386.  0.0224916
5388.  0.0225784
5390.  0.0230726
5392.  0.0213968
5394.  0.0217095
5396.  0.0236876
5398.  0.0269694
5400.  0.0254875
5402.  0.0232893
5404.  0.0240227
5406.  0.0231815
5408.  0.0245651
5410.  0.0224863
5412.  0.0200223
5414.  0.0208012
5416.  0.0231632
5418.  0.0226071
5420.  0.0233943
5422.  0.0214316
5424.  0.0202204
5426.  0.0213196
5428.  0.0215797
5430.  0.0222146
5432.  0.0198307
5434.  0.0225953
5436.  0.0191703
5438.  0.0209004
5440.  0.0234415
5442.  0.0237581
5444.  0.0239866
5446.  0.0254388
5448.  0.0239399
5450.  0.0233804
5452.  0.0251514
5454.  0.0281575
5456.  0.018361
5458.  0.0230489
5460.  0.0214717
5462.  0.0229757
5464.  0.0251615
5466.  0.0237776
5468.  0.0253386
5470.  0.0240969
5472.  0.0246225
5474.  0.0254726
5476.  0.0245131
5478.  0.0254345
5480.  0.0247231
5482.  0.0255146
5484.  0.0266245
5486.  0.0236033
5488.  0.0247613
5490.  0.0239889
5492.  0.0244094
5494.  0.0241366
5496.  0.0237083
5498.  0.0266352
5500.  0.0245447
5502.  0.0261
5504.  0.0266771
5506.  0.0276702
5508.  0.0275671
5510.  0.0260607
5512.  0.0246599
5514.  0.0238078
5516.  0.0264228
5518.  0.0249573
5520.  0.0242363
5522.  0.027816
5524.  0.024582
5526.  0.0258415
5528.  0.0263803
5530.  0.0227696
5532.  0.0244428
5534.  0.020051
5536.  0.025498
5538.  0.0224315
5540.  0.0212008
5542.  0.0237131
5544.  0.023484
5546.  0.0274384
5548.  0.0255561
5550.  0.0257966
5552.  0.0252558
5554.  0.0265623
5556.  0.0262181
5558.  0.0240479
5560.  0.0243164
5562.  0.0254502
5564.  0.0277663
5566.  0.0246043
5568.  0.0252486
5570.  0.0242964
5572.  0.0217077
5574.  0.0218887
5576.  0.0260631
5578.  0.0223091
5580.  0.0229054
5582.  0.0185611
5584.  0.0181259
5586.  0.0222474
5588.  0.0274201
5590.  0.0259071
5592.  0.0242921
5594.  0.0240714
5596.  0.0247383
5598.  0.0258844
5600.  0.0237323
5602.  0.022907
5604.  0.0239321
5606.  0.0262266
5608.  0.0239913
5610.  0.0236204
5612.  0.0253658
5614.  0.0258481
5616.  0.0259114
5618.  0.0246256
5620.  0.0274375
5622.  0.0255185
5624.  0.0235208
5626.  0.0213371
5628.  0.0225671
5630.  0.0243815
5632.  0.024712
5634.  0.0270695
5636.  0.0252076
5638.  0.0258349
5640.  0.0243376
5642.  0.022419
5644.  0.0213895
5646.  0.0239624
5648.  0.0252116
5650.  0.0230933
5652.  0.0232238
5654.  0.0255185
5656.  0.0260843
5658.  0.0214878
5660.  0.023257
5662.  0.0244698
5664.  0.0248091
5666.  0.0243514
5668.  0.0257625
5670.  0.0245545
5672.  0.0238471
5674.  0.0245625
5676.  0.0242295
5678.  0.0240643
5680.  0.0234682
5682.  0.0236632
5684.  0.0236275
5686.  0.025586
5688.  0.0232045
5690.  0.021881
5692.  0.0238218
5694.  0.0255335
5696.  0.0281574
5698.  0.0247349
5700.  0.0239252
5702.  0.0230126
5704.  0.0232327
5706.  0.0246782
5708.  0.0247474
5710.  0.0221598
5712.  0.0212462
5714.  0.0207869
5716.  0.0228148
5718.  0.0231172
5720.  0.0211302
5722.  0.0220739
5724.  0.0228525
5726.  0.0224981
5728.  0.0218616
5730.  0.0234443
5732.  0.0233502
5734.  0.0217304
5736.  0.0231956
5738.  0.0219364
5740.  0.0218361
5742.  0.0215484
5744.  0.0210694
5746.  0.0226371
5748.  0.0221942
5750.  0.0209973
5752.  0.0216996
5754.  0.0237162
5756.  0.0234496
5758.  0.0240642
5760.  0.0231914
5762.  0.0223478
5764.  0.0249459
5766.  0.0249813
5768.  0.0253009
5770.  0.0238684
5772.  0.0234647
5774.  0.0237826
5776.  0.0231702
5778.  0.0243422
5780.  0.0208493
5782.  0.0201984
5784.  0.0216564
5786.  0.0214571
5788.  0.0231348
5790.  0.0226848
5792.  0.0225423
5794.  0.0240381
5796.  0.0234532
5798.  0.0232275
5800.  0.0232479
5802.  0.0242655
5804.  0.024006
5806.  0.0210887
5808.  0.0208419
5810.  0.0226231
5812.  0.0233171
5814.  0.0228029
5816.  0.0224969
5818.  0.0241529
5820.  0.0239802
5822.  0.023285
5824.  0.0237934
5826.  0.0239371
5828.  0.024648
5830.  0.0240724
5832.  0.0239237
5834.  0.0240976
5836.  0.0244946
5838.  0.0253249
5840.  0.0236926
5842.  0.0224118
5844.  0.0234954
5846.  0.0226976
5848.  0.0238842
5850.  0.0227478
5852.  0.0217373
5854.  0.0222806
5856.  0.0214634
5858.  0.0213536
5860.  0.0213224
5862.  0.0213608
5864.  0.0223997
5866.  0.023207
5868.  0.0234603
5870.  0.0227678
5872.  0.0225827
5874.  0.0232297
5876.  0.0235248
5878.  0.0240745
5880.  0.0232676
5882.  0.0237352
5884.  0.0236216
5886.  0.0227586
5888.  0.024816
5890.  0.0230682
5892.  0.0191725
5894.  0.018548
5896.  0.0222053
5898.  0.0254772
5900.  0.0241691
5902.  0.0205423
5904.  0.022095
5906.  0.0218629
5908.  0.0215009
5910.  0.0222984
5912.  0.0240225
5914.  0.0244451
5916.  0.0241882
5918.  0.0251404
5920.  0.0245719
5922.  0.0229418
5924.  0.0220228
5926.  0.0226212
5928.  0.0238186
5930.  0.0242844
5932.  0.021976
5934.  0.0226875
5936.  0.0245964
5938.  0.022232
5940.  0.020967
5942.  0.0199407
5944.  0.0203493
5946.  0.0222923
5948.  0.0231465
5950.  0.0215199
5952.  0.0233175
5954.  0.0219245
5956.  0.0216335
5958.  0.0239699
5960.  0.0227691
5962.  0.0230706
5964.  0.0255232
5966.  0.0242702
5968.  0.0228488
5970.  0.0233767
5972.  0.0230062
5974.  0.0201376
5976.  0.0213635
5978.  0.0215421
5980.  0.0222649
5982.  0.0234328
5984.  0.0215365
5986.  0.021514
5988.  0.0238464
5990.  0.0245555
5992.  0.0232091
5994.  0.0234004
5996.  0.0222178
5998.  0.021256
6000.  0.0235022
6002.  0.0231127
6004.  0.0233864
6006.  0.0243589
6008.  0.0231559
6010.  0.0216873
6012.  0.0209821
6014.  0.0210432
6016.  0.0216623
6018.  0.0214619
6020.  0.0206561
6022.  0.0216235
6024.  0.0225633
6026.  0.0232116
6028.  0.0238877
6030.  0.0232317
6032.  0.0230218
6034.  0.0232143
6036.  0.0236153
6038.  0.0232968
6040.  0.0224184
6042.  0.0212159
6044.  0.0235468
6046.  0.0227908
6048.  0.021672
6050.  0.0207559
6052.  0.0204462
6054.  0.0244063
6056.  0.0243847
6058.  0.0228431
6060.  0.0235599
6062.  0.0236922
6064.  0.0222702
6066.  0.0209126
6068.  0.0215936
6070.  0.0236222
6072.  0.0236922
6074.  0.0226244
6076.  0.021958
6078.  0.0210879
6080.  0.0238139
6082.  0.0223151
6084.  0.0248886
6086.  0.0246024
6088.  0.0249074
6090.  0.0224329
6092.  0.0217801
6094.  0.0224238
6096.  0.0235465
6098.  0.023361
6100.  0.0232967
6102.  0.0232015
6104.  0.0232278
6106.  0.0237552
6108.  0.0222785
6110.  0.0222334
6112.  0.0220875
6114.  0.0216165
6116.  0.0226845
6118.  0.0219064
6120.  0.0212315
6122.  0.0207024
6124.  0.0215143
6126.  0.0218307
6128.  0.0221583
6130.  0.0222088
6132.  0.0221789
6134.  0.0240414
6136.  0.0260098
6138.  0.0290144
6140.  0.029875
6142.  0.0250187
6144.  0.0222139
6146.  0.023069
6148.  0.0230768
6150.  0.022104
6152.  0.0209124
6154.  0.0198376
6156.  0.0208117
6158.  0.0215005
6160.  0.0217877
6162.  0.022983
6164.  0.0225014
6166.  0.0221405
6168.  0.0221786
6170.  0.0213397
6172.  0.0208684
6174.  0.0211732
6176.  0.021573
6178.  0.0223351
6180.  0.0225221
6182.  0.0229357
6184.  0.0239005
6186.  0.0227676
6188.  0.0235532
6190.  0.022116
6192.  0.0220704
6194.  0.0238363
6196.  0.023702
6198.  0.0222165
6200.  0.0215427
6202.  0.0222291
6204.  0.0224984
6206.  0.0228465
6208.  0.0222545
6210.  0.0213435
6212.  0.020825
6214.  0.0206807
6216.  0.0209277
6218.  0.0210489
6220.  0.0220536
6222.  0.0228769
6224.  0.0227862
6226.  0.0221951
6228.  0.0223572
6230.  0.0225584
6232.  0.022992
6234.  0.0224127
6236.  0.0221855
6238.  0.0237691
6240.  0.0221978
6242.  0.0242088
6244.  0.024413
6246.  0.0243667
6248.  0.024181
6250.  0.0252238
6252.  0.0271743
6254.  0.0288222
6256.  0.0319372
6258.  0.0361126
6260.  0.0405361
6262.  0.0408719
6264.  0.0389322
6266.  0.0330876
6268.  0.0276051
6270.  0.0260353
6272.  0.0253128
6274.  0.0238872
6276.  0.021257
6278.  0.0232963
6280.  0.0230225
6282.  0.0214009
6284.  0.0222065
6286.  0.0217263
6288.  0.0211231
6290.  0.0212651
6292.  0.0203695
6294.  0.0194819
6296.  0.0231242
6298.  0.0262919
6300.  0.0296161
6302.  0.0248864
6304.  0.021166
6306.  0.0230396
6308.  0.0263181
6310.  0.0272347
6312.  0.0297637
6314.  0.0347607
6316.  0.0432329
6318.  0.0589132
6320.  0.0773095
6322.  0.0838647
6324.  0.0733074
6326.  0.0540068
6328.  0.0399138
6330.  0.0308509
6332.  0.026875
6334.  0.0253499
6336.  0.0226078
6338.  0.0216797
6340.  0.0220546
6342.  0.0222797
6344.  0.0231964
6346.  0.0218667
6348.  0.0215476
6350.  0.0227531
6352.  0.0219975
6354.  0.021676
6356.  0.0218158
6358.  0.0223657
6360.  0.0222672
6362.  0.0206916
6364.  0.0174861
6366.  0.018684
6368.  0.0199456
6370.  0.0211384
6372.  0.0221084
6374.  0.0211243
6376.  0.021045
6378.  0.0208413
6380.  0.0214347
6382.  0.0223386
6384.  0.0230461
6386.  0.0224572
6388.  0.0219921
6390.  0.0229182
6392.  0.0230394
6394.  0.0234659
6396.  0.0234132
6398.  0.0223179
6400.  0.0231444
6402.  0.0221803
6404.  0.0218932
6406.  0.0230439
6408.  0.0216711
6410.  0.0210072
6412.  0.0212051
6414.  0.0210083
6416.  0.0208904
6418.  0.0210237
6420.  0.0219881
6422.  0.0221891
6424.  0.0223605
6426.  0.0240264
6428.  0.0239936
6430.  0.0229546
6432.  0.0229977
6434.  0.0218038
6436.  0.0220005
6438.  0.0223176
6440.  0.0220022
6442.  0.0227825
6444.  0.0233349
6446.  0.0223128
6448.  0.0216454
6450.  0.0213102
6452.  0.0220972
6454.  0.0214018
6456.  0.0234359
6458.  0.0228195
6460.  0.0226101
6462.  0.0233913
6464.  0.0239042
6466.  0.0225556
6468.  0.0227256
6470.  0.0217426
6472.  0.0201946
6474.  0.0211367
6476.  0.0217127
6478.  0.0224205
6480.  0.022132
6482.  0.0210306
6484.  0.0216217
6486.  0.0225108
6488.  0.0227764
6490.  0.0212085
6492.  0.0203975
6494.  0.0217149
6496.  0.0218849
6498.  0.019988
6500.  0.0202866
6502.  0.0207253
6504.  0.0202985
6506.  0.0217227
6508.  0.0212083
6510.  0.0216526
6512.  0.0248334
6514.  0.0241144
6516.  0.0220388
6518.  0.0225409
6520.  0.020941
6522.  0.0189543
6524.  0.0188172
6526.  0.0188694
6528.  0.0191377
6530.  0.0184137
6532.  0.0193824
6534.  0.0196646
6536.  0.0199184
6538.  0.0209621
6540.  0.0215111
6542.  0.0197779
6544.  0.0193415
6546.  0.0209433
6548.  0.0221478
6550.  0.022342
6552.  0.0239925
6554.  0.0232618
6556.  0.0215667
6558.  0.0219931
6560.  0.0222966
6562.  0.0246258
6564.  0.024857
6566.  0.0233602
6568.  0.0228204
6570.  0.0221461
6572.  0.0212861
6574.  0.0211877
6576.  0.0208554
6578.  0.0223914
6580.  0.0226556
6582.  0.0226962
6584.  0.0225943
6586.  0.0222293
6588.  0.0225155
6590.  0.02235
6592.  0.0221399
6594.  0.0219589
6596.  0.0230594
6598.  0.021418
6600.  0.0213235
6602.  0.0219101
6604.  0.0230612
6606.  0.022899
6608.  0.0220044
6610.  0.0212999
6612.  0.0238035
6614.  0.024033
6616.  0.0236255
6618.  0.0233547
6620.  0.0230246
6622.  0.0234651
6624.  0.0231796
6626.  0.0227386
6628.  0.0225422
6630.  0.022184
6632.  0.0221339
6634.  0.022342
6636.  0.0231167
6638.  0.0234789
6640.  0.0226829
6642.  0.0220181
6644.  0.0217575
6646.  0.0207921
6648.  0.0201735
6650.  0.0201755
6652.  0.0208347
6654.  0.0204599
6656.  0.0208398
6658.  0.022556
6660.  0.0227516
6662.  0.0230828
6664.  0.0222468
6666.  0.0241653
6668.  0.0238443
6670.  0.0234965
6672.  0.0229882
6674.  0.0236296
6676.  0.0245094
6678.  0.0248193
6680.  0.025383
6682.  0.025791
6684.  0.0247297
6686.  0.0227874
6688.  0.022108
6690.  0.0228183
6692.  0.0230586
6694.  0.0231407
6696.  0.024086
6698.  0.0252137
6700.  0.0249867
6702.  0.0241053
6704.  0.0240938
6706.  0.0240546
6708.  0.0221571
6710.  0.0239569
6712.  0.0249147
6714.  0.0247812
6716.  0.0247858
6718.  0.0247663
6720.  0.0232056
6722.  0.0229982
6724.  0.0220671
6726.  0.0209414
6728.  0.0211606
6730.  0.0208885
6732.  0.0221277
6734.  0.0244373
6736.  0.0243457
6738.  0.0230503
6740.  0.0224682
6742.  0.0229725
6744.  0.0236724
6746.  0.0233778
6748.  0.0237234
6750.  0.0241605
6752.  0.0226669
6754.  0.023048
6756.  0.0241733
6758.  0.0242257
6760.  0.0250633
6762.  0.0259205
6764.  0.0239773
6766.  0.0235423
6768.  0.0228651
6770.  0.0229108
6772.  0.0247967
6774.  0.0235518
6776.  0.0234318
6778.  0.0243156
6780.  0.0234844
6782.  0.0217112
6784.  0.0220441
6786.  0.0245012
6788.  0.0250994
6790.  0.0249215
6792.  0.0238155
6794.  0.0233492
6796.  0.0245015
6798.  0.024196
6800.  0.0232667
6802.  0.0237703
6804.  0.0241165
6806.  0.0228036
6808.  0.0231624
6810.  0.0236084
6812.  0.0225377
6814.  0.0218241
6816.  0.0224192
6818.  0.0232958
6820.  0.0228805
6822.  0.0228936
6824.  0.0223464
6826.  0.0230903
6828.  0.0240939
6830.  0.0230205
6832.  0.0227244
6834.  0.0230281
6836.  0.0243909
6838.  0.0243056
6840.  0.0232809
6842.  0.023886
6844.  0.0226528
6846.  0.0229205
6848.  0.0234552
6850.  0.0241202
6852.  0.0244427
6854.  0.0242078
6856.  0.02377
6858.  0.023555
6860.  0.0235146
6862.  0.023456
6864.  0.0224904
6866.  0.0235256
6868.  0.0239465
6870.  0.0234523
6872.  0.0242482
6874.  0.023984
6876.  0.0219571
6878.  0.0226146
6880.  0.0242072
6882.  0.0237464
6884.  0.0233964
6886.  0.0230935
6888.  0.0226488
6890.  0.0238152
6892.  0.0233011
6894.  0.0239743
6896.  0.0240166
6898.  0.0247209
6900.  0.0258617
6902.  0.0247823
6904.  0.0230903
6906.  0.0215286
6908.  0.023027
6910.  0.0231171
6912.  0.0222402
6914.  0.0228379
6916.  0.0222496
6918.  0.0220101
6920.  0.023569
6922.  0.0233441
6924.  0.0230568
6926.  0.0229998
6928.  0.0230987
6930.  0.0245485
6932.  0.0236551
6934.  0.0238602
6936.  0.0237617
6938.  0.022905
6940.  0.0223878
6942.  0.0226106
6944.  0.0219931
6946.  0.0233422
6948.  0.0237317
6950.  0.02279
6952.  0.0212186
6954.  0.0215535
6956.  0.022608
6958.  0.0224813
6960.  0.0217049
6962.  0.0237903
6964.  0.0237945
6966.  0.024141
6968.  0.0247119
6970.  0.0250395
6972.  0.0232221
6974.  0.0225801
6976.  0.0236288
6978.  0.0221804
6980.  0.0221793
6982.  0.0229783
6984.  0.0230278
6986.  0.0242094
6988.  0.0235487
6990.  0.0226899
6992.  0.0238481
6994.  0.0245367
6996.  0.0241165
6998.  0.0236504
7000.  0.0237227
7002.  0.0249347
7004.  0.0243111
7006.  0.023931
7008.  0.0246359
7010.  0.0248313
7012.  0.0251582
7014.  0.0241196
7016.  0.0234283
7018.  0.0230364
7020.  0.0232598
7022.  0.0235424
7024.  0.0231856
7026.  0.0232648
7028.  0.0232826
7030.  0.0230542
7032.  0.0236429
7034.  0.0244127
7036.  0.0237111
7038.  0.0232949
7040.  0.0235963
7042.  0.0246265
7044.  0.0245107
7046.  0.0232923
7048.  0.0231881
7050.  0.0230529
7052.  0.0220095
7054.  0.0220964
7056.  0.0221789
7058.  0.0218902
7060.  0.024069
7062.  0.0241531
7064.  0.0221848
7066.  0.0224715
7068.  0.0236958
7070.  0.0230911
7072.  0.022394
7074.  0.022672
7076.  0.0236187
7078.  0.0243553
7080.  0.0241774
7082.  0.0238936
7084.  0.0245813
7086.  0.0234955
7088.  0.0239005
7090.  0.023166
7092.  0.0230461
7094.  0.0234711
7096.  0.0238812
7098.  0.0233078
7100.  0.0228289
7102.  0.023179
7104.  0.0235686
7106.  0.0242779
7108.  0.024128
7110.  0.024386
7112.  0.0239388
7114.  0.0232639
7116.  0.0232385
7118.  0.0233704
7120.  0.0231795
7122.  0.0236244
7124.  0.0230558
7126.  0.0238148
7128.  0.024258
7130.  0.024166
7132.  0.0245142
7134.  0.0250077
7136.  0.0237523
7138.  0.023882
7140.  0.0233388
7142.  0.022496
7144.  0.0224043
7146.  0.0216521
7148.  0.0219418
7150.  0.0223542
7152.  0.022349
7154.  0.0235795
7156.  0.0243118
7158.  0.0239069
7160.  0.0235982
7162.  0.0239489
7164.  0.0231095
7166.  0.0242772
7168.  0.0248579
7170.  0.0238175
7172.  0.0240681
7174.  0.0241234
7176.  0.0231767
7178.  0.0247015
7180.  0.0252161
7182.  0.0235457
7184.  0.0238361
7186.  0.0243997
7188.  0.0244948
7190.  0.0247118
7192.  0.0238553
7194.  0.0237005
7196.  0.0237377
7198.  0.0243758
7200.  0.0232055
7202.  0.023099
7204.  0.0232651
7206.  0.0232016
7208.  0.0234943
7210.  0.0230327
7212.  0.0228715
7214.  0.0240675
7216.  0.0247
7218.  0.0256128
7220.  0.0248952
7222.  0.0256143
7224.  0.0258576
7226.  0.025305
7228.  0.0245681
7230.  0.0239768
7232.  0.0239196
7234.  0.0244465
7236.  0.0265002
7238.  0.028436
7240.  0.0258939
7242.  0.0245639
7244.  0.0241632
7246.  0.023861
7248.  0.0230194
7250.  0.0232451
7252.  0.0247035
7254.  0.0257256
7256.  0.0242665
7258.  0.0241347
7260.  0.0232196
7262.  0.0233444
7264.  0.0248532
7266.  0.0261028
7268.  0.0255591
7270.  0.023943
7272.  0.0251544
7274.  0.0249552
7276.  0.0221798
7278.  0.0227683
7280.  0.0208164
7282.  0.0227427
7284.  0.0248963
7286.  0.0241905
7288.  0.0237299
7290.  0.0237243
7292.  0.0244103
7294.  0.0233576
7296.  0.0239845
7298.  0.0235002
7300.  0.0235514
7302.  0.0240672
7304.  0.0228668
7306.  0.0234084
7308.  0.0227369
7310.  0.0237082
7312.  0.0256024
7314.  0.0264363
7316.  0.0269195
7318.  0.0267536
7320.  0.0243179
7322.  0.02403
7324.  0.0238607
7326.  0.0232397
7328.  0.0255252
7330.  0.0250985
7332.  0.0240007
7334.  0.0233597
7336.  0.0252039
7338.  0.0268294
7340.  0.0262555
7342.  0.0255532
7344.  0.0234056
7346.  0.0220528
7348.  0.0229808
7350.  0.0235838
7352.  0.0246566
7354.  0.0243942
7356.  0.0256702
7358.  0.0260032
7360.  0.0257817
7362.  0.0237713
7364.  0.0243579
7366.  0.0252279
7368.  0.0243724
7370.  0.0250272
7372.  0.0237222
7374.  0.0226486
7376.  0.0233983
7378.  0.0238881
7380.  0.0251052
7382.  0.0256708
7384.  0.0241944
7386.  0.0229437
7388.  0.0230165
7390.  0.0239757
7392.  0.0238715
7394.  0.0234904
7396.  0.0235121
7398.  0.0235878
7400.  0.0244703
7402.  0.0235379
7404.  0.025214
7406.  0.0231042
7408.  0.0218324
7410.  0.0241538
7412.  0.0238022
7414.  0.0241385
7416.  0.0257198
7418.  0.0249449
7420.  0.0247724
7422.  0.0243675
7424.  0.024288
7426.  0.0235444
7428.  0.0238608
7430.  0.0225215
7432.  0.021018
7434.  0.0215635
7436.  0.0200764
7438.  0.018949
7440.  0.0194391
7442.  0.0189269
7444.  0.020369
7446.  0.0211038
7448.  0.0217692
7450.  0.0225649
7452.  0.0220947
7454.  0.023018
7456.  0.0232278
7458.  0.0229528
7460.  0.0238311
7462.  0.0240727
7464.  0.0238684
7466.  0.0238785
7468.  0.0230488
7470.  0.0239166
7472.  0.023861
7474.  0.023662
7476.  0.0235555
7478.  0.0230266
7480.  0.0244264
7482.  0.0228081
7484.  0.0229119
7486.  0.0242674
7488.  0.0220177
7490.  0.0218965
7492.  0.0233966
7494.  0.0237992
7496.  0.0242596
7498.  0.0242909
7500.  0.0241712
7502.  0.0244387
7504.  0.0247556
7506.  0.024109
7508.  0.0237873
7510.  0.0251295
7512.  0.0245465
7514.  0.0232317
7516.  0.0231608
7518.  0.0245861
7520.  0.0247338
7522.  0.0245567
7524.  0.0233505
7526.  0.023601
7528.  0.0231941
7530.  0.0226676
7532.  0.0231341
7534.  0.0240988
7536.  0.0235164
7538.  0.0235317
7540.  0.0235105
7542.  0.0237218
7544.  0.0236072
7546.  0.0235885
7548.  0.0233976
7550.  0.0230456
7552.  0.0234376
7554.  0.0232508
7556.  0.0230856
7558.  0.0246211
7560.  0.0246718
7562.  0.024819
7564.  0.0247192
7566.  0.0235663
7568.  0.023971
7570.  0.0242255
7572.  0.0231114
7574.  0.0237177
7576.  0.0243032
7578.  0.0235043
7580.  0.0227512
7582.  0.0233577
7584.  0.0241889
7586.  0.0252646
7588.  0.0226957
7590.  0.0213967
7592.  0.0222171
7594.  0.0238067
7596.  0.0247514
7598.  0.0272483
7600.  0.0284118
7602.  0.0242169
7604.  0.0231324
7606.  0.0219491
7608.  0.0209364
7610.  0.0223688
7612.  0.0231632
7614.  0.0231556
7616.  0.0217825
7618.  0.0220022
7620.  0.0232628
7622.  0.0222167
7624.  0.0229698
7626.  0.0220298
7628.  0.021733
7630.  0.0218556
7632.  0.0212333
7634.  0.0218108
7636.  0.0227395
7638.  0.0229921
7640.  0.0242974
7642.  0.0220649
7644.  0.0242947
7646.  0.0235244
7648.  0.0234104
7650.  0.0242717
7652.  0.0239597
7654.  0.0252468
7656.  0.0240633
7658.  0.0247021
7660.  0.0272562
7662.  0.0252381
7664.  0.0245827
7666.  0.0234655
7668.  0.0236721
7670.  0.0254073
7672.  0.0256556
7674.  0.0236701
7676.  0.0253278
7678.  0.0239058
7680.  0.0242852
7682.  0.0247642
7684.  0.0248546
7686.  0.0243656
7688.  0.0238918
7690.  0.0244445
7692.  0.0238387
7694.  0.0234792
7696.  0.022228
7698.  0.0234864
7700.  0.0227121
7702.  0.0220086
7704.  0.0231021
7706.  0.0219328
7708.  0.0230736
7710.  0.0259512
7712.  0.0284103
7714.  0.0283801
7716.  0.025706
7718.  0.0262299
7720.  0.0223912
7722.  0.0199964
7724.  0.0222229
7726.  0.0221079
7728.  0.0222022
7730.  0.0218993
7732.  0.0213656
7734.  0.0224165
7736.  0.0219205
7738.  0.0226942
7740.  0.0247552
7742.  0.0243485
7744.  0.0223161
7746.  0.0233488
7748.  0.0224374
7750.  0.0191213
7752.  0.0193954
7754.  0.0187508
7756.  0.0207837
7758.  0.0232269
7760.  0.022435
7762.  0.0205322
7764.  0.0207415
7766.  0.0227753
7768.  0.0227109
7770.  0.0224731
7772.  0.0236698
7774.  0.0222033
7776.  0.0204769
7778.  0.0211737
7780.  0.0203461
7782.  0.0205264
7784.  0.0214189
7786.  0.0208579
7788.  0.0211442
7790.  0.0239227
7792.  0.0265896
7794.  0.0237257
7796.  0.0224815
7798.  0.0219876
7800.  0.022142
7802.  0.0220801
7804.  0.0227181
7806.  0.0241477
7808.  0.0246439
7810.  0.0263148
7812.  0.0235014
7814.  0.022667
7816.  0.0226205
7818.  0.022955
7820.  0.0261139
7822.  0.0235879
7824.  0.0228363
7826.  0.0228617
7828.  0.0218173
7830.  0.0199649
7832.  0.0200864
7834.  0.0200218
7836.  0.0222583
7838.  0.0228338
7840.  0.0235419
7842.  0.0261462
7844.  0.0256179
7846.  0.0235119
7848.  0.0241164
7850.  0.0244152
7852.  0.021692
7854.  0.0209792
7856.  0.0197774
7858.  0.0216309
7860.  0.0215242
7862.  0.0191861
7864.  0.0177714
7866.  0.0200773
7868.  0.021463
7870.  0.0217166
7872.  0.0212216
7874.  0.0213395
7876.  0.0201775
7878.  0.0225424
7880.  0.0217397
7882.  0.021796
7884.  0.0212207
7886.  0.0208796
7888.  0.0206664
7890.  0.0214863
7892.  0.0228527
7894.  0.0213647
7896.  0.0217118
7898.  0.0220793
7900.  0.0209969
7902.  0.0216073
7904.  0.0219142
7906.  0.0225023
7908.  0.0226064
7910.  0.0278911
7912.  0.0277909
7914.  0.0264889
7916.  0.0250539
7918.  0.0227548
7920.  0.0220895
7922.  0.019843
7924.  0.0203696
7926.  0.0229524
7928.  0.0214428
7930.  0.0198232
7932.  0.0200955
7934.  0.0218152
7936.  0.0221689
7938.  0.0216647
7940.  0.0231627
7942.  0.0230185
7944.  0.0236276
7946.  0.0218557
7948.  0.0231657
7950.  0.0256355
7952.  0.0246722
7954.  0.0247181
7956.  0.0257419
7958.  0.0250851
7960.  0.0267192
7962.  0.0295892
7964.  0.030306
7966.  0.0286729
7968.  0.0238577
7970.  0.0231248
7972.  0.02191
7974.  0.0222276
7976.  0.0231868
7978.  0.0231414
7980.  0.0235048
7982.  0.0213058
7984.  0.0216652
7986.  0.0214844
7988.  0.0228764
7990.  0.0254599
7992.  0.0228425
7994.  0.0223753
7996.  0.0210317
7998.  0.0165353
8000.  0.0193927
8002.  0.0217371
8004.  0.0231894
8006.  0.0234863
8008.  0.0229116
8010.  0.0243393
8012.  0.0229382
8014.  0.02045
8016.  0.0221521
8018.  0.0214747
8020.  0.0239265
8022.  0.0252794
8024.  0.0269263
8026.  0.0275276
8028.  0.0266647
8030.  0.0233402
8032.  0.0219674
8034.  0.0207905
8036.  0.0195396
8038.  0.0209013
8040.  0.0222366
8042.  0.0240725
8044.  0.023569
8046.  0.0237227
8048.  0.0243204
8050.  0.0232355
8052.  0.0234042
8054.  0.0229376
8056.  0.0213439
8058.  0.0222902
8060.  0.0230522
8062.  0.0242112
8064.  0.0246842
8066.  0.0235807
8068.  0.0225225
8070.  0.022385
8072.  0.0218902
8074.  0.022876
8076.  0.0239002
8078.  0.0234315
8080.  0.0234377
8082.  0.0230452
8084.  0.0229273
8086.  0.0243016
8088.  0.0237537
8090.  0.0234474
8092.  0.0238481
8094.  0.0227352
8096.  0.0220715
8098.  0.0218736
8100.  0.0238061
8102.  0.0220037
8104.  0.0197998
8106.  0.0208737
8108.  0.0226437
8110.  0.0236821
8112.  0.0235772
8114.  0.0250973
8116.  0.0249081
8118.  0.0233761
8120.  0.0245521
8122.  0.0241662
8124.  0.0238206
8126.  0.0237047
8128.  0.0222361
8130.  0.0221958
8132.  0.0235328
8134.  0.0239979
8136.  0.0238634
8138.  0.0231954
8140.  0.0217502
8142.  0.021906
8144.  0.0216934
8146.  0.0222112
8148.  0.022916
8150.  0.0230849
8152.  0.0233301
8154.  0.0229252
8156.  0.0228549
8158.  0.0238672
8160.  0.0233082
8162.  0.0244039
8164.  0.0255157
8166.  0.025468
8168.  0.0248675
8170.  0.024033
8172.  0.0238369
8174.  0.0236847
8176.  0.0251095
8178.  0.024485
8180.  0.0242151
8182.  0.0234783
8184.  0.0238117
8186.  0.0238625
8188.  0.0238047
8190.  0.0243179
8192.  0.0241237
8194.  0.0234322
8196.  0.0229824
8198.  0.0205186
8200.  0.0210555
8202.  0.0211659
8204.  0.0209768
8206.  0.0195904
8208.  0.020653
8210.  0.0229696
8212.  0.0240329
8214.  0.0235189
8216.  0.0239673
8218.  0.022973
8220.  0.0218786
8222.  0.0229525
8224.  0.0237629
8226.  0.0236762
8228.  0.022397
8230.  0.023551
8232.  0.0233522
8234.  0.022275
8236.  0.0227072
8238.  0.0225024
8240.  0.0228651
8242.  0.0241461
8244.  0.0235916
8246.  0.0225442
8248.  0.0232246
8250.  0.0235689
8252.  0.0236686
8254.  0.024674
8256.  0.0257654
8258.  0.0269418
8260.  0.0273367
8262.  0.0288293
8264.  0.0334313
8266.  0.0369349
8268.  0.0364456
8270.  0.0358957
8272.  0.0337553
8274.  0.0315749
8276.  0.0314779
8278.  0.0330641
8280.  0.0392784
8282.  0.0475709
8284.  0.0559265
8286.  0.060247
8288.  0.0537986
8290.  0.0417055
8292.  0.0327076
8294.  0.0313486
8296.  0.0318039
8298.  0.0315356
8300.  0.0326352
8302.  0.0313528
8304.  0.0337517
8306.  0.0412577
8308.  0.0507781
8310.  0.0612743
8312.  0.063795
8314.  0.0567351
8316.  0.0470067
8318.  0.0405039
8320.  0.0365999
8322.  0.0330992
8324.  0.0276706
8326.  0.0264833
8328.  0.0250071
8330.  0.0243597
8332.  0.0241156
8334.  0.0235978
8336.  0.0242031
8338.  0.0227341
8340.  0.0277007
8342.  0.0398662
8344.  0.0345319
8346.  0.0223268
8348.  0.0199939
8350.  0.0273503
8352.  0.0265686
8354.  0.0253512
8356.  0.0214968
8358.  0.0194855
8360.  0.0229764
8362.  0.0250329
8364.  0.0247331
8366.  0.0277217
8368.  0.0255874
8370.  0.0208066
8372.  0.0201977
8374.  0.0220327
8376.  0.0223122
8378.  0.0240537
8380.  0.0270078
8382.  0.0253884
8384.  0.0227904
8386.  0.0205711
8388.  0.0224258
8390.  0.0220707
8392.  0.0209109
8394.  0.0209574
8396.  0.0280443
8398.  0.0346076
8400.  0.0326682
8402.  0.0235309
8404.  0.0212168
8406.  0.0213274
8408.  0.0238279
8410.  0.0239709
8412.  0.0265216
8414.  0.0296743
8416.  0.0269834
8418.  0.026301
8420.  0.0231817
8422.  0.0225346
8424.  0.0250594
8426.  0.0297983
8428.  0.0316391
8430.  0.0291638
8432.  0.021487
8434.  0.0137708
8436.  0.0178815
8438.  0.0198924
8440.  0.0223423
8442.  0.0225643
8444.  0.0214782
8446.  0.0223323
8448.  0.0251342
8450.  0.0252701
8452.  0.0220427
8454.  0.0205686
8456.  0.0222327
8458.  0.0209701
8460.  0.022649
8462.  0.0243321
8464.  0.0223533
8466.  0.0246301
8468.  0.023211
8470.  0.0236553
8472.  0.0228747
8474.  0.0256397
8476.  0.0292034
8478.  0.0299761
8480.  0.0289517
8482.  0.0274322
8484.  0.0276781
8486.  0.0273297
8488.  0.0269193
8490.  0.0283091
8492.  0.0292128
8494.  0.0290215
8496.  0.0283576
8498.  0.0284819
8500.  0.0293682
8502.  0.0283131
8504.  0.0275515
8506.  0.0278064
8508.  0.0245967
8510.  0.0221924
8512.  0.0213469
8514.  0.0217912
8516.  0.0218743
8518.  0.0213687
8520.  0.0208604
8522.  0.0224956
8524.  0.0214385
8526.  0.0218374
8528.  0.0229637
8530.  0.0228705
8532.  0.0218208
8534.  0.0228156
8536.  0.0231024
8538.  0.0209555
8540.  0.0209511
8542.  0.0203556
8544.  0.0196184
8546.  0.0210852
8548.  0.0221014
8550.  0.0213663
8552.  0.0214557
8554.  0.0212676
8556.  0.0211671
8558.  0.0230191
8560.  0.022501
8562.  0.0216547
8564.  0.0222508
8566.  0.0204407
8568.  0.0210035
8570.  0.0216545
8572.  0.0221351
8574.  0.023791
8576.  0.0224402
8578.  0.0216805
8580.  0.0213206
8582.  0.0212421
8584.  0.0209887
8586.  0.0223489
8588.  0.0224747
8590.  0.0217967
8592.  0.022538
8594.  0.0234965
8596.  0.0227467
8598.  0.0228799
8600.  0.0223983
8602.  0.0218948
8604.  0.0214835
8606.  0.0213767
8608.  0.0225618
8610.  0.0213367
8612.  0.0220144
8614.  0.0236164
8616.  0.0226193
8618.  0.0224913
8620.  0.0237971
8622.  0.0219417
8624.  0.0215301
8626.  0.0207889
8628.  0.0195313
8630.  0.0227544
8632.  0.0230255
8634.  0.0201283
8636.  0.0200274
8638.  0.0213703
8640.  0.0202778
8642.  0.0195746
8644.  0.0200407
8646.  0.019301
8648.  0.0201422
8650.  0.0188035
8652.  0.0159641
8654.  0.0154865
8656.  0.01623
8658.  0.0164152
8660.  0.0153915
8662.  0.0167336
8664.  0.0188655
8666.  0.0189731
8668.  0.0190248
8670.  0.0215383
8672.  0.0247599
8674.  0.0239608
8676.  0.0238568
8678.  0.024155
8680.  0.0234416
8682.  0.0247229
8684.  0.022078
8686.  0.0215351
8688.  0.0214429
8690.  0.0200293
8692.  0.0208337
8694.  0.0214831
8696.  0.0214602
8698.  0.0222005
8700.  0.0223963
8702.  0.020882
8704.  0.0248607
8706.  0.0241572
8708.  0.0232523
8710.  0.0219269
8712.  0.0219356
8714.  0.0225588
8716.  0.0218317
8718.  0.0220667
8720.  0.0227784
8722.  0.020917
8724.  0.0215705
8726.  0.0218052
8728.  0.021252
8730.  0.0221505
8732.  0.021947
8734.  0.0242455
8736.  0.0234396
8738.  0.02329
8740.  0.0244879
8742.  0.0240756
8744.  0.0236782
8746.  0.0237985
8748.  0.0240423
8750.  0.0247817
8752.  0.0227273
8754.  0.0210174
8756.  0.02147
8758.  0.0236097
8760.  0.0238573
8762.  0.0161592
8764.  0.0133909
8766.  0.0152617
8768.  0.0159314
8770.  0.0147439
8772.  0.0178775
8774.  0.0242523
8776.  0.0295315
8778.  0.0279916
8780.  0.0226448
8782.  0.0220754
8784.  0.0192524
8786.  0.0185371
8788.  0.0220128
8790.  0.0216816
8792.  0.019163
8794.  0.0186414
8796.  0.0199453
8798.  0.0220646
8800.  0.0236578
8802.  0.0230804
8804.  0.0225217
8806.  0.0231576
8808.  0.0228108
8810.  0.0247381
8812.  0.0245639
8814.  0.0230538
8816.  0.0251389
8818.  0.02351
8820.  0.0220771
8822.  0.0234922
8824.  0.0203773
8826.  0.015178
8828.  0.0132958
8830.  0.00862043
8832.  0.0129238
8834.  0.0177493
8836.  0.0241604
8838.  0.0288843
8840.  0.0221538
8842.  0.0215502
8844.  0.0192179
8846.  0.0229504
8848.  0.0266281
8850.  0.0254759
8852.  0.0259738
8854.  0.0257841
8856.  0.0250599
8858.  0.0250913
8860.  0.0250003
8862.  0.0251857
8864.  0.0233174
8866.  0.0219906
8868.  0.0165287
8870.  0.019328
8872.  0.0205505
8874.  0.0228548
8876.  0.0216297
8878.  0.024609
8880.  0.0239105
8882.  0.0302445
8884.  0.0355334
8886.  0.0352796
8888.  0.0215698
8890.  0.0189372
8892.  0.0185389
8894.  0.0222105
8896.  0.0238866
8898.  0.0241128
8900.  0.0263226
8902.  0.0284458
8904.  0.0267376
8906.  0.0237876
8908.  0.0225515
8910.  0.0241836
8912.  0.0207566
8914.  0.0224521
8916.  0.0352576
8918.  0.0350458
8920.  0.0290452
8922.  0.0197389
8924.  0.0209286
8926.  0.0210612
8928.  0.0224386
8930.  0.0246733
8932.  0.0216908
8934.  0.0196409
8936.  0.0214642
8938.  0.020582
8940.  0.0262717
8942.  0.0239885
8944.  0.0250069
8946.  0.0214975
8948.  0.0214173
8950.  0.0196922
8952.  0.019285
8954.  0.0224498
8956.  0.0245608
8958.  0.0186653
8960.  0.0134564
8962.  0.0166904
8964.  0.0198897
8966.  0.0202234
8968.  0.0180308
8970.  0.0199931
8972.  0.020993
8974.  0.0207292
8976.  0.0222448
8978.  0.0215058
8980.  0.0206938
8982.  0.018361
8984.  0.0203109
8986.  0.0222527
8988.  0.0204313
8990.  0.020661
8992.  0.0216107
8994.  0.022337
8996.  0.0205662
8998.  0.0265285
9000.  0.0249263
9002.  0.0255794
9004.  0.0207784
9006.  0.0235638
9008.  0.0263164
9010.  0.0229518
9012.  0.0226165
9014.  0.0249776
9016.  0.0249707
9018.  0.022964
9020.  0.0216006
9022.  0.0202006
9024.  0.0219705
9026.  0.0220038
9028.  0.0199391
9030.  0.0211067
9032.  0.0221464
9034.  0.0212441
9036.  0.0210441
9038.  0.0207334
9040.  0.0203461
9042.  0.0204796
9044.  0.0218358
9046.  0.021575
9048.  0.0239156
9050.  0.0243045
9052.  0.0192117
9054.  0.0211009
9056.  0.0238664
9058.  0.0217065
9060.  0.0218271
9062.  0.022392
9064.  0.0218471
9066.  0.0202913
9068.  0.0215168
9070.  0.0242707
9072.  0.0218487
9074.  0.0213576
9076.  0.0212165
9078.  0.0201306
9080.  0.0203141
9082.  0.022744
9084.  0.0219999
9086.  0.0212146
9088.  0.0216
9090.  0.0221104
9092.  0.0219548
9094.  0.0222475
9096.  0.0192477
9098.  0.0198161
9100.  0.0202639
9102.  0.0209385
9104.  0.0234722
9106.  0.0197025
9108.  0.0236216
9110.  0.0213298
9112.  0.0210968
9114.  0.0221711
9116.  0.0210952
9118.  0.0210136
9120.  0.0223314
9122.  0.0218996
9124.  0.0211461
9126.  0.0228462
9128.  0.0219396
9130.  0.0219421
9132.  0.023464
9134.  0.0227385
9136.  0.0226188
9138.  0.023495
9140.  0.0221523
9142.  0.0222394
9144.  0.021696
9146.  0.0207615
9148.  0.0228072
9150.  0.0214237
9152.  0.021803
9154.  0.0235446
9156.  0.0221025
9158.  0.0212327
9160.  0.02059
9162.  0.0203408
9164.  0.0214331
9166.  0.0220485
9168.  0.0208647
9170.  0.0203226
9172.  0.0195204
9174.  0.0198154
9176.  0.0208059
9178.  0.0209315
9180.  0.0206299
