3615.1680783342  -2.238626222329093E-13
3618.11007285458  1.026810946924521E-13
3621.05355108492  -1.751050476492266E-13
3623.99851044525  2.221167382508195E-14
3626.9449483591  -3.149777395286199E-14
3629.89286225348  -9.656059724591838E-14
3632.84224955888  -1.020759540261429E-13
3635.79310770925  5.960937445688083E-14
3638.74543414201  -2.095899806993699E-15
3641.69922629807  1.372108942307784E-13
3644.65448162176  1.122191600169860E-13
3647.61119756091  -3.108517403985906E-14
3650.56937156681  -4.609009080289292E-15
3653.52900109418  -2.883832089144514E-14
3656.49008360121  1.675054578820657E-14
3659.45261654954  -4.830825833351511E-15
3662.41659740426  -3.641907518695800E-15
3665.3820236339  3.295465749312870E-15
3668.34889271044  -5.673788787294254E-15
3671.3172021093  -3.653914210723129E-15
3674.28694930933  -1.216632809173399E-14
3677.25813179282  2.241953062814047E-15
3680.23074704549  -1.156497450973196E-14
3683.20479255651  2.402028313801480E-15
3686.18026581844  1.121802473233891E-14
3689.15716432729  5.896242509132809E-15
3692.13548558248  -5.506430429388974E-16
3695.11522708687  1.158435398829043E-15
3698.09638634672  -3.744801692996464E-15
3701.07896087169  -1.165574086629383E-15
3704.06294817489  -9.870720573909064E-16
3707.04834577279  2.818477991549688E-15
3710.0351511853  -2.217131609327707E-15
3713.02336193574  8.395418937479014E-16
3716.01297555079  -1.150557568903104E-15
3719.00398956056  9.325587109715144E-16
3721.99640149856  2.626104686069179E-16
3724.99020890167  -2.118741082737815E-16
3727.98540931017  7.249278010121135E-16
3730.98200026772  6.948974125375145E-16
3733.97997932139  1.289943166651124E-16
3736.97934402159  -3.030923172083486E-16
3739.98009192215  3.412473663036718E-16
3742.98222058025  -6.342019432130276E-16
3745.98572755646  -1.798650111297273E-16
3748.9906104147  3.079650330561066E-16
3751.99686672229  2.481104292202267E-16
3755.00449404988  -9.084794304005363E-17
3758.01348997151  3.237479369286389E-17
3761.02385206456  7.052651090467970E-17
3764.0355779098  9.428622348088747E-18
3767.04866509132  -1.377259425669935E-16
3770.06311119658  1.685806661528381E-16
3773.07891381638  -4.256237658684658E-17
3776.09607054488  8.306079857903043E-17
3779.11457897958  -1.429314232490142E-16
3782.13443672131  -8.995532913232519E-17
3785.15564137425  -5.200409733993510E-17
3788.17819054592  -3.906631758022591E-17
3791.20208184717  1.057946053636030E-17
3794.22731289218  2.724006838607974E-17
3797.25388129845  -2.025060231388225E-17
3800.28178468681  1.855604838281224E-17
3803.31102068143  9.367657648018488E-17
3806.34158690979  -2.310251923389562E-17
3809.37348100266  4.813866910258501E-17
3812.40670059418  -3.212263264621077E-17
3815.44124332175  -6.363847868227714E-17
3818.47710682612  -6.415759241929704E-18
3821.51428875131  -5.526729507795474E-17
3824.55278674468  2.929344995815280E-17
3827.59259845686  3.531733652078857E-17
3830.63372154181  1.591958057950565E-17
3833.67615365675  2.657259484311478E-17
3836.71989246224  -1.208429480367698E-17
3839.76493562208  8.606125232163995E-18
3842.8112808034  2.688622864417038E-17
3845.8589256766  4.302915460651025E-17
3848.90786791535  3.422844423422989E-18
3851.95810519661  -5.498975530292790E-18
3855.00963520064  3.132912159331111E-17
3858.06245561094  -1.487370003043850E-17
3861.1165641143  2.844365753637502E-17
3864.17195840078  -2.401128136154230E-17
3867.2286361637  -1.330933605597822E-17
3870.28659509965  -5.974281782071884E-18
3873.34583290848  1.806358144204512E-17
3876.40634729331  -2.449229019646434E-17
3879.46813596048  2.021535118489769E-17
3882.53119661963  1.170794665011944E-17
3885.59552698363  1.241378482989462E-17
3888.66112476858  1.766846207884691E-17
3891.72798769386  4.007911090479093E-17
3894.79611348208  2.978486141645830E-17
3897.86549985908  9.828986036370540E-18
3900.93614455393  -2.054881250523619E-18
3904.00804529898  1.060960547942357E-17
3907.08119982976  8.346120031762040E-18
3910.15560588506  1.924611222830603E-17
3913.23126120688  5.369114377976558E-18
3916.30816354047  3.517000324598368E-18
3919.38631063426  2.227974583964628E-17
3922.46570023995  4.538189945971115E-18
3925.54633011241  6.392133309273965E-18
3928.62819800975  1.856318033405367E-17
3931.71130169329  3.025292322043266E-18
3934.79563892754  7.940170392803677E-18
3937.88120748024  1.157358687604185E-17
3940.96800512232  1.083526531361171E-17
3944.0560296279  6.451595601197645E-18
3947.14527877431  1.072808669446260E-17
3950.23575034209  1.622219302607960E-17
3953.32744211494  1.949316129877356E-17
3956.42035187977  -8.585334874648088E-18
3959.51447742668  1.051543179386502E-17
3962.60981654893  1.327534389588596E-17
3965.70636704299  4.424115535645459E-18
3968.8041267085  1.318883072998027E-17
3971.90309334827  7.148787675620107E-18
3975.00326476828  1.492379243397349E-17
3978.1046387777  2.383660728595071E-17
3981.20721318884  1.521896521811813E-17
3984.3109858172  1.918669749926757E-17
3987.41595448144  7.737357287134251E-18
3990.52211700337  2.609660699451094E-17
3993.62947120796  4.003393278127512E-18
3996.73801492334  1.941281393715384E-17
3999.84774598079  1.521275805480154E-17
4002.95866221473  3.196358235802907E-17
4006.07076146275  1.195562603221375E-17
4009.18404156556  1.521042209675169E-17
4012.29850036702  2.012716215107096E-17
4015.41413571414  1.088162465104224E-17
4018.53094545704  2.444467933476702E-17
4021.64892744901  5.265023210463803E-18
4024.76807954644  2.017878483873917E-17
4027.88839960885  2.049694166338421E-17
4031.00988549891  2.327884601635111E-17
4034.13253508239  2.228173272747763E-17
4037.25634622819  1.810152090802048E-17
4040.38131680833  2.864910934819850E-17
4043.50744469792  2.036516848308207E-17
4046.63472777522  2.004583540760597E-17
4049.76316392158  1.839110029686304E-17
4052.89275102146  2.224198008159956E-17
4056.0234869624  2.346121121727822E-17
4059.15536963509  2.336576119203450E-17
4062.28839693329  2.286058213961366E-17
4065.42256675384  1.727992541896341E-17
4068.55787699671  1.627297033516178E-17
4071.69432556494  2.214231639831549E-17
4074.83191036466  2.915408656854987E-17
4077.97062930508  1.421600707103636E-17
4081.11048029851  1.952994271189135E-17
4084.25146126032  2.690783294740905E-17
4087.39357010897  2.174081616387205E-17
4090.53680476599  1.786058304791848E-17
4093.68116315599  1.898798720943640E-17
4096.82664320664  1.754712791787519E-17
4099.97324284869  2.865587899433163E-17
4103.12096001592  2.179481120553706E-17
4106.26979264522  2.011927581111088E-17
4109.4197386765  2.003681748456791E-17
4112.57079605275  2.557969521228165E-17
4115.72296271999  1.658619220027233E-17
4118.87623662732  2.046230264805295E-17
4122.03061572687  1.952514175561609E-17
4125.18609797381  1.635750653940347E-17
4128.34268132637  2.000343412940650E-17
4131.5003637458  2.732620270326489E-17
4134.65914319641  2.760944919733775E-17
4137.81901764552  1.719304333050451E-17
4140.97998506352  2.076356513586720E-17
4144.14204342378  2.510716001555461E-17
4147.30519070273  2.150355264005102E-17
4150.46942487981  1.763834277838264E-17
4153.6347439375  2.170206275217394E-17
4156.80114586128  1.705714086458450E-17
4159.96862863964  1.579976843086102E-17
4163.13719026411  2.550285840518160E-17
4166.30682872921  1.923271355674389E-17
4169.47754203248  2.212534761522958E-17
4172.64932817444  2.327773759433028E-17
4175.82218515866  1.514786408138553E-17
4178.99611099166  1.998051295463266E-17
4182.17110368298  1.888290880186257E-17
4185.34716124517  2.241454153790670E-17
4188.52428169375  1.722116747133132E-17
4191.70246304722  1.950937734750205E-17
4194.8817033271  2.197416381467327E-17
4198.06200055787  1.628891837737180E-17
4201.243352767  2.100572887763701E-17
4204.42575798493  1.942297833252089E-17
4207.60921424509  1.955501951934151E-17
4210.79371958387  1.605573781705433E-17
4213.97927204063  1.721669738730108E-17
4217.16586965772  2.208441871852046E-17
4220.35351048043  1.846127333694836E-17
4223.54219255702  1.795695951544826E-17
4226.73191393872  2.001154215377074E-17
4229.9226726797  2.064840670534880E-17
4233.1144668371  1.887631120929684E-17
4236.30729447101  1.886361398689416E-17
4239.50115364445  2.468100979885709E-17
4242.69604242342  2.086814061762861E-17
4245.89195887685  1.834179206054875E-17
4249.08890107658  1.739317637098927E-17
4252.28686709744  1.765025914228707E-17
4255.48585501716  1.807972966196338E-17
4258.68586291642  2.192157498004960E-17
4261.88688887883  1.931184661722440E-17
4265.08893099092  2.315644479238918E-17
4268.29198734214  2.068949607509675E-17
4271.49605602489  1.747217873693298E-17
4274.70113513445  1.946174994219247E-17
4277.90722276906  2.140678243454966E-17
4281.11431702985  1.505859144095635E-17
4284.32241602085  1.797110761264537E-17
4287.53151784903  2.013783443533412E-17
4290.74162062425  1.742823724843294E-17
4293.95272245927  1.833567257837709E-17
4297.16482146976  2.510283055222850E-17
4300.37791577428  1.968942975143647E-17
4303.5920034943  1.957994577992018E-17
4306.80708275417  2.320319704061068E-17
4310.02315168113  1.929443611969138E-17
4313.24020840532  2.064413514466557E-17
4316.45825105976  2.089610924850025E-17
4319.67727778034  2.107394977147670E-17
4322.89728670585  2.046931052220249E-17
4326.11827597795  1.609789590415370E-17
4329.34024374117  1.976981185464192E-17
4332.56318814291  2.497682116643463E-17
4335.78710733345  2.720060856213851E-17
4339.01199946592  3.628512791130827E-17
4342.23786269633  3.356624479485057E-17
4345.46469518355  1.919414212478054E-17
4348.6924950893  2.198802074429476E-17
4351.92126057816  1.899581399239238E-17
4355.15098981756  1.800176458050781E-17
4358.38168097779  1.630454381914292E-17
4361.61333223198  1.971961853507221E-17
4364.8459417561  1.909349905965122E-17
4368.07950772897  2.113397661416845E-17
4371.31402833226  1.873059176386706E-17
4374.54950175046  1.824891291264885E-17
4377.78592617089  2.111435754439992E-17
4381.02329978373  2.060268181544810E-17
4384.26162078196  2.236498183868619E-17
4387.50088736141  2.029547355339080E-17
4390.74109772071  1.847067341742942E-17
4393.98225006133  2.502041193035495E-17
4397.22434258754  2.138242031114875E-17
4400.46737350646  2.487935612921873E-17
4403.71134102799  2.030737833676666E-17
4406.95624336484  2.160406170192111E-17
4410.20207873256  2.413854971622849E-17
4413.44884534947  2.337714485162445E-17
4416.6965414367  2.165986992348884E-17
4419.94516521821  1.789984931159637E-17
4423.19471492072  2.231670261505392E-17
4426.44518877376  2.054873309589738E-17
4429.69658500964  2.000171524809362E-17
4432.94890186349  1.771856771727170E-17
4436.20213757319  2.320197281330410E-17
4439.45629037943  2.139292054184450E-17
4442.71135852566  2.530083112109410E-17
4445.96734025812  2.095942661566874E-17
4449.22423382584  2.566790409844308E-17
4452.4820374806  2.172633057698503E-17
4455.74074947695  2.325264093454543E-17
4459.00036807222  2.042531113105957E-17
4462.26089152651  2.220248882479504E-17
4465.52231810267  2.063598741563193E-17
4468.78464606631  2.123275190547464E-17
4472.0478736858  2.404956162593003E-17
4475.31199923227  2.467992288353219E-17
4478.5770209796  2.142835695928627E-17
4481.84293720441  2.532662592131595E-17
4485.10974618607  2.101113533012065E-17
4488.37744620671  2.232159952428023E-17
4491.64603555117  2.158274029445195E-17
4494.91551250706  2.250513932167717E-17
4498.1858753647  2.917855126234673E-17
4501.45712241717  2.103175859715282E-17
4504.72925196025  2.817335476452739E-17
4508.00226229247  2.918441431852851E-17
4511.27615171508  2.190078958561736E-17
4514.55091853204  2.663416520482954E-17
4517.82656105006  2.187495838944855E-17
4521.10307757853  2.490404912486466E-17
4524.38046642957  2.681064418851774E-17
4527.65872591803  2.086508832116829E-17
4530.93785436144  2.038788782578645E-17
4534.21785008005  2.317059619830874E-17
4537.49871139681  2.419036100107636E-17
4540.78043663738  1.932249408606918E-17
4544.06302413011  2.131893254477408E-17
4547.34647220606  2.425561066215577E-17
4550.63077919894  2.125700814975713E-17
4553.91594344521  2.857543402539963E-17
4557.20196328398  2.736948244727488E-17
4560.48883705705  2.457668081691823E-17
4563.7765631089  2.079051468022418E-17
4567.06513978672  2.774366256044693E-17
4570.35456544032  2.055063561130626E-17
4573.64483842225  2.064002571138241E-17
4576.93595708768  2.166459808787019E-17
4580.22791979447  2.195902640946354E-17
4583.52072490315  2.225273177520152E-17
4586.8143707769  2.062392877666213E-17
4590.10885578157  1.841377166309190E-17
4593.40417828568  2.253488804522703E-17
4596.70033666038  2.319138986454710E-17
4599.99732927949  2.080448245204775E-17
4603.29515451948  2.271986382816737E-17
4606.59381075946  2.385573831915783E-17
4609.89329638119  2.673240117437635E-17
4613.19360976907  2.176892706980905E-17
4616.49474931015  2.602178189066062E-17
4619.79671339409  2.218758633887929E-17
4623.09950041322  2.294399503258351E-17
4626.40310876248  2.260484601835309E-17
4629.70753683943  2.026128783303521E-17
4633.01278304429  2.418394704260663E-17
4636.31884577987  2.374439153690207E-17
4639.62572345161  2.149832982166336E-17
4642.93341446759  2.170176000406975E-17
4646.24191723847  2.644229404430297E-17
4649.55123017755  2.628889009098256E-17
4652.86135170073  2.435173897550178E-17
4656.17228022652  2.633925711848092E-17
4659.48401417602  2.382824779868025E-17
4662.79655197297  2.204832055658864E-17
4666.10989204366  2.507824839878465E-17
4669.42403281703  2.215133763007600E-17
4672.73897272457  2.097905561160462E-17
4676.05471020037  2.347487624099759E-17
4679.37124368114  2.202412386931024E-17
4682.68857160613  2.561437062355987E-17
4686.00669241722  2.609238341030324E-17
4689.32560455883  2.580482895960021E-17
4692.64530647799  2.177739905364282E-17
4695.96579662428  2.117510403422459E-17
4699.28707344988  2.570906791444617E-17
4702.60913540951  2.080603920596058E-17
4705.93198096047  2.240258050624918E-17
4709.25560856264  2.439615857439588E-17
4712.58001667846  2.389781865127963E-17
4715.90520377289  2.774818392967514E-17
4719.2311683135  2.619200573455668E-17
4722.55790877038  2.520095402521200E-17
4725.88542361619  2.297287190776773E-17
4729.21371132612  2.587248902498460E-17
4732.54277037792  2.697942873814796E-17
4735.87259925189  2.570833668678468E-17
4739.20319643085  2.561195525617121E-17
4742.53456040018  2.382892112369887E-17
4745.86668964778  2.325551125127098E-17
4749.1995826641  2.484515882833456E-17
4752.53323794208  2.800001741280568E-17
4755.86765397725  2.285017289878529E-17
4759.2028292676  2.265960537490411E-17
4762.5387623137  2.183319238595952E-17
4765.8754516186  2.382487290178103E-17
4769.21289568788  2.200917175255773E-17
4772.55109302963  3.126910798550916E-17
4775.89004215446  2.284089524103490E-17
4779.22974157549  2.303107895311187E-17
4782.57018980833  2.572197524072445E-17
4785.91138537111  2.793209926707018E-17
4789.25332678445  2.696136476793103E-17
4792.59601257148  2.512869814434427E-17
4795.93944125781  2.758289173659112E-17
4799.28361137156  2.592760903228268E-17
4802.62852144332  2.525006208381805E-17
4805.97417000619  2.432858619015642E-17
4809.32055559573  2.474959134344386E-17
4812.66767675001  2.339409047365321E-17
4816.01553200956  2.195260583354890E-17
4819.3641199174  2.735819143191354E-17
4822.713439019  2.013425936072666E-17
4826.06348786233  2.681723020055488E-17
4829.4142649978  2.465386173115310E-17
4832.76576897833  2.456482566437912E-17
4836.11799835926  2.581075819023099E-17
4839.4709516984  2.497820090369637E-17
4842.82462755604  2.444699874920461E-17
4846.1790244949  2.138017037988261E-17
4849.53414108017  2.197954710609976E-17
4852.88997587948  2.314909777418848E-17
4856.24652746292  2.279926324080511E-17
4859.603794403  2.679129312526767E-17
4862.96177527469  2.336342523398465E-17
4866.32046865541  2.643512900583704E-17
4869.679873125  2.270588447581522E-17
4873.03998726572  2.716985233260256E-17
4876.40080966231  2.641771354522035E-17
4879.76233890188  2.203955078773435E-17
4883.12457357402  2.208589275437203E-17
4886.4875122707  2.494370085470801E-17
4889.85115358633  2.577470138732980E-17
4893.21549611774  2.297069476839550E-17
4896.58053846417  2.354499468716249E-17
4899.94627922728  2.237279869547482E-17
4903.31271701113  2.526192219944083E-17
4906.6798504222  2.672004309602480E-17
4910.04767806936  2.513156018926370E-17
4913.41619856389  2.414252845497487E-17
4916.78541051947  2.643258294391160E-17
4920.15531255218  2.420140882533762E-17
4923.52590328047  2.565379074283170E-17
4926.89718132522  2.219770441213204E-17
4930.26914530968  2.509484660495614E-17
4933.64179385948  2.508054134344265E-17
4937.01512560263  2.460009830005960E-17
4940.38913916954  2.280907360286999E-17
4943.763833193  2.200300925699422E-17
4947.13920630813  2.383897467686383E-17
4950.51525715248  2.317292553891369E-17
4953.89198436595  2.253457040787181E-17
4957.26938659079  2.544567540943581E-17
4960.64746247163  2.095863252228069E-17
4964.02621065546  2.860351184411212E-17
4967.40562979163  2.362750926198710E-17
4970.78571853185  2.493284824507131E-17
4974.16647553017  2.528999009198598E-17
4977.54789944301  2.321698779578316E-17
4980.92998892913  2.296184393584118E-17
4984.31274264963  2.520878080816797E-17
4987.69615926797  2.463319048764540E-17
4991.08023744993  2.611543858833632E-17
4994.46497586365  2.570617939974713E-17
4997.85037317957  2.494055756838030E-17
5001.23642807051  2.246630153755659E-17
5004.62313921158  2.160145277426912E-17
5008.01050528025  2.400342480008428E-17
5011.39852495628  2.391850974712204E-17
5014.78719692178  2.054480067926531E-17
5018.17651986116  2.150320853291619E-17
5021.56649246117  2.468454020571147E-17
5024.95711341086  2.486854322425144E-17
5028.34838140158  2.476915251056951E-17
5031.740295127  2.371412168956630E-17
5035.1328532831  2.500312881863627E-17
5038.52605456816  2.292356863453713E-17
5041.91989768276  2.306047695208200E-17
5045.31438132978  2.389155854840383E-17
5048.70950421438  2.975634022893748E-17
5052.10526504404  2.662162183802080E-17
5055.50166252851  2.946154629351338E-17
5058.89869537984  2.649303826616065E-17
5062.29636231234  2.402783324559949E-17
5065.69466204264  2.142469751225634E-17
5069.09359328962  2.263169299231412E-17
5072.49315477444  2.578958732963330E-17
5075.89334522054  2.466574335347181E-17
5079.29416335364  2.406032820878302E-17
5082.69560790172  2.328858854960575E-17
5086.09767759501  2.448777379031980E-17
5089.50037116602  2.596430938170044E-17
5092.90368734954  2.547294424550923E-17
5096.30762488257  2.660928361200395E-17
5099.71218250441  2.484015934871229E-17
5103.11735895659  2.500896705939966E-17
5106.52315298289  2.611608709793657E-17
5109.92956332935  2.387432837624436E-17
5113.33658874424  2.647097901358509E-17
5116.74422797808  2.479130440737368E-17
5120.15247978362  2.493540092444165E-17
5123.56134291587  2.536430730694019E-17
5126.97081613205  2.276036424531919E-17
5130.38089819161  2.496541600014875E-17
5133.79158785625  2.601978342230069E-17
5137.20288388988  2.631675946018070E-17
5140.61478505864  2.360918555705783E-17
5144.02729013088  2.447077192000938E-17
5147.44039787718  2.576704500358001E-17
5150.85410707033  2.685336641279488E-17
5154.26841648533  2.293995011938813E-17
5157.6833248994  2.355328303690027E-17
5161.09883109195  2.259521432730053E-17
5164.51493384461  2.466260172150533E-17
5167.93163194121  2.406754949553061E-17
5171.34892416777  2.294405128086516E-17
5174.76680931251  2.603401754628150E-17
5178.18528616585  2.476209004249954E-17
5181.6043535204  2.575360000990358E-17
5185.02401017096  2.119357001421922E-17
5188.44425491449  2.470598238155006E-17
5191.86508655018  2.527588169945827E-17
5195.28650387935  2.626204642574399E-17
5198.70850570555  2.379841470270791E-17
5202.13109083446  2.205859744851900E-17
5205.55425807396  2.702050321864489E-17
5208.97800623408  2.433559406430597E-17
5212.40233412704  2.166037119494005E-17
5215.8272405672  2.391052910857212E-17
5219.2527243711  2.442244637426282E-17
5222.67878435744  2.264792723901607E-17
5226.10541934706  2.556925784731245E-17
5229.53262816296  2.659502136388232E-17
5232.96040963031  2.487804422076723E-17
5236.38876257639  2.499478918370050E-17
5239.81768583067  2.580792923253606E-17
5243.24717822474  2.545650320365413E-17
5246.67723859232  2.174216281390930E-17
5250.10786576928  2.445882743196412E-17
5253.53905859364  2.406533926893387E-17
5256.97081590553  2.733023934465415E-17
5260.40313654722  2.326879411754736E-17
5263.8360193631  2.739605810599499E-17
5267.26946319968  2.614800303469130E-17
5270.70346690562  2.390722369484436E-17
5274.13802933168  2.253646630583578E-17
5277.57314933072  2.517783101836869E-17
5281.00882575773  2.511623749559676E-17
5284.44505746983  2.397521959555744E-17
5287.88184332622  2.581875537239315E-17
5291.31918218821  2.216405801353584E-17
5294.75707291922  2.403332241614439E-17
5298.19551438477  2.476792166581804E-17
5301.63450545249  2.442159603259311E-17
5305.07404499207  2.540846717112195E-17
5308.51413187533  2.491916667773969E-17
5311.95476497616  2.605645564757761E-17
5315.39594317053  2.193991522859112E-17
5318.83766533652  2.485236191710868E-17
5322.27993035428  2.302976373593791E-17
5325.72273710602  2.530067726550017E-17
5329.16608447605  2.474102671538149E-17
5332.60997135075  2.653959199103514E-17
5336.05439661856  2.308908416638654E-17
5339.49935917  2.466894619680362E-17
5342.94485789765  2.581588340130637E-17
5346.39089169616  2.230351073864492E-17
5349.83745946223  2.469253077042873E-17
5353.28456009462  2.223044422077689E-17
5356.73219249415  2.474503357826870E-17
5360.1803555637  1.994391682997209E-17
5363.62904820817  2.321303718117761E-17
5367.07826933454  2.549460148830710E-17
5370.52801785182  2.430588835414797E-17
5373.97829267106  2.504195005914460E-17
5377.42909270535  2.370467197824850E-17
5380.88041686982  2.272347529872178E-17
5384.33226408163  2.407460700051692E-17
5387.78463325999  2.683957069453871E-17
5391.23752332609  2.245189370564714E-17
5394.6909332032  2.304303667604694E-17
5398.14486181658  2.636546716337027E-17
5401.59930809353  2.336082457813879E-17
5405.05427096334  2.362392426121230E-17
5408.50974935735  2.565836174289668E-17
5411.96574220889  2.524659123396777E-17
5415.4222484533  2.483000157079014E-17
5418.87926702793  2.459671844007671E-17
5422.33679687215  2.160397071205373E-17
5425.79483692731  2.347506814689971E-17
5429.25338613676  2.401940758388003E-17
5432.71244344586  2.469487334592348E-17
5436.17200780195  2.186969255766904E-17
5439.63207815438  2.309180559060184E-17
5443.09265345447  2.400218237480422E-17
5446.55373265553  2.325504803012795E-17
5450.01531471285  2.520792715777582E-17
5453.47739858371  2.312013652658178E-17
5456.93998322736  2.768667477932569E-17
5460.40306760504  2.406915918900264E-17
5463.86665067993  2.462126088885116E-17
5467.33073141721  2.512109635451491E-17
5470.79530878402  2.515891008903715E-17
5474.26038174944  2.404341401961754E-17
5477.72594928456  2.243006110055942E-17
5481.19201036238  2.324040197020209E-17
5484.65856395789  2.281327568038176E-17
5488.12560904802  2.269177442892629E-17
5491.59314461164  2.313601508562035E-17
5495.06116962959  2.520675090694477E-17
5498.52968308465  2.395188648483855E-17
5501.99868396152  2.265819255041786E-17
5505.46817124688  2.158693740888004E-17
5508.93814392931  2.327001834485393E-17
5512.40860099936  2.253692125517269E-17
5515.87954144947  2.326567233791558E-17
5519.35096427405  2.465879503632637E-17
5522.82286846941  2.508243889576784E-17
5526.29525303381  2.631782321444844E-17
5529.76811696739  2.417019102901987E-17
5533.24145927226  2.000735827423245E-17
5536.71527895241  2.389581687419725E-17
5540.18957501375  2.254383317637119E-17
5543.66434646412  2.484014776818372E-17
5547.13959231323  2.028842928329430E-17
5550.61531157274  2.252449369364970E-17
5554.09150325619  2.094285322491562E-17
5557.56816637901  2.120113044501795E-17
5561.04529995855  2.129544061537758E-17
5564.52290301404  2.186438702122012E-17
5568.00097456661  2.345010052729041E-17
5571.47951363927  1.970452414325434E-17
5574.95851925693  1.685306548130032E-17
5578.43799044637  2.644823981854600E-17
5581.91792623627  1.999908646810692E-17
5585.39832565717  2.250378770855626E-17
5588.8791877415  2.403131733033956E-17
5592.36051152354  2.082884622980989E-17
5595.84229603948  2.253178446356874E-17
5599.32454032735  2.467744134169454E-17
5602.80724342704  2.530600430864500E-17
5606.29040438033  2.474154783916739E-17
5609.77402223084  2.421631958305950E-17
5613.25809602405  2.269814868272662E-17
5616.74262480729  2.144071007455414E-17
5620.22760762977  2.306030158979214E-17
5623.71304354251  2.282896233351821E-17
5627.1989315984  2.234840679357186E-17
5630.68527085218  2.264889007724910E-17
5634.17206036041  2.206007313873179E-17
5637.6592991815  2.081324394909592E-17
5641.1469863757  2.182054148567114E-17
5644.63512100509  2.085314548748425E-17
5648.12370213358  2.262651153295708E-17
5651.61272882691  2.677841226876899E-17
5655.10220015264  3.872543644979280E-17
5658.59211518017  4.074024328118007E-17
5662.08247298069  3.079009761894704E-17
5665.57327262723  2.359383143052762E-17
5669.06451319462  2.252119324300561E-17
5672.55619375954  2.270068481848471E-17
5676.04831340042  2.105456065791846E-17
5679.54087119754  2.107092229043476E-17
5683.03386623298  2.187123442233084E-17
5686.5272975906  2.247042255136833E-17
5690.02116435607  2.369908520039132E-17
5693.51546561687  2.415591058292475E-17
5697.01020046226  2.225939223349380E-17
5700.50536798328  2.449751797793568E-17
5704.00096727278  2.263209003900814E-17
5707.49699742539  2.323340567658111E-17
5710.99345753751  2.308579529627102E-17
5714.49034670733  2.441856855155116E-17
5717.98766403481  2.102055195421396E-17
5721.4854086217  2.292458275796811E-17
5724.98357957152  2.313366092959702E-17
5728.48217598953  2.306525474730011E-17
5731.98119698279  2.170383953612971E-17
5735.48064166012  2.355633367899936E-17
5738.98050913208  2.370470506547301E-17
5742.48079851102  2.209134718333120E-17
5745.98150891102  2.074473850512549E-17
5749.48263944791  2.445653614166735E-17
5752.98418923931  2.114394248618849E-17
5756.48615740454  2.339464137594117E-17
5759.98854306469  2.489436945733656E-17
5763.4913453426  2.269451239675384E-17
5766.99456336282  2.807712057206297E-17
5770.49819625168  2.941615393021892E-17
5774.0022431372  2.316846868977325E-17
5777.50670314917  2.608256477643224E-17
5781.01157541908  2.225697355738269E-17
5784.51685908017  2.281516992398450E-17
5788.02255326738  2.249801233351942E-17
5791.5286571174  2.285833055398629E-17
5795.03516976862  2.091764406856746E-17
5798.54209036114  2.199153295317565E-17
5802.04941803679  2.197055565284131E-17
5805.55715193911  2.063871876601458E-17
5809.06529121332  2.093618945790090E-17
5812.57383500639  2.238446194211181E-17
5816.08278246696  2.112894570168290E-17
5819.59213274538  2.222260585729233E-17
5823.10188499369  3.197969583636161E-17
5826.61203836565  3.316019837576054E-17
5830.12259201667  3.572712510496979E-17
5833.63354510389  2.484216443451712E-17
5837.14489678611  2.205884394834154E-17
5840.65664622383  2.316603843313357E-17
5844.16879257922  2.116252758019133E-17
5847.68133501614  2.405252458688420E-17
5851.19427270011  2.059285656413218E-17
5854.70760479834  2.273473157249739E-17
5858.22133047969  2.262820725321282E-17
5861.73544891472  2.089241009680092E-17
5865.24995927562  2.353281031673958E-17
5868.76486073628  2.174226869302770E-17
5872.2801524722  2.312158243829252E-17
5875.79583366059  2.066576591768384E-17
5879.31190348029  2.292660604174642E-17
5882.82836111177  2.044532559316090E-17
5886.3452057372  2.291504867422783E-17
5889.86243654035  2.076651155320912E-17
5893.38005270667  2.190451189837385E-17
5896.89805342321  1.873108476351213E-17
5900.4164378787  2.123695729170886E-17
5903.93520526349  2.254719649274182E-17
5907.45435476955  2.069501502414371E-17
5910.9738855905  2.253259179184659E-17
5914.49379692157  2.406397938400683E-17
5918.01408795965  2.167976361722074E-17
5921.5347579032  2.046455423368031E-17
5925.05580595234  1.912487402028535E-17
5928.5772313088  2.067664168837768E-17
5932.09903317591  2.355234666844685E-17
5935.62121075863  2.216136305910014E-17
5939.14376326352  2.437889035192823E-17
5942.66668989873  2.344084437623593E-17
5946.18998987406  2.199519405456682E-17
5949.71366240087  2.232668337632499E-17
5953.23770669212  2.296170000641459E-17
5956.76212196239  2.208526575146771E-17
5960.28690742784  1.923044542750427E-17
5963.81206230622  2.060357351614842E-17
5967.33758581686  2.163119488037407E-17
5970.86347718069  2.087534370640272E-17
5974.38973562022  2.462923490995617E-17
5977.91636035953  2.102475237736450E-17
5981.44335062428  2.103673160699549E-17
5984.97070564172  2.205512825302995E-17
5988.49842464066  2.008329014574237E-17
5992.02650685146  2.096307613653132E-17
5995.55495150609  2.190472531097189E-17
5999.08375783804  2.150777787861994E-17
6002.61292508239  2.153085125462649E-17
6006.14245247576  2.043255392450308E-17
6009.67233925635  1.828294808613295E-17
6013.20258466389  2.042968195341630E-17
6016.73318793966  2.092234080008554E-17
6020.26414832652  2.150902361262245E-17
6023.79546506882  1.944839759274464E-17
6027.32713741251  2.018871431481225E-17
6030.85916460504  2.004427699933192E-17
6034.39154589542  2.250678044801248E-17
6037.92428053418  2.052271164818769E-17
6041.45736777338  2.041258578451606E-17
6044.99080686663  2.318706040122099E-17
6048.52459706905  2.089199485213341E-17
6052.05873763728  2.123309932133190E-17
6055.5932278295  2.293154431000336E-17
6059.12806690538  2.115551970604179E-17
6062.66325412613  1.948222431671439E-17
6066.19878875447  2.319262236365980E-17
6069.73467005462  1.914677114546086E-17
6073.27089729231  1.840023733390930E-17
6076.80746973479  2.043793721592958E-17
6080.3443866508  2.036501131876568E-17
6083.88164731056  1.968733036704181E-17
6087.41925098584  2.078802982966407E-17
6090.95719694984  2.171571950408719E-17
6094.49548447731  1.994275712275328E-17
6098.03411284445  2.173333017932845E-17
6101.57308132896  2.199754821059014E-17
6105.11238921003  2.117346290788928E-17
6108.65203576833  1.819647793361911E-17
6112.19202028598  1.954016170117883E-17
6115.73234204662  1.872469231173832E-17
6119.27300033533  1.957482884065092E-17
6122.81399443868  2.042016110456582E-17
6126.35532364469  2.163742520474782E-17
6129.89698724287  2.103139298332207E-17
6133.43898452417  2.214656314358034E-17
6136.98131478101  2.373660776733795E-17
6140.52397730725  2.196659345770718E-17
6144.06697139823  1.974369114525872E-17
6147.61029635074  2.059161579321336E-17
6151.15395146299  1.989056864354609E-17
6154.69793603467  1.974614952603923E-17
6158.2422493669  2.203041209632687E-17
6161.78689076223  1.995227466288132E-17
6165.33185952466  2.061712438894327E-17
6168.87715495964  1.975527332819569E-17
6172.42277637402  1.831661268270264E-17
6175.9687230761  1.766471495067205E-17
6179.51499437562  2.156852767716706E-17
6183.06158958372  2.105491965430431E-17
6186.60850801297  2.008350521270164E-17
6190.15574897738  1.859706826938874E-17
6193.70331179234  2.009831670875001E-17
6197.25119577468  2.238166441728016E-17
6200.79940024264  2.181664546498601E-17
6204.34792451587  1.764201049721869E-17
6207.89676791541  2.103904440398819E-17
6211.44592976372  2.053286942610984E-17
6214.99540938465  1.939932593008555E-17
6218.54520610347  2.049055913777775E-17
6222.09531924682  2.003156488767821E-17
6225.64574814274  1.964828082468441E-17
6229.19649212067  2.055505771886096E-17
6232.74755051142  1.985292199950758E-17
6236.29892264721  2.367296945409179E-17
6239.85060786163  2.067908848862962E-17
6243.40260548963  1.883616482544720E-17
6246.95491486757  2.029980467107813E-17
6250.50753533316  2.071557873417178E-17
6254.0604662255  2.012710093970563E-17
6257.61370688504  2.091780619596752E-17
6261.16725665362  2.001553247304570E-17
6264.72111487442  2.050767515901270E-17
6268.27528089199  1.955150896482183E-17
6271.82975405224  1.796778565530535E-17
6275.38453370245  1.922495129387570E-17
6278.93961919121  1.670616482195580E-17
6282.49500986851  1.830022623476796E-17
6286.05070508566  1.760938649385960E-17
6289.60670419531  1.901351896622347E-17
6293.16300655148  1.752985638668508E-17
6296.7196115095  1.860180801429867E-17
6300.27651842605  2.250626097858780E-17
6303.83372665915  1.503883009612246E-17
6307.39123556815  1.892019148643156E-17
6310.94904451371  2.157432621326106E-17
6314.50715285784  2.033433946165222E-17
6318.06555996386  1.954444484239062E-17
6321.62426519641  1.899320506474039E-17
6325.18326792147  1.787272109622708E-17
6328.74256750631  2.087796090586083E-17
6332.30216331951  1.616326467924132E-17
6335.86205473099  2.037560915677371E-17
6339.42224111195  2.014260726746855E-17
6342.9827218349  1.924556959782419E-17
6346.54349627367  2.075079843029306E-17
6350.10456380337  2.007666442903582E-17
6353.66592380041  2.063304761573491E-17
6357.2275756425  1.787702574413481E-17
6360.78951870865  2.172299703911644E-17
6364.35175237912  1.782207944476536E-17
6367.91427603551  2.106800896031735E-17
6371.47708906067  1.867546183040162E-17
6375.04019083873  1.853951800545098E-17
6378.60358075513  1.956693588324595E-17
6382.16725819653  1.986838696823987E-17
6385.73122255092  1.944209613083822E-17
6389.29547320752  1.833370388851921E-17
6392.86000955685  1.909234266115487E-17
6396.42483099066  1.694537552893879E-17
6399.98993690198  1.828107369486491E-17
6403.55532668512  2.063304099829001E-17
6407.12099973561  1.846971388791885E-17
6410.68695545025  2.042152098949285E-17
6414.2531932271  1.926625738494414E-17
6417.81971246546  2.043533821444494E-17
6421.38651256587  2.008119903315384E-17
6424.95359293012  1.931620255033010E-17
6428.52095296125  1.774631300937796E-17
6432.08859206353  2.027594051040597E-17
6435.65650964246  2.074771470096946E-17
6439.22470510477  2.103140952693433E-17
6442.79317785844  1.970853927794767E-17
6446.36192731266  1.932173969735053E-17
6449.93095287786  1.913277359513524E-17
6453.50025396567  2.101716216806371E-17
6457.06982998896  1.846908026756964E-17
6460.6396803618  2.057273125982877E-17
6464.2098044995  1.961851059443862E-17
6467.78020181854  1.708629732681577E-17
6471.35087173666  1.943932011270249E-17
6474.92181367276  1.771762307701217E-17
6478.49302704696  1.916649113126412E-17
6482.06451128061  2.149160318892207E-17
6485.6362657962  1.766107204725437E-17
6489.20829001747  1.825492817006333E-17
6492.78058336932  2.017415924475377E-17
6496.35314527785  2.044307731625599E-17
6499.92597517035  1.742632149813426E-17
6503.49907247529  1.746126326156973E-17
6507.07243662233  1.818941711991036E-17
6510.64606704229  1.874186623561615E-17
6514.2199631672  2.097946258446600E-17
6517.79412443024  1.547554175488106E-17
6521.36855026575  1.715440076100849E-17
6524.94324010928  1.968715004166828E-17
6528.5181933975  1.953004031920363E-17
6532.09340956827  1.795293610894880E-17
6535.66888806062  1.643890938348482E-17
6539.2446283147  1.759349304557001E-17
6542.82062977185  1.757569046442664E-17
6546.39689187456  1.922129680992943E-17
6549.97341406645  2.030703919271551E-17
6553.5501957923  1.854302194252575E-17
6557.12723649803  2.069653207338713E-17
6560.70453563072  1.906576700243476E-17
6564.28209263857  1.928870210368516E-17
6567.85990697091  1.727830910804648E-17
6571.43797807823  2.028062566139547E-17
6575.01630541213  1.799930289100485E-17
6578.59488842534  1.728482563691217E-17
6582.17372657174  2.103990467182525E-17
6585.75281930631  1.958557887989167E-17
6589.33216608514  1.828014559821763E-17
6592.91176636548  1.924373325686432E-17
6596.49161960565  1.824011501965373E-17
6600.0717252651  1.844904099004993E-17
6603.65208280441  2.003023312689199E-17
6607.23269168524  1.787656748607545E-17
6610.81355137037  1.804184975299213E-17
6614.39466132366  1.849300067652345E-17
6617.97602101011  1.897632230843818E-17
6621.55762989577  1.822561123479323E-17
6625.13948744782  1.891938415815371E-17
6628.72159313451  1.870094395635193E-17
6632.3039464252  1.908218322887149E-17
6635.88654679031  2.012534731680702E-17
6639.46939370135  2.063182173406711E-17
6643.05248663094  1.890958703097863E-17
6646.63582505273  1.894249558446844E-17
6650.21940844149  1.960211091161415E-17
6653.80323627303  2.094722901035603E-17
6657.38730802424  1.910978459155116E-17
6660.97162317309  1.842638947615578E-17
6664.5561811986  2.022717159585107E-17
6668.14098158085  1.867296043622926E-17
6671.726023801  1.943149167538529E-17
6675.31130734124  1.957679587614758E-17
6678.89683168483  1.857014850353382E-17
6682.48259631608  1.872885799330314E-17
6686.06860072035  2.070049095979881E-17
6689.65484438403  1.856177743573478E-17
6693.24132679458  1.838274908139870E-17
6696.82804744048  2.133031951308649E-17
6700.41500581125  1.926020242286026E-17
6704.00220139746  2.098523795950284E-17
6707.58963369069  1.922205450737054E-17
6711.17730218356  1.786789697889467E-17
6714.76520636974  1.963589958527571E-17
6718.35334574388  1.926627061983394E-17
6721.9417198017  1.897350493127183E-17
6725.53032803989  1.937531287690313E-17
6729.1191699562  1.989872464438586E-17
6732.70824504937  2.108055894457100E-17
6736.29755281915  2.135775874836610E-17
6739.88709276632  1.753746313959811E-17
6743.47686439264  1.922761977853179E-17
6747.06686720088  1.827663338933673E-17
6750.65710069484  1.969849895967250E-17
6754.24756437926  1.923485430016918E-17
6757.83825775994  2.040805118039804E-17
6761.42918034362  2.188752822603690E-17
6765.02033163806  1.961400411446143E-17
6768.61171115199  2.008794717259104E-17
6772.20331839514  1.915711421184022E-17
6775.79515287821  1.954817873567569E-17
6779.3872141129  1.819634558472110E-17
6782.97950161185  2.033331044897020E-17
6786.5720148887  1.969159861900258E-17
6790.16475345805  1.965962974268864E-17
6793.75771683549  1.894536424683277E-17
6797.35090453755  1.895665195347167E-17
6800.94431608174  2.129839695888684E-17
6804.53795098651  1.992379814311357E-17
6808.1318087713  1.838690318243494E-17
6811.72588895647  2.035617868418484E-17
6815.32019106335  1.858739521930555E-17
6818.91471461424  1.960303239081654E-17
6822.50945913234  2.172354463268194E-17
6826.10442414184  2.195239903839577E-17
6829.69960916784  2.300538176020229E-17
6833.2950137364  2.060223348355608E-17
6836.89063737451  2.151377328369972E-17
6840.48647961008  2.255609861049412E-17
6844.08253997198  1.929627576937369E-17
6847.67881798998  1.807550442339446E-17
6851.27531319479  1.628063995380137E-17
6854.87202511805  1.587054696715473E-17
6858.4689532923  1.643065246661031E-17
6862.06609725101  1.784264646351588E-17
6865.66345652857  1.510778056326243E-17
6869.26103066028  1.285746300377214E-17
6872.85881918234  1.428193171149561E-17
6876.45682163187  1.595408228285524E-17
6880.05503754688  1.666659581017371E-17
6883.65346646629  1.660957990491166E-17
6887.25210792993  1.719636363348330E-17
6890.85096147851  1.579958975984871E-17
6894.45002665364  1.648581217857780E-17
6898.04930299782  1.539245807979501E-17
6901.64879005444  1.726615782484807E-17
6905.24848736778  1.760433076595568E-17
6908.84839448299  1.670932961497943E-17
6912.44851094611  1.883913771256871E-17
6916.04883630406  1.783276330955710E-17
6919.64937010463  1.729930460635430E-17
6923.25011189649  1.788280277353288E-17
6926.85106122916  1.818586024327638E-17
6930.45221765305  1.871240371655824E-17
6934.05358071943  1.779189893293575E-17
6937.65514998042  1.812683428912582E-17
6941.256924989  1.862658041928341E-17
6944.85890529903  1.815535216792420E-17
6948.46109046519  1.812054440774797E-17
6952.06348004304  1.940517906009997E-17
6955.66607358897  1.872233153827010E-17
6959.26887066022  2.083110277852093E-17
6962.87187081488  1.895691334254524E-17
6966.47507361186  1.657358762209825E-17
6970.07847861095  1.780652183180446E-17
6973.68208537273  1.677586802345319E-17
6977.28589345863  2.048108626540280E-17
6980.88990243091  1.882126399389266E-17
6984.49411185266  1.994035664461566E-17
6988.0985212878  1.678649894868573E-17
6991.70313030105  1.754213836442026E-17
6995.30793845798  1.984704736279722E-17
6998.91294532493  1.872201390091488E-17
7002.51815046911  1.667212633974924E-17
7006.1235534585  1.820645207744528E-17
7009.72915386191  1.823247683387742E-17
7013.33495124893  1.839115489078347E-17
7016.94094519  2.063902316847999E-17
7020.5471352563  1.917467029316104E-17
7024.15352101986  1.923058108512473E-17
7027.76010205348  1.768220154882142E-17
7031.36687793075  1.815610159355918E-17
7034.97384822605  1.921954649575328E-17
7038.58101251458  1.657028882581539E-17
7042.18837037226  1.859166677998877E-17
7045.79592137586  1.599400532793949E-17
7049.40366510288  1.792746721788829E-17
7053.01160113163  1.962004584165552E-17
7056.61972904116  1.965383616967832E-17
7060.22804841132  1.614658375500858E-17
7063.83655882271  2.024050409296420E-17
7067.44525985672  2.008937157760586E-17
7071.05415109546  1.851824622881856E-17
7074.66323212185  1.774352044762997E-17
7078.27250251952  1.879748586000422E-17
7081.88196187291  1.819932012620384E-17
7085.49160976715  1.959451739359092E-17
7089.10144578817  1.706562112022440E-17
7092.71146952262  1.663854280687959E-17
7096.32168055791  1.644649628406315E-17
7099.93207848218  1.809578854637548E-17
7103.54266288431  1.720959686892292E-17
7107.15343335392  1.688919342173418E-17
7110.76438948137  1.813316883825675E-17
7114.37553085773  1.827535125938727E-17
7117.98685707482  2.009285566234594E-17
7121.59836772518  1.557936284792382E-17
7125.21006240206  1.751477522975701E-17
7128.82194069946  1.730930025687639E-17
7132.43400221206  1.741508838541579E-17
7136.04624653528  1.836517976518808E-17
7139.65867326525  1.748647738100157E-17
7143.2712819988  1.666989129773412E-17
7146.88407233348  1.625178127659062E-17
7150.49704386752  1.509064138097033E-17
7154.11019619989  1.809793590724567E-17
7157.72352893022  1.473656506540579E-17
7161.33704165886  1.720406799370862E-17
7164.95073398685  1.576983276449273E-17
7168.56460551591  1.785072470937807E-17
7172.17865584846  1.701617391756720E-17
7175.7928845876  1.576615511948932E-17
7179.40729133712  1.670635507349669E-17
7183.02187570148  1.501660209870194E-17
7186.63663728583  1.609069612410205E-17
7190.25157569597  1.489154727933495E-17
7193.86669053841  1.641741923117069E-17
7197.4819814203  1.778402417350425E-17
7201.09744794946  1.555544243897001E-17
7204.71308973439  1.711600303697377E-17
7208.32890638424  1.534798719570293E-17
7211.94489750881  1.649994207780143E-17
7215.56106271859  1.716368172748133E-17
7219.17740162468  1.691204015025290E-17
7222.79391383885  1.529941515013382E-17
7226.41059897354  1.655364264316837E-17
7230.02745664179  1.716669266491102E-17
7233.64448645733  1.303744923325755E-17
7237.26168803449  1.420856740860706E-17
7240.87906098827  1.116623103004214E-17
7244.49660493429  1.676288128783611E-17
7248.11431948879  1.755223493097709E-17
7251.73220426866  1.797172965246601E-17
7255.35025889141  1.555238517942601E-17
7258.96848297518  1.711638023133310E-17
7262.58687613871  1.501442330496847E-17
7266.20543800138  1.584150631020922E-17
7269.82416818318  1.622856893424116E-17
7273.44306630472  1.410777048788380E-17
7277.06213198721  1.728409275488945E-17
7280.68136485246  1.879350381253539E-17
7284.30076452292  1.769182827679031E-17
7287.92033062161  1.262301189403378E-17
7291.54006277215  1.541072553644263E-17
7295.15996059879  1.787639708686927E-17
7298.78002372633  1.716962419300191E-17
7302.40025178021  1.566156971156056E-17
7306.02064438642  1.559181026178151E-17
7309.64120117155  1.495199267541664E-17
7313.26192176278  1.732065248360307E-17
7316.88280578786  1.375169901268177E-17
7320.50385287514  1.546226054296591E-17
7324.12506265353  1.715742162460553E-17
7327.7464347525  1.765533968560937E-17
7331.36796880213  1.537294323478366E-17
7334.98966443302  1.942998786103167E-17
7338.61152127638  1.748933611719856E-17
7342.23353896395  1.694062751222273E-17
7345.85571712805  1.768174990820696E-17
7349.47805540155  1.883003376274695E-17
7353.10055341787  1.658280903156699E-17
7356.72321081099  1.648787351266428E-17
7360.34602721544  1.839601209534038E-17
7363.96900226629  1.368050854044301E-17
7367.59213559915  1.737915731396772E-17
7371.2154268502  1.736030917653009E-17
7374.83887565612  1.769545629095697E-17
7378.46248165414  1.805628405468118E-17
7382.08624448204  1.502005309621751E-17
7385.71016377813  1.562898872159332E-17
7389.3342391812  1.616437640998459E-17
7392.95847033063  1.695322216422946E-17
7396.58285686629  1.742453313364992E-17
7400.20739842856  1.571458702574153E-17
7403.83209465837  1.866353719469105E-17
7407.45694519714  1.699046679849028E-17
7411.0819496868  1.609264330726400E-17
7414.70710776981  1.779095594703744E-17
7418.33241908912  1.630335929650575E-17
7421.95788328819  1.661918843490708E-17
7425.58350001098  1.670079807414155E-17
7429.20926890194  1.491763986457732E-17
7432.83518960604  1.575307739400485E-17
7436.46126176871  1.522246088338678E-17
7440.08748503591  1.644590733146702E-17
7443.71385905405  1.617538618393767E-17
7447.34038347005  1.772808525739973E-17
7450.96705793131  1.880842780514706E-17
7454.59388208569  1.553490685308276E-17
7458.22085558156  1.847311360023645E-17
7461.84797806774  1.930637399029174E-17
7465.47524919352  1.465035795632674E-17
7469.10266860869  1.684682357639799E-17
7472.73023596346  1.683179205030668E-17
7476.35795090854  1.860604317903494E-17
7479.9858130951  1.331679639792283E-17
7483.61382217475  1.444391683649065E-17
7487.24197779956  1.512219501261678E-17
7490.87027962207  1.597909953330129E-17
7494.49872729525  1.689512761544864E-17
7498.12732047254  1.638589537802629E-17
7501.75605880779  1.772061250774593E-17
7505.38494195534  1.711183404668651E-17
7509.01396956994  1.415803329062497E-17
7512.64314130677  1.815372593083992E-17
7516.27245682146  1.674589265241550E-17
7519.90191577008  1.739425501450804E-17
7523.53151780911  1.993483604120748E-17
7527.16126259547  1.808924554773019E-17
7530.79114978649  1.486847224896717E-17
7534.42117903994  1.545373396521171E-17
7538.051350014  1.691354231024529E-17
7541.68166236726  1.710780898582582E-17
7545.31211575873  1.766421037049839E-17
7548.94270984783  1.691618101639933E-17
7552.57344429438  1.697439964227205E-17
7556.20431875862  1.512908708148057E-17
7559.83533290118  1.606263981208547E-17
7563.4664863831  1.802368817546291E-17
7567.09777886581  1.351878645888277E-17
7570.72921001114  1.716414660298558E-17
7574.3607794813  1.586712740250244E-17
7577.9924869389  1.496019003528705E-17
7581.62433204694  1.829428046052493E-17
7585.25631446879  1.592560907180994E-17
7588.88843386822  1.568243947841527E-17
7592.52068990936  1.444597486185468E-17
7596.15308225673  8.440809050842212E-18
7599.78561057521  6.445096443124816E-18
7603.41827453007  3.188244834764681E-18
7607.05107378692  5.260587040838682E-18
7610.68400801177  6.969023130538859E-18
7614.31707687096  1.388089800691766E-17
7617.9502800312  2.005792547943904E-17
7621.58361715957  1.489369133148268E-17
7625.2170879235  1.287025369758404E-17
7628.85069199075  1.864215623021778E-17
7632.48442902947  4.565694528519116E-17
7636.11829870812  5.485434335511111E-17
7639.7523006955  4.679805086637541E-17
7643.3864346608  2.581766183962336E-17
7647.0207002735  1.399682571540574E-17
7650.65509720344  1.319078287622589E-17
7654.28962512077  2.309834693488590E-17
7657.92428369601  3.812668341775752E-17
7661.55907259996  3.975262602573870E-17
7665.19399150378  2.994658846110222E-17
7668.82904007895  1.843691452226990E-17
7672.46421799726  1.550781668802165E-17
7676.0995249308  1.780581211083890E-17
7679.73496055202  1.807292031116084E-17
7683.37052453363  1.550911205286091E-17
7687.0062165487  1.592062779016114E-17
7690.64203627056  1.504715649616842E-17
7694.27798337288  1.704787975044636E-17
7697.91405752961  1.425893443610541E-17
7701.550258415  1.764851709991703E-17
7705.1865857036  1.601806304887499E-17
7708.82303907027  1.662894916613520E-17
7712.45961819012  1.382743815110897E-17
7716.0963227386  1.609168708647588E-17
7719.73315239139  1.716098015560073E-17
7723.37010682449  1.398684991721835E-17
7727.00718571418  1.464890046408742E-17
7730.644388737  1.792810249259874E-17
7734.28171556976  1.818418602971658E-17
7737.91916588956  1.539378156877509E-17
7741.55673937377  1.750566797121281E-17
7745.19443570001  1.330728712960092E-17
7748.83225454617  1.001611827916780E-17
7752.47019559041  1.908740273853670E-17
7756.10825851115  1.859517402578600E-17
7759.74644298703  1.620272119446010E-17
7763.384748697  1.870393007836324E-17
7767.02317532022  1.802917403728536E-17
7770.6617225361  1.772918540761443E-17
7774.30039002432  1.801850671610588E-17
7777.93917746478  1.435372933430399E-17
7781.57808453762  1.577479750252927E-17
7785.21711092323  1.633799169439212E-17
7788.85625630223  1.232572318188222E-17
7792.49552035547  1.889992390706279E-17
7796.13490276402  1.768094919737401E-17
7799.7744032092  1.617034203656233E-17
7803.41402137252  1.428601302063795E-17
7807.05375693574  1.701628641413051E-17
7810.69360958084  2.355760257405902E-17
7814.33357898998  3.036089676015043E-17
7817.97366484558  2.570552923578567E-17
7821.61386683023  2.267623335957765E-17
7825.25418462676  2.157428485423043E-17
7828.89461791818  2.467548092364279E-17
7832.53516638772  2.611084111849176E-17
7836.1758297188  2.481305429440015E-17
7839.81660759503  1.871162285805999E-17
7843.45749970025  1.917688879156392E-17
7847.09850571844  1.835582600682133E-17
7850.73962533381  1.927962462364300E-17
7854.38085823073  2.129574998092667E-17
7858.02220409378  1.428797343868970E-17
7861.66366260768  1.414293228136221E-17
7865.30523345739  1.596923126859354E-17
7868.94691632798  2.208609624080271E-17
7872.58871090474  1.648521826289799E-17
7876.23061687311  1.875159057089732E-17
7879.8726339187  1.654148805124752E-17
7883.51476172728  1.530852406303925E-17
7887.15699998481  1.425143025358833E-17
7890.79934837736  1.792262986566608E-17
7894.44180659121  1.479631562977294E-17
7898.08437431275  1.746853914223775E-17
7901.72705122855  1.896994970899907E-17
7905.36983702532  1.649489131298118E-17
7909.01273138992  1.229955201448166E-17
7912.65573400935  1.705264596513589E-17
7916.29884457075  1.845415131187428E-17
7919.9420627614  2.103215398948562E-17
7923.58538826871  1.861872551218661E-17
7927.22882078024  1.388270953245915E-17
7930.87235998366  1.707091507614474E-17
7934.51600556678  1.279394049581174E-17
7938.15975721752  1.673340718824962E-17
7941.80361462395  1.658905093646932E-17
7945.44757747425  1.459514034171637E-17
7949.09164545668  1.762666133377216E-17
7952.73581825967  1.407947263912836E-17
7956.38009557173  1.681245256758519E-17
7960.02447708148  1.594186482520782E-17
7963.66896247766  1.747961343627861E-17
7967.3135514491  1.467471842536642E-17
7970.95824368474  1.639418703648653E-17
7974.60303887361  1.710538865535349E-17
7978.24793670484  1.660511478396510E-17
7981.89293686766  1.374343795990421E-17
7985.53803905138  1.886458675129452E-17
7989.18324294539  1.986892628999925E-17
7992.82854823919  1.735108776706134E-17
7996.47395462235  9.372302928902465E-18
8000.11946178451  1.460558266976924E-17
8003.76506941539  1.581649236848562E-17
8007.4107772048  1.547491309761552E-17
8011.05658484261  1.629643579477868E-17
8014.70249201875  1.546957116521965E-17
8018.34849842324  1.386067674966318E-17
8021.99460374613  1.816611875077720E-17
8025.64080767757  1.484886475972721E-17
8029.28710990773  1.913456030525835E-17
8032.93351012688  1.655031406838346E-17
8036.58000802529  1.715056760604991E-17
8040.22660329332  1.505782050862546E-17
8043.87329562137  1.753007807108924E-17
8047.52008469986  1.754072719429525E-17
8051.1669702193  1.347918601423740E-17
8054.81395187019  1.523711190639632E-17
8058.4610293431  1.426605976990195E-17
8062.10820232861  1.640423728092904E-17
8065.75547051736  1.519439299084164E-17
8069.4028336  1.493915152358737E-17
8073.0502912672  1.575979244621755E-17
8076.69784320967  1.590058520391898E-17
8080.34548911813  1.655057711181825E-17
8083.99322868332  1.417445778886783E-17
8087.64106159601  1.524714560722659E-17
8091.28898754696  1.400060593080511E-17
8094.93700622695  1.836745285751137E-17
8098.58511732677  1.490194493963474E-17
8102.23332053721  1.456301926416971E-17
8105.88161554908  1.513202026393269E-17
8109.53000205316  1.564936879752540E-17
8113.17847974025  1.880844765748177E-17
8116.82704830112  1.581293880057409E-17
8120.47570742657  1.356445427332121E-17
8124.12445680735  1.459152390807829E-17
8127.77329613422  1.614279692216431E-17
8131.42222509791  1.583531072742120E-17
8135.07124338914  1.452175618649311E-17
8138.7203506986  1.658588448908446E-17
8142.36954671697  1.840948852188009E-17
8146.01883113489  1.520608270725823E-17
8149.66820364297  1.331797926619878E-17
8153.31766393179  1.403695059255946E-17
8156.9672116919  1.419819125500320E-17
8160.6168466138  1.623254767298754E-17
8164.26656838797  1.685433106763752E-17
8167.91637670482  1.625501058970203E-17
8171.56627125474  1.225696875654743E-17
8175.21625172805  1.347959050555694E-17
8178.86631781504  1.403923691977256E-17
8182.51646920592  1.572890717650605E-17
8186.16670559087  1.578857005972827E-17
8189.81702665999  1.722450266356112E-17
8193.46743210334  1.613530432017580E-17
8197.11792161089  1.608707803610274E-17
8200.76849487256  1.477889024298890E-17
8204.41915157819  1.479164371367324E-17
8208.06989141756  1.430534092283086E-17
8211.72071408037  1.415882407529057E-17
8215.37161925622  1.386386139502151E-17
8219.02260663468  1.551774285537229E-17
8222.67367590518  1.370966582985489E-17
8226.3248267571  1.635444927985948E-17
8229.97605887973  1.432324938309264E-17
8233.62737196224  1.272735659240429E-17
8237.27876569375  1.801772916633008E-17
8240.93023976323  1.633272255389015E-17
8244.58179385961  1.421163955740208E-17
8248.23342767168  1.648425046158130E-17
8251.88514088812  1.282234835958865E-17
8255.53693319752  1.410334341724542E-17
8259.18880428838  1.571476073367017E-17
8262.84075384904  1.416699000229770E-17
8266.49278156775  1.492702505580734E-17
8270.14488713265  1.405860948971855E-17
8273.79707023175  1.455950209220513E-17
8277.44933055294  1.362238255879891E-17
8281.10166778397  1.230537453881342E-17
8284.75408161247  2.048513117859818E-17
8288.40657172596  1.289284069139042E-17
8292.05913781179  1.259296290392157E-17
8295.71177955721  1.397673680704928E-17
8299.36449664929  1.763183452132307E-17
8303.01728877499  1.339516845223978E-17
8306.6701556211  1.419494705264077E-17
8310.3230968743  1.361487258601754E-17
8313.97611222109  1.562392968496695E-17
8317.62920134782  1.460139051842482E-17
8321.28236394069  1.635711445579312E-17
8324.93559968575  1.233359132386883E-17
8328.58890826887  1.376641124705664E-17
8332.24228937577  1.391663220937995E-17
8335.895742692  1.507369575894157E-17
8339.54926790296  1.609912344018273E-17
8343.20286469383  1.972036961506840E-17
8346.85653274968  1.174335411623978E-17
8350.51027175535  1.677842732026843E-17
8354.16408139554  1.866297140315207E-17
8357.81796135472  1.476232346968068E-17
8361.47191131723  9.902505849214254E-18
8365.12593096719  1.687837224496076E-17
8368.78001998855  1.323490799882192E-17
8372.43417806503  1.566338785454695E-17
8376.08840488019  1.292101942613764E-17
8379.74270011739  1.564511212609320E-17
8383.39706345978  1.247161550806004E-17
8387.0514945903  1.568943742639747E-17
8390.70599319169  1.302600022639921E-17
8394.36055894648  1.250497073908063E-17
8398.01519153701  1.547344071612517E-17
8401.66989064537  1.683457964897098E-17
8405.32465595346  1.437291165270910E-17
8408.97948714294  1.463950865541249E-17
8412.63438389528  1.221848831445146E-17
8416.28934589168  1.140315292827019E-17
8419.94437281315  1.491768784105285E-17
8423.59946434045  1.564857801285980E-17
8427.25462015413  1.195469379966340E-17
8430.90983993447  1.554607048262978E-17
8434.56512336154  1.130853752826454E-17
8438.22047011517  1.359541895237152E-17
8441.87587987492  1.489973305867677E-17
8445.53135232013  1.510449334750815E-17
8449.18688712987  1.403717393132485E-17
8452.84248398299  1.825466678098977E-17
8456.49814255805  1.635178906700951E-17
8460.15386253338  1.618680623947458E-17
8463.80964358703  1.973242163659330E-17
8467.4654853968  5.937365538514255E-18
8471.12138764024  1.570081115982008E-17
8474.7773499946  1.673421451652747E-17
8478.43337213688  1.615383812898067E-17
8482.0894537438  1.329274446725163E-17
8485.74559449181  1.423824995770792E-17
8489.40179405708  1.335985859343173E-17
8493.0580521155  1.386203084432593E-17
8496.71436834268  1.555229253519740E-17
8500.37074241392  1.171626146963683E-17
8504.02717400428  1.511976806469955E-17
8507.68366278847  1.421030945097710E-17
8511.34020844096  1.722179778295808E-17
8514.99681063588  1.361476339817668E-17
8518.65346904708  1.538606728238242E-17
8522.31018334811  1.428970059180871E-17
8525.96695321222  1.522108776356995E-17
8529.62377831234  1.389239581743215E-17
8533.28065832109  1.526130528495227E-17
8536.93759291078  1.592285290600891E-17
8540.5945817534  1.180820094036087E-17
8544.25162452064  1.302510769851826E-17
8547.90872088386  1.494303761810515E-17
8551.56587051409  1.133028079784611E-17
8555.22307308202  1.157907191068368E-17
8558.88032825805  1.507531206985850E-17
8562.53763571222  1.292314445313130E-17
8566.19499511424  1.537456120006181E-17
8569.85240613349  1.601350693806105E-17
8573.509868439  1.445026462051138E-17
8577.16738169947  1.410288846790851E-17
8580.82494558325  1.759081794346901E-17
8584.48255975834  1.606628602422560E-17
8588.14022389239  1.218889261931493E-17
8591.79793765269  1.076611301440228E-17
8595.4557007062  1.184791222720832E-17
8599.1135127195  1.369994976637984E-17
8602.77137335882  1.606351331481233E-17
8606.42928229  1.512995562112375E-17
8610.08723917855  1.261400637870492E-17
8613.7452436896  1.156848234448178E-17
8617.4032954879  1.266418315466238E-17
8621.06139423782  1.754357600432488E-17
8624.71953960337  1.500479326827713E-17
8628.37773124818  1.505450351436912E-17
8632.03596883548  1.481794309406875E-17
8635.69425202814  1.358612640537010E-17
8639.35258048861  1.743834870424079E-17
8643.01095387899  1.180007719956499E-17
8646.66937186095  1.152191373035627E-17
8650.32783409578  1.601704230799910E-17
8653.98634024438  1.560871121605720E-17
8657.64488996724  1.573505478281854E-17
8661.30348292445  1.597680824300452E-17
8664.96211877568  1.185478692527924E-17
8668.62079718021  1.617276071267343E-17
8672.27951779691  1.159058874635226E-17
8675.9382802842  1.486879319504484E-17
8679.59708430014  1.396325210870344E-17
8683.25592950232  1.068618172463067E-17
8686.91481554793  1.607103238658043E-17
8690.57374209374  1.613399406608552E-17
8694.23270879608  1.559817293505327E-17
8697.89171531086  1.589318690052031E-17
8701.55076129354  1.195557888291883E-17
8705.20984639917  1.242794864352336E-17
8708.86897028234  1.258215413485733E-17
8712.52813259722  1.282946128567599E-17
8716.1873329975  1.370609571833111E-17
8719.84657113647  1.322144563435262E-17
8723.50584666694  1.036373183260647E-17
8727.16515924127  1.336051206611565E-17
8730.82450851138  1.410195871690001E-17
8734.48389412872  1.348576458164904E-17
8738.14331574429  1.370969560835695E-17
8741.80277300863  1.298814513284632E-17
8745.46226557179  1.307010963256359E-17
8749.12179308339  1.415052414502422E-17
8752.78135519255  1.372124139534696E-17
8756.44095154793  1.245608436487874E-17
8760.10058179772  1.621625056055902E-17
8763.76024558961  1.596195042484184E-17
8767.41994257082  1.612055238113153E-17
8771.0796723881  1.638420131213178E-17
8774.73943468771  1.164913328138631E-17
8778.3992291154  1.703284987871627E-17
8782.05905531644  1.438661968982033E-17
8785.71891293562  1.045035914943670E-17
8789.37880161722  1.265287476850817E-17
8793.038721005  1.667099475667127E-17
8796.69867074226  1.205761409301908E-17
8800.35865047177  1.222048512845016E-17
8804.01865983579  1.153262654646944E-17
8807.67869847608  1.519486779251324E-17
8811.33876603388  1.462883306242688E-17
8814.99886214992  1.302562964948478E-17
8818.6589864644  1.081332352068313E-17
8822.31913861702  1.935732831602501E-17
8825.97931824694  1.871633282446786E-17
8829.63952499279  1.096784085910804E-17
8833.29975849269  1.361066802696393E-17
8836.9600183842  1.535976790198691E-17
8840.62030430439  1.422126959409343E-17
8844.28061588973  1.209941980117752E-17
8847.94095277621  1.219940773926170E-17
8851.60131459925  1.096698307281282E-17
8855.26170099372  1.222573028071436E-17
8858.92211159396  9.414189700760921E-18
8862.58254603374  1.100617489023558E-17
8866.2430039463  1.059315120267867E-17
8869.90348496429  1.289906439831927E-17
8873.56398871985  1.336688466555475E-17
8877.22451484451  1.159189486453948E-17
8880.88506296926  1.824645287750712E-17
8884.54563272453  1.133516695372446E-17
8888.20622374018  1.418215553164825E-17
8891.86683564547  1.006797836767181E-17
8895.52746806912  1.328383490487382E-17
8899.18812063925  7.584601843414083E-18
8902.84879298342  9.463813092888592E-18
8906.5094847286  7.701832361366937E-18
8910.17019550115  1.133813570494291E-17
8913.83092492688  1.333892678803108E-17
8917.491672631  1.057316238317632E-17
8921.15243823811  1.136927740064431E-17
8924.81322137222  1.074699108018189E-17
8928.47402165676  1.154284057267325E-17
8932.13483871454  1.153720416397931E-17
8935.79567216777  1.176435457763127E-17
8939.45652163805  1.565707315775072E-17
8943.11738674639  1.303822678303335E-17
8946.77826711316  1.149198137271042E-17
8950.43916235813  8.857577385032154E-18
8954.10007210046  7.120022469818577E-18
8957.76099595869  1.931624556372195E-17
8961.42193355071  1.316940935637813E-17
8965.08288449382  1.109600753193945E-17
8968.74384840467  1.189157743738377E-17
8972.4048248993  1.104926520988531E-17
8976.06581359308  1.504728553634398E-17
8979.72681410079  1.115849606413416E-17
8983.38782603654  1.337391735512268E-17
8987.04884901381  1.496189402734891E-17
8990.70988264543  1.665754645427238E-17
8994.37092654359  1.264176159697852E-17
8998.03198031983  1.327361426122511E-17
9001.69304358503  1.013432487024346E-17
9005.35411594944  8.575362385183149E-18
9009.01519702262  1.011360482307962E-17
9012.67628641349  1.149502457018401E-17
9016.33738373031  1.085525992337834E-17
9019.99848858065  1.200134513185016E-17
9023.65960057144  1.219956821230054E-17
9027.32071930894  1.205485792721806E-17
9030.9818443987  1.195858899316791E-17
9034.64297544565  1.153183162590078E-17
9038.30411205399  7.401110022492671E-18
9041.96525382727  1.184682365752220E-17
9045.62640036834  9.131655409195472E-18
9049.28755127938  1.192997516141848E-17
9052.94870616186  1.371023162139388E-17
9056.60986461658  1.031046140115805E-17
9060.27102624362  1.144229015177253E-17
9063.9321906424  1.333843213402477E-17
9067.59335741159  1.258831911196269E-17
9071.25452614921  1.224464045669794E-17
9074.91569645253  1.129940214557950E-17
9078.57686791814  1.542946944912308E-17
9082.23804014191  1.475931418661222E-17
9085.899212719  1.359308795740534E-17
9089.56038524385  1.513486576523987E-17
9093.22155731019  1.633110624297323E-17
9096.88272851101  1.297286462539064E-17
9100.54389843859  1.041345365922703E-17
9104.2050666845  1.337699943008505E-17
9107.86623283953  1.195439601464288E-17
9111.5273964938  1.217612425937956E-17
9115.18855723666  1.238090191900380E-17
9118.84971465671  1.249347706446920E-17
9122.51086834185  1.223786750184235E-17
9126.17201787921  1.090756751659375E-17
9129.83316285518  9.715741701789582E-18
9133.4943028554  1.033616190279007E-17
9137.15543746476  1.087485169618666E-17
9140.81656626741  1.226003759662000E-17
9144.47768884672  1.303054310232334E-17
9148.13880478532  1.291268392710495E-17
9151.79991366508  1.353475352624688E-17
9155.4610150671  1.398482828780127E-17
9159.1221085717  1.067039746418193E-17
9162.78319375845  1.345579169215318E-17
9166.44427020613  1.257846242778351E-17
9170.10533749277  1.296278129372361E-17
9173.76639519562  1.209181966570938E-17
9177.42744289112  1.448577548420828E-17
9181.08848015496  1.162419544027906E-17
9184.74950656201  1.382551661054601E-17
9188.4105216864  9.691128115482452E-18
9192.07152510143  1.058349056030466E-17
9195.73251637961  1.360355261933475E-17
9199.39349509268  1.190403229586698E-17
9203.05446081156  1.089996655394500E-17
9206.71541310638  1.315317510967617E-17
9210.37635154644  1.208526425935490E-17
9214.03727570028  1.190741546457232E-17
9217.69818513558  1.339442977995277E-17
9221.35907941924  1.434028599498878E-17
9225.01995811734  1.353496363012247E-17
9228.68082079513  1.178889040896082E-17
9232.34166701706  9.260459011098555E-18
9236.00249634674  1.425598967312473E-17
9239.66330834697  1.310817317563083E-17
9243.32410257971  1.408930781661162E-17
9246.98487860609  1.083509656876675E-17
9250.64563598641  1.486155371032377E-17
9254.30637428013  1.269716780876855E-17
9257.96709304588  1.264602488585562E-17
9261.62779184145  1.367758859288070E-17
9265.28847022376  1.318240353662073E-17
9268.94912774892  1.356870763603096E-17
9272.60976397216  1.456571256424418E-17
9276.27037844789  1.404909360395174E-17
9279.93097072962  1.187836570864007E-17
9283.59154037006  1.648515539717143E-17
9287.252086921  1.209981188478787E-17
9290.91260993341  1.027148547787517E-17
9294.57310895738  1.347034510785043E-17
9298.23358354214  8.708657577812392E-18
9301.89403323603  1.186494139447895E-17
9305.55445758654  1.051511250214858E-17
9309.21485614025  1.671045623497373E-17
9312.87522844291  1.712302745473557E-17
9316.53557403935  2.872026094294847E-18
9320.19589247354  6.790469577874389E-18
9323.85618328853  -1.722885590832984E-18
9327.51644602652  1.044568640615639E-17
9331.1766802288  1.238421229581523E-17
9334.83688543575  9.220584769670436E-18
9338.49706118688  -1.287407361765282E-19
9342.15720702079  1.005726141565558E-17
9345.81732247516  5.108894110615338E-18
9349.4774070868  8.191937701485219E-18
9353.13746039158  1.159040511225627E-17
9356.79748192448  9.397909959125268E-18
9360.45747121954  9.188662215470790E-18
9364.11742780991  8.917581893847364E-18
9367.77735122782  7.367197271739223E-18
9371.43724100456  -3.489039551942546E-18
9375.09709667051  1.360249134660885E-17
9378.75691775512  9.170875350759061E-18
9382.41670378692  1.125283601299583E-17
9386.07645429348  1.136829967316027E-17
9389.73616880147  1.329327055412121E-17
9393.3958468366  9.439188753233501E-18
9397.05548792364  1.241888439837101E-17
9400.71509158644  1.388686859657906E-17
9404.37465734786  1.528612566641254E-17
9408.03418472987  1.320118467242874E-17
9411.69367325344  1.104550898272370E-17
9415.35312243861  1.323978753725537E-17
9419.01253180447  1.114659293511952E-17
9422.67190086912  7.208054339328919E-18
9426.33122914972  8.521601435631488E-18
9429.99051616248  1.072323031708630E-17
9433.64976142263  1.532103599698473E-17
9437.30896444441  9.891592028212228E-18
9440.96812474112  1.436085797682298E-17
9444.62724182505  1.057635819547292E-18
9448.28631520757  7.501825052335291E-18
9451.945344399  1.196077771306873E-17
9455.60432890874  1.891516801857153E-18
9459.26326824514  1.438002706033828E-17
9462.92216191563  8.287041138052277E-18
9466.5810094266  1.052932429225285E-17
9470.23981028346  1.553534525880742E-17
9473.89856399064  -2.953591582764134E-19
9477.55727005155  3.707059132402841E-18
9481.21592796859  1.182157231496279E-17
9484.8745372432  8.760372909709207E-18
9488.53309737576  7.749270342316240E-18
9492.19160786569  1.043768591527177E-17
9495.85006821135  1.192307730229040E-17
9499.50847791012  9.066251892522130E-18
9503.16683645836  1.479015478857065E-17
9506.82514335138  1.765826459625536E-17
9510.4833980835  9.293432084676144E-18
9514.14160014799  1.468569180337255E-17
9517.79974903712  1.848953644411808E-17
9521.4578442421  1.027560152860323E-17
9525.11588525313  8.542415781385162E-18
9528.77387155936  1.117434815339312E-17
9532.4318026489  8.832318597847233E-18
9536.08967800882  1.185069899869201E-17
9539.74749712516  1.568456533258953E-17
9543.40525948289  1.015318210666784E-17
9547.06296456595  1.065847696437443E-17
9550.72061185721  9.420953556629768E-18
9554.3782008385  1.177634125188778E-17
9558.03573099059  7.577213466182759E-18
9561.69320179318  1.259107610494433E-17
9565.35061272492  1.429328724694474E-17
9569.00796326339  1.335284575619850E-17
9572.66525288509  9.617978052372549E-18
9576.32248106546  1.221498355019607E-17
9579.97964727888  9.574077095722522E-18
9583.63675099862  9.893384528599630E-18
9587.2937916969  1.094880908757442E-17
9590.95076884486  1.132805485481773E-17
9594.60768191252  7.967746940064973E-18
9598.26453036885  1.189935045359993E-17
9601.92131368171  8.981601537355903E-18
9605.57803131789  1.470761870705010E-17
9609.23468274306  8.952391308384818E-18
9612.89126742181  1.340102819969910E-17
9616.54778481761  1.405618088744009E-17
9620.20423439285  7.557658089321394E-18
9623.8606156088  5.738729694938220E-18
9627.51692792562  1.062748912426696E-17
9631.17317080237  1.116852811060320E-17
9634.829343697  9.825645881057049E-18
9638.48544606631  1.075958655936923E-17
9642.14147736603  1.302152352492406E-17
9645.79743705073  1.024472866660091E-17
9649.45332457388  1.147678523767721E-17
9653.1091393878  1.243375710578471E-17
9656.76488094371  1.214961725665030E-17
9660.42054869166  9.157575113689821E-18
9664.07614208059  1.299410414197916E-17
9667.73166055831  1.221116693884976E-17
9671.38710357146  1.124464940647340E-17
9675.04247056558  8.373172146514974E-18
9678.69776098501  1.246719753640839E-17
9682.35297427299  8.621130288475708E-18
9686.00810987157  1.421376872029880E-17
9689.66316722169  1.081544689331555E-17
9693.31814576309  1.143849421994152E-17
9696.97304493438  1.801346587745298E-17
9700.62786417299  1.054324905068457E-17
9704.2826029152  1.271542533924882E-17
9707.93726059612  1.075525296014007E-17
9711.59183664969  2.705205478233981E-18
9715.24633050866  1.801675640192971E-17
9718.90074160463  2.102205742292880E-17
