3615.06486107747  -2.982684899847238E-14
3618.00850848613  -9.559056833845918E-14
3620.9536284075  6.309969230065480E-14
3623.90021830363  -7.932571971253771E-14
3626.84827563998  9.550167731284254E-15
3629.79779788537  -2.549131255201714E-14
3632.74878251203  1.461940750478296E-14
3635.70122699555  -1.121867948880714E-14
3638.65512881492  -3.184217416108380E-14
3641.61048545249  -1.336349057806533E-14
3644.56729439399  5.795187666877109E-15
3647.52555312853  1.572494474314390E-14
3650.48525914858  -1.520185446436933E-14
3653.44640994997  -1.331844113076561E-14
3656.4090030319  -1.000734444720234E-14
3659.37303589695  1.130711735179701E-14
3662.33850605102  2.173047356071383E-15
3665.30541100341  -3.374234731209837E-15
3668.27374826674  -2.100490831446935E-16
3671.24351535698  -1.355225398794332E-15
3674.21470979349  2.362226447368238E-15
3677.18732909892  5.339163339283760E-15
3680.1613707993  -1.743775822963232E-15
3683.136832424  4.362744415270471E-15
3686.1137115057  6.085775871959853E-15
3689.09200558044  6.509828835079972E-16
3692.0717121876  -2.864768553875372E-15
3695.05282886986  1.136668769666975E-15
3698.03535317325  -2.724957719118051E-15
3701.01928264712  2.590560907201342E-15
3704.00461484415  -1.395950954656555E-15
3706.99134732032  -5.431159045054569E-17
3709.97947763496  2.681078024318489E-15
3712.96900335067  -1.550272734349764E-15
3715.9599220334  1.202641942467126E-15
3718.9522312524  4.086101760631322E-16
3721.94592858022  1.538768226981037E-16
3724.94101159272  -7.000848540647366E-16
3727.93747786905  3.634441029144872E-16
3730.93532499169  1.158328249161215E-15
3733.93455054638  4.416021887680260E-16
3736.93515212218  -1.781720735095742E-17
3739.93712731142  -3.791215975072006E-16
3742.94047370975  -2.175213034029055E-16
3745.94518891607  -9.623326602213319E-16
3748.9512705326  2.101539034719163E-16
3751.95871616481  -4.261997945947130E-16
3754.96752342146  3.016975451117964E-16
3757.9776899146  -1.591416883306608E-16
3760.98921325953  2.165411605514792E-17
3764.00209107484  -2.272834573816849E-17
3767.01632098238  1.273049077974525E-17
3770.03190060726  2.263416295362319E-16
3773.04882757787  2.239211534801140E-16
3776.06709952585  1.024185388310005E-16
3779.08671408609  -1.709802443179606E-16
3782.10766889675  6.729954036876745E-17
3785.12996159924  -1.426163005228560E-16
3788.15358983821  -1.371342238788874E-16
3791.17855126158  3.078603450777819E-17
3794.20484352048  -1.459572433122883E-17
3797.23246426933  -2.352624415703714E-17
3800.26141116573  3.120350925421125E-17
3803.29168187058  -2.045284466492901E-17
3806.32327404797  -7.191810662767971E-17
3809.35618536525  2.035290470332035E-17
3812.39041349298  1.497934391935860E-19
3815.42595610495  5.081343040516912E-17
3818.46281087818  1.005532796369179E-16
3821.50097549292  -7.462423792781430E-17
3824.54044763263  9.519754986843308E-17
3827.58122498399  -8.725118678797352E-19
3830.62330523688  2.432432745077269E-18
3833.66668608441  1.556939532154255E-17
3836.71136522289  8.017927190181010E-17
3839.75734035184  3.993023162942119E-17
3842.80460917399  3.889589521298283E-17
3845.85316939526  9.369924784641373E-17
3848.90301872477  -3.813663605488777E-17
3851.95415487485  -7.667645979266857E-17
3855.006575561  -2.446259110375124E-17
3858.06027850192  2.064571878194831E-18
3861.11526141952  5.423243588336925E-17
3864.17152203887  -4.953006961096045E-17
3867.22905808823  3.185946017124336E-17
3870.28786729905  -9.955518200311551E-18
3873.34794740594  5.868306462559856E-17
3876.4092961467  1.916234960337319E-16
3879.4719112623  1.437908175833426E-16
3882.53579049687  1.001506676717312E-16
3885.60093159774  6.031037373595169E-17
3888.66733231536  2.391476096458594E-17
3891.73499040338  2.365233956961472E-17
3894.80390361858  2.445253589622504E-17
3897.87406972093  1.261051071343627E-17
3900.94548647352  2.439671278540629E-17
3904.01815164263  2.632226021125418E-18
3907.09206299765  2.149113996777904E-17
3910.16721831115  -2.257253799798800E-17
3913.24361535882  -1.600207468161010E-18
3916.32125191952  -1.903697780839547E-17
3919.40012577522  -4.077600271265104E-19
3922.48023471104  -1.508908462705751E-17
3925.56157651524  7.266768446388547E-18
3928.6441489792  -7.520342317527903E-18
3931.72794989744  7.859860254311517E-18
3934.8129770676  -1.015149445142307E-18
3937.89922829045  -1.127202246730400E-17
3940.98670136986  2.182870493113642E-18
3944.07539411285  1.082725034706638E-18
3947.16530432954  -2.730412825124557E-19
3950.25642983317  -6.469445745226233E-18
3953.34876844008  -2.172233157231364E-18
3956.44231796972  -8.745057660667789E-18
3959.53707624466  1.212220469794544E-18
3962.63304109056  -4.902241232542442E-18
3965.73021033618  1.200390339468964E-18
3968.82858181339  1.070463033383244E-17
3971.92815335716  3.054639242610575E-18
3975.02892280552  3.994127200905694E-18
3978.13088799962  -5.692877005632874E-18
3981.23404678369  2.702687540449369E-18
3984.33839700505  -7.069548736021204E-18
3987.4439365141  4.178711727416289E-18
3990.5506631643  -4.229886910373107E-18
3993.65857481223  1.022159738795148E-17
3996.76766931751  1.096785657553967E-17
3999.87794454283  -3.580785462403252E-18
4002.98939835398  2.460123546660671E-19
4006.1020286198  4.901931453403040E-18
4009.21583321218  1.709451660697240E-18
4012.3308100061  -5.952589797688294E-18
4015.44695687959  4.382971571977071E-18
4018.56427171371  6.428748045498320E-18
4021.68275239262  -2.208556932675252E-18
4024.8023968035  9.856201105704148E-18
4027.92320283659  -1.297535981570840E-18
4031.04516838517  -1.481491850815895E-18
4034.16829134558  -4.737350222055508E-18
4037.29256961718  -1.517516497070769E-18
4040.41800110238  7.703843237436056E-18
4043.54458370663  -3.838821559357024E-18
4046.6723153384  -9.947872569909723E-19
4049.80119390921  -1.498470766864312E-18
4052.93121733359  2.276509199611024E-18
4056.06238352912  -4.734854618147435E-18
4059.19469041637  2.027391143636338E-18
4062.32813591896  1.305572558209675E-18
4065.46271796351  -9.664802058512186E-19
4068.59843447966  2.613929509758781E-19
4071.73528340008  -2.495008958416906E-18
4074.87326266042  8.889352028998516E-20
4078.01237019936  8.399196902947119E-18
4081.15260395858  -5.666176029049969E-18
4084.29396188277  1.913763824431766E-18
4087.4364419196  1.243868917018706E-18
4090.58004201975  4.555279083836155E-18
4093.7247601369  5.614813076094103E-18
4096.87059422771  -1.925202129640938E-20
4100.01754225185  3.055621105997676E-18
4103.16560217195  -2.570600755297487E-19
4106.31477195364  -2.620879998253334E-18
4109.46504956554  5.782307844354200E-19
4112.61643297924  6.261956794349198E-19
4115.7689201693  5.791117317877889E-19
4118.92250911326  1.529187084935703E-18
4122.07719779165  1.156772485383583E-18
4125.23298418793  4.439325732749084E-18
4128.38986628856  3.492152594479100E-19
4131.54784208296  6.071159107462563E-18
4134.70690956349  -7.606901805547902E-19
4137.86706672549  6.627327227202393E-18
4141.02831156726  -1.406060009986266E-18
4144.19064209003  2.076120586166383E-19
4147.354056298  1.171062133863014E-18
4150.51855219831  2.048953467458911E-18
4153.68412780105  4.675965148797947E-18
4156.85078111926  1.034186076362026E-18
4160.01851016891  -2.367659746825845E-19
4163.1873129689  1.790041799826751E-18
4166.3571875411  1.225398490928280E-18
4169.52813191027  -1.895648982607162E-18
4172.70014410412  2.822333425790877E-18
4175.87322215331  3.729683349336778E-18
4179.04736409138  2.528193790231308E-18
4182.22256795484  -7.199660627460615E-19
4185.39883178308  1.310555494219695E-18
4188.57615361843  3.182203727956052E-18
4191.75453150612  -2.356341020913975E-18
4194.93396349432  5.569756134538033E-18
4198.11444763409  4.754572535999168E-18
4201.29598197938  -2.606483746872461E-18
4204.47856458709  9.257760954735559E-19
4207.66219351698  3.170477822387654E-18
4210.84686683172  4.278070594644628E-18
4214.0325825969  2.181350755533229E-18
4217.21933888098  2.091655219015889E-18
4220.40713375531  -3.442381137021785E-19
4223.59596529415  2.750391253170456E-18
4226.78583157463  2.350544966361817E-18
4229.97673067677  3.534505947901828E-18
4233.16866068347  2.356322202555040E-18
4236.36161968051  -7.921879775098906E-19
4239.55560575653  2.593051988085826E-19
4242.75061700309  -1.278088034791529E-18
4245.94665151457  -3.182596535349440E-19
4249.14370738824  -1.009431248965305E-18
4252.34178272423  1.934184845804169E-18
4255.54087562556  -6.651889735106695E-19
4258.74098419807  9.268630107984508E-19
4261.94210655048  -1.240165319223576E-18
4265.14424079437  5.383228095479455E-20
4268.34738504416  3.212188404775641E-19
4271.55153741713  -2.018665422149669E-18
4274.75669603341  -1.781813420683379E-18
4277.96285901596  -6.512002636778436E-19
4281.1700244906  -3.896472791028310E-19
4284.37819058597  9.403132777512926E-19
4287.58735543359  -3.514887291723602E-18
4290.79751716775  2.560560747215048E-18
4294.00867392564  1.398446639628327E-18
4297.22082384723  1.977885004360498E-18
4300.43396507534  3.029208608653399E-18
4303.64809575561  -5.888084082172301E-19
4306.8632140365  6.039669168723281E-18
4310.0793180693  2.208450846761691E-18
4313.2964060081  6.345786793142925E-18
4316.51447600982  -2.703725393624182E-19
4319.73352623419  3.122647654430424E-19
4322.95355484373  3.140752466690103E-18
4326.17456000379  2.117296784029267E-18
4329.39653988252  5.137784634279672E-18
4332.61949265085  -8.295557065856087E-19
4335.84341648255  8.954917724770707E-19
4339.06830955414  3.478360236644180E-18
4342.29417004497  2.256780528411327E-18
4345.52099613716  -5.725245306785112E-19
4348.74878601564  1.589930369435499E-18
4351.97753786809  3.864492282486995E-18
4355.20724988501  3.542546970636457E-18
4358.43792025966  2.122135790612702E-18
4361.66954718808  3.216109654469449E-18
4364.90212886911  2.777990341103440E-18
4368.13566350432  1.827774082908057E-19
4371.37014929809  -2.773906240226536E-19
4374.60558445755  1.401908390491862E-18
4377.84196719259  -1.330768996655923E-18
4381.07929571588  1.468150564908757E-18
4384.31756824283  2.692486955930518E-18
4387.55678299162  2.444869198791851E-18
4390.79693818319  1.727510874625651E-18
4394.03803204122  6.857091531590022E-18
4397.28006279215  1.464836155591834E-18
4400.52302866516  3.579265931617992E-18
4403.76692789217  3.750591993680281E-18
4407.01175870787  2.482016163944174E-22
4410.25751934965  3.548457589703455E-18
4413.50420805767  3.942593021563027E-18
4416.75182307481  6.753996909920240E-19
4420.00036264667  3.936570319523029E-18
4423.2498250216  5.855363402079117E-18
4426.50020845068  4.777325793108664E-18
4429.75151118769  3.917411575765381E-18
4433.00373148914  7.242312024397802E-18
4436.25686761428  1.368044339996977E-18
4439.51091782505  7.667046107886632E-18
4442.76588038612  2.244597191964187E-18
4446.02175356485  4.483786277083502E-18
4449.27853563134  2.622180532971421E-18
4452.53622485838  1.462765308928307E-18
4455.79481952146  2.756730765385062E-18
4459.05431789876  2.633236906919791E-20
4462.31471827119  5.097192400079856E-18
4465.57601892233  4.243670634510385E-18
4468.83821813847  6.489750961312878E-18
4472.10131420858  2.432870530416463E-18
4475.36530542431  2.222410967164596E-18
4478.63019008002  4.191049126252518E-18
4481.89596647272  7.866334596965971E-18
4485.16263290214  5.684517931952719E-18
4488.43018767065  4.597480184327384E-18
4491.69862908332  6.103266122938809E-18
4494.96795544789  5.389800510735284E-18
4498.23816507475  2.992806664641624E-18
4501.50925627698  1.335266687839104E-18
4504.78122737031  5.858493453517016E-18
4508.05407667315  2.889707286683321E-18
4511.32780250655  4.636481750209259E-18
4514.60240319422  2.118081364840274E-18
4517.87787706255  2.907765466635967E-18
4521.15422244053  6.181264291618884E-18
4524.43143765986  4.248694102370420E-18
4527.70952105485  4.772564127912503E-18
4530.98847096245  3.457348815109567E-18
4534.26828572228  3.810553489103638E-18
4537.54896367657  3.547080333983553E-18
4540.83050317021  2.178955860864735E-18
4544.1129025507  6.810110567929152E-18
4547.3961601682  2.642103798410220E-18
4550.68027437546  5.003702379297582E-18
4553.96524352791  1.896910019450998E-18
4557.25106598354  3.258690224066688E-18
4560.53774010302  4.386340265021694E-18
4563.82526424959  2.894002835604308E-18
4567.11363678915  3.295011517968737E-18
4570.40285609017  4.649744764150935E-18
4573.69292052376  2.147580486640293E-18
4576.98382846363  1.711488799750805E-18
4580.2755782861  3.092848369465624E-18
4583.56816837008  4.561216172682753E-18
4586.86159709709  3.424348444571763E-18
4590.15586285125  4.735331487770571E-18
4593.45096401926  1.138537288779852E-18
4596.74689899044  7.616426273313567E-19
4600.04366615667  1.588870957865971E-18
4603.34126391244  3.366654871592875E-18
4606.63969065481  1.975616254735419E-18
4609.93894478343  4.199399100945933E-18
4613.23902470054  1.218329198618248E-18
4616.53992881092  -1.083252594991688E-19
4619.84165552197  2.732534698492121E-18
4623.14420324363  -1.435556314202324E-19
4626.44757038843  1.310693943574721E-18
4629.75175537145  6.849010235499319E-21
4633.05675661034  2.920647150315254E-18
4636.36257252533  1.852558740505619E-19
4639.66920153918  -1.585658446860757E-19
4642.97664207721  9.025355255856897E-19
4646.28489256732  5.197083764827526E-19
4649.59395143994  2.052491525733953E-18
4652.90381712804  1.131623299629827E-18
4656.21448806717  3.809462696369621E-19
4659.52596269539  2.069703499919957E-18
4662.83823945331  1.736845401043158E-18
4666.15131678409  2.474835884433116E-18
4669.46519313341  1.805464582347802E-18
4672.7798669495  1.250674959098792E-18
4676.09533668311  2.934336369067548E-18
4679.41160078752  2.699752910431185E-18
4682.72865771853  1.652610600737163E-18
4686.04650593448  1.574200832154160E-19
4689.3651438962  9.645115159933423E-19
4692.68457006707  -4.844130450342094E-19
4696.00478291297  1.170550109063843E-18
4699.32578090229  1.795279681948847E-20
4702.64756250595  -9.265148711581426E-19
4705.97012619734  1.453938051021448E-18
4709.29347045238  2.653457472702969E-18
4712.6175937495  1.731618860342743E-18
4715.94249456962  1.043520706177111E-18
4719.26817139614  1.396031892625133E-18
4722.59462271498  -1.226280162063684E-18
4725.92184701455  1.483112401033463E-18
4729.24984278573  2.509766894520617E-18
4732.5786085219  6.512279742283643E-19
4735.90814271893  2.305113001795531E-19
4739.23844387516  1.713592423446104E-18
4742.56951049141  -1.616679529289085E-19
4745.90134107099  1.145320169802787E-18
4749.23393411966  2.538571184606092E-18
4752.56728814567  9.273595259611356E-19
4755.90140165974  2.849562143604591E-18
4759.23627317505  4.653281788450211E-19
4762.57190120725  2.062511578084115E-18
4765.90828427442  2.270341534168675E-18
4769.24542089715  2.050359054114792E-18
4772.58330959844  6.675607588208004E-19
4775.92194890378  1.996297631205623E-18
4779.26133734108  -3.520184711462757E-19
4782.60147344072  1.433413218482169E-18
4785.94235573551  2.932304399892811E-18
4789.28398276071  2.422887907989020E-18
4792.62635305403  5.212250121358686E-19
4795.96946515559  2.653464917328482E-18
4799.31331760799  1.375026881740267E-18
4802.65790895621  3.847261696737210E-18
4806.0032377477  1.646742271278982E-18
4809.34930253232  2.183251202990570E-18
4812.69610186235  2.966357978145548E-18
4816.04363429252  2.811611717486118E-18
4819.39189837995  8.709122039726345E-19
4822.74089268418  2.697819789339648E-18
4826.09061576719  2.248086032992782E-18
4829.44106619333  3.214939814288145E-18
4832.79224252941  3.707429709317264E-18
4836.14414334461  3.024152467159168E-18
4839.49676721051  4.546205326106754E-18
4842.85011270114  1.194619410527911E-18
4846.20417839286  3.914321228996883E-18
4849.55896286448  2.988783464937319E-18
4852.91446469719  2.917084483416988E-18
4856.27068247456  5.235620662000299E-18
4859.62761478256  1.299597212259746E-18
4862.98526020954  3.569632999794506E-18
4866.34361734623  3.578538426269251E-18
4869.70268478576  5.089639413906635E-18
4873.06246112363  3.816727978786039E-18
4876.42294495769  2.449264422976652E-18
4879.7841348882  5.352102581498792E-18
4883.14602951777  4.758022706334125E-18
4886.50862745139  3.122044949956603E-18
4889.87192729641  4.299860186340500E-18
4893.23592766254  3.405452123863450E-18
4896.60062716184  4.137324572647810E-18
4899.96602440876  3.414466531383899E-18
4903.33211802008  4.598895903945770E-18
4906.69890661494  3.463689568095092E-18
4910.06638881482  3.635343814065412E-18
4913.43456324357  3.777893916978207E-18
4916.80342852736  2.928881319722913E-18
4920.17298329472  5.100912644884814E-18
4923.5432261765  4.114705732387855E-18
4926.91415580592  3.728931442159967E-18
4930.28577081851  3.659166202116633E-18
4933.65806985213  6.317246580468007E-18
4937.03105154699  3.979104360210811E-18
4940.4047145456  5.094255081724680E-18
4943.77905749281  3.829487653324976E-18
4947.1540790358  3.981966405130245E-18
4950.52977782404  3.985563400023932E-18
4953.90615250936  3.646458639956287E-18
4957.28320174586  5.345334176136575E-18
4960.66092418998  4.791638085657363E-18
4964.03931850046  5.132874903753863E-18
4967.41838333835  3.966311598447372E-18
4970.79811736698  5.238541436743224E-18
4974.17851925202  4.794965006081051E-18
4977.55958766142  4.829589132161297E-18
4980.94132126541  2.109514668826368E-18
4984.32371873654  3.399379997781851E-18
4987.70677874964  5.128682752409443E-18
4991.09049998182  4.868546030290093E-18
4994.47488111249  3.088038934589088E-18
4997.85992082333  4.575017267612894E-18
5001.24561779832  4.146004178815330E-18
5004.63197072369  4.782933664071467E-18
5008.01897828796  4.656719964666288E-18
5011.40663918193  4.513422090479746E-18
5014.79495209867  4.433300135576941E-18
5018.18391573349  3.502789775265014E-18
5021.573528784  4.733874409121561E-18
5024.96378995006  5.407345011527533E-18
5028.35469793377  4.279442887280853E-18
5031.74625143952  4.906008626642312E-18
5035.13844917394  4.446458511171128E-18
5038.5312898459  4.534939539754089E-18
5041.92477216654  3.062687089585258E-18
5045.31889484924  3.984976515379325E-18
5048.71365660962  3.312115958675109E-18
5052.10905616554  3.886962230236692E-18
5055.5050922371  3.115323073503843E-18
5058.90176354665  3.112610541480129E-18
5062.29906881876  3.781987220239425E-18
5065.69700678024  3.876378454299076E-18
5069.09557616011  5.132687547345118E-18
5072.49477568965  3.005722469521181E-18
5075.89460410232  3.981596655396435E-18
5079.29506013385  3.034333612933624E-18
5082.69614252215  3.910701073046046E-18
5086.09785000736  4.279554970253853E-18
5089.50018133184  4.141551465577958E-18
5092.90313524015  2.852831781770861E-18
5096.30671047906  3.383949357044980E-18
5099.71090579755  2.378347127135183E-18
5103.1157199468  4.646709838483479E-18
5106.5211516802  2.780037819914662E-18
5109.92719975332  4.243092848852516E-18
5113.33386292394  3.482473392240099E-18
5116.74113995202  3.794187720684277E-18
5120.14902959972  3.956966525477056E-18
5123.5575306314  5.671477016005516E-18
5126.96664181357  3.844811174172521E-18
5130.37636191495  4.768290912868053E-18
5133.78668970644  4.391133363081132E-18
5137.1976239611  4.366925922454767E-18
5140.60916345417  3.973867066162432E-18
5144.02130696309  4.621372055550060E-18
5147.43405326742  3.650508102645040E-18
5150.84740114893  3.870829726750070E-18
5154.26134939153  3.777438967641302E-18
5157.6758967813  3.887311300455190E-18
5161.09104210649  1.905243243737011E-18
5164.50678415748  3.273844379683812E-18
5167.92312172682  4.630096743060963E-18
5171.34005360922  3.157609373598167E-18
5174.75757860153  4.385604487866826E-18
5178.17569550274  4.105065769529161E-18
5181.59440311399  4.090681098676864E-18
5185.01370023856  3.567567116214655E-18
5188.43358568187  4.268788800991170E-18
5191.85405825149  3.659248092997276E-18
5195.27511675708  4.100975774990394E-18
5198.69676001049  4.196016759421204E-18
5202.11898682565  4.245554951945781E-18
5205.54179601864  3.107181548324791E-18
5208.96518640766  3.820258385640416E-18
5212.38915681301  2.602876619016271E-18
5215.81370605715  4.065215929929112E-18
5219.23883296462  2.144323876568671E-18
5222.66453636207  2.331825869099741E-18
5226.0908150783  3.833911001650603E-18
5229.51766794417  4.131943349172846E-18
5232.94509379268  3.824861645749273E-18
5236.37309145891  3.443469551611539E-18
5239.80165978005  3.210474900136737E-18
5243.2307975954  3.958031106925411E-18
5246.66050374632  3.255731812605891E-18
5250.09077707629  1.175904035578593E-18
5253.52161643088  2.022488857736042E-18
5256.95302065774  3.679793605051868E-18
5260.38498860659  3.669391808849013E-18
5263.81751912926  3.325110345712859E-18
5267.25061107964  4.533416700246378E-18
5270.68426331369  3.256564163097273E-18
5274.11847468948  4.615609501812710E-18
5277.55324406712  2.426297753269116E-18
5280.98857030878  3.813504042348614E-18
5284.42445227873  2.582808183379969E-18
5287.86088884328  2.455553890764198E-18
5291.2978788708  5.818217202311197E-18
5294.73542123174  3.569374505853082E-18
5298.17351479859  3.834828758540232E-18
5301.61215844589  3.294102860065848E-18
5305.05135105025  4.069617357968508E-18
5308.49109149029  2.952220013910944E-18
5311.93137864673  3.450220586180891E-18
5315.37221140228  4.952632661868864E-18
5318.81358864172  1.691983157123769E-18
5322.25550925187  2.859989168816128E-18
5325.69797212158  2.211697530665963E-18
5329.14097614172  3.196783199842607E-18
5332.58452020521  1.648131210925036E-18
5336.02860320698  2.326996788683657E-18
5339.473224044  2.448579310634305E-18
5342.91838161526  2.294804573604318E-18
5346.36407482176  2.089134179303981E-18
5349.81030256652  2.673004164167904E-18
5353.25706375458  4.504895926315856E-18
5356.704357293  3.098499667410587E-18
5360.15218209082  2.343202084064183E-18
5363.60053705913  2.580858311881028E-18
5367.04942111099  1.129828627893317E-18
5370.49883316148  2.451525521181065E-18
5373.94877212766  3.307017010584179E-18
5377.39923692861  2.193960917176447E-18
5380.85022648539  1.673761609000145E-18
5384.30173972106  3.371585281633997E-18
5387.75377556065  2.733272130008211E-18
5391.20633293121  2.284625909371700E-18
5394.65941076174  2.650043077929504E-18
5398.11300798325  2.752840121373919E-18
5401.5671235287  3.367739718966238E-18
5405.02175633304  2.553647171655330E-18
5408.4769053332  3.109867196978597E-18
5411.93256946807  1.942323475851078E-18
5415.38874767852  2.424137984689741E-18
5418.84543890738  2.391987335436182E-18
5422.30264209943  1.584798851107949E-18
5425.76035620143  1.383364758917225E-18
5429.21858016209  1.803241741246718E-18
5432.67731293208  2.095399658853764E-18
5436.13655346402  1.470314262596043E-18
5439.59630071247  1.358808454867517E-18
5443.05655363395  2.665069640937142E-18
5446.51731118692  3.739813416708409E-18
5449.97857233179  4.421540522398581E-18
5453.4403360309  2.231489481182519E-18
5456.90260124854  1.568789597532598E-18
5460.36536695092  2.433936559430891E-18
5463.82863210619  2.937338000715350E-18
5467.29239568443  3.030957268468336E-18
5470.75665665764  2.911141190715795E-18
5474.22141399976  1.990714368866043E-18
5477.68666668663  3.618235237455977E-18
5481.15241369603  3.566144365561063E-18
5484.61865400765  3.701351999766531E-18
5488.08538660308  4.094639571498237E-18
5491.55261046585  1.826930953219319E-18
5495.02032458137  3.499852870500145E-18
5498.48852793697  2.365926389852241E-18
5501.9572195219  3.201952458285604E-18
5505.42639832727  3.015227808735180E-18
5508.89606334614  4.017373457660272E-18
5512.36621357341  2.280899047121843E-18
5515.83684800592  2.579244689301090E-18
5519.30796564239  1.451929966686899E-18
5522.7795654834  1.537455995929089E-18
5526.25164653146  3.673251433587185E-18
5529.72420779093  2.591607317146001E-18
5533.19724826806  2.421432483701233E-18
5536.67076697099  3.297890726885882E-18
5540.14476290971  2.380358416794607E-18
5543.61923509611  3.333467558236635E-18
5547.09418254395  1.834778208895456E-18
5550.56960426881  3.408606783924573E-18
5554.04549928821  3.714430966021914E-18
5557.52186662147  4.430302846627355E-18
5560.9987052898  3.040264497925629E-18
5564.47601431626  2.670706256426231E-18
5567.95379272578  2.349002894904864E-18
5571.43203954511  3.650738886035942E-18
5574.91075380287  4.948409904841782E-18
5578.38993452954  4.169462193806720E-18
5581.86958075742  3.702759033988484E-18
5585.34969152066  3.237450500683011E-18
5588.83026585526  4.176759167580358E-18
5592.31130279903  3.602918334053333E-18
5595.79280139165  3.314411591670097E-18
5599.27476067461  1.255646728170542E-19
5602.75717969123  2.038969190670242E-18
5606.24005748665  3.124090360816294E-18
5609.72339310786  5.300966276030763E-18
5613.20718560365  2.852775533489206E-18
5616.69143402462  3.523614460776343E-18
5620.17613742322  3.997766382010621E-18
5623.66129485368  4.793776347540813E-18
5627.14690537205  2.881454505711880E-18
5630.6329680362  4.215341352891669E-18
5634.1194819058  2.154595805415355E-18
5637.60644604232  3.448978160900837E-18
5641.09385950903  2.570331197815372E-18
5644.58172137099  2.471427900309397E-18
5648.07003069509  4.059541884517306E-18
5651.55878654997  3.249237410821585E-18
5655.04798800608  4.051892945393029E-18
5658.53763413566  2.851246696922056E-18
5662.02772401273  4.094037384012299E-18
5665.5182567131  3.383052486465820E-18
5669.00923131435  3.343237595246651E-18
5672.50064689584  3.359919139864855E-18
5675.99250253871  3.832293863553063E-18
5679.48479732588  4.173076145902966E-18
5682.97753034201  4.015477559696300E-18
5686.47070067355  3.466367565328233E-18
5689.96430740872  3.501309535558851E-18
5693.45834963748  4.518117581226903E-18
5696.95282645157  4.362223814262710E-18
5700.44773694449  3.163633729999391E-18
5703.94308021146  3.455693213113542E-18
5707.43885534949  2.763525020141420E-18
5710.93506145731  4.676648813574224E-18
5714.43169763543  3.567130364851227E-18
5717.92876298607  4.447505721826620E-18
5721.4262566132  5.093750087960717E-18
5724.92417762256  3.754640215598116E-18
5728.42252512157  4.191491254289926E-18
5731.92129821944  3.248655075670348E-18
5735.42049602706  3.072200493810229E-18
5738.92011765709  3.340252507211101E-18
5742.4201622239  4.459527137668854E-18
5745.92062884358  2.906011636942201E-18
5749.42151663394  4.050714626610447E-18
5752.92282471451  3.201682383815605E-18
5756.42455220655  4.236178446112186E-18
5759.926698233  4.495363083346488E-18
5763.42926191854  3.381025893965065E-18
5766.93224238956  4.433529264606618E-18
5770.43563877413  3.004478803470207E-18
5773.93945020203  3.409186223943667E-18
5777.44367580476  1.801672166034399E-18
5780.9483147155  3.901595468863062E-18
5784.45336606913  2.917425075034207E-18
5787.95882900221  2.850206930892076E-18
5791.46470265302  4.053227187721076E-18
5794.97098616149  3.289978744326811E-18
5798.47767866926  2.645110393141697E-18
5801.98477931964  3.060472727085453E-18
5805.49228725763  4.645117515804313E-18
5809.0002016299  3.200214138228324E-18
5812.50852158479  3.812747172088127E-18
5816.01724627232  2.173092804682959E-18
5819.52637484418  4.120582437049737E-18
5823.03590645371  3.185264709812806E-18
5826.54584025594  2.734869829361358E-18
5830.05617540754  3.244334297740678E-18
5833.56691106685  3.054991621551523E-18
5837.07804639386  3.305336593169778E-18
5840.58958055022  4.041462197868734E-18
5844.10151269922  3.212432009466037E-18
5847.61384200581  2.714863018680691E-18
5851.12656763659  3.688570818531667E-18
5854.63968875978  2.355839542667615E-18
5858.15320454527  2.804918171969339E-18
5861.66711416456  3.879733912453897E-18
5865.18141679081  8.771788208957593E-19
5868.6961115988  3.836078214855493E-18
5872.21119776495  1.542675608991876E-18
5875.72667446728  3.015326243228074E-18
5879.24254088548  2.271469394933891E-18
5882.75879620082  4.521860159908400E-18
5886.27543959622  6.198862042163066E-19
5889.79247025621  1.931376567624552E-18
5893.30988736692  3.139323718977071E-18
5896.82769011611  1.883582071831238E-18
5900.34587769314  2.299980449492216E-18
5903.86444928898  3.400943989525035E-18
5907.38340409622  3.081208697476085E-18
5910.90274130901  4.089397727956488E-18
5914.42246012315  2.404653538565901E-18
5917.94255973601  2.479024727055084E-18
5921.46303934655  2.403932443866908E-18
5924.98389815534  4.614965955296144E-18
5928.50513536452  3.138633850346201E-18
5932.02675017782  3.880867563483401E-18
5935.54874180058  2.550242082663756E-18
5939.07110943969  2.985239823193142E-18
5942.59385230362  2.524780636228761E-18
5946.11696960244  3.680054994125435E-18
5949.64046054777  2.897543789011495E-18
5953.16432435283  1.571070651469289E-18
5956.68856023236  3.511626959339224E-18
5960.21316740271  2.797080015279939E-18
5963.73814508178  2.300657083233284E-18
5967.26349248904  2.897581839319673E-18
5970.78920884548  1.323879409333969E-18
5974.3152933737  2.603439308627959E-18
5977.84174529781  3.254778280154772E-18
5981.36856384349  3.432203144873414E-18
5984.89574823796  2.658734678215905E-18
5988.42329771001  2.685155240571154E-18
5991.95121148993  2.089224341990749E-18
5995.47948880958  3.594415744536901E-18
5999.00812890236  2.916599341987726E-18
6002.53713100318  2.386599287721166E-18
6006.0664943485  3.500078690807373E-18
6009.59621817632  2.200414580315586E-18
6013.12630172615  3.525160047750898E-18
6016.65674423902  8.957911084612385E-19
6020.18754495749  2.076724815754460E-18
6023.71870312566  3.018877536392918E-18
6027.25021798911  1.863907994551970E-18
6030.78208879496  2.098589474090921E-18
6034.31431479184  2.278430326583678E-18
6037.84689522987  2.024673028143489E-18
6041.37982936069  2.345206756278706E-18
6044.91311643745  3.870931883555721E-18
6048.4467557148  2.369296944053240E-18
6051.98074644888  1.775951398477369E-18
6055.51508789733  3.860874608077995E-18
6059.04977931928  2.246609722394528E-18
6062.58481997536  2.234275632280750E-18
6066.12020912768  2.610380387943045E-18
6069.65594603984  2.675916873899856E-18
6073.19202997693  3.406063203540972E-18
6076.7284602055  2.539826431185641E-18
6080.26523599361  3.207315276991938E-18
6083.80235661077  2.702148425485138E-18
6087.33982132797  2.371230892325390E-18
6090.87762941767  4.031868557124344E-18
6094.4157801538  2.589617120592199E-18
6097.95427281176  2.513013164834582E-18
6101.4931066684  2.597033208374043E-18
6105.03228100204  3.145546185135001E-18
6108.57179509245  2.567211692930281E-18
6112.11164822088  2.322946498814291E-18
6115.65183966999  2.362743605650289E-18
6119.19236872393  2.540882534032719E-18
6122.73323466826  1.302099537010295E-18
6126.27443679002  3.247670317151102E-18
6129.81597437767  2.295859228885323E-18
6133.35784672112  2.565144775374665E-18
6136.90005311171  2.489091101519548E-18
6140.44259284222  3.197139921481770E-18
6143.98546520686  2.076227473411162E-18
6147.52866950127  1.881515774661080E-18
6151.07220502251  2.178017217664641E-18
6154.61607106907  3.503953204796570E-18
6158.16026694086  1.002484379385931E-18
6161.70479193921  1.961736370851932E-18
6165.24964536687  2.728470966937801E-18
6168.79482652799  2.914420755049415E-18
6172.34033472816  1.943173403930476E-18
6175.88616927434  2.147036201797233E-18
6179.43232947492  1.044317901492459E-18
6182.9788146397  1.528631736551950E-18
6186.52562407985  2.453015893849733E-18
6190.07275710798  2.428383075593363E-18
6193.62021303806  2.198209937187979E-18
6197.16799118546  2.011305375854326E-18
6200.71609086697  2.068710883184893E-18
6204.26451140072  1.121162360013175E-18
6207.81325210627  2.163963625852518E-18
6211.36231230454  1.881105286282100E-18
6214.91169131782  1.890523564736630E-18
6218.4613884698  2.296650427141230E-18
6222.01140308554  1.507092366991376E-18
6225.56173449147  2.654362201497950E-18
6229.11238201538  1.515854794617727E-18
6232.66334498644  2.006913873982282E-18
6236.21462273519  2.683461381471800E-18
6239.7662145935  2.306575353720948E-18
6243.31811989464  2.794300895216915E-18
6246.87033797322  2.116749810849216E-18
6250.4228681652  3.278485896896000E-18
6253.97570980789  2.290333869188622E-18
6257.52886223996  3.153256749214913E-18
6261.08232480143  2.760282678935365E-18
6264.63609683364  3.456726361698621E-18
6268.1901776793  1.579594230693765E-18
6271.74456668243  3.333461354382040E-18
6275.29926318842  3.065453181553634E-18
6278.85426654397  1.832660006141860E-18
6282.40957609711  2.434241789076923E-18
6285.96519119722  2.891359373161743E-18
6289.52111119498  2.216029268738750E-18
6293.07733544242  2.346829684640535E-18
6296.63386329286  4.037815985728600E-18
6300.19069410096  3.670248354373311E-18
6303.7478272227  3.408630151776878E-18
6307.30526201535  2.833152327817611E-18
6310.86299783751  3.402406031257722E-18
6314.42103404908  2.396659251535882E-18
6317.97937001127  3.088664489927332E-18
6321.5380050866  2.515921738663471E-18
6325.09693863886  2.394075966482879E-18
6328.65617003318  2.505170045061507E-18
6332.21569863594  2.280141763271050E-18
6335.77552381486  2.817586856640894E-18
6339.33564493891  2.974838026990289E-18
6342.89606137837  2.222574748925882E-18
6346.45677250479  3.091757731827974E-18
6350.01777769102  2.441861570084608E-18
6353.57907631117  2.298708038914956E-18
6357.14066774065  2.071481938236946E-18
6360.70255135612  3.892863336726646E-18
6364.26472653553  2.187031004799631E-18
6367.82719265808  2.614357265533047E-18
6371.38994910427  2.384327436168788E-18
6374.95299525582  2.994606816449692E-18
6378.51633049575  3.039869725978288E-18
6382.07995420833  3.506108010292270E-18
6385.64386577906  2.822611772067001E-18
6389.20806459473  2.155678791632340E-18
6392.77255004335  2.597880861706757E-18
6396.33732151421  2.358311365133077E-18
6399.90237839782  3.295842627689200E-18
6403.46772008595  3.252674553061896E-18
6407.0333459716  2.816786559398250E-18
6410.59925544901  3.137279962478604E-18
6414.16544791366  2.971077457130468E-18
6417.73192276227  2.146642257030504E-18
6421.29867939277  2.750566408665164E-18
6424.86571720434  4.464362835529839E-18
6428.43303559738  2.640343144476401E-18
6432.00063397349  2.478112140044285E-18
6435.56851173552  3.712726973960054E-18
6439.13666828752  3.221518174904626E-18
6442.70510303478  3.985916192555185E-18
6446.27381538376  3.330394789056152E-18
6449.84280474217  2.897259445675930E-18
6453.41207051891  2.946325524865891E-18
6456.98161212408  2.523989231177701E-18
6460.55142896899  4.247093507885129E-18
6464.12152046616  3.422573108182072E-18
6467.69188602927  3.779025086465873E-18
6471.26252507325  2.972544668741985E-18
6474.83343701417  3.288054929017167E-18
6478.40462126931  2.999795306841932E-18
6481.97607725716  3.357219635935789E-18
6485.54780439735  3.057173930802590E-18
6489.11980211072  2.815588181485813E-18
6492.69206981928  3.991528199421052E-18
6496.26460694623  3.963638564297907E-18
6499.83741291592  3.935829579284488E-18
6503.41048715389  2.983125756342610E-18
6506.98382908684  2.800395148379899E-18
6510.55743814265  3.633232435551870E-18
6514.13131375033  2.472756352373158E-18
6517.7054553401  3.487120906511729E-18
6521.27986234328  3.019018363892204E-18
6524.85453419241  3.922708426817866E-18
6528.42947032113  2.663899593960686E-18
6532.00467016426  2.657683745247656E-18
6535.58013315775  2.801843128042173E-18
6539.15585873872  2.058489825945881E-18
6542.73184634541  3.082688110001636E-18
6546.3080954172  2.718925923054398E-18
6549.88460539463  4.134701996515711E-18
6553.46137571935  3.309120944472208E-18
6557.03840583415  2.404151233138928E-18
6560.61569518297  2.839090243844823E-18
6564.19324321085  3.686935068870344E-18
6567.77104936397  2.673800945892946E-18
6571.34911308963  3.527003833336279E-18
6574.92743383624  2.208692797090864E-18
6578.50601105333  2.846984235225570E-18
6582.08484419157  3.625475549357654E-18
6585.6639327027  3.185593720901449E-18
6589.2432760396  2.711104930362709E-18
6592.82287365625  3.212831124111595E-18
6596.40272500773  2.695159576489678E-18
6599.98282955022  2.922550906495045E-18
6603.563186741  2.418532181678469E-18
6607.14379603846  2.762333052878731E-18
6610.72465690207  3.194995248948573E-18
6614.30576879238  2.821819953425635E-18
6617.88713117105  2.950386981673526E-18
6621.46874350083  2.292841674010730E-18
6625.05060524553  2.194408008297532E-18
6628.63271587005  4.187968292061064E-18
6632.21507484039  2.321173850761590E-18
6635.79768162358  2.673563958647449E-18
6639.38053568778  2.872134041364785E-18
6642.96363650218  3.318476770790488E-18
6646.54698353704  1.783579658086333E-18
6650.1305762637  2.652711148995294E-18
6653.71441415457  2.463854441416015E-18
6657.2984966831  1.521668013167596E-18
6660.8828233238  1.727797079117594E-18
6664.46739355225  2.443424114261721E-18
6668.05220684507  1.632699122622093E-18
6671.63726267994  1.527752960548689E-18
6675.22256053557  3.285295247698536E-18
6678.80809989173  2.516297485456723E-18
6682.39388022924  2.409785780676486E-18
6685.97990102993  2.067793333090419E-18
6689.5661617767  1.547801957440596E-18
6693.15266195346  2.986911762006265E-18
6696.73940104518  2.439833323222628E-18
6700.32637853782  2.534165207073329E-18
6703.9135939184  2.847395964375468E-18
6707.50104667494  2.083187577880336E-18
6711.08873629651  3.096953253255420E-18
6714.67666227318  3.639092183011195E-18
6718.26482409603  2.693479572665582E-18
6721.85322125717  2.594839732184706E-18
6725.44185324971  2.600305328082149E-18
6729.03071956779  2.503319021645767E-18
6732.61981970652  1.137820433381498E-18
6736.20915316204  2.250673040358543E-18
6739.79871943149  2.129447033251905E-18
6743.388518013  2.386268829066451E-18
6746.97854840569  2.394279039323261E-18
6750.5688101097  2.871673922149053E-18
6754.15930262613  1.244229567765779E-18
6757.75002545708  3.061806349028041E-18
6761.34097810564  2.741059001499632E-18
6764.93216007588  3.001491233892818E-18
6768.52357087285  2.797401581743069E-18
6772.11521000258  1.722217435693195E-18
6775.70707697207  2.895821392181006E-18
6779.29917128929  2.695466874087241E-18
6782.89149246319  3.036462982625489E-18
6786.48404000369  3.200795025813489E-18
6790.07681342165  2.027386387347816E-18
6793.66981222893  2.653892156114867E-18
6797.26303593833  2.079756639494620E-18
6800.85648406358  2.143068629989122E-18
6804.45015611943  2.545375158734647E-18
6808.04405162151  2.447632395628084E-18
6811.63817008645  2.155898201289820E-18
6815.23251103182  1.868099318715776E-18
6818.8270739761  1.931136478451758E-18
6822.42185843875  2.866074943377834E-18
6826.01686394016  2.255176418408434E-18
6829.61209000163  3.651401871296903E-18
6833.20753614545  1.917342828147130E-18
6836.80320189477  2.796551240073365E-18
6840.39908677374  2.830634183237846E-18
6843.99519030738  1.901775289018882E-18
6847.59151202165  1.677733109916164E-18
6851.18805144346  1.914782704151278E-18
6854.7848081006  2.380251090110127E-18
6858.38178152179  3.032672841058770E-18
6861.97897123668  2.350376841902315E-18
6865.57637677579  2.564499160906566E-18
6869.1739976706  2.869688895474078E-18
6872.77183345345  1.415427210037969E-18
6876.3698836576  1.315330704498387E-18
6879.96814781723  1.732644771097461E-18
6883.56662546739  1.643086960152111E-18
6887.16531614403  1.399947041861922E-18
6890.76421938401  2.739831051880297E-18
6894.36333472506  1.895915334764403E-18
6897.9626617058  2.663730849115725E-18
6901.56219986576  1.250612610360121E-18
6905.16194874531  1.149582528101696E-18
6908.76190788574  2.031000339444060E-18
6912.3620768292  5.184931447653355E-19
6915.9624551187  1.355053985464715E-18
6919.56304229814  2.087315622727282E-18
6923.1638379123  1.981129620313238E-18
6926.76484150681  2.235585679575881E-18
6930.36605262815  1.815971430488450E-18
6933.9674708237  3.080845358392021E-18
6937.56909564167  1.939768108143749E-18
6941.17092663112  1.656889089058017E-18
6944.772963342  1.433583927881085E-18
6948.37520532509  8.637733767923602E-19
6951.97765213201  1.924140184830785E-18
6955.58030331523  2.740655544155859E-18
6959.18315842808  1.710319476557385E-18
6962.78621702472  2.711880618982131E-18
6966.38947866014  1.787465339013801E-18
6969.99294289018  3.276490944053676E-18
6973.5966092715  1.962465737357050E-18
6977.20047736162  2.214709708866575E-18
6980.80454671884  3.140109126968689E-18
6984.40881690233  2.606868179062145E-18
6988.01328747205  1.941734316459787E-18
6991.61795798882  1.681459765370869E-18
6995.22282801423  1.993556975041082E-18
6998.82789711073  1.848035225777690E-18
7002.43316484154  1.377328304999543E-18
7006.03863077072  2.598575693421302E-18
7009.64429446314  1.264707974793177E-18
7013.25015548445  2.097340844956272E-18
7016.85621340113  2.479540887757317E-18
7020.46246778044  2.811272573434971E-18
7024.06891819044  2.174203915040771E-18
7027.67556419999  2.908798201630738E-18
7031.28240537874  1.411315915598428E-18
7034.88944129714  2.218031873001740E-18
7038.49667152641  2.257437103022541E-18
7042.10409563856  1.666162300712620E-18
7045.71171320639  1.678173376797196E-18
7049.31952380346  2.953968053340422E-18
7052.92752700413  2.017189111551415E-18
7056.53572238352  2.682522945066858E-18
7060.14410951752  2.020768942447392E-18
7063.75268798279  2.244787236709921E-18
7067.36145735678  2.002089963445025E-18
7070.97041721766  2.720163798841083E-18
7074.5795671444  2.598789519609647E-18
7078.1889067167  2.135731537955777E-18
7081.79843551504  1.804222777453207E-18
7085.40815312064  1.876880047713180E-18
7089.01805911547  2.727288925842461E-18
7092.62815308226  2.165578282408222E-18
7096.23843460445  2.457290970050560E-18
7099.84890326629  2.228502325195437E-18
7103.4595586527  2.718408935171552E-18
7107.07040034938  2.714252352593473E-18
7110.68142794275  2.360762301288072E-18
7114.29264101998  2.628825895217519E-18
7117.90403916894  1.938397056278442E-18
7121.51562197824  2.640830353857194E-18
7125.12738903724  3.728776345795115E-18
7128.73933993599  3.133628166869335E-18
7132.35147426528  2.176220788169329E-18
7135.96379161659  3.190767735632968E-18
7139.57629158215  2.933236012057699E-18
7143.18897375488  3.372178990518657E-18
7146.80183772842  2.534261160024385E-18
7150.4148830971  1.696166106083873E-18
7154.02810945598  2.442410404421037E-18
7157.64151640081  2.366398709982008E-18
7161.25510352802  2.568621415489225E-18
7164.86887043477  2.594954296699544E-18
7168.4828167189  3.037656397454249E-18
7172.09694197892  2.318447670257768E-18
7175.71124581407  2.643492014273236E-18
7179.32572782425  2.830410844472457E-18
7182.94038761004  2.322110839600460E-18
7186.55522477272  3.214267936835599E-18
7190.17023891423  3.287899419062007E-18
7193.7854296372  3.087069065320870E-18
7197.40079654493  3.173869469694275E-18
7201.01633924138  3.018372542628954E-18
7204.63205733119  1.962034362667604E-18
7208.24795041967  2.546640124686394E-18
7211.86401811278  2.802433528204382E-18
7215.48026001715  1.986956280548062E-18
7219.09667574005  2.801926259693734E-18
7222.71326488944  1.911474808881679E-18
7226.33002707391  1.476328382637186E-18
7229.94696190268  2.525333606468253E-18
7233.56406898567  1.154585109651264E-18
7237.18134793339  2.838462620555048E-18
7240.79879835704  1.296430971670046E-18
7244.41641986842  2.400505434589101E-18
7248.03421207999  2.451576599583890E-18
7251.65217460485  3.278142616941790E-18
7255.2703070567  2.682285957821362E-18
7258.88860904992  3.434919192414731E-18
7262.50708019946  4.137045399191075E-18
7266.12572012095  1.299814140375388E-18
7269.74452843059  2.014452591289937E-18
7273.36350474524  -5.169855564001695E-19
7276.98264868235  1.711786688168901E-18
7280.60195986  3.883168366357217E-18
7284.22143789688  2.962082074764107E-18
7287.84108241228  2.687043900704766E-18
7291.46089302611  3.420370533005996E-18
7295.08086935886  2.443380273689255E-18
7298.70101103164  3.355422792850170E-18
7302.32131766617  2.985597992398378E-18
7305.94178888473  2.593104720849876E-18
7309.56242431023  1.436295736121764E-18
7313.18322356616  1.558566885932362E-18
7316.80418627657  1.205365934251047E-18
7320.42531206614  6.089951823799157E-19
7324.04660056011  1.074489934720790E-18
7327.66805138429  2.377991439471785E-18
7331.2896641651  1.313948072104504E-18
7334.9114385295  1.138322945603624E-18
7338.53337410505  3.661373119990924E-18
7342.15547051987  2.141238492883848E-18
7345.77772740264  8.530825326642068E-19
7349.40014438262  2.738338611260098E-18
7353.02272108961  3.702040214036175E-18
7356.64545715401  4.727055959332285E-19
7360.26835220672  4.240597658534750E-18
7363.89140587926  2.604123800584848E-18
7367.51461780365  2.963828666627513E-18
7371.13798761248  2.867738403589679E-18
7374.76151493889  2.801450424046363E-18
7378.38519941655  2.548429523146499E-18
7382.0090406797  2.350642366878944E-18
7385.63303836309  3.009783926328815E-18
7389.25719210202  1.817136514381231E-18
7392.88150153232  2.177965105286050E-18
7396.50596629035  3.248355843083756E-18
7400.13058601302  2.817934272498167E-18
7403.75536033773  2.123766783985503E-18
7407.38028890243  2.321985521737657E-18
7411.00537134558  3.055406452628719E-18
7414.63060730617  3.460765277834563E-18
7418.2559964237  2.910824794131494E-18
7421.88153833818  2.837174493546150E-18
7425.50723269012  3.374907032178856E-18
7429.13307912057  2.584569044108941E-18
7432.75907727106  2.971105374476143E-18
7436.38522678363  2.053884704680646E-18
7440.01152730083  2.629060814511483E-18
7443.63797846568  4.684456571376110E-18
7447.26457992173  2.446096114435420E-18
7450.891331313  1.541579387885090E-18
7454.51823228401  3.408965573515268E-18
7458.14528247977  2.352675783619753E-18
7461.77248154577  2.087964132327524E-18
7465.39982912797  1.012709055540123E-18
7469.02732487284  3.531994627562118E-18
7472.6549684273  2.193786588862351E-18
7476.28275943876  4.130890348253067E-18
7479.91069755509  2.003474456995286E-18
7483.53878242465  3.617368765764328E-18
7487.16701369624  2.218411548902902E-18
7490.79539101915  2.544413354477401E-18
7494.42391404311  3.233865499908206E-18
7498.05258241833  2.263077854414694E-18
7501.68139579546  3.217605403812097E-18
7505.31035382561  2.168388835334523E-18
7508.93945616035  3.180860593436420E-18
7512.56870245169  2.215439075371693E-18
7516.19809235207  2.724136954118328E-18
7519.82762551442  2.029407809969741E-18
7523.45730159206  2.533096903312216E-18
7527.08712023879  1.025460975260817E-18
7530.71708110881  1.466603943958436E-18
7534.34718385678  2.467480387631141E-18
7537.97742813778  3.263264532854106E-18
7541.60781360732  2.890339459466465E-18
7545.23833992134  2.725154593066922E-18
7548.8690067362  1.978719422803411E-18
7552.49981370867  2.404014748337857E-18
7556.13076049596  3.224333484119451E-18
7559.76184675568  3.220419679051156E-18
7563.39307214585  1.852515649565583E-18
7567.02443632492  2.271995068213168E-18
7570.65593895173  3.328130795719596E-18
7574.28757968552  9.589320793640956E-19
7577.91935818595  3.960153652377222E-18
7581.55127411307  2.916896093032479E-18
7585.18332712733  3.091989755989795E-18
7588.81551688959  5.453582133022562E-19
7592.44784306106  1.692289834335873E-18
7596.08030530337  1.965903293187667E-18
7599.71290327856  -8.204560477632776E-19
7603.345636649  2.867772524789946E-18
7606.97850507748  3.415356784518159E-18
7610.61150822717  1.132516861486538E-18
7614.24464576159  1.425432890124987E-18
7617.87791734465  2.929240522903915E-18
7621.51132264065  4.902583814563008E-20
7625.14486131422  2.512918245859292E-18
7628.7785330304  -1.524346113798312E-18
7632.41233745455  3.383851749732699E-18
7636.04627425242  2.187448524213817E-18
7639.68034309012  1.621200174734264E-18
7643.31454363409  5.260986569074544E-19
7646.94887555116  2.362348006522336E-18
7650.58333850847  2.628948938333635E-18
7654.21793217356  3.326538473040431E-18
7657.85265621426  2.944559287462938E-18
7661.48751029878  3.039895161782124E-18
7665.12249409566  8.735614566794884E-19
7668.75760727378  2.209710436039457E-18
7672.39284950236  1.342641209795167E-18
7676.02822045093  2.369461552995138E-18
7679.66371978937  2.181330489608222E-18
7683.2993471879  1.994040048518812E-18
7686.93510231704  1.866458812765930E-18
7690.57098484764  1.852301616582085E-18
7694.20699445088  3.345554321347259E-18
7697.84313079824  2.408466220804311E-18
7701.47939356154  2.027941011948533E-18
7705.11578241288  1.582674754692490E-18
7708.7522970247  5.578034144518157E-18
7712.38893706973  -1.081926288427641E-18
7716.025702221  4.171274598227612E-19
7719.66259215187  2.455371497439130E-18
7723.29960653596  3.089478849240390E-18
7726.93674504722  4.377083726226312E-20
7730.57400735988  6.841871925306929E-19
7734.21139314846  1.257480484190995E-18
7737.84890208777  1.669595410447444E-18
7741.48653385291  2.201502943206552E-18
7745.12428811925  -8.893425893515340E-20
7748.76216456248  1.081053199291092E-18
7752.40016285853  1.056499583578374E-18
7756.03828268361  -3.678460551795950E-19
7759.67652371422  -5.139937992209299E-19
7763.31488562712  1.637238896618938E-18
7766.95336809934  1.348318977519731E-18
7770.59197080819  3.281105991486262E-18
7774.23069343122  6.943681832087839E-19
7777.86953564625  2.302770529698357E-19
7781.50849713136  -1.610444396928025E-19
7785.14757756489  1.429676016474655E-18
7788.78677662543  4.104658383077480E-19
7792.42609399181  3.423183360678983E-18
7796.06552934312  -6.243782602315642E-19
7799.70508235869  2.067643820194700E-18
7803.3447527181  2.310530724615023E-18
7806.98454010115  9.111924876839399E-19
7810.62444418791  2.980479605563052E-19
7814.26446465866  4.300187749863070E-18
7817.90460119392  1.795597765206116E-18
7821.54485347443  1.318882411253537E-18
7825.18522118117  2.109379838386522E-18
7828.82570399534  7.756605469795631E-19
7832.46630159837  1.914269231786036E-18
7836.10701367189  3.141028331424389E-18
7839.74783989777  2.469470584184944E-18
7843.38877995807  -4.909361525707113E-20
7847.02983353509  3.065821276926220E-18
7850.67100031132  3.609098614000023E-18
7854.31227996945  5.932066205919933E-18
7857.95367219239  7.120055350247927E-19
7861.59517666324  3.021815475133553E-18
7865.23679306532  3.240581586096678E-18
7868.87852108212  2.685173852134937E-18
7872.52036039733  1.853008856005818E-18
7876.16231069484  2.197122194682472E-18
7879.80437165873  1.514571320499773E-18
7883.44654297325  1.115837591615018E-18
7887.08882432285  2.936702726004909E-18
7890.73121539215  1.661237060550326E-18
7894.37371586595  2.539279251210437E-18
7898.01632542923  4.413620681623692E-18
7901.65904376714  2.333484986613370E-18
7905.301870565  4.061814563250294E-18
7908.9448055083  2.400157605141522E-18
7912.58784828269  4.174867405519449E-18
7916.230998574  -1.013097830428022E-18
7919.87425606819  8.154032149914975E-18
7923.5176204514  3.542699999049780E-18
7927.16109140992  3.853794355624848E-18
7930.8046686302  1.910497908578254E-18
7934.44835179882  3.822388789308046E-18
7938.09214060252  2.637218056122176E-18
7941.73603472818  3.473328083387712E-18
7945.38003386283  1.390634539128224E-18
7949.02413769364  1.070708995538387E-18
7952.66834590791  2.312488247534630E-18
7956.31265819307  2.700846236405826E-18
7959.95707423668  5.799821532668632E-18
7963.60159372646  6.046220335777126E-19
7967.24621635021  1.208513873469694E-18
7970.89094179589  8.891372676138619E-19
7974.53576975156  2.986763489881465E-18
7978.18069990542  4.919400267169241E-18
7981.82573194576  3.148439249327405E-18
7985.47086556101  1.594286716131509E-18
7989.11610043969  6.396396391355909E-20
7992.76143627045  2.390105913132931E-18
7996.40687274201  1.354459346001866E-18
8000.05240954323  2.145630821936505E-18
8003.69804636306  4.013081631052040E-18
8007.34378289054  2.671692669306701E-18
8010.98961881481  4.116442811674215E-18
8014.63555382511  2.311045230956031E-18
8018.28158761076  2.423628441432408E-18
8021.92771986116  3.861270827591408E-18
8025.57395026583  2.542563985422885E-18
8029.22027851434  1.839964217745857E-18
8032.86670429635  3.938466631077306E-18
8036.5132273016  2.675790315266135E-18
8040.1598472199  2.036603454118341E-18
8043.80656374114  2.489003627169771E-18
8047.45337655527  1.408825688364337E-18
8051.10028535231  2.026962664079035E-18
8054.74728982236  3.316823443541149E-18
8058.39438965555  7.103113657327075E-19
8062.0415845421  2.119507837806622E-18
8065.68887417228  2.275695460683424E-18
8069.3362582364  9.713425802869585E-19
8072.98373642484  2.765168834813715E-18
8076.63130842801  3.640016557345724E-18
8080.27897393638  2.316268256138844E-18
8083.92673264048  2.226893458904021E-18
8087.57458423083  3.062430663595366E-18
8091.22252839805  2.730947132101478E-18
8094.87056483276  3.276513691520522E-18
8098.51869322562  3.527555149214545E-18
8102.16691326732  3.637707896256088E-18
8105.81522464858  1.645467275762309E-18
8109.46362706015  3.081412390701926E-18
8113.11212019281  3.472111714296954E-18
8116.76070373733  2.870441423036348E-18
8120.40937738454  3.995923837196158E-18
8124.05814082526  2.863547906606484E-18
8127.70699375032  3.377098440416663E-18
8131.35593585059  2.535390881945979E-18
8135.0049668169  1.984568210119621E-18
8138.65408634013  3.079411440800161E-18
8142.30329411113  1.757265465987979E-19
8145.95258982078  2.612044261745196E-18
8149.60197315994  1.884091408293417E-18
8153.25144381947  1.826277066945095E-18
8156.90100149021  2.628813901098637E-18
8160.550645863  2.617536741012548E-18
8164.20037662867  2.710892138150129E-18
8167.85019347804  3.028803703743554E-18
8171.5000961019  3.198029761025724E-18
8175.15008419102  2.155721391433886E-18
8178.80015743615  2.100569951272526E-18
8182.45031552802  1.817264520581023E-18
8186.10055815732  3.515984546806155E-18
8189.75088501473  2.812018897142647E-18
8193.40129579087  2.185770795136407E-18
8197.05179017633  2.685219760658934E-18
8200.70236786168  2.834360838692551E-18
8204.35302853744  2.463572579622288E-18
8208.00377189407  1.592556564482778E-18
8211.65459762201  1.861115639599144E-18
8215.30550541163  2.667247607489994E-18
8218.95649495326  2.773668322402851E-18
8222.60756593717  2.233103310557609E-18
8226.25871805358  2.534827158358524E-18
8229.90995099265  2.520634186613186E-18
8233.56126444447  2.196748515840751E-18
8237.21265809907  2.091413475481870E-18
8240.86413164642  1.444582638293473E-18
8244.5156847764  2.820933836194438E-18
8248.16731717885  2.640573721072150E-18
8251.81902854351  3.265916680693104E-18
8255.47081856005  1.955089354244609E-18
8259.12268691806  3.325176106571556E-18
8262.77463330706  1.141787798394455E-18
8266.42665741646  1.909340682901292E-18
8270.0787589356  2.030747428971771E-18
8273.73093755373  4.378817057350524E-19
8277.38319295999  -4.258544479297430E-19
8281.03552484346  4.799083124760647E-18
8284.68793289308  6.517701394211046E-19
8288.34041679772  3.815190663617610E-18
8291.99297624614  2.358228440276668E-18
8295.64561092698  3.007856181911261E-18
8299.29832052879  2.751956072094253E-18
8302.95110473999  -9.905385730215641E-20
8306.60396324892  1.342047604308084E-18
8310.25689574377  2.599663435926808E-18
8313.90990191263  3.032328527128795E-18
8317.56298144346  2.711571253433036E-18
8321.21613402409  2.114236422557974E-18
8324.86935934226  1.565623046750168E-18
8328.52265708553  1.807826596586946E-18
8332.17602694136  7.747069628296543E-19
8335.82946859707  8.620319548077828E-19
8339.48298173984  1.253875734479066E-18
8343.13656605672  2.841908241396638E-18
8346.79022123461  9.073549900271531E-19
8350.44394696027  1.511474660016756E-20
8354.0977429203  1.507886873969733E-18
8357.75160880117  1.632448383498913E-18
8361.40554428919  3.170709432959168E-18
8365.05954907052  2.917100406643781E-18
8368.71362283114  1.652974560206687E-18
8372.36776525691  1.077942586597586E-18
8376.02197603348  2.381426306965412E-18
8379.67625484638  -7.542618627466080E-20
8383.33060138095  1.868323898252084E-18
8386.98501532236  2.607169893190575E-18
8390.63949635561  2.092478470520532E-18
8394.29404416553  4.710677783203735E-18
8397.94865843676  1.671444469309230E-18
8401.60333885376  1.394983131005992E-18
8405.25808510084  6.433553344471791E-19
8408.91289686207  2.068377322602881E-18
8412.56777382138  4.640164771886652E-18
8416.22271566248  1.772605659694745E-18
8419.87772206889  1.510343600389015E-18
8423.53279272396  2.309575744597831E-18
8427.1879273108  2.413303831520462E-19
8430.84312551236  3.885654561085822E-19
8434.49838701136  6.033176214505047E-18
8438.15371149031  3.040165649842429E-18
8441.80909863153  2.489543362519461E-18
8445.46454811713  3.720662944756887E-18
8449.12005962899  -2.330328878986174E-18
8452.77563284878  1.159747854046937E-18
8456.43126745794  3.703228045395801E-18
8460.08696313773  4.358050688072379E-19
8463.74271956912  -5.357173715641625E-19
8467.39853643291  1.360502469063237E-19
8471.05441340965  1.255993627039931E-19
8474.71035017964  2.083502113308260E-18
8478.36634642299  2.401713325078581E-18
8482.02240181952  2.338666032380096E-18
8485.67851604884  2.203271662151344E-18
8489.33468879033  3.330356325157670E-18
8492.9909197231  2.560850674019749E-18
8496.647208526  8.944011348394196E-19
8500.30355487769  2.010066052501568E-18
8503.95995845651  1.103983576449251E-18
8507.61641894058  1.497527263978119E-18
8511.27293600776  1.095927871258750E-18
8514.92950933564  2.239275525493327E-18
8518.58613860155  1.174202731853724E-18
8522.24282348257  2.418946392370205E-18
8525.89956365549  1.834201457213353E-18
8529.55635879683  1.403344582830407E-18
8533.21320858286  2.303427931490183E-18
8536.87011268955  2.438342330168501E-18
8540.5270707926  6.438523665977470E-19
8544.18408256742  1.501016725392174E-18
8547.84114768917  6.980044691815669E-19
8551.49826583268  5.652108581962586E-19
8555.15543667253  2.121791683477880E-18
8558.81265988296  1.704938253082421E-18
8562.46993513797  1.309291665641290E-18
8566.12726211123  2.026409900634696E-18
8569.78464047612  2.753043401009453E-18
8573.44206990573  2.576895289566287E-18
8577.09955007282  2.503604605752250E-18
8580.75708064986  1.061094985471412E-18
8584.41466130901  3.061375026037382E-19
8588.07229172211  3.303971331568758E-18
8591.72997156071  1.101019064531437E-18
8595.38770049601  1.698250084239624E-18
8599.04547819891  1.669935071486474E-18
8602.70330433997  3.214988617944287E-18
8606.36117858946  2.615527105714350E-18
8610.01910061728  1.213231801490967E-18
8613.67707009303  2.892179936329395E-18
8617.33508668597  2.702913981142056E-18
8620.99315006502  3.125787735433252E-18
8624.65125989876  1.954321523841007E-18
8628.30941585544  3.889221260489574E-18
8631.96761760296  1.908779440855674E-18
8635.62586480888  8.034039262306503E-19
8639.2841571404  2.001512591377463E-18
8642.94249426438  1.998339940138016E-18
8646.60087584733  2.721877923865446E-18
8650.25930155539  4.901365248273747E-18
8653.91777105436  2.596355333862056E-18
8657.57628400966  2.135007754919793E-18
8661.23484008635  6.308478879565253E-18
8664.89343894915  2.840415800776439E-18
8668.55208026237  -7.481743692001918E-19
8672.21076368999  2.062396599978970E-18
8675.86948889557  1.569174856902894E-18
8679.52825554234  6.442635270609741E-19
8683.18706329312  1.859669521093248E-18
8686.84591181036  1.490796185141045E-18
8690.50480075613  2.496717706767288E-18
8694.1637297921  4.644566923709084E-19
8697.82269857956  3.006793048028977E-18
8701.48170677941  2.095462317785164E-18
8705.14075405214  1.696954719400366E-18
8708.79984005788  2.302839806074658E-18
8712.4589644563  7.300183234413238E-19
8716.11812690673  1.095286185898562E-18
8719.77732706807  2.073488264812693E-18
8723.43656459879  3.224482997015170E-18
8727.09583915698  2.954037122921570E-18
8730.75515040031  1.007567611045223E-18
8734.41449798603  2.419219568767500E-18
8738.07388157098  1.979567903316737E-18
8741.73330081157  3.423377954918086E-18
8745.3927553638  1.180982924539668E-18
8749.05224488322  2.637363019524525E-18
8752.71176902499  5.531406386978848E-18
8756.3713274438  4.675151203075195E-18
8760.03091979394  6.135568766629924E-18
8763.69054572924  2.942528972649426E-18
8767.35020490309  7.990996505541998E-18
8771.00989696847  2.306609061330910E-18
8774.66962157789  -3.927223592191486E-18
8778.32937838341  1.884514717971891E-18
8781.98916703666  1.557681492484200E-18
8785.64898718882  1.091423666028245E-18
8789.30883849059  1.937534720489856E-18
8792.96872059223  4.264133014913415E-18
8796.62863314355  4.303072955839655E-18
8800.28857579389  1.133757839200520E-18
8803.94854819212  2.395507402532902E-18
8807.60854998665  1.079983861554214E-18
8811.26858082542  1.300241482559348E-18
8814.9286403559  2.113077128929481E-18
8818.58872822508  2.440542423802740E-18
8822.24884407947  3.781337263073111E-19
8825.90898756512  -2.814913822491429E-18
8829.56915832757  -2.574398858477601E-18
8833.2293560119  5.542941420620901E-18
8836.88958026268  2.239809470578730E-18
8840.54983072402  3.969173229776501E-18
8844.21010703951  2.853571281238483E-18
8847.87040885224  2.216913731608722E-18
8851.53073580483  5.221006034937713E-18
8855.1910875394  1.171938324926860E-18
8858.85146369754  2.482680451772262E-18
8862.51186392034  4.644099566662990E-19
8866.1722878484  3.721003329578953E-18
8869.8327351218  6.407141338266004E-20
8873.49320538011  2.106552741847969E-18
8877.15369826237  1.495981883798716E-18
8880.81421340711  3.743549377945005E-18
8884.47475045236  2.307034852551221E-18
8888.1353090356  9.871940698399805E-18
8891.79588879379  8.270452134265104E-19
8895.45648936336  1.460390163196938E-18
8899.11711038021  9.576981456100167E-20
8902.77775147972  -2.748782800469346E-18
8906.43841229671  4.112503932693603E-19
8910.09909246549  4.505938173887672E-18
8913.75979161979  1.685388563087767E-18
8917.42050939283  3.127627798705876E-18
8921.08124541727  -2.666979187381221E-18
8924.74199932522  4.785000788422238E-18
8928.40277074824  2.314895549912312E-18
8932.06355931733  1.133275903096131E-18
8935.72436466295  1.662901037750053E-18
8939.38518641498  8.046765436030632E-19
8943.04602420274  -4.419224313285855E-19
8946.70687765501  1.992206189100782E-18
8950.36774639997  4.181504289164267E-18
8954.02863006525  3.515222299871687E-18
8957.6895282779  3.386193911637143E-18
8961.3504406644  3.296399733831756E-18
8965.01136685065  -5.926665336905422E-19
8968.67230646196  3.808481401669192E-18
8972.33325912308  1.125436712430967E-18
8975.99422445814  2.649006413826822E-18
8979.65520209073  1.022319136499187E-18
8983.3161916438  1.076226703814421E-18
8986.97719273975  2.889092277897888E-18
8990.63820500034  4.165815981666588E-18
8994.29922804676  3.199998450883601E-18
8997.96026149961  3.193105968429502E-18
9001.62130497887  2.066459917942983E-18
9005.2823581039  -1.582616335061728E-18
9008.94342049347  7.930061625332822E-19
9012.60449176575  3.140032199171721E-18
9016.26557153826  3.031117534712017E-18
9019.92665942794  2.809284031242393E-18
9023.58775505109  9.957620893428662E-19
9027.2488580234  6.606536973084060E-19
9030.90996795992  1.646247410477523E-18
9034.5710844751  2.734752369714375E-18
9038.23220718273  1.019978422160815E-18
9041.89333569599  2.768983585003657E-18
9045.55446962742  3.862109175142230E-18
9049.21560858891  -3.210606421854134E-19
9052.87675219174  2.246457314366665E-18
9056.53790004652  4.102501509630248E-19
9060.19905176323  1.355501800368835E-18
9063.86020695119  5.261088415687464E-19
9067.52136521908  -4.893079897065685E-19
9071.18252617493  1.730872950225373E-18
9074.8436894261  2.437062888556035E-18
9078.50485457932  1.420844415869579E-18
9082.16602124064  3.336335600215509E-18
9085.82718901543  1.704366154291264E-18
9089.48835750844  9.463416666580027E-19
9093.14952632371  -1.174786824763763E-18
9096.81069506463  9.710764349248696E-19
9100.47186333392  2.912917974671559E-18
9104.13303073361  -4.689149890774159E-19
9107.79419686507  2.988385125773587E-19
9111.45536132896  2.323123929055684E-18
9115.11652372529  2.022638163836608E-18
9118.77768365336  1.087982387884872E-18
9122.4388407118  1.982850776372808E-18
9126.09999449853  2.340182668033211E-18
9129.76114461079  3.151590807461232E-18
9133.42229064512  2.394907282998495E-18
9137.08343219736  1.893989037912920E-18
9140.74456886264  1.492183677221026E-18
9144.40570023541  2.658585372115338E-18
9148.0668259094  1.830264284292754E-18
9151.72794547761  2.140087471061481E-18
9155.38905853236  2.964517863174135E-19
9159.05016466525  1.818957966090072E-18
9162.71126346714  1.619715592329884E-18
9166.37235452819  3.230217426611694E-18
9170.03343743784  1.548155887345192E-18
9173.6945117848  2.163048350504728E-18
9177.35557715706  2.397503182555839E-18
9181.01663314185  1.807937645584182E-18
9184.67767932571  2.843123369716478E-18
9188.33871529442  -5.958014577392387E-20
9191.99974063302  1.975511616387931E-18
9195.66075492583  2.531444610038642E-18
9199.32175775641  2.928277064285444E-18
9202.98274870757  1.494494302864616E-18
9206.6437273614  2.151196299892915E-18
9210.30469329921  1.664946035019436E-18
9213.96564610157  -6.032232711618854E-19
9217.62658534828  3.176832895937534E-19
9221.28751061842  3.290241425870086E-19
9224.94842149026  1.660775803961251E-18
9228.60931754135  1.730823319388619E-18
9232.27019834844  2.354567338885509E-18
9235.93106348753  5.698376154043915E-20
9239.59191253385  1.587624396682853E-18
9243.25274506183  2.695464185750250E-18
9246.91356064517  1.977405032810064E-18
9250.57435885676  1.214204462493752E-18
9254.2351392687  1.123967536265496E-18
9257.89590145234  1.365913109148734E-18
9261.55664497821  1.750820410697089E-18
9265.21736941606  2.658283451191757E-18
9268.87807433487  3.453364803086782E-19
9272.5387593028  9.791304857541451E-19
9276.19942388722  8.371002658563400E-19
9279.86006765471  1.983013730953481E-18
9283.52069017102  1.308735800269655E-18
9287.18129100114  5.588110134957241E-19
9290.84186970922  -5.731116221182706E-19
9294.5024258586  6.405578716540709E-18
9298.16295901182  4.607276070731545E-18
9301.82346873061  -1.983645800339047E-19
9305.48395457586  1.880437312088070E-19
9309.14441610767  1.906192888439252E-17
9312.80485288528  -6.992322326852642E-18
9316.46526446714  4.076157875071965E-18
9320.12565041086  -6.228382567261435E-18
9323.7860102732  7.729297239245536E-18
9327.44634361012  -2.986083340622793E-18
9331.10664997673  2.214107107790329E-18
9334.76692892729  1.187388714600855E-18
9338.42718001524  3.083643710404287E-18
9342.08740279315  1.698745255233813E-18
9345.74759681278  5.926729236607743E-18
9349.407761625  5.293038266847325E-19
9353.06789677988  -1.323722555210314E-18
9356.72800182657  5.890719169411164E-19
9360.38807631344  -2.826843421285669E-18
9364.04811978794  -2.204119418881634E-19
9367.70813179668  -2.581135191204034E-20
9371.36811188542  -2.069443351617309E-18
9375.02805959902  6.631844046937239E-18
9378.68797448151  3.032194523869562E-18
9382.34785607602  1.543706793022999E-17
9386.00770392482  2.154449032555414E-19
9389.66751756929  1.476677246060531E-18
9393.32729654995  1.323604371780296E-18
9396.98704040642  -3.516030972318034E-19
9400.64674867745  5.846203410770857E-19
9404.30642090088  3.454167478473688E-18
9407.96605661368  4.742335019221905E-19
9411.62565535194  5.952291909270199E-19
9415.28521665082  -3.831860007321778E-18
9418.9447400446  3.903335546679143E-19
9422.60422506666  9.108968740125288E-19
9426.2636712495  -2.109733070357476E-19
9429.92307812467  1.580703066304893E-18
9433.58244522283  2.166458195784825E-18
9437.24177207375  4.833721726501611E-18
9440.90105820628  7.546927075234744E-18
9444.56030314832  8.133898573805435E-18
9448.21950642689  1.289967589158709E-18
9451.87866756807  5.770297802245388E-18
9455.53778609704  -6.231153622313488E-18
9459.19686153803  2.270176253142530E-19
9462.85589341434  -2.807941930698526E-18
9466.51488124836  -1.702479975699490E-18
9470.17382456152  7.237329915568397E-18
9473.83272287435  -6.438072438953322E-18
9477.49157570641  4.547637589337390E-18
9481.15038257631  -6.688680867596676E-18
9484.80914300177  1.538968185486413E-18
9488.46785649949  1.170410418937898E-18
9492.12652258529  -3.128982048464990E-19
9495.78514077399  -2.852590451827148E-18
9499.44371057948  1.157528425065880E-17
9503.10223151468  9.605527329792401E-18
9506.76070309156  -7.825137642039592E-20
9510.41912482113  -1.326989918629899E-18
9514.07749621342  -4.756341461739113E-18
9517.7358167775  5.188148766645882E-18
9521.39408602149  3.344141910451325E-18
9525.05230345251  -4.113976159087583E-18
9528.71046857671  -4.413293428293851E-19
9532.36858089929  2.241505656123558E-20
9536.02663992442  -2.714304464972064E-18
9539.68464515534  4.148311599134046E-18
9543.34259609427  2.222646920434327E-18
9547.00049224245  -7.489938983920785E-19
9550.65833310013  1.038918169851289E-17
9554.31611816659  6.377596643984110E-19
9557.97384694007  -1.713748036798841E-18
9561.63151891784  4.657131487021032E-18
9565.28913359619  -7.704225394879054E-18
9568.94669047034  -2.994690051498831E-19
9572.60418903458  3.745003096172778E-19
9576.26162878215  -2.424965785687754E-19
9579.91900920528  2.876178540969863E-18
9583.57632979519  2.121080101355932E-18
9587.2335900421  8.020226380052635E-19
9590.89078943519  2.138634735110685E-18
9594.54792746263  3.189392547864599E-18
9598.20500361156  -1.600124672551572E-19
9601.8620173681  6.115548100673996E-18
9605.51896821734  -5.372134827983295E-18
9609.17585564332  1.320897216430563E-18
9612.83267912908  3.288001989457963E-18
9616.48943815659  -7.374546771481755E-19
9620.14613220682  5.886989825619469E-18
9623.80276075964  1.548431545284326E-18
9627.45932329393  5.764327212583980E-18
9631.1158192875  3.910415282144408E-18
9634.77224821711  4.261369404486876E-18
9638.42860955847  3.950146731519284E-19
9642.08490278623  -8.903032820848320E-19
9645.741127374  3.411488267588402E-18
9649.3972827943  3.685059902120475E-19
9653.05336851862  1.150186369948859E-18
9656.70938401737  -2.604512575472748E-18
9660.36532875988  3.269583107059457E-19
9664.02120221442  2.312366651984585E-18
9667.67700384821  1.753537699009326E-18
9671.33273312736  2.056562908708939E-18
9674.98838951691  1.732797592715631E-18
9678.64397248083  2.977906039882247E-18
9682.29948148201  3.748345422835375E-19
9685.95491598224  -1.014319576192763E-18
9689.61027544221  7.941537205368347E-19
9693.26555932156  3.980494023639900E-18
9696.9207670788  3.338292295954504E-18
9700.57589817137  8.942218434416490E-19
9704.23095205558  7.537882682417089E-18
9707.88592818666  2.405368222615147E-18
9711.54082601875  6.146380534223874E-19
9715.19564500485  -2.181746354661183E-18
9718.85038459687  3.761928917565627E-18
