3612.17036349632  1.171357824104879E-12
3615.1104150731  -1.333320715120323E-12
3618.05195495973  8.153034996259689E-13
3620.99498055944  -6.378804277319682E-13
3623.93948927902  3.541255559191131E-13
3626.88547852876  -2.483583542815804E-13
3629.83294572246  1.261492809084136E-13
3632.78188827744  1.779324571796887E-13
3635.73230361453  2.531965522661883E-13
3638.68418915808  -1.673688314676736E-13
3641.63754233591  -4.536516697234774E-14
3644.59236057938  2.132086553748719E-13
3647.54864132332  1.831741816603685E-13
3650.50638200608  -1.502946936826274E-13
3653.46558006949  2.748163033741030E-15
3656.42623295886  1.426675211345721E-13
3659.38833812303  -1.605756814408027E-13
3662.35189301427  -5.990579533083836E-14
3665.31689508837  7.059056708310153E-14
3668.28334180459  7.301025899846859E-15
3671.25123062568  9.164709083251951E-16
3674.22055901783  -2.866136723843424E-15
3677.19132445074  5.682652902383976E-14
3680.16352439757  6.119869286900017E-14
3683.13715633492  2.561115246746057E-14
3686.11221774289  -3.017696498502226E-14
3689.08870610502  -3.030598843167982E-14
3692.06661890831  1.337880323968579E-14
3695.04595364323  -1.680054106088531E-14
3698.02670780369  4.167747689933637E-14
3701.00887888705  3.219952762065149E-15
3703.99246439412  5.298404537378356E-15
3706.97746182916  1.454041744728676E-15
3709.96386869987  1.005641425168291E-13
3712.95168251738  5.715630605526017E-14
3715.94090079626  2.298537065976297E-14
3718.93152105454  -3.728587788320121E-15
3721.92354081363  -6.521391787722057E-15
3724.91695759842  -3.457791778599395E-15
3727.9117689372  -5.883618753603405E-15
3730.90797236169  9.157558642869465E-15
3733.90556540701  3.660469398701931E-15
3736.90454561174  -1.513316686861058E-15
3739.90491051784  1.424256889929663E-15
3742.90665767068  -5.359719981880673E-15
3745.90978461908  8.668430891268879E-16
3748.91428891522  1.342473271451304E-17
3751.92016811471  1.609404422034941E-15
3754.92741977655  1.224437476628518E-15
3757.93604146316  -1.289706129774791E-15
3760.94603074032  -1.206806168194065E-15
3763.95738517724  -1.276909182477452E-16
3766.97010234649  -5.342514201623098E-16
3769.98417982406  -1.144661134329250E-16
3772.99961518929  9.960503286991164E-17
3776.01640602494  1.042716351613561E-16
3779.03454991711  -5.636073586526572E-16
3782.05404445531  1.231080438396479E-15
3785.07488723241  1.489062216053787E-16
3788.09707584465  -5.229619003435084E-16
3791.12060789164  -3.031526947756200E-16
3794.14548097636  -2.157597792750820E-16
3797.17169270516  2.184580424332300E-16
3800.19924068774  -4.765432838415560E-17
3803.22812253715  8.704156888099491E-17
3806.25833586982  -1.384936588196714E-16
3809.28987830552  1.754226905895705E-17
3812.32274746736  -7.731947525928156E-18
3815.35694098181  1.922099869403668E-16
3818.39245647868  2.343043215755736E-16
3821.42929159113  7.163226113212219E-18
3824.46744395565  -2.717589736851910E-17
3827.50691121206  1.210772055862449E-16
3830.54769100353  1.101885474184541E-17
3833.58978097656  8.064628484076775E-17
3836.63317878096  -7.514223166228479E-17
3839.67788206988  2.964565022808808E-17
3842.72388849979  -1.464779634340578E-16
3845.77119573049  1.163928619250224E-16
3848.81980142508  -1.170621635371411E-16
3851.86970324998  2.526456504149794E-18
3854.92089887493  2.684845957740121E-17
3857.97338597297  1.831788488648475E-17
3861.02716222046  -1.343820914105275E-17
3864.08222529704  -5.986356964653932E-18
3867.13857288568  3.294123705017285E-17
3870.19620267263  -1.718821755881088E-17
3873.25511234743  4.042250004684129E-17
3876.31529960294  4.210141199252793E-17
3879.37676213529  1.410070305673015E-17
3882.43949764389  1.664571611715165E-17
3885.50350383145  -2.382142231785576E-18
3888.56877840397  1.740216616988649E-17
3891.63531907071  2.320276028924725E-17
3894.70312354421  3.632335689049801E-17
3897.7721895403  1.403703827370439E-17
3900.84251477806  -7.764464822988228E-18
3903.91409697985  -1.128827904788250E-17
3906.9869338713  4.062804698443522E-18
3910.06102318129  1.929599949104910E-17
3913.13636264199  -1.461841058670871E-17
3916.21294998878  -1.812953586100642E-17
3919.29078296033  1.005829704578249E-17
3922.36985929856  2.905858691246940E-17
3925.45017674864  3.770100221246732E-18
3928.53173305896  -2.283971568148140E-17
3931.61452598119  1.840594984321959E-17
3934.69855327022  2.073457907284212E-17
3937.78381268419  5.433142706881531E-18
3940.87030198447  2.237923250627926E-17
3943.95801893566  2.050532100298938E-17
3947.0469613056  2.568525834769444E-17
3950.13712686536  8.202515687158546E-18
3953.22851338922  9.685677822426338E-18
3956.32111865469  5.532789019372731E-18
3959.41494044251  1.384984399236119E-17
3962.50997653662  -1.900677413550871E-18
3965.60622472419  1.099372168611360E-17
3968.70368279559  1.239752824931611E-17
3971.80234854441  -3.629619310636239E-18
3974.90221976743  1.990811976178324E-17
3978.00329426465  2.641574816408493E-17
3981.10556983927  5.088797757633361E-18
3984.20904429767  -9.415992334110828E-19
3987.31371544944  1.290869526219122E-17
3990.41958110737  1.826873050576439E-17
3993.52663908743  1.240404560536242E-17
3996.63488720876  -5.819426126776444E-18
3999.74432329373  4.392965981728242E-18
4002.85494516785  -5.978607523085230E-18
4005.96675065983  -7.321995987166262E-18
4009.07973760154  2.244711094734536E-17
4012.19390382804  1.071764188486790E-17
4015.30924717756  2.096632364761620E-18
4018.42576549149  1.607068000763948E-18
4021.54345661438  3.288012122420467E-18
4024.66231839397  8.496715706902833E-18
4027.78234868113  3.094804444819160E-18
4030.90354532991  1.621310892859254E-17
4034.02590619749  2.561654610857089E-17
4037.14942914423  1.592369663023371E-17
4040.27411203362  -6.106030146955655E-19
4043.3999527323  1.680799571844475E-17
4046.52694911007  1.045119336108446E-18
4049.65509903984  2.129079186033503E-17
4052.78440039769  1.023567765633836E-17
4055.91485106282  2.396381318850064E-18
4059.04644891756  2.410896994431875E-19
4062.17919184738  1.494919515058499E-17
4065.31307774088  1.459696013906399E-17
4068.44810448976  1.488637409178404E-17
4071.58426998887  2.711798645383427E-17
4074.72157213618  1.504789930435849E-17
4077.86000883276  8.288460579983420E-18
4080.9995779828  9.498452935400475E-18
4084.1402774936  5.195439950155229E-18
4087.28210527558  4.204870538806455E-20
4090.42505924225  1.061557772344620E-17
4093.56913731023  1.173427415465578E-17
4096.71433739925  9.716771541652208E-18
4099.86065743212  4.852396983191221E-18
4103.00809533476  6.379742143697920E-18
4106.15664903616  7.695338993558396E-18
4109.30631646845  1.200671187966441E-17
4112.45709556678  1.159968359718728E-17
4115.60898426944  4.619273498336013E-18
4118.76198051777  1.203946326883783E-17
4121.91608225619  1.348915271343806E-17
4125.07128743222  9.046490547688240E-18
4128.22759399643  1.765810577757775E-17
4131.38499990247  2.696098261048802E-17
4134.54350310706  1.243503013674743E-17
4137.70310156997  7.807051389644907E-18
4140.86379325406  4.691594726472137E-18
4144.02557612522  4.958542040164944E-18
4147.18844815242  1.076546119607959E-17
4150.35240730767  3.788083541353941E-18
4153.51745156605  3.460670979244732E-18
4156.68357890566  9.436206767125248E-18
4159.85078730768  7.831722878594915E-18
4163.0190747563  1.527702998839691E-17
4166.18843923879  4.395019457598906E-18
4169.35887874541  1.038654299235885E-17
4172.5303912695  5.945241125126372E-18
4175.7029748074  1.061366859059243E-17
4178.87662735851  1.540168279798620E-17
4182.05134692523  2.837893520293612E-18
4185.227131513  7.710430697039274E-19
4188.40397913028  1.142516834027329E-17
4191.58188778854  9.793236117476610E-18
4194.76085550229  1.036437620630365E-17
4197.94088028902  8.962328229083418E-18
4201.12196016926  1.158836363050449E-17
4204.30409316653  2.012533118678507E-18
4207.48727730736  9.912658664052729E-18
4210.6715106213  1.268069533405017E-17
4213.85679114088  6.558021072399022E-18
4217.04311690163  4.633443929409659E-18
4220.23048594208  6.533416998668940E-18
4223.41889630374  3.604073491778764E-18
4226.60834603115  1.151908973574501E-17
4229.79883317177  1.518204980174112E-17
4232.99035577611  1.736205287326134E-17
4236.18291189761  1.149313777120677E-17
4239.37649959272  1.661574074611396E-17
4242.57111692087  1.565636178242393E-17
4245.76676194442  8.364253485150429E-18
4248.96343272876  1.185506568514568E-17
4252.16112734219  7.956632114174098E-18
4255.35984385603  1.450896962858427E-17
4258.55958034451  7.463979884949765E-18
4261.76033488485  1.188144447487999E-17
4264.96210555724  1.023386364925503E-17
4268.16489044479  1.391678441061266E-17
4271.36868763357  1.543379891244918E-17
4274.57349521262  7.620312057638612E-18
4277.7793112739  1.391017854624081E-17
4280.98613391234  1.546078154403066E-17
4284.19396122578  1.338777593910540E-17
4287.40279131502  1.362682948177199E-17
4290.61262228379  1.590920442590179E-17
4293.82345223875  1.168496757270272E-17
4297.03527928949  1.019404234738612E-17
4300.24810154853  1.145868487151333E-17
4303.46191713131  1.747943476526630E-17
4306.67672415619  1.779447642772447E-17
4309.89252074446  1.870807590759336E-17
4313.10930502031  1.531083189694828E-17
4316.32707511086  1.703637366812574E-17
4319.54582914614  1.316772521665098E-17
4322.76556525906  1.601348046828144E-17
4325.98628158548  2.095741160369656E-17
4329.20797626412  1.831176374995185E-17
4332.43064743663  1.710260767413409E-17
4335.65429324754  1.278251961309422E-17
4338.87891184428  1.609682884116351E-17
4342.10450137718  1.681143017234807E-17
4345.33105999946  1.796671859231516E-17
4348.55858586719  1.773336763279150E-17
4351.78707713938  1.887408278472663E-17
4355.01653197788  1.610748954489810E-17
4358.24694854743  1.912841269894586E-17
4361.47832501564  1.975027384857342E-17
4364.71065955302  1.963157508503329E-17
4367.94395033291  1.762116389142113E-17
4371.17819553154  2.369056358572080E-17
4374.41339332801  1.850359024272535E-17
4377.64954190427  2.207635701627052E-17
4380.88663944513  1.996914583865495E-17
4384.12468413826  1.989060007640937E-17
4387.36367417418  2.021797500180070E-17
4390.60360774627  1.511366512614014E-17
4393.84448305075  2.538786375642448E-17
4397.08629828669  2.033625521195089E-17
4400.32905165599  1.563199469593934E-17
4403.57274136342  1.742291847709422E-17
4406.81736561656  1.630057004348022E-17
4410.06292262583  1.467505922377879E-17
4413.30941060449  1.348745203009865E-17
4416.55682776863  1.601875457186708E-17
4419.80517233715  1.323513960939344E-17
4423.0544425318  1.490807434797376E-17
4426.30463657713  2.248805804202796E-17
4429.55575270051  1.603204736431081E-17
4432.80778913215  1.801560827523949E-17
4436.06074410504  1.634696164095465E-17
4439.314615855  2.002978810372244E-17
4442.56940262065  1.895212892988223E-17
4445.82510264342  1.982538184819324E-17
4449.08171416755  1.838868658383561E-17
4452.33923544006  1.363851754382737E-17
4455.59766471078  1.455000109568935E-17
4458.85700023233  1.631646183740859E-17
4462.11724026013  1.191001694759880E-17
4465.37838305237  1.659362028217306E-17
4468.64042687004  1.902628898052006E-17
4471.90336997692  1.349086745884788E-17
4475.16721063955  1.513193258278775E-17
4478.43194712727  1.646566040449478E-17
4481.69757771218  1.562393133932817E-17
4484.96410066916  1.610600723724040E-17
4488.23151427585  1.821452205150134E-17
4491.49981681267  1.649587400354890E-17
4494.7690065628  1.447399312356308E-17
4498.03908181217  1.659863795976881E-17
4501.31004084949  1.832625429992256E-17
4504.58188196621  1.818606869279074E-17
4507.85460345654  1.818758077895049E-17
4511.12820361743  2.120489411680507E-17
4514.40268074861  1.749443651285556E-17
4517.67803315252  1.423957675541045E-17
4520.95425913435  1.906391742658510E-17
4524.23135700204  1.624383207090398E-17
4527.50932506627  1.500156560952695E-17
4530.78816164044  1.799351593543943E-17
4534.06786504069  1.641885025363040E-17
4537.34843358589  1.767073682553144E-17
4540.62986559763  2.227944640026454E-17
4543.91215940024  1.816847456116174E-17
4547.19531332074  1.202317773693789E-17
4550.47932568891  1.705142670091299E-17
4553.76419483721  1.532415281353283E-17
4557.04991910083  1.693255422944421E-17
4560.33649681766  1.577048127409297E-17
4563.62392632831  1.578864119726095E-17
4566.91220597609  1.813879035769966E-17
4570.201334107  1.407901603543023E-17
4573.49130906976  2.175181435729656E-17
4576.78212921578  1.836964984921832E-17
4580.07379289915  1.583315013166121E-17
4583.36629847666  1.548890403049624E-17
4586.6596443078  1.783800763464069E-17
4589.95382875472  1.708169820260998E-17
4593.24885018228  1.946020311444700E-17
4596.54470695801  1.959177446267968E-17
4599.84139745211  1.724842968995984E-17
4603.13892003747  1.990505092171066E-17
4606.43727308963  1.896615294998745E-17
4609.73645498682  1.656121300013446E-17
4613.03646410994  1.417330304473270E-17
4616.33729884252  1.795594870073972E-17
4619.6389575708  2.045752485283483E-17
4622.94143868363  1.579129313830480E-17
4626.24474057256  2.141499137494864E-17
4629.54886163175  2.264042140213778E-17
4632.85380025806  2.248831777674030E-17
4636.15955485095  1.936371084163146E-17
4639.46612381256  1.887633106163155E-17
4642.77350554765  1.942347298652719E-17
4646.08169846363  1.769292015519888E-17
4649.39070097054  2.165546435954638E-17
4652.70051148107  1.752743936493520E-17
4656.01112841052  1.986628427512276E-17
4659.32255017683  1.976727241016138E-17
4662.63477520057  1.959381759879270E-17
4665.94780190494  1.841784635478933E-17
4669.26162871572  2.253285483528138E-17
4672.57625406137  2.169587709555327E-17
4675.89167637291  2.047206503364229E-17
4679.207894084  2.221202456289656E-17
4682.52490563091  1.938321741483669E-17
4685.84270945251  1.948224251468786E-17
4689.16130399027  1.918398103813594E-17
4692.48068768828  2.091332784013116E-17
4695.80085899321  2.271466086211441E-17
4699.12181635433  2.044282916207222E-17
4702.44355822352  2.141810653713552E-17
4705.76608305522  2.016424962101539E-17
4709.08938930649  2.001152891888095E-17
4712.41347543696  2.006142114470769E-17
4715.73833990883  2.181638242155123E-17
4719.06398118691  2.027677099974098E-17
4722.39039773857  1.851525845244603E-17
4725.71758803374  2.074504621631337E-17
4729.04555054496  1.623095617748899E-17
4732.3742837473  2.162130510897039E-17
4735.70378611842  1.916385573383253E-17
4739.03405613853  1.880179381663440E-17
4742.36509229042  1.620446654555259E-17
4745.69689305942  2.416250321240680E-17
4749.02945693341  1.759886310210670E-17
4752.36278240286  2.459637764166434E-17
4755.69686796074  2.039265238611476E-17
4759.03171210261  1.951321546554430E-17
4762.36731332655  1.996365501374883E-17
4765.70367013319  1.725368063248832E-17
4769.0407810257  2.008884383637505E-17
4772.37864450977  2.086759467842433E-17
4775.71725909366  2.084410440338904E-17
4779.05662328813  1.836326732361186E-17
4782.39673560649  2.224321754379594E-17
4785.73759456454  1.765049406158103E-17
4789.07919868065  1.958607684262042E-17
4792.42154647567  1.967457855071869E-17
4795.76463647301  2.080062282730958E-17
4799.10846719854  1.933377021217950E-17
4802.4530371807  1.867630224590397E-17
4805.79834495039  1.811000778110527E-17
4809.14438904105  1.805668937318133E-17
4812.49116798861  1.350390134375988E-17
4815.8386803315  1.839540163604831E-17
4819.18692461066  1.440370262383077E-17
4822.53589936952  1.650069812088130E-17
4825.885603154  1.637859468193989E-17
4829.2360345125  1.468509623333151E-17
4832.58719199594  1.708673904126287E-17
4835.93907415769  1.462054471268910E-17
4839.29167955363  2.138814605534885E-17
4842.64500674209  1.666296283292338E-17
4845.99905428391  1.765114422554251E-17
4849.35382074239  1.612755363783618E-17
4852.70930468329  1.452082643548461E-17
4856.06550467485  1.317792104488130E-17
4859.42241928777  1.682335977114231E-17
4862.78004709524  1.618538845190466E-17
4866.13838667287  1.549777636974649E-17
4869.49743659875  1.413031281393709E-17
4872.85719545342  1.134790139925471E-17
4876.21766181988  1.275129519933156E-17
4879.57883428358  1.709135636344214E-17
4882.94071143241  1.374848955190507E-17
4886.30329185669  1.461754204706553E-17
4889.66657414921  1.571633237683402E-17
4893.0305569052  1.424600394876999E-17
4896.39523872229  1.518038385998744E-17
4899.76061820058  1.308111030752994E-17
4903.12669394258  1.513716367298154E-17
4906.49346455325  1.663346722664096E-17
4909.86092863994  1.567315189449753E-17
4913.22908481246  1.535958261352970E-17
4916.59793168303  1.899691248824585E-17
4919.96746786626  1.804880468758247E-17
4923.33769197921  1.731837608255732E-17
4926.70860264133  1.622086291965461E-17
4930.0801984745  1.559821760280635E-17
4933.45247810298  1.586114026922878E-17
4936.82544015345  1.807806868329337E-17
4940.19908325499  1.468289427854089E-17
4943.57340603908  1.635764881446883E-17
4946.94840713959  1.803093924071255E-17
4950.32408519279  2.002565220065967E-17
4953.70043883732  1.855372731401342E-17
4957.07746671423  1.894278178896038E-17
4960.45516746696  2.026018106537561E-17
4963.83353974131  1.874812799285318E-17
4967.21258218546  2.089967936002403E-17
4970.59229344998  1.915348785203479E-17
4973.97267218782  1.632897211699284E-17
4977.35371705428  1.941862901686008E-17
4980.73542670705  1.857867673564924E-17
4984.11779980616  2.244057952922863E-17
4987.50083501403  2.176155854491244E-17
4990.88453099542  2.137382425022310E-17
4994.26888641747  2.279981579745429E-17
4997.65389994964  2.589770314441644E-17
5001.03957026378  2.457373770829876E-17
5004.42589603406  2.431643490695802E-17
5007.81287593703  2.415982149286090E-17
5011.20050865154  2.156426769701242E-17
5014.58879285882  2.602780541988123E-17
5017.97772724242  2.458656397087700E-17
5021.36731048822  2.626800047179315E-17
5024.75754128446  2.559185311292496E-17
5028.14841832168  2.683077941898850E-17
5031.53994029277  2.383723428885502E-17
5034.93210589293  3.068700775356579E-17
5038.3249138197  3.144652499201198E-17
5041.71836277291  2.845464249490973E-17
5045.11245145474  2.960751389312694E-17
5048.50717856967  3.235972577082563E-17
5051.90254282448  3.098194065533279E-17
5055.29854292828  3.282242744443064E-17
5058.69517759247  3.631869820928812E-17
5062.09244553077  3.549121319426967E-17
5065.49034545917  3.218984934278683E-17
5068.88887609601  3.268816941356837E-17
5072.28803616186  3.427577716324140E-17
5075.68782437964  3.622876382436890E-17
5079.08823947453  3.213535468403184E-17
5082.489280174  3.468150594497621E-17
5085.89094520781  3.371331750776249E-17
5089.293233308  3.786396423776578E-17
5092.69614320888  3.596658396613654E-17
5096.09967364706  3.798554655292127E-17
5099.5038233614  3.600342989934210E-17
5102.90859109304  3.864190444281476E-17
5106.31397558539  3.443086360192774E-17
5109.71997558412  3.878416958200652E-17
5113.12658983717  3.685938977976708E-17
5116.53381709473  3.412738427007184E-17
5119.94165610926  3.316339460164744E-17
5123.35010563546  3.947466356141883E-17
5126.75916443029  3.627945345230615E-17
5130.16883125297  3.731846178484421E-17
5133.57910486494  3.481440739963388E-17
5136.98998402991  3.386892672459597E-17
5140.40146751382  3.552656358492773E-17
5143.81355408485  3.374788042247740E-17
5147.2262425134  3.141976404483466E-17
5150.63953157214  3.193608356574535E-17
5154.05342003592  2.839936697765649E-17
5157.46790668187  3.152010436185980E-17
5160.88299028931  2.994390508719510E-17
5164.29866963979  3.140418327081661E-17
5167.71494351708  2.792969051712643E-17
5171.13181070717  3.031015419265398E-17
5174.54926999826  2.790796875424078E-17
5177.96732018077  2.564601524507370E-17
5181.38596004732  2.436329799738159E-17
5184.80518839273  2.484017258360209E-17
5188.22500401403  2.345638379122336E-17
5191.64540571046  2.691803373872305E-17
5195.06639228345  2.286992100872939E-17
5198.48796253661  2.568605905852740E-17
5201.91011527576  2.415021958031039E-17
5205.33284930892  2.295157035263327E-17
5208.75616344626  2.435770460207951E-17
5212.18005650018  2.399301886797836E-17
5215.60452728521  2.196298860459767E-17
5219.02957461811  2.181317792385819E-17
5222.45519731779  2.353188387445352E-17
5225.88139420532  2.244972980116470E-17
5229.30816410397  1.937887306225956E-17
5232.73550583916  1.955867731201022E-17
5236.16341823848  2.076960686306129E-17
5239.59190013168  2.098016899670911E-17
5243.02095035068  1.939732084428072E-17
5246.45056772953  2.040220466782852E-17
5249.88075110447  1.855562982942229E-17
5253.31149931387  1.820729911039253E-17
5256.74281119825  1.988440283926012E-17
5260.17468560028  1.763544764623870E-17
5263.60712136478  1.926003533237652E-17
5267.04011733869  1.820336834812168E-17
5270.47367237111  1.966145284875870E-17
5273.90778531327  1.766836778025708E-17
5277.34245501853  1.915496354224758E-17
5280.77768034237  1.693952074456313E-17
5284.21346014241  1.852974403933306E-17
5287.6497932784  2.007802265960163E-17
5291.08667861219  1.830823334309748E-17
5294.52411500777  1.975521542555281E-17
5297.96210133124  2.135619372264715E-17
5301.40063645081  1.990835302671598E-17
5304.83971923679  1.974384500085266E-17
5308.27934856164  2.203118964610267E-17
5311.71952329986  2.125923988304981E-17
5315.16024232812  2.351019519879238E-17
5318.60150452515  2.065734521904805E-17
5322.04330877179  2.125901819864564E-17
5325.48565395095  2.018542048161307E-17
5328.92853894768  2.056209868023501E-17
5332.37196264908  2.132168540185265E-17
5335.81592394436  2.017117477710368E-17
5339.26042172478  1.942780079549207E-17
5342.70545488373  1.879213400144100E-17
5346.15102231664  2.151092447367009E-17
5349.59712292103  2.019389742853051E-17
5353.04375559649  2.201133069395650E-17
5356.49091924468  1.777476802244978E-17
5359.93861276933  2.150126134975425E-17
5363.38683507624  1.942210317543281E-17
5366.83558507325  1.895080378654092E-17
5370.28486167029  2.228293710244951E-17
5373.73466377933  2.073195194721666E-17
5377.1849903144  2.027340437464788E-17
5380.63584019156  2.138206958656903E-17
5384.08721232895  1.926063255677878E-17
5387.53910564674  1.976343429211914E-17
5390.99151906714  2.193859670269471E-17
5394.44445151441  1.960305389751246E-17
5397.89790191485  2.023030826473387E-17
5401.35186919677  2.039108901475703E-17
5404.80635229054  2.020939548448730E-17
5408.26135012854  2.050836337328235E-17
5411.71686164521  2.035109483214009E-17
5415.17288577697  1.972006024951931E-17
5418.62942146229  2.160146435479769E-17
5422.08646764164  2.435384828606379E-17
5425.54402325754  2.556839427075295E-17
5429.00208725448  2.540510220039008E-17
5432.46065857899  2.235058393294409E-17
5435.91973617959  2.579216317006080E-17
5439.37931900683  2.425768192240960E-17
5442.83940601323  2.294931545828345E-17
5446.29999615334  2.646478177643584E-17
5449.76108838368  2.679643653431653E-17
5453.22268166279  2.654271873375058E-17
5456.68477495117  2.652850115338202E-17
5460.14736721136  2.726437260683778E-17
5463.61045740782  2.817147210145322E-17
5467.07404450705  2.531263333407401E-17
5470.5381274775  2.616576094808160E-17
5474.00270528961  2.222661933762445E-17
5477.4677769158  2.231041438803730E-17
5480.93334133043  2.558726556924773E-17
5484.39939750988  2.447694268737903E-17
5487.86594443246  2.747587110893900E-17
5491.33298107845  2.181082211347364E-17
5494.80050643011  2.167770890057916E-17
5498.26851947165  2.184984187732900E-17
5501.73701918922  2.164489795440163E-17
5505.20600457095  2.264350182273892E-17
5508.6754746069  2.270354686340414E-17
5512.14542828908  2.051683039403244E-17
5515.61586461147  2.206063893027078E-17
5519.08678256996  2.066133222960055E-17
5522.55818116241  2.100330854716467E-17
5526.03005938858  2.048229891218080E-17
5529.50241625021  2.208962995637954E-17
5532.97525075093  2.190530599176189E-17
5536.44856189633  1.851889473841881E-17
5539.92234869391  1.981106500615117E-17
5543.3966101531  2.154310676258208E-17
5546.87134528525  2.022473306740526E-17
5550.34655310363  1.943138248754443E-17
5553.82223262342  1.960446506763747E-17
5557.29838286172  1.739793100515022E-17
5560.77500283753  1.781907512478057E-17
5564.25209157177  2.002078506993542E-17
5567.72964808726  1.573564704413714E-17
5571.20767140872  1.648745495927433E-17
5574.68616056278  1.723693518816780E-17
5578.16511457794  2.352162518049664E-17
5581.64453248463  2.297016537280346E-17
5585.12441331514  2.242027224519047E-17
5588.60475610367  1.832949684792376E-17
5592.08555988629  2.199787081102903E-17
5595.56682370097  2.227412432020337E-17
5599.04854658754  1.897923067547191E-17
5602.53072758773  2.268562682261380E-17
5606.01336574513  2.048802961946457E-17
5609.4964601052  2.171901664600883E-17
5612.98000971529  2.168732404801948E-17
5616.46401362459  2.285356599365799E-17
5619.94847088417  2.179080930573354E-17
5623.43338054696  2.091577133166064E-17
5626.91874166775  2.307369860699306E-17
5630.40455330317  2.106625368305751E-17
5633.89081451174  2.008727219321120E-17
5637.37752435379  2.079902967744980E-17
5640.86468189152  1.990979397534305E-17
5644.35228618897  2.333616301535613E-17
5647.84033631202  2.598730334836818E-17
5651.3288313284  2.256308663230897E-17
5654.81777030766  2.006609140644617E-17
5658.30715232121  2.062331831737007E-17
5661.79697644225  2.364853784751943E-17
5665.28724174586  2.255750316317423E-17
5668.77794730891  2.370613112484904E-17
5672.26909221011  2.389574408230335E-17
5675.76067552997  2.204492746171595E-17
5679.25269635086  2.246649840654237E-17
5682.74515375691  2.292599061937068E-17
5686.23804683411  2.273790463732715E-17
5689.73137467023  2.394693994477548E-17
5693.22513635487  2.787087135812900E-17
5696.71933097942  2.195909423827377E-17
5700.21395763707  2.598397973666695E-17
5703.70901542281  2.420493426910832E-17
5707.20450343344  2.279052986789777E-17
5710.70042076755  2.600029835579139E-17
5714.1967665255  2.559311208181726E-17
5717.69353980946  2.641961109754555E-17
5721.19073972339  2.691670363229806E-17
5724.688365373  2.739613089788890E-17
5728.18641586582  2.708537403100375E-17
5731.68489031113  2.693144233645253E-17
5735.18378781999  3.176750746562950E-17
5738.68310750525  2.817693149349608E-17
5742.18284848151  2.859254342918966E-17
5745.68300986514  3.026971167814504E-17
5749.18359077427  3.015384021793861E-17
5752.68459032881  3.398137696578888E-17
5756.18600765041  3.040983938263397E-17
5759.68784186248  2.957195836167695E-17
5763.19009209018  3.196004202500735E-17
5766.69275746044  3.398032479204971E-17
5770.1958371019  3.354241206704168E-17
5773.69933014498  3.362460404142741E-17
5777.20323572183  3.370086678518235E-17
5780.70755296633  3.228491224750388E-17
5784.21228101412  3.278464514277166E-17
5787.71741900255  3.625431377912944E-17
5791.22296607071  3.436221753725321E-17
5794.72892135942  3.264676075210398E-17
5798.23528401123  3.370109839575386E-17
5801.74205317041  3.635622243059597E-17
5805.24922798294  3.410445151476942E-17
5808.75680759653  3.679595495295162E-17
5812.2647911606  3.711880685475350E-17
5815.7731778263  3.461921262740607E-17
5819.28196674645  3.546477650189248E-17
5822.79115707562  3.428182219915794E-17
5826.30074797005  3.690566226323328E-17
5829.81073858771  3.401501012949529E-17
5833.32112808824  3.555380760558279E-17
5836.83191563301  3.423748531832510E-17
5840.34310038505  3.662570794799840E-17
5843.8546815091  3.396709651969376E-17
5847.36665817159  3.533407865638665E-17
5850.87902954062  3.639321394758934E-17
5854.39179478598  3.708786699112157E-17
5857.90495307915  3.677283690919197E-17
5861.41850359328  3.572606631378572E-17
5864.93244550317  3.428769849022951E-17
5868.44677798534  4.016986585287780E-17
5871.96150021794  3.353225759784199E-17
5875.4766113808  3.538570134405485E-17
5878.99211065542  3.401674720878165E-17
5882.50799722495  2.917790606146894E-17
5886.02427027419  3.748944001745892E-17
5889.54092898963  3.512930182394302E-17
5893.05797255937  3.598901048690408E-17
5896.57540017319  3.691507888732660E-17
5900.09321102251  3.777022151330636E-17
5903.61140430039  3.265565128932768E-17
5907.12997920152  3.374100158850342E-17
5910.64893492226  3.291868810667466E-17
5914.16827066059  3.255026847928844E-17
5917.68798561611  3.327940171947433E-17
5921.20807899006  3.381088842409680E-17
5924.72854998534  3.567313998947213E-17
5928.24939780642  3.270001794866259E-17
5931.77062165943  3.303456949304844E-17
5935.29222075212  3.072159713806030E-17
5938.81419429384  3.400959044212184E-17
5942.33654149556  3.267599000622914E-17
5945.85926156987  3.063779381584133E-17
5949.38235373096  3.064008676049933E-17
5952.90581719464  3.135620348656609E-17
5956.42965117831  3.115288580072300E-17
5959.95385490097  3.340892165978788E-17
5963.47842758324  2.840942218518268E-17
5967.0033684473  3.139116344797503E-17
5970.52867671696  3.422386992544247E-17
5974.0543516176  3.101634144264765E-17
5977.58039237619  3.155912743443759E-17
5981.10679822128  2.935701713386628E-17
5984.63356838302  3.112001364318015E-17
5988.16070209312  3.282794970220004E-17
5991.68819858488  3.353460679078164E-17
5995.21605709317  3.083563887475177E-17
5998.74427685442  2.992723243476848E-17
6002.27285710665  3.043374159361430E-17
6005.80179708943  3.496219148787261E-17
6009.3310960439  3.062676915263722E-17
6012.86075321276  2.923825054151592E-17
6016.39076784026  2.884591877698201E-17
6019.92113917222  3.081777177352062E-17
6023.451866456  2.834086214729183E-17
6026.98294894051  2.979389753746983E-17
6030.51438587621  2.810755420116003E-17
6034.04617651511  2.965257869289882E-17
6037.57832011076  3.033364281332803E-17
6041.11081591824  3.052743799595941E-17
6044.64366319417  2.785881768224289E-17
6048.1768611967  3.063145430362673E-17
6051.71040918553  2.871167728973200E-17
6055.24430642186  2.845260101315795E-17
6058.77855216844  2.965732670961487E-17
6062.31314568952  3.049133321658270E-17
6065.84808625088  3.037502831373528E-17
6069.38337311983  2.802306597339387E-17
6072.91900556518  2.687542070228676E-17
6076.45498285724  2.663143054572445E-17
6079.99130426786  2.530455674257304E-17
6083.52796907038  2.500427859968771E-17
6087.06497653963  2.579515921823946E-17
6090.60232595196  2.664819087929600E-17
6094.14001658521  2.958857145709947E-17
6097.67804771873  2.811256029822720E-17
6101.21641863333  2.766267992411676E-17
6104.75512861135  2.754074853874277E-17
6108.29417693659  2.746127798857235E-17
6111.83356289433  2.673304141217047E-17
6115.37328577137  2.631593724265182E-17
6118.91334485594  2.327581191786426E-17
6122.45373943778  2.620638875104775E-17
6125.99446880809  2.556416406910035E-17
6129.53553225955  2.560290093718621E-17
6133.0769290863  2.668557282553849E-17
6136.61865858395  2.643193112558890E-17
6140.16072004957  2.702852852494788E-17
6143.70311278169  2.748283266097426E-17
6147.2458360803  2.497791635356565E-17
6150.78888924684  2.418920294821878E-17
6154.33227158422  2.709704720380810E-17
6157.87598239677  2.893492671961517E-17
6161.42002099029  2.475725103591610E-17
6164.96438667201  2.355403577125769E-17
6168.50907875062  2.253047255511723E-17
6172.05409653622  2.680821724060051E-17
6175.59943934037  2.390964402531669E-17
6179.14510647605  2.612848818967996E-17
6182.69109725768  2.282674879819902E-17
6186.2374110011  2.210818030879666E-17
6189.78404702357  2.217430843568660E-17
6193.3310046438  2.168597408925979E-17
6196.87828318188  2.190622581660306E-17
6200.42588195934  1.932290767637545E-17
6203.97380029913  2.052245025911412E-17
6207.52203752558  2.138976402062700E-17
6211.07059296448  2.093638301816424E-17
6214.61946594297  2.323010522593702E-17
6218.16865578964  1.905091083863331E-17
6221.71816183444  2.158568671179386E-17
6225.26798340875  2.229777837699993E-17
6228.81811984534  2.387178727740259E-17
6232.36857047835  2.098802886688960E-17
6235.91933464333  2.117626208708216E-17
6239.47041167721  2.064852912807946E-17
6243.02180091832  2.097291627709825E-17
6246.57350170634  1.780610162405329E-17
6250.12551338236  1.972948679977997E-17
6253.67783528882  1.844604494187127E-17
6257.23046676956  2.231954646199988E-17
6260.78340716977  1.944450322642074E-17
6264.33665583602  2.240381796844555E-17
6267.89021211623  2.149760024836309E-17
6271.4440753597  2.017044851252586E-17
6274.99824491708  1.836794751151768E-17
6278.55272014039  1.973308668980580E-17
6282.10750038298  1.671130823100465E-17
6285.66258499958  1.738282834152623E-17
6289.21797334624  1.724855542141295E-17
6292.77366478038  1.712874492712954E-17
6296.32965866076  1.452414012101849E-17
6299.88595434747  1.536390876813335E-17
6303.44255120194  1.859069897867209E-17
6306.99944858695  2.143275425142260E-17
6310.5566458666  1.936949283411321E-17
6314.11414240631  1.840387527424331E-17
6317.67193757286  1.779119913813753E-17
6321.23003073432  1.812591115556221E-17
6324.7884212601  1.672503612045059E-17
6328.34710852093  1.641277047612814E-17
6331.90609188884  1.805998982382541E-17
6335.4653707372  1.620219841631297E-17
6339.02494444067  1.911895802454437E-17
6342.58481237523  2.022783003161866E-17
6346.14497391816  1.791496686447139E-17
6349.70542844803  1.988644432101190E-17
6353.26617534475  2.001137175456455E-17
6356.82721398948  1.842613801324956E-17
6360.3885437647  2.133228323986069E-17
6363.95016405419  1.908162074605496E-17
6367.51207424299  1.861143639662879E-17
6371.07427371747  1.830518435535961E-17
6374.63676186523  1.923667409751680E-17
6378.1995380752  2.103944475940467E-17
6381.76260173756  2.043136113005978E-17
6385.32595224377  1.977699839980379E-17
6388.88958898658  2.162767605404827E-17
6392.45351136  2.077752794460710E-17
6396.01771875928  2.058976787172491E-17
6399.58221058099  2.209712586709049E-17
6403.14698622291  1.946641689520850E-17
6406.71204508411  2.213791248873426E-17
6410.27738656491  2.184826527108147E-17
6413.84301006689  2.114277119844111E-17
6417.40891499287  2.110079012799283E-17
6420.97510074692  2.245219314502889E-17
6424.54156673435  2.400772117618588E-17
6428.10831236174  2.231192812855826E-17
6431.67533703689  2.563175630567451E-17
6435.24264016884  2.101737558066175E-17
6438.81022116786  2.429666694467922E-17
6442.37807944546  2.682502885937004E-17
6445.94621441438  2.459658939990116E-17
6449.51462548859  2.236772311523619E-17
6453.08331208327  2.676776479992422E-17
6456.65227361484  2.437281222878718E-17
6460.22150950093  2.545066661725195E-17
6463.79101916038  2.762586376941325E-17
6467.36080201325  2.721605698725855E-17
6470.93085748082  2.608749146416061E-17
6474.50118498556  2.775290878533404E-17
6478.07178395116  2.796718165120978E-17
6481.6426538025  2.888282095846923E-17
6485.21379396567  2.775144963873350E-17
6488.78520386795  2.650645182697382E-17
6492.35688293782  1.994823802149206E-17
6495.92883060495  2.804725935194982E-17
6499.50104630021  2.879776032171917E-17
6503.07352945562  3.041990120760507E-17
6506.64627950443  3.113220628540918E-17
6510.21929588105  2.804117792008633E-17
6513.79257802106  3.041460394296227E-17
6517.36612536122  2.975391493538147E-17
6520.93993733948  2.665801943933436E-17
6524.51401339493  2.920443539807475E-17
6528.08835296786  2.876512639219273E-17
6531.66295549969  2.726230796402884E-17
6535.23782043304  2.880224364063921E-17
6538.81294721166  2.615335654761575E-17
6542.38833528047  2.605758888501681E-17
6545.96398408553  2.871293129554064E-17
6549.53989307407  2.947046660923915E-17
6553.11606169446  2.741970554534666E-17
6556.69248939621  2.632077459487404E-17
6560.26917562998  2.757107794308264E-17
6563.84611984757  2.670150763285872E-17
6567.42332150192  3.012820754511682E-17
6571.00078004709  2.834621566021628E-17
6574.5784949383  2.703301515259037E-17
6578.15646563186  3.010744862046419E-17
6581.73469158524  2.667942852794844E-17
6585.31317225703  2.721447872664981E-17
6588.89190710692  2.552206884772753E-17
6592.47089559575  2.591871187761406E-17
6596.05013718544  2.701489162536933E-17
6599.62963133906  2.554361524832331E-17
6603.20937752075  2.625575819872736E-17
6606.78937519581  2.806255226711469E-17
6610.36962383059  2.424294487261636E-17
6613.95012289257  2.485040646214060E-17
6617.53087185034  2.578120964438937E-17
6621.11187017356  2.229516448626427E-17
6624.69311733301  2.437955209641827E-17
6628.27461280054  2.209465094269773E-17
6631.8563560491  2.217851547628204E-17
6635.43834655273  2.424852668738986E-17
6639.02058378654  2.323873437408718E-17
6642.60306722674  2.346167112969880E-17
6646.18579635059  2.370191581244747E-17
6649.76877063644  2.281289186857753E-17
6653.35198956373  1.994567541595437E-17
6656.93545261295  2.342259015447812E-17
6660.51915926565  2.250140873711456E-17
6664.10310900446  2.504572531146030E-17
6667.68730131307  2.447426096783313E-17
6671.27173567622  2.311529586563712E-17
6674.85641157972  2.124969421878095E-17
6678.44132851041  2.253897266309182E-17
6682.02648595621  2.127352363786737E-17
6685.61188340606  1.952490021887722E-17
6689.19752034998  2.178322405951643E-17
6692.78339627899  2.074828710995335E-17
6696.36951068519  2.234300695853311E-17
6699.95586306168  2.241003009484583E-17
6703.54245290263  2.292715528967316E-17
6707.12927970322  2.078098390520634E-17
6710.71634295966  2.050884479239885E-17
6714.30364216919  1.960135983161795E-17
6717.89117683009  2.260436294487536E-17
6721.47894644163  1.838244964201696E-17
6725.06695050412  1.903310494876750E-17
6728.65518851887  1.794324155216968E-17
6732.24365998822  1.816839680618416E-17
6735.83236441552  1.800244783169377E-17
6739.4213013051  1.715224678269340E-17
6743.01047016234  1.697437482685367E-17
6746.59987049357  1.596672325697627E-17
6750.18950180616  1.516811180841960E-17
6753.77936360846  1.516683464155382E-17
6757.36945540981  1.537517993116000E-17
6760.95977672056  1.570833850339431E-17
6764.55032705202  1.730887508604154E-17
6768.14110591651  1.606973536737995E-17
6771.73211282732  1.565936941113117E-17
6775.32334729873  1.480839577543866E-17
6778.91480884599  1.597011966057141E-17
6782.50649698533  1.612071781725404E-17
6786.09841123394  1.362461263773035E-17
6789.69055110999  1.547098068098344E-17
6793.28291613262  1.403225220668016E-17
6796.87550582193  1.475976251850422E-17
6800.46831969898  1.242684849330867E-17
6804.06135728579  1.505209972750904E-17
6807.65461810532  1.383396295178078E-17
6811.24810168152  1.417759611211185E-17
6814.84180753926  1.463385735746753E-17
6818.43573520436  1.604996244201748E-17
6822.0298842036  1.329385371645306E-17
6825.62425406469  1.328081569563800E-17
6829.21884431629  1.595408393721646E-17
6832.81365448798  1.315291123906076E-17
6836.40868411028  1.388172022444653E-17
6840.00393271466  1.434802509679983E-17
6843.5993998335  1.431701574999644E-17
6847.19508500012  1.382058826845641E-17
6850.79098774873  1.657176617038941E-17
6854.38710761451  1.513285571635137E-17
6857.98344413351  1.447852938204232E-17
6861.57999684274  1.433143847115692E-17
6865.17676528008  1.072495581584409E-17
6868.77374898436  1.890783671680247E-17
6872.37094749528  1.363530477432821E-17
6875.96836035347  1.943893464653704E-17
6879.56598710046  1.862714951954485E-17
6883.16382727866  1.843404916862802E-17
6886.76188043139  2.039059436075072E-17
6890.36014610286  2.313541455249563E-17
6893.95862383819  1.780040400399402E-17
6897.55731318335  2.023697203174860E-17
6901.15621368523  2.299836065116295E-17
6904.75532489158  1.971521793421342E-17
6908.35464635105  1.853267722178517E-17
6911.95417761314  1.875641303386851E-17
6915.55391822826  2.172263638836936E-17
6919.15386774765  2.221295762262752E-17
6922.75402572346  1.934318021882790E-17
6926.35439170869  2.111906585644657E-17
6929.95496525718  1.888978267275288E-17
6933.55574592368  2.095015392100202E-17
6937.15673326375  2.197718798699275E-17
6940.75792683383  2.016744915562474E-17
6944.35932619122  2.303064551047089E-17
6947.96093089406  2.217290222864525E-17
6951.56274050132  2.025815447287485E-17
6955.16475457285  2.405025314892213E-17
6958.76697266931  2.149341802318602E-17
6962.36939435222  2.309775136484486E-17
6965.97201918393  2.119804175261069E-17
6969.57484672762  2.241026170541735E-17
6973.17787654731  2.571570024859762E-17
6976.78110820784  2.291641517659977E-17
6980.38454127488  2.455532301350211E-17
6983.98817531492  2.389707915181201E-17
6987.59200989528  2.347620138433890E-17
6991.19604458407  2.392065545363099E-17
6994.80027895026  2.349485265279075E-17
6998.40471256358  2.149675156105460E-17
7002.00934499462  2.524317828676037E-17
7005.61417581475  2.212692918456078E-17
7009.21920459613  2.323965254456711E-17
7012.82443091176  2.410053084091432E-17
7016.4298543354  2.278356004405640E-17
7020.03547444163  2.397352222094048E-17
7023.64129080582  2.509644471789960E-17
7027.24730300412  2.427196567722717E-17
7030.85351061348  2.274301165042905E-17
7034.45991321163  2.294800024110949E-17
7038.06651037707  2.292678140403628E-17
7041.67330168911  2.267627306424705E-17
7045.2802867278  2.464366093983910E-17
7048.887465074  2.403999280060402E-17
7052.49483630931  2.314375253307016E-17
7056.10240001612  2.392434964224666E-17
7059.71015577759  2.445020986434254E-17
7063.31810317761  2.305995086521241E-17
7066.92624180086  2.222672852546530E-17
7070.53457123279  2.470697996136880E-17
7074.14309105956  2.293305639616311E-17
7077.75180086813  2.240292130466155E-17
7081.36070024617  2.370537342740795E-17
7084.96978878213  2.235540805027650E-17
7088.57906606518  2.479839499958449E-17
7092.18853168526  2.381610975037165E-17
7095.79818523301  2.542581645728963E-17
7099.40802629984  2.562550612896606E-17
7103.01805447787  2.693367572410643E-17
7106.62826935998  2.290057466786938E-17
7110.23867053974  2.314431336152548E-17
7113.84925761147  2.524239742826213E-17
7117.46003017021  2.421620708649619E-17
7121.07098781173  2.469311972302487E-17
7124.68213013248  2.345917469861011E-17
7128.29345672967  2.351227803957479E-17
7131.9049672012  2.383193702421224E-17
7135.51666114567  2.308001661251173E-17
7139.1285381624  2.300118464577420E-17
7142.74059785142  2.624991995796397E-17
7146.35283981344  2.500207333617465E-17
7149.96526364989  2.578487736322543E-17
7153.57786896288  2.460896236750372E-17
7157.19065535523  2.316727920405240E-17
7160.80362243041  2.458564083731340E-17
7164.41676979264  2.367469329848836E-17
7168.03009704678  2.510021997021529E-17
7171.64360379837  2.636997198898624E-17
7175.25728965365  2.288648943639882E-17
7178.87115421954  2.602954580789004E-17
7182.48519710361  2.424104566592993E-17
7186.09941791412  2.693790758012025E-17
7189.71381625999  2.570628858758799E-17
7193.32839175081  2.695236173414400E-17
7196.94314399682  2.663603132429146E-17
7200.55807260896  2.523848155524230E-17
7204.17317719877  2.284388963485235E-17
7207.78845737849  2.531442169855834E-17
7211.403912761  2.556809979445489E-17
7215.01954295981  2.324807986064781E-17
7218.6353475891  2.558673286493325E-17
7222.2513262637  2.343242202323892E-17
7225.86747859905  2.371258313362695E-17
7229.48380421125  2.528309140567729E-17
7233.10030271704  2.372779498509181E-17
7236.71697373378  2.608202876339531E-17
7240.33381687948  2.720575362554859E-17
7243.95083177274  2.301775472780487E-17
7247.56801803283  2.235537992613568E-17
7251.18537527962  2.286303721167172E-17
7254.80290313359  2.520700898729589E-17
7258.42060121586  2.462434792689720E-17
7262.03846914815  2.445826660350881E-17
7265.65650655279  2.440774241169407E-17
7269.27471305273  2.415545894231030E-17
7272.89308827151  3.050841615059314E-17
7276.51163183329  3.960582131934524E-17
7280.13034336283  3.677781984520200E-17
7283.74922248546  2.437534340146159E-17
7287.36826882715  2.576196446025771E-17
7290.98748201442  2.544865987708590E-17
7294.60686167442  2.735061776622500E-17
7298.22640743484  3.101179525800106E-17
7301.84611892401  3.089977515072668E-17
7305.46599577079  2.475940335986996E-17
7309.08603760465  2.120334232597592E-17
7312.70624405562  2.004616627985099E-17
7316.32661475433  2.508336864677636E-17
7319.94714933194  2.091926368820684E-17
7323.56784742022  2.325062592257324E-17
7327.18870865147  1.981443659432793E-17
7330.80973265857  2.079036744207515E-17
7334.43091907497  2.254047813180667E-17
7338.05226753466  1.705049529554325E-17
7341.67377767218  2.267925256881347E-17
7345.29544912265  2.108503895476859E-17
7348.91728152171  1.885567967045855E-17
7352.53927450557  1.833687033590406E-17
7356.16142771096  2.082025347760669E-17
7359.78374077516  1.766577539621734E-17
7363.406213336  1.796793454781562E-17
7367.02884503183  2.028331068966382E-17
7370.65163550155  2.168439086556736E-17
7374.27458438457  2.285765557460645E-17
7377.89769132083  2.220014790366152E-17
7381.52095595083  1.931354233748012E-17
7385.14437791554  1.777784017124480E-17
7388.76795685648  1.816927858071715E-17
7392.39169241568  1.868541281317063E-17
7396.01558423569  1.579363902252200E-17
7399.63963195955  1.858951280167369E-17
7403.26383523084  2.011323408391679E-17
7406.88819369362  1.902323502969851E-17
7410.51270699247  1.783575439465209E-17
7414.13737477246  1.719291925341263E-17
7417.76219667916  1.847254946305869E-17
7421.38717235864  1.826619437000631E-17
7425.01230145745  1.907220081323920E-17
7428.63758362264  1.950024858226192E-17
7432.26301850175  1.675174412806870E-17
7435.88860574279  1.721706465549305E-17
7439.51434499427  1.648780568385405E-17
7443.14023590515  2.106740511847018E-17
7446.76627812491  2.267473285394648E-17
7450.39247130346  1.970179775595537E-17
7454.01881509121  1.937396126378222E-17
7457.64530913901  2.039878510317622E-17
7461.27195309821  1.960448988305585E-17
7464.89874662058  1.795793393420984E-17
7468.5256893584  1.977531095135418E-17
7472.15278096437  1.903740794231400E-17
7475.78002109165  1.833605473582009E-17
7479.40740939386  1.683723489873728E-17
7483.03494552506  1.777457446218644E-17
7486.66262913977  1.763188746088227E-17
7490.29045989294  1.573293554608918E-17
7493.91843743996  1.651206027377533E-17
7497.54656143668  1.571812735876326E-17
7501.17483153935  1.951513948764910E-17
7504.80324740468  1.551344813363191E-17
7508.4318086898  1.479567704634005E-17
7512.06051505227  1.649332628726223E-17
7515.68936615008  1.477669325128196E-17
7519.31836164161  1.797907501630547E-17
7522.94750118572  2.053395634143474E-17
7526.57678444162  1.650911220207219E-17
7530.20621106897  1.762047733151271E-17
7533.83578072784  1.702684289310791E-17
7537.4654930787  1.648907457891371E-17
7541.09534778244  1.822664355619770E-17
7544.72534450032  1.749200625621587E-17
7548.35548289403  1.624282621927912E-17
7551.98576262565  1.578417442195317E-17
7555.61618335766  1.538333096891610E-17
7559.24674475291  1.600898226011038E-17
7562.87744647466  1.612097258888271E-17
7566.50828818656  1.338103689865492E-17
7570.13926955262  1.609028915124067E-17
7573.77039023725  1.600615164805422E-17
7577.40164990524  1.844370402073774E-17
7581.03304822174  1.572429978049413E-17
7584.66458485229  1.577683732991983E-17
7588.29625946279  1.705568337234518E-17
7591.92807171951  1.574594378840219E-17
7595.56002128908  1.734253306516632E-17
7599.19210783851  1.155672728079679E-17
7602.82433103514  9.223454259215383E-18
7606.4566905467  1.659388497996908E-17
7610.08918604125  1.921607895462545E-17
7613.7218171872  1.564752087603696E-17
7617.35458365333  1.322821114458269E-17
7620.98748510874  1.394376704219414E-17
7624.6205212229  1.583225512223843E-17
7628.25369166559  1.195176061721129E-17
7631.88699610696  2.111654460993951E-17
7635.52043421747  1.838968581801557E-17
7639.15400566793  2.114671519560177E-17
7642.78771012945  1.637082249290435E-17
7646.42154727351  1.549073540837243E-17
7650.05551677188  1.525579626207267E-17
7653.68961829667  1.683035606476328E-17
7657.32385152029  1.407353017360778E-17
7660.95821611549  1.731709560696909E-17
7664.59271175532  1.665668618643533E-17
7668.22733811314  1.467994786119898E-17
7671.86209486262  1.973452432971041E-17
7675.49698167772  1.681285457736289E-17
7679.13199823274  1.672078441210206E-17
7682.76714420225  1.780213777455794E-17
7686.40241926112  1.581364686717843E-17
7690.03782308452  1.688197048062537E-17
7693.67335534791  1.774598544585539E-17
7697.30901572703  1.816997837551537E-17
7700.94480389793  1.732518047027618E-17
7704.58071953693  1.661530895783420E-17
7708.21676232061  1.621432488409300E-17
7711.85293192586  1.270814780421958E-17
7715.48922802984  1.535913097291524E-17
7719.12565030995  1.797768369851516E-17
7722.76219844392  1.717382627051368E-17
7726.39887210968  1.712374213878482E-17
7730.03567098548  1.311280704142236E-17
7733.67259474979  1.773540415145961E-17
7737.30964308137  1.495144011876746E-17
7740.94681565923  1.537229803390586E-17
7744.58411216261  1.447597835703321E-17
7748.22153227102  1.950773952988920E-17
7751.85907566423  1.740380398749935E-17
7755.49674202224  1.954639367991380E-17
7759.13453102529  1.534279911890100E-17
7762.77244235387  1.550941976404878E-17
7766.41047568869  1.782677286756099E-17
7770.04863071072  1.505991162121399E-17
7773.68690710115  1.314723595287804E-17
7777.32530454139  1.465023387923485E-17
7780.96382271309  1.415250772413312E-17
7784.60246129812  1.487490771413283E-17
7788.24121997856  1.970894955953149E-17
7791.88009843673  1.888920530068532E-17
7795.51909635515  1.383403574367469E-17
7799.15821341656  1.983740574557731E-17
7802.7974493039  1.656871387392909E-17
7806.43680370033  1.592566201136914E-17
7810.07627628921  1.678247554218627E-17
7813.71586675409  1.733801335029933E-17
7817.35557477876  1.538566196388227E-17
7820.99540004714  1.823877664142262E-17
7824.63534224341  2.078135779084322E-17
7828.2754010519  1.606172991341166E-17
7831.91557615715  1.398753482276554E-17
7835.55586724387  1.439621002184227E-17
7839.19627399697  1.437392743050131E-17
7842.83679610152  1.739022995364735E-17
7846.47743324279  1.712785984387410E-17
7850.1181851062  1.552157601033086E-17
7853.75905137736  1.389884782621006E-17
7857.40003174206  1.640176235653628E-17
7861.04112588623  1.648678659733939E-17
7864.68233349597  1.517231223157015E-17
7868.32365425757  1.802003865460033E-17
7871.96508785744  1.633102683363443E-17
7875.60663398216  1.710173748012969E-17
7879.24829231848  1.748724500461002E-17
7882.89006255328  1.797776641657642E-17
7886.5319443736  1.838884871123567E-17
7890.17393746661  1.872938904325640E-17
7893.81604151964  1.974207483434179E-17
7897.45825622015  1.757874937833187E-17
7901.10058125574  1.607841580072808E-17
7904.74301631414  1.818429025447375E-17
7908.38556108322  1.408413959214439E-17
7912.02821525098  2.375936516035050E-17
7915.67097850553  1.234386242553490E-17
7919.31385053512  1.211185811604847E-17
7922.95683102811  1.382539005191229E-17
7926.59991967298  1.399338464405752E-17
7930.24311615834  1.063556406140671E-17
7933.88642017289  1.455339915364572E-17
7937.52983140546  1.654080480006155E-17
7941.17334954497  1.610625208270172E-17
7944.81697428046  1.448848532789501E-17
7948.46070530106  1.500878358755208E-17
7952.104542296  1.564005805255051E-17
7955.74848495461  1.724715417745528E-17
7959.39253296632  1.768207581736831E-17
7963.03668602064  1.624766357150133E-17
7966.68094380718  1.755879281887341E-17
7970.32530601561  1.994080001342399E-17
7973.96977233572  1.525196972455900E-17
7977.61434245736  1.971853161974731E-17
7981.25901607045  1.685471322508052E-17
7984.90379286499  1.609931534608485E-17
7988.54867253107  1.534663889130447E-17
7992.19365475882  1.654863323737875E-17
7995.83873923846  2.176728098039007E-17
7999.48392566026  1.396957507730579E-17
8003.12921371456  1.735772340993524E-17
8006.77460309176  1.386446358250745E-17
8010.42009348229  1.049743896118076E-17
8014.06568457668  1.433840498627584E-17
8017.71137606546  1.505985537293233E-17
8021.35716763924  1.069655787823453E-17
8025.00305898867  1.817593903900942E-17
8028.64904980444  1.823435453386792E-17
8032.29513977727  1.465760902157637E-17
8035.94132859792  1.552061978954275E-17
8039.5876159572  1.472978218438285E-17
8043.23400154594  1.506404752427675E-17
8046.88048505498  1.505275154583173E-17
8050.52706617523  1.755215883036073E-17
8054.17374459758  1.649162064083915E-17
8057.82052001296  1.596560490878810E-17
8061.46739211233  1.969041575072664E-17
8065.11436058663  1.588560827174809E-17
8068.76142512684  1.759400755191101E-17
8072.40858542394  1.773684675444790E-17
8076.05584116893  1.678033149003853E-17
8079.7031920528  1.495099178687546E-17
8083.35063776653  1.045710811605452E-17
8086.99817800114  1.794068225535444E-17
8090.6458124476  1.773000597078209E-17
8094.2935407969  1.563509000579151E-17
8097.94136274001  1.500942713406865E-17
8101.5892779679  1.373745413535300E-17
8105.23728617151  1.917359495836473E-17
8108.88538704178  1.637057268435936E-17
8112.5335802696  1.738754823410146E-17
8116.18186554587  1.335176132241545E-17
8119.83024256145  1.451925313795953E-17
8123.47871100718  1.788726458575699E-17
8127.12727057384  1.413476469999386E-17
8130.77592095222  1.624895562761814E-17
8134.42466183304  1.268583460719596E-17
8138.07349290699  1.522667619578836E-17
8141.72241386473  1.265251577212232E-17
8145.37142439685  1.790507709306771E-17
8149.02052419393  1.738339082434277E-17
8152.66971294646  1.643593153327963E-17
8156.3189903449  1.440420224092076E-17
8159.96835607965  1.271603497136027E-17
8163.61780984106  1.526199184486070E-17
8167.2673513194  1.879436904345612E-17
8170.91698020489  1.712685730097169E-17
8174.56669618769  1.424367957124871E-17
8178.21649895787  1.926995653664348E-17
8181.86638820545  1.669608976209491E-17
8185.51636362036  1.402218707298661E-17
8189.16642489246  1.405230802781212E-17
8192.81657171153  1.468663644363208E-17
8196.46680376726  1.659161188764578E-17
8200.11712074928  1.417796172594260E-17
8203.76752234709  1.387594981249336E-17
8207.41800825013  1.464590276154752E-17
8211.06857814775  1.558805817052297E-17
8214.71923172918  1.587439170264188E-17
8218.36996868357  1.560576976179896E-17
8222.02078869996  1.673003560007286E-17
8225.67169146729  1.684034509784048E-17
8229.32267667439  1.768937155037103E-17
8232.97374400998  1.409291597844357E-17
8236.62489316267  1.643553283222438E-17
8240.27612382096  1.597908795277271E-17
8243.92743567322  1.870364883695498E-17
8247.57882840771  1.479600626422384E-17
8251.23030171256  1.770861177141901E-17
8254.88185527578  1.422948515193731E-17
8258.53348878524  1.393437688788043E-17
8262.18520192869  1.489015761590586E-17
8265.83699439375  1.295979682607352E-17
8269.48886586788  1.295899528805996E-17
8273.14081603843  1.467862106349644E-17
8276.79284459259  1.632828224836197E-17
8280.44495121742  1.765002753171556E-17
8284.0971355998  8.863728300067098E-18
8287.74939742648  1.628187907035897E-17
8291.40173638409  2.170973567953599E-17
8295.05415215904  1.517759460696191E-17
8298.70664443763  1.436133112413336E-17
8302.35921290598  1.492933619843882E-17
8306.01185725005  1.582933517467611E-17
8309.66457715561  1.554828070922652E-17
8313.31737230832  1.423034872849681E-17
8316.97024239361  1.272454748704405E-17
8320.62318709675  1.685747104524277E-17
8324.27620610285  1.998787817080683E-17
8327.92929909683  1.497535887336004E-17
8331.58246576341  1.783516047897227E-17
8335.23570578716  1.849203783829044E-17
8338.88901885243  1.143128864962557E-17
8342.54240464339  1.302453611671498E-17
8346.19586284402  1.643580911054897E-17
8349.8493931381  1.967662003247048E-17
8353.50299520921  1.163064083161208E-17
8357.15666874073  1.590755502776035E-17
8360.81041341583  1.427287242942693E-17
8364.46422891749  1.752725903956166E-17
8368.11811492845  1.467662590385896E-17
8371.77207113127  1.696399867324980E-17
8375.42609720827  1.722691968531101E-17
8379.08019284157  1.298889207693946E-17
8382.73435771305  1.657507985592330E-17
8386.38859150438  1.582775691406736E-17
8390.04289389701  1.578031810593745E-17
8393.69726457213  1.849966278917695E-17
8397.35170321075  1.331777908849054E-17
8401.00620949359  1.170360147036170E-17
8404.66078310117  1.865928879506498E-17
8408.31542371375  1.228397868508912E-17
8411.97013101137  1.125026430847140E-17
8415.6249046738  2.073421345901137E-17
8419.27974438057  1.197270483032113E-17
8422.93464981097  1.182338714922673E-17
8426.58962064403  1.579501545106129E-17
8430.24465655852  1.895463694149949E-17
8433.89975723295  1.568846135327466E-17
8437.55492234557  1.364137462566313E-17
8441.21015157438  1.811901412361475E-17
8444.86544459709  1.523291644632945E-17
8448.52080109115  1.537320462385722E-17
8452.17622073376  1.115789056792577E-17
8455.8317032018  1.464626010357214E-17
8459.4872481719  1.143973085495729E-17
8463.14285532042  1.535063417366310E-17
8466.79852432341  1.473271536683496E-17
8470.45425485664  1.202727807123431E-17
8474.11004659562  1.095460762366841E-17
8477.76589921553  1.537061058545626E-17
8481.42181239128  1.620373697225232E-17
8485.07778579748  1.572292169759362E-17
8488.73381910842  9.834852401274766E-18
8492.38991199811  1.256024294761142E-17
8496.04606414026  1.464473147380015E-17
8499.70227520826  1.552860869989878E-17
8503.35854487518  9.232444058112610E-18
8507.0148728138  1.562516218407965E-17
8510.67125869657  1.346733913350442E-17
8514.32770219561  1.528038834168388E-17
8517.98420298275  1.589967861396762E-17
8521.64076072947  1.516240757091543E-17
8525.29737510695  1.426564121651200E-17
8528.95404578599  1.913304160165370E-17
8532.61077243713  1.533441316185094E-17
8536.26755473051  1.521219060890133E-17
8539.92439233596  1.453550227391252E-17
8543.58128492298  1.832885991885211E-17
8547.23823216071  1.490553159477076E-17
8550.89523371796  1.437428477252594E-17
8554.55228926317  1.532767660294230E-17
8558.20939846444  1.406131106159915E-17
8561.86656098953  1.500768178297617E-17
8565.52377650582  1.527828399420554E-17
8569.18104468035  1.425993201592415E-17
8572.83836517978  1.325836518663270E-17
8576.49573767043  1.077269819925881E-17
8580.15316181823  1.508810028212857E-17
8583.81063728874  1.392631187690804E-17
8587.46816374718  1.319488817360599E-17
8591.12574085834  1.645964845580275E-17
8594.78336828669  1.641140562811743E-17
8598.44104569627  1.515476442205545E-17
8602.09877275077  1.705562050661863E-17
8605.75654911348  1.363432539248295E-17
8609.4143744473  1.430587859022902E-17
8613.07224841474  1.878009852352835E-17
8616.73017067792  1.263349475393667E-17
8620.38814089856  1.106785030388815E-17
8624.04615873797  2.253087952797860E-17
8627.70422385708  1.780666245250860E-17
8631.3623359164  1.608825925001746E-17
8635.02049457604  1.150054269205035E-17
8638.67869949568  2.007279984121398E-17
8642.3369503346  1.881109463544193E-17
8645.99524675167  1.588670676760157E-17
8649.65358840534  1.235579946895465E-17
8653.31197495363  1.554645760315646E-17
8656.97040605413  2.558778669303364E-17
8660.62888136403  1.834994309830485E-17
8664.28740054006  9.039562082877495E-18
8667.94596323853  2.115306132526127E-17
8671.60456911534  1.376702666943238E-17
8675.26321782589  1.373979092058346E-17
8678.9219090252  1.339428502334558E-17
8682.58064236783  1.137176969582993E-17
8686.23941750787  1.702113038379762E-17
8689.89823409899  1.460838515768457E-17
8693.5570917944  1.692223597848323E-17
8697.21599024686  1.565603752762380E-17
8700.87492910865  1.482585424944721E-17
8704.53390803163  1.384509349410330E-17
8708.19292666716  1.251800710553446E-17
8711.85198466615  1.526959032596760E-17
8715.51108167905  1.465531442255715E-17
8719.17021735584  1.419135708878228E-17
8722.82939134601  1.231331960859699E-17
8726.48860329859  1.397453485225866E-17
8730.14785286213  1.469336969381827E-17
8733.80713968469  9.618043399640940E-18
8737.46646341385  1.328926782713707E-17
8741.1258236967  1.641930189424486E-17
8744.78522017986  1.809890536292358E-17
8748.44465250943  1.809804344072530E-17
8752.10412033104  1.559733748263459E-17
8755.76362328981  1.443473182296886E-17
8759.42316103035  9.939304633124898E-18
8763.08273319679  1.596026793947591E-17
8766.74233943274  1.732099162765421E-17
8770.4019793813  1.836843058499541E-17
8774.06165268507  1.375663397221627E-17
8777.72135898613  1.207668143331904E-17
8781.38109792604  1.762427905360801E-17
8785.04086914584  1.319208734005189E-17
8788.70067228607  1.323495349375561E-17
8792.36050698671  1.334340100796437E-17
8796.02037288724  1.523059537753063E-17
8799.6802696266  1.111495989413427E-17
8803.34019684321  1.228903689453488E-17
8807.00015417491  1.694654350796371E-17
8810.66014125907  1.666110829399003E-17
8814.32015773247  1.686150603227081E-17
8817.98020323136  1.515143750163176E-17
8821.64027739145  9.193415195270519E-18
8825.30037984789  2.699815445285493E-17
8828.96051023528  1.773643978158653E-17
8832.62066818768  1.598002432122612E-17
8836.28085333858  1.406500028713113E-17
8839.94106532092  9.413369137593269E-18
8843.60130376705  1.371901545231858E-17
8847.26156830879  1.717863384423384E-17
8850.92185857737  1.755360474207147E-17
8854.58217420347  1.268419927112494E-17
8858.24251481717  1.467142955525091E-17
8861.90288004799  1.830820356459542E-17
8865.56326952487  1.251280910256518E-17
8869.22368287618  1.545507234344282E-17
8872.88411972967  1.613126933314777E-17
8876.54457971253  1.776502714355636E-17
8880.20506245137  1.487958955639988E-17
8883.86556757219  1.468580429993586E-17
8887.5260947004  1.683863614269494E-17
8891.18664346081  7.438398497325949E-18
8894.84721347762  1.728176341428450E-17
8898.50780437446  1.478516192639327E-17
8902.16841577431  1.879287846399230E-17
8905.82904729957  1.228576704957346E-17
8909.48969857203  1.186908308780600E-17
8913.15036921286  1.517054868250418E-17
8916.81105884259  1.147683983159764E-17
8920.47176708118  1.079897276423595E-17
8924.13249354793  1.937190820150187E-17
8927.79323786151  1.528384099356067E-17
8931.45399964  1.503081802470927E-17
8935.11477850081  1.215881715942311E-17
8938.77557406075  1.197705249162071E-17
8942.43638593597  1.198348630242515E-17
8946.09721374199  1.659209661548474E-17
8949.75805709368  2.093873221110388E-17
8953.4189156053  1.586005831698756E-17
8957.07978889042  9.122289243119537E-18
8960.74067656198  1.395987390308177E-17
8964.40157823227  1.287786375921953E-17
8968.06249351293  1.632051998549377E-17
8971.72342201493  1.356055080801057E-17
8975.38436334859  1.370247349442874E-17
8979.04531712355  1.477578169824692E-17
8982.70628294881  1.410825521572276E-17
8986.36726043269  8.153049459347263E-18
8990.02824918283  1.444180090848374E-17
8993.6892488062  1.803018485199390E-17
8997.35025890911  9.826849428848316E-18
9001.01127909719  1.190334242723611E-17
9004.67230897534  8.610592834652395E-18
9008.33334814785  1.404267964548200E-17
9011.99439621827  1.411943042579835E-17
9015.65545278946  1.514734957504452E-17
9019.31651746364  1.404143391147950E-17
9022.97758984226  1.382302017945733E-17
9026.63866952614  1.491819076686528E-17
9030.29975611535  1.368671487657900E-17
9033.96084920929  1.345446737599248E-17
9037.62194840662  1.023774229914730E-17
9041.28305330532  7.384996544160138E-18
9044.94416350266  1.127777054538063E-17
9048.60527859517  9.246640958965858E-18
9052.26639817868  1.026750094886450E-17
9055.9275218483  1.220843476128649E-17
9059.58864919842  1.544194002403793E-17
9063.24977982269  1.215493189208595E-17
9066.91091331404  1.280014352322528E-17
9070.57204926469  1.455665659089795E-17
9074.2331872661  1.326743853077179E-17
9077.89432690899  1.154726350740857E-17
9081.55546778337  1.015484060379600E-17
9085.21660947849  1.229793653074534E-17
9088.87775158285  9.153963643135419E-18
9092.53889368421  4.536506633424569E-18
9096.2000353696  1.239801463151630E-17
9099.86117622525  1.434829144895707E-17
9103.52231583669  1.221570071578716E-17
9107.18345378866  1.249447795301039E-17
9110.84458966514  1.298438063387860E-17
9114.50572304936  1.049582016872200E-17
9118.16685352378  1.148063659060926E-17
9121.82798067008  1.240889867401627E-17
9125.48910406918  1.204732644774076E-17
9129.15022330123  1.266941341767555E-17
9132.81133794559  1.180688241446446E-17
9136.47244758085  1.805663147053845E-17
9140.13355178481  1.223634135361219E-17
9143.7946501345  1.114607760159790E-17
9147.45574220615  1.096094134561873E-17
9151.11682757521  1.157832744813239E-17
9154.77790581631  1.478139660024493E-17
9158.43897650333  1.319161667428334E-17
9162.1000392093  9.379362915430602E-18
9165.7610935065  1.141553416767888E-17
9169.42213896636  1.467532888465848E-17
9173.08317515954  1.003422857149903E-17
9176.74420165587  1.505139166090469E-17
9180.40521802437  1.483013573629778E-17
9184.06622383325  1.535695548790423E-17
9187.72721864991  1.246284408484453E-17
9191.38820204091  1.213694815838843E-17
9195.04917357201  1.489547473288335E-17
9198.71013280812  1.467560847170553E-17
9202.37107931335  1.187041484859221E-17
9206.03201265095  1.076478787106097E-17
9209.69293238336  1.203039240624058E-17
9213.35383807217  1.033815540806633E-17
9217.01472927814  9.462466442851356E-18
9220.67560556117  9.065692718428044E-18
9224.33646648035  1.449684150644302E-17
9227.99731159389  1.515613588751106E-17
9231.65814045916  1.478463087644002E-17
9235.31895263269  1.494095477732274E-17
9238.97974767013  1.350773698026028E-17
9242.64052512629  8.392336266946603E-18
9246.30128455512  1.162524430529578E-17
9249.9620255097  1.348548251306016E-17
9253.62274754225  1.222025682660110E-17
9257.28345020411  1.655536483320371E-17
9260.94413304576  1.466584277739373E-17
9264.6047956168  1.349954954655723E-17
9268.26543746595  1.240766121181989E-17
9271.92605814106  1.082383698626868E-17
9275.58665718909  1.475786827490148E-17
9279.24723415611  1.743984424678828E-17
9282.90778858733  1.646487954599653E-17
9286.56832002702  1.593879267641280E-17
9290.22882801861  1.062330110882561E-17
9293.88931210459  1.351051796147969E-17
9297.54977182658  1.772945506849413E-17
9301.21020672529  2.617318075817620E-17
9304.87061634053  1.665565882811454E-17
9308.53100021118  9.016661587618964E-18
9312.19135787525  1.028236786601392E-17
9315.8516888698  2.323959464192423E-17
9319.511992731  -7.931951526237352E-18
9323.17226899409  3.270395243324619E-18
9326.8325171934  1.683912252489512E-17
9330.49273686232  1.416356382020050E-17
9334.15292753334  3.225254136141222E-18
9337.81308873799  1.562722848124981E-17
9341.47322000689  2.410277580909680E-17
9345.13332086972  9.938167259782638E-18
9348.79339085524  1.189266683425050E-17
9352.45342949123  1.521225016590543E-17
9356.11343630457  2.404699240294745E-17
9359.77341082117  1.621688252654701E-17
9363.433352566  2.275358963610238E-17
9367.09326106309  2.187490875861180E-17
9370.7531358355  3.899217241883910E-17
9374.41297640534  2.397042194800464E-17
9378.07278229376  1.527069213054353E-17
9381.73255302097  1.996551120704340E-17
9385.39228810619  2.710538683874386E-17
9389.05198706767  1.390402432248342E-17
9392.71164942272  1.347205819889903E-17
9396.37127468765  2.295215930522940E-17
9400.03086237782  2.278828986279898E-17
9403.69041200758  1.965194027171435E-17
9407.34992309033  1.926425726222299E-17
9411.00939513848  1.278180823776742E-17
9414.66882766345  1.014808171101083E-17
9418.32822017567  9.141051353773463E-18
9421.98757218458  1.815515529893841E-17
9425.64688319863  1.263945128152766E-17
9429.30615272527  1.986024089356744E-17
9432.96538027096  1.694085085098812E-17
9436.62456534115  1.796474824809606E-17
9440.28370744028  4.484570609740325E-17
9443.9428060718  2.075089934632779E-17
9447.60186073813  2.690267299474793E-17
9451.26087094069  2.227612609728574E-17
9454.91983617989  1.208887345516262E-18
9458.57875595511  2.561043820692780E-17
9462.23762976471  2.501742415398240E-17
9465.89645710603  2.124447636347696E-17
9469.55523747539  2.756716868750772E-17
9473.21397036807  -1.074342510456117E-17
9476.87265527832  3.833749535995034E-17
9480.53129169938  2.070098892252757E-17
9484.1898791234  2.199909503833561E-17
9487.84841704156  2.511755933021562E-17
9491.50690494392  1.673129291460393E-17
9495.16534231957  1.722656896073129E-17
9498.8237286565  1.974988176496307E-17
9502.48206344167  2.295753763357223E-17
9506.14034616098  1.643728149203931E-17
9509.79857629928  1.801417559841855E-17
9513.45675334037  2.230173230032794E-17
9517.11487676696  3.052576047367715E-17
9520.77294606073  4.256134757416456E-17
9524.43096070227  3.108314454891743E-17
9528.0889201711  2.232807303975408E-17
9531.74682394569  2.124759318002506E-17
9535.40467150341  2.146861914842168E-17
9539.06246232056  2.141628343106544E-17
9542.72019587237  1.614144200032095E-17
9546.37787163298  4.224740606192109E-17
9550.03548907544  2.429307367209829E-17
9553.69304767171  3.025844547820206E-17
9557.35054689268  2.434741116653690E-17
9561.0079862081  2.255998470501189E-17
9564.66536508669  1.210376911683832E-17
9568.32268299601  2.587444944303634E-17
9571.97993940255  1.846556805868874E-17
9575.63713377168  2.084154014349013E-17
9579.29426556768  1.995231436755073E-17
9582.95133425371  1.595990894309006E-17
9586.6083392918  1.300336939202036E-17
9590.26528014291  1.651314388037778E-17
9593.92215626682  2.109818120034083E-17
9597.57896712224  2.125461428906441E-17
9601.23571216674  2.139704321001747E-17
9604.89239085676  2.430631021626037E-17
9608.5490026476  2.275018330633989E-17
9612.20554699346  1.562757920582953E-17
9615.86202334737  1.836139789542748E-17
9619.51843116125  1.614026905821235E-17
9623.17476988586  2.663458210385827E-17
9626.83103897083  2.083887662191771E-17
9630.48723786464  2.153617829777133E-17
9634.14336601463  1.332582424712823E-17
9637.79942286697  2.082537207123716E-17
9641.45540786669  1.479577630801356E-17
9645.11132045767  1.840525666586627E-17
9648.76716008261  1.616443100390502E-17
9652.42292618308  1.591752089978039E-17
9656.07861819945  2.234004730630139E-17
9659.73423557095  2.472496617660816E-17
9663.38977773563  1.298885650817312E-17
9667.04524413035  2.846562414472199E-17
9670.70063419083  2.150406383766958E-17
9674.3559473516  2.813680992506480E-17
9678.01118304598  1.735032510653657E-17
9681.66634070615  1.340254524894253E-17
9685.32141976307  1.649993711471775E-17
9688.97641964654  2.247294048915294E-17
9692.63133978514  1.774902450742591E-17
9696.28617960629  1.749325529894083E-17
9699.94093853616  1.250450503639576E-17
9703.59561599978  1.746648442559617E-17
9707.25021142095  2.035859074285104E-17
9710.90472422224  8.513076512238518E-18
9714.55915382507  2.004588338408150E-17
