3850.6422664587  3.110905E-17
3853.7082006492  2.602704E-17
3856.7741348397  5.780515E-17
3859.84006903019  2.843015E-17
3862.90600322069  2.029595E-17
3865.97193741119  -8.554531E-19
3869.03787160168  4.095512E-17
3872.10380579218  5.376136E-17
3875.16973998268  2.484698E-17
3878.23567417317  1.699669E-17
3881.30160836367  5.880538E-17
3884.36754255417  5.702023E-17
3887.43347674466  4.414718E-17
3890.49941093516  5.985079E-18
3893.56534512566  4.385605E-17
3896.63127931615  4.418069E-17
3899.69721350665  4.488236E-17
3902.76314769715  6.242943E-17
3905.82908188764  6.521244E-17
3908.89501607814  4.898610E-17
3911.96095026864  3.134342E-18
3915.02688445913  3.157964E-17
3918.09281864963  3.527574E-17
3921.15875284013  5.046456E-17
3924.22468703062  3.582623E-17
3927.29062122112  2.334609E-17
3930.35655541162  5.041380E-17
3933.42248960211  3.086696E-17
3936.48842379261  3.340386E-17
3939.55435798311  3.432021E-17
3942.6202921736  2.180760E-17
3945.6862263641  5.196801E-17
3948.7521605546  1.595726E-17
3951.81809474509  1.323091E-17
3954.88402893559  5.012536E-17
3957.94996312609  5.641547E-17
3961.01589731658  3.903532E-17
3964.08183150708  4.271148E-17
3967.14776569757  4.630516E-17
3970.21369988807  5.410324E-17
3973.27963407857  6.046351E-17
3976.34556826907  5.136477E-17
3979.41150245956  5.683048E-17
3982.47743665006  5.004144E-17
3985.54337084055  6.751355E-17
3988.60930503105  5.270595E-17
3991.67523922155  2.908375E-17
3994.74117341204  3.168941E-17
3997.80710760254  5.224812E-17
4000.87304179304  6.200566E-17
4003.93897598353  3.853916E-17
4007.00491017403  4.529145E-17
4010.07084436453  6.359811E-17
4013.13677855502  4.788136E-17
4016.20271274552  6.359698E-17
4019.26864693602  8.194898E-17
4022.33458112651  6.175192E-17
4025.40051531701  5.034958E-17
4028.46644950751  2.620563E-17
4031.532383698  5.116420E-17
4034.5983178885  7.512129E-17
4037.664252079  5.017242E-17
4040.73018626949  5.475851E-17
4043.79612045999  6.778579E-17
4046.86205465049  8.315007E-17
4049.92798884098  5.448414E-17
4052.99392303148  5.424580E-17
4056.05985722198  7.225055E-17
4059.12579141247  6.355012E-17
4062.19172560297  4.295216E-17
4065.25765979347  4.772716E-17
4068.32359398396  6.127995E-17
4071.38952817446  4.414012E-17
4074.45546236496  7.840380E-17
4077.52139655545  9.238144E-17
4080.58733074595  8.700937E-17
4083.65326493645  6.585084E-17
4086.71919912694  5.040660E-17
4089.78513331744  6.417822E-17
4092.85106750794  6.163456E-17
4095.91700169843  3.253601E-17
4098.98293588893  4.469097E-17
4102.04887007943  6.357052E-17
4105.11480426992  6.255383E-17
4108.18073846042  5.862165E-17
4111.24667265092  5.469782E-17
4114.31260684141  5.495341E-17
4117.37854103191  4.386940E-17
4120.44447522241  3.520376E-17
4123.5104094129  4.759788E-17
4126.5763436034  6.888615E-17
4129.6422777939  5.701609E-17
4132.70821198439  6.521866E-17
4135.77414617489  6.361127E-17
4138.84008036539  7.619879E-17
4141.90601455588  8.050320E-17
4144.97194874638  3.422818E-17
4148.03788293687  4.959231E-17
4151.10381712737  5.869715E-17
4154.16975131787  5.941287E-17
4157.23568550836  4.994119E-17
4160.30161969886  7.361406E-17
4163.36755388936  8.501406E-17
4166.43348807985  5.372407E-17
4169.49942227035  4.676173E-17
4172.56535646085  4.633282E-17
4175.63129065134  5.064568E-17
4178.69722484184  4.348528E-17
4181.76315903234  6.202147E-17
4184.82909322283  6.119587E-17
4187.89502741333  5.552285E-17
4190.96096160383  4.377160E-17
4194.02689579432  5.426367E-17
4197.09282998482  7.451945E-18
4200.15876417532  4.466318E-17
4203.22469836581  3.939456E-17
4206.29063255631  2.677766E-17
4209.35656674681  5.270378E-17
4212.4225009373  4.087185E-17
4215.4884351278  1.053554E-17
4218.5543693183  2.322232E-18
4221.62030350879  4.222011E-17
4224.68623769929  4.115239E-17
4227.75217188979  3.561500E-17
4230.81810608028  3.288048E-17
4233.88404027078  3.662131E-17
4236.94997446128  2.433438E-17
4240.01590865177  4.118058E-17
4243.08184284227  3.582876E-17
4246.14777703277  2.134457E-17
4249.21371122326  2.251043E-17
4252.27964541376  4.658749E-18
4255.34557960426  2.986506E-17
4258.41151379475  2.150468E-17
4261.47744798525  2.092668E-17
4264.54338217575  3.639677E-17
4267.60931636624  2.033271E-17
4270.67525055674  2.849925E-17
4273.74118474724  2.475100E-17
4276.80711893773  4.596404E-18
4279.87305312823  4.924698E-18
4282.93898731872  1.251295E-17
4286.00492150922  1.409844E-17
4289.07085569972  1.317393E-17
4292.13678989022  1.148733E-17
4295.20272408071  2.963834E-17
4298.26865827121  1.338088E-17
4301.33459246171  9.095307E-18
4304.4005266522  1.947426E-17
4307.4664608427  2.652155E-17
4310.53239503319  4.180318E-17
4313.59832922369  2.845024E-17
4316.66426341419  1.974414E-17
4319.73019760468  3.842518E-17
4322.79613179518  4.648500E-17
4325.86206598568  2.732027E-17
4328.92800017618  3.315443E-17
4331.99393436667  3.502954E-17
4335.05986855717  4.593133E-17
4338.12580274766  6.090431E-17
4341.19173693816  6.951882E-17
4344.25767112866  5.950819E-17
4347.32360531915  5.238285E-17
4350.38953950965  4.709150E-17
4353.45547370015  6.159051E-17
4356.52140789064  2.491379E-17
4359.58734208114  1.421331E-17
4362.65327627164  2.323770E-17
4365.71921046213  1.725446E-17
4368.78514465263  3.050877E-17
4371.85107884313  3.747905E-17
4374.91701303362  5.037496E-17
4377.98294722412  3.673518E-17
4381.04888141462  2.477833E-17
4384.11481560511  3.972696E-17
4387.18074979561  4.783375E-17
4390.24668398611  2.374143E-17
4393.3126181766  2.614389E-17
4396.3785523671  3.450752E-17
4399.4444865576  2.207820E-17
4402.51042074809  3.151114E-17
4405.57635493859  5.441200E-17
4408.64228912909  5.061119E-17
4411.70822331958  5.675744E-17
4414.77415751008  4.769560E-17
4417.84009170058  3.017846E-17
4420.90602589107  4.711137E-17
4423.97196008157  5.756329E-17
4427.03789427207  3.966791E-17
4430.10382846256  4.103917E-17
4433.16976265306  3.703750E-17
4436.23569684356  4.546455E-17
4439.30163103405  5.129426E-17
4442.36756522455  4.645132E-17
4445.43349941504  3.591465E-17
4448.49943360554  4.376896E-17
4451.56536779604  5.592898E-17
4454.63130198653  5.984652E-17
4457.69723617703  4.216588E-17
4460.76317036753  2.870069E-17
4463.82910455802  3.544833E-17
4466.89503874852  4.429465E-17
4469.96097293902  5.482515E-17
4473.02690712951  4.965719E-17
4476.09284132001  5.661133E-17
4479.15877551051  5.432225E-17
4482.224709701  3.638147E-17
4485.2906438915  5.403711E-17
4488.356578082  6.728317E-17
4491.4225122725  6.859577E-17
4494.48844646299  6.106560E-17
4497.55438065349  4.971570E-17
4500.62031484398  7.257434E-17
4503.68624903448  7.223069E-17
4506.75218322498  7.436143E-17
4509.81811741547  7.191165E-17
4512.88405160597  6.721309E-17
4515.94998579647  6.242519E-17
4519.01591998696  6.798963E-17
4522.08185417746  5.963614E-17
4525.14778836796  6.363822E-17
4528.21372255845  7.144083E-17
4531.27965674895  5.671275E-17
4534.34559093945  4.864209E-17
4537.41152512994  5.207946E-17
4540.47745932044  5.861040E-17
4543.54339351094  6.851264E-17
4546.60932770143  8.155694E-17
4549.67526189193  6.672832E-17
4552.74119608243  3.930490E-17
4555.80713027292  5.411762E-17
4558.87306446342  7.083948E-17
4561.93899865392  7.052869E-17
4565.00493284441  6.268828E-17
4568.07086703491  5.749867E-17
4571.1368012254  6.285878E-17
4574.2027354159  7.164620E-17
4577.2686696064  6.764060E-17
4580.3346037969  6.399586E-17
4583.40053798739  7.046587E-17
4586.46647217789  5.869400E-17
4589.53240636839  5.605182E-17
4592.59834055888  6.550981E-17
4595.66427474938  5.738853E-17
4598.73020893988  6.336983E-17
4601.79614313037  5.686656E-17
4604.86207732087  7.336350E-17
4607.92801151136  6.875774E-17
4610.99394570186  5.784730E-17
4614.05987989236  5.053635E-17
4617.12581408286  6.083653E-17
4620.19174827335  7.187717E-17
4623.25768246385  6.309936E-17
4626.32361665434  6.428338E-17
4629.38955084484  5.980117E-17
4632.45548503534  5.831744E-17
4635.52141922583  5.197215E-17
4638.58735341633  5.517948E-17
4641.65328760683  6.317035E-17
4644.71922179732  5.520294E-17
4647.78515598782  6.493145E-17
4650.85109017832  7.112308E-17
4653.91702436881  5.754877E-17
4656.98295855931  6.392667E-17
4660.04889274981  6.594424E-17
4663.1148269403  7.145056E-17
4666.1807611308  7.369635E-17
4669.2466953213  6.631811E-17
4672.31262951179  6.237044E-17
4675.37856370229  6.690445E-17
4678.44449789279  7.888145E-17
4681.51043208328  7.541152E-17
4684.57636627378  6.734065E-17
4687.64230046428  6.561483E-17
4690.70823465477  6.713427E-17
4693.77416884527  6.544959E-17
4696.84010303577  6.956793E-17
4699.90603722626  6.604503E-17
4702.97197141676  7.457174E-17
4706.03790560726  7.494707E-17
4709.10383979775  7.236486E-17
4712.16977398825  7.290109E-17
4715.23570817875  8.155751E-17
4718.30164236924  7.097294E-17
4721.36757655974  6.301575E-17
4724.43351075024  6.434765E-17
4727.49944494073  6.804018E-17
4730.56537913123  6.574474E-17
4733.63131332173  6.406534E-17
4736.69724751222  7.230300E-17
4739.76318170272  6.977069E-17
4742.82911589322  6.533095E-17
4745.89505008371  7.607061E-17
4748.96098427421  8.522204E-17
4752.02691846471  6.103831E-17
4755.0928526552  7.001698E-17
4758.1587868457  6.759089E-17
4761.2247210362  7.001857E-17
4764.29065522669  6.731340E-17
4767.35658941719  6.434062E-17
4770.42252360769  6.387343E-17
4773.48845779818  6.273231E-17
4776.55439198868  5.465374E-17
4779.62032617918  5.367348E-17
4782.68626036967  4.932653E-17
4785.75219456017  5.495816E-17
4788.81812875066  6.206476E-17
4791.88406294116  6.102878E-17
4794.94999713166  6.155712E-17
4798.01593132216  6.181963E-17
4801.08186551265  6.340964E-17
4804.14779970315  6.666447E-17
4807.21373389364  6.419521E-17
4810.27966808414  5.403938E-17
4813.34560227464  5.821892E-17
4816.41153646513  5.924381E-17
4819.47747065563  5.996911E-17
4822.54340484613  5.959115E-17
4825.60933903662  6.420303E-17
4828.67527322712  6.198860E-17
4831.74120741762  5.556385E-17
4834.80714160811  5.927233E-17
4837.87307579861  7.616485E-17
4840.93900998911  5.954177E-17
4844.0049441796  6.083671E-17
4847.0708783701  5.791864E-17
4850.1368125606  5.686554E-17
4853.20274675109  5.785902E-17
4856.26868094159  5.677770E-17
4859.33461513209  5.894019E-17
4862.40054932258  5.647511E-17
4865.46648351308  5.860357E-17
4868.53241770358  6.280766E-17
4871.59835189407  5.925211E-17
4874.66428608457  5.197408E-17
4877.73022027507  5.648116E-17
4880.79615446556  6.238845E-17
4883.86208865606  5.596361E-17
4886.92802284656  5.572552E-17
4889.99395703705  5.869114E-17
4893.05989122755  4.878863E-17
4896.12582541805  4.900969E-17
4899.19175960854  5.091797E-17
4902.25769379904  5.313136E-17
4905.32362798954  6.041790E-17
4908.38956218003  5.598941E-17
4911.45549637053  5.774802E-17
4914.52143056103  5.371286E-17
4917.58736475152  4.201020E-17
4920.65329894202  5.445988E-17
4923.71923313251  4.760618E-17
4926.78516732301  4.740443E-17
4929.85110151351  4.796845E-17
4932.91703570401  4.837408E-17
4935.9829698945  5.018489E-17
4939.048904085  4.533876E-17
4942.11483827549  4.674567E-17
4945.18077246599  4.235734E-17
4948.24670665649  5.157140E-17
4951.31264084698  4.565129E-17
4954.37857503748  3.966082E-17
4957.44450922798  4.731887E-17
4960.51044341848  4.752283E-17
4963.57637760897  4.570346E-17
4966.64231179947  4.185544E-17
4969.70824598997  3.697700E-17
4972.77418018046  4.215139E-17
4975.84011437096  4.486554E-17
4978.90604856145  4.400348E-17
4981.97198275195  5.019555E-17
4985.03791694245  4.055213E-17
4988.10385113294  3.597073E-17
4991.16978532344  4.283089E-17
4994.23571951394  4.745845E-17
4997.30165370443  3.906330E-17
5000.36758789493  3.724663E-17
5003.43352208543  4.247029E-17
5006.49945627592  3.773874E-17
5009.56539046642  3.849428E-17
5012.63132465692  4.932854E-17
5015.69725884741  4.312393E-17
5018.76319303791  4.568243E-17
5021.82912722841  4.560058E-17
5024.8950614189  4.876542E-17
5027.9609956094  4.555384E-17
5031.0269297999  4.213962E-17
5034.09286399039  4.772815E-17
5037.15879818089  4.662294E-17
5040.22473237139  4.767894E-17
5043.29066656188  3.754819E-17
5046.35660075238  3.769528E-17
5049.42253494288  3.778251E-17
5052.48846913337  3.864010E-17
5055.55440332387  4.564632E-17
5058.62033751437  4.701365E-17
5061.68627170486  4.957129E-17
5064.75220589536  5.005457E-17
5067.81814008586  4.624844E-17
5070.88407427635  4.586972E-17
5073.95000846685  4.757972E-17
5077.01594265735  4.890587E-17
5080.08187684784  4.600727E-17
5083.14781103834  4.934082E-17
5086.21374522884  5.552346E-17
5089.27967941933  4.886233E-17
5092.34561360983  4.852828E-17
5095.41154780033  5.087504E-17
5098.47748199082  4.473131E-17
5101.54341618132  4.437620E-17
5104.60935037182  4.707665E-17
5107.67528456231  4.638134E-17
5110.74121875281  4.997393E-17
5113.80715294331  4.883669E-17
5116.8730871338  4.739584E-17
5119.9390213243  4.980890E-17
5123.00495551479  4.885876E-17
5126.07088970529  4.738475E-17
5129.13682389579  4.899282E-17
5132.20275808629  5.331598E-17
5135.26869227678  4.851310E-17
5138.33462646728  4.651475E-17
5141.40056065777  4.467691E-17
5144.46649484827  3.731512E-17
5147.53242903877  4.131023E-17
5150.59836322927  4.103940E-17
5153.66429741976  4.444321E-17
5156.73023161026  4.430843E-17
5159.79616580075  3.671488E-17
5162.86209999125  4.662640E-17
5165.92803418175  5.337274E-17
5168.99396837224  5.277466E-17
5172.05990256274  4.840863E-17
5175.12583675324  4.425061E-17
5178.19177094373  5.191512E-17
5181.25770513423  5.705769E-17
5184.32363932473  5.001845E-17
5187.38957351522  4.393379E-17
5190.45550770572  4.562944E-17
5193.52144189622  5.137247E-17
5196.58737608671  5.461939E-17
5199.65331027721  4.860709E-17
5202.71924446771  4.350281E-17
5205.7851786582  4.864930E-17
5208.8511128487  5.444017E-17
5211.9170470392  5.885428E-17
5214.9829812297  5.647676E-17
5218.04891542019  4.793170E-17
5221.11484961069  4.616978E-17
5224.18078380118  5.325365E-17
5227.24671799168  5.421734E-17
5230.31265218218  5.310304E-17
5233.37858637267  5.380637E-17
5236.44452056317  5.861896E-17
5239.51045475367  5.875338E-17
5242.57638894416  5.618175E-17
5245.64232313466  5.683442E-17
5248.70825732516  5.265932E-17
5251.77419151565  5.073708E-17
5254.84012570615  5.794082E-17
5257.90605989665  6.092409E-17
5260.97199408714  5.490377E-17
5264.03792827764  4.626539E-17
5267.10386246814  5.379510E-17
5270.16979665863  5.793948E-17
5273.23573084913  5.127812E-17
5276.30166503963  4.744574E-17
5279.36759923012  5.168937E-17
5282.43353342062  4.783199E-17
5285.49946761112  5.092042E-17
5288.56540180161  5.311884E-17
5291.63133599211  5.554244E-17
5294.6972701826  4.764726E-17
5297.7632043731  4.532767E-17
5300.8291385636  4.644513E-17
5303.8950727541  5.005519E-17
5306.96100694459  5.931393E-17
5310.02694113509  5.284324E-17
5313.09287532558  5.023576E-17
5316.15880951608  5.394563E-17
5319.22474370658  5.790891E-17
5322.29067789708  5.676583E-17
5325.35661208757  6.167115E-17
5328.42254627807  5.910661E-17
5331.48848046856  5.256092E-17
5334.55441465906  5.460512E-17
5337.62034884956  5.809352E-17
5340.68628304005  6.241239E-17
5343.75221723055  6.747221E-17
5346.81815142105  5.457920E-17
5349.88408561154  5.194702E-17
5352.95001980204  5.606818E-17
5356.01595399254  5.601412E-17
5359.08188818303  5.307881E-17
5362.14782237353  4.944179E-17
5365.21375656403  5.375468E-17
5368.27969075452  5.490830E-17
5371.34562494502  4.874069E-17
5374.41155913552  5.269812E-17
5377.47749332601  4.806736E-17
5380.54342751651  4.255388E-17
5383.60936170701  5.060443E-17
5386.6752958975  4.582214E-17
5389.741230088  5.164200E-17
5392.8071642785  4.980280E-17
5395.87309846899  4.183812E-17
5398.93903265949  4.332322E-17
5402.00496684999  5.180765E-17
5405.07090104048  4.924809E-17
5408.13683523098  4.767200E-17
5411.20276942148  4.578497E-17
5414.26870361197  4.095765E-17
5417.33463780247  4.189338E-17
5420.40057199297  4.695528E-17
5423.46650618346  4.226773E-17
5426.53244037396  4.212153E-17
5429.59837456446  4.114500E-17
5432.66430875495  4.713641E-17
5435.73024294545  5.269668E-17
5438.79617713595  4.594182E-17
5441.86211132644  4.243614E-17
5444.92804551694  4.638550E-17
5447.99397970744  4.137594E-17
5451.05991389793  4.232181E-17
5454.12584808843  4.758111E-17
5457.19178227892  4.858404E-17
5460.25771646942  4.564394E-17
5463.32365065992  4.764495E-17
5466.38958485042  4.844542E-17
5469.45551904091  4.857058E-17
5472.52145323141  4.689075E-17
5475.5873874219  4.264225E-17
5478.6533216124  3.698749E-17
5481.7192558029  4.218885E-17
5484.78518999339  4.168812E-17
5487.85112418389  3.794384E-17
5490.91705837439  3.560164E-17
5493.98299256488  4.047885E-17
5497.04892675538  4.695193E-17
5500.11486094588  4.326794E-17
5503.18079513638  3.921919E-17
5506.24672932687  3.345804E-17
5509.31266351737  3.928007E-17
5512.37859770786  4.203742E-17
5515.44453189836  4.268881E-17
5518.51046608886  3.544128E-17
5521.57640027935  3.920884E-17
5524.64233446985  4.278222E-17
5527.70826866035  4.563073E-17
5530.77420285084  3.948737E-17
5533.84013704134  3.393091E-17
5536.90607123184  3.676529E-17
5539.97200542233  4.372427E-17
5543.03793961283  4.628531E-17
5546.10387380333  3.682139E-17
5549.16980799382  4.211472E-17
5552.23574218432  4.033523E-17
5555.30167637482  4.424121E-17
5558.36761056531  4.625534E-17
5561.43354475581  4.397242E-17
5564.49947894631  4.231584E-17
5567.5654131368  3.732294E-17
5570.6313473273  2.083566E-17
5573.6972815178  2.536834E-17
5576.76321570829  1.480225E-17
5579.82914989879  3.136567E-17
5582.89508408928  6.573169E-17
5585.96101827978  5.362891E-17
5589.02695247028  4.351228E-17
5592.09288666078  3.975937E-17
5595.15882085127  3.718655E-17
5598.22475504177  3.623486E-17
5601.29068923227  3.332013E-17
5604.35662342276  3.942781E-17
5607.42255761326  3.603867E-17
5610.48849180376  3.498628E-17
5613.55442599425  4.111999E-17
5616.62036018475  3.726069E-17
5619.68629437524  3.994820E-17
5622.75222856574  3.347819E-17
5625.81816275624  2.749303E-17
5628.88409694673  3.150343E-17
5631.95003113723  3.117280E-17
5635.01596532773  2.730548E-17
5638.08189951823  3.447211E-17
5641.14783370872  2.568632E-17
5644.21376789922  2.652051E-17
5647.27970208972  3.291580E-17
5650.34563628021  3.277043E-17
5653.41157047071  3.315052E-17
5656.4775046612  3.493315E-17
5659.5434388517  4.133442E-17
5662.6093730422  4.638784E-17
5665.67530723269  4.798081E-17
5668.74124142319  4.985753E-17
5671.80717561369  3.766101E-17
5674.87310980418  2.975217E-17
5677.93904399468  3.754094E-17
5681.00497818518  3.637742E-17
5684.07091237567  3.943367E-17
5687.13684656617  3.733432E-17
5690.20278075667  4.696295E-17
5693.26871494716  4.406891E-17
5696.33464913766  3.623879E-17
5699.40058332816  3.471233E-17
5702.46651751865  3.712178E-17
5705.53245170915  3.665524E-17
5708.59838589965  3.794075E-17
5711.66432009014  3.430660E-17
5714.73025428064  3.221014E-17
5717.79618847114  3.770152E-17
5720.86212266163  3.845865E-17
5723.92805685213  3.413451E-17
5726.99399104263  3.699707E-17
5730.05992523312  3.501998E-17
5733.12585942362  3.280054E-17
5736.19179361412  3.275224E-17
5739.25772780461  3.628901E-17
5742.32366199511  3.370434E-17
5745.38959618561  3.256469E-17
5748.4555303761  2.857409E-17
5751.5214645666  2.468704E-17
5754.5873987571  3.318516E-17
5757.65333294759  3.133545E-17
5760.71926713809  3.621283E-17
5763.78520132859  4.190594E-17
5766.85113551908  3.311185E-17
5769.91706970958  3.919199E-17
5772.98300390008  3.949391E-17
5776.04893809057  4.220524E-17
5779.11487228107  3.492829E-17
5782.18080647156  3.828005E-17
5785.24674066206  4.249973E-17
5788.31267485256  4.327269E-17
5791.37860904306  4.450361E-17
5794.44454323355  3.174509E-17
5797.51047742405  2.830101E-17
5800.57641161454  3.011335E-17
5803.64234580504  3.493226E-17
5806.70827999554  3.155066E-17
5809.77421418603  3.409727E-17
5812.84014837653  3.838988E-17
5815.90608256703  4.172176E-17
5818.97201675752  3.466328E-17
5822.03795094802  3.196069E-17
5825.10388513852  4.375202E-17
5828.16981932901  4.572711E-17
5831.23575351951  5.509195E-17
5834.30168771001  7.362089E-17
5837.36762190051  6.198610E-17
5840.433556091  4.559736E-17
5843.4994902815  4.475585E-17
5846.56542447199  4.183374E-17
5849.63135866249  3.966697E-17
5852.69729285299  3.662203E-17
5855.76322704348  4.021231E-17
5858.82916123398  3.672327E-17
5861.89509542448  3.806207E-17
5864.96102961497  4.052035E-17
5868.02696380547  3.210342E-17
5871.09289799597  4.046535E-17
5874.15883218646  4.639793E-17
5877.22476637696  4.845498E-17
5880.29070056746  4.177146E-17
5883.35663475795  3.821705E-17
5886.42256894845  4.883574E-17
5889.48850313895  3.698826E-17
5892.55443732944  3.827226E-17
5895.62037151994  4.518181E-17
5898.68630571044  4.143888E-17
5901.75223990093  4.253988E-17
5904.81817409143  4.401549E-17
5907.88410828193  4.680041E-17
5910.95004247242  4.064971E-17
5914.01597666292  4.258549E-17
5917.08191085341  4.334228E-17
5920.14784504391  3.987864E-17
5923.21377923441  4.023264E-17
5926.27971342491  3.895971E-17
5929.3456476154  4.344400E-17
5932.4115818059  4.003991E-17
5935.47751599639  4.370400E-17
5938.54345018689  4.645262E-17
5941.60938437739  3.498693E-17
5944.67531856789  3.739367E-17
5947.74125275838  4.578089E-17
5950.80718694888  3.992441E-17
5953.87312113938  3.740300E-17
5956.93905532987  3.878387E-17
5960.00498952037  4.562871E-17
5963.07092371086  4.197475E-17
5966.13685790136  3.860168E-17
5969.20279209186  3.839606E-17
5972.26872628236  3.954439E-17
5975.33466047285  3.786311E-17
5978.40059466335  3.984222E-17
5981.46652885384  4.319505E-17
5984.53246304434  4.035644E-17
5987.59839723484  4.679057E-17
5990.66433142533  3.940802E-17
5993.73026561583  3.735805E-17
5996.79619980633  4.926100E-17
5999.86213399682  4.335702E-17
6002.92806818732  4.114580E-17
6005.99400237782  3.937186E-17
6009.05993656831  4.206150E-17
6012.12587075881  4.563598E-17
6015.19180494931  4.193939E-17
6018.2577391398  3.825402E-17
6021.3236733303  3.974291E-17
6024.3896075208  4.232086E-17
6027.45554171129  3.897639E-17
6030.52147590179  3.598012E-17
6033.58741009229  4.494471E-17
6036.65334428278  4.174511E-17
6039.71927847328  3.561352E-17
6042.78521266378  4.155910E-17
6045.85114685427  3.803298E-17
6048.91708104477  4.390091E-17
6051.98301523527  4.010836E-17
6055.04894942576  3.785596E-17
6058.11488361626  4.303011E-17
6061.18081780676  3.605906E-17
6064.24675199725  3.517650E-17
6067.31268618775  3.119286E-17
6070.37862037825  3.205801E-17
6073.44455456874  3.886404E-17
6076.51048875924  3.795264E-17
6079.57642294974  3.242655E-17
6082.64235714023  3.412603E-17
6085.70829133073  3.517832E-17
6088.77422552123  3.673748E-17
6091.84015971172  4.391653E-17
6094.90609390222  3.940713E-17
6097.97202809272  3.283898E-17
6101.03796228321  2.881052E-17
6104.10389647371  2.847613E-17
6107.16983066421  3.207316E-17
6110.2357648547  3.393291E-17
6113.3016990452  2.655696E-17
6116.36763323569  2.559297E-17
6119.43356742619  3.406837E-17
6122.49950161669  3.815208E-17
6125.56543580718  3.607724E-17
6128.63136999768  2.911394E-17
6131.69730418818  2.799004E-17
6134.76323837867  3.370762E-17
6137.82917256917  3.771283E-17
6140.89510675967  3.596692E-17
6143.96104095017  2.846425E-17
6147.02697514066  2.763832E-17
6150.09290933116  3.316369E-17
6153.15884352165  3.294901E-17
6156.22477771215  2.591852E-17
6159.29071190265  3.071807E-17
6162.35664609314  3.424748E-17
6165.42258028364  3.102772E-17
6168.48851447414  3.203925E-17
6171.55444866463  3.393978E-17
6174.62038285513  3.013725E-17
6177.68631704563  3.782485E-17
6180.75225123612  3.843797E-17
6183.81818542662  3.276626E-17
6186.88411961712  3.242601E-17
6189.95005380761  3.161567E-17
6193.01598799811  3.755857E-17
6196.08192218861  3.278631E-17
6199.1478563791  3.614924E-17
6202.2137905696  3.808079E-17
6205.2797247601  3.465905E-17
6208.34565895059  3.764149E-17
6211.41159314109  3.425623E-17
6214.47752733159  3.686319E-17
6217.54346152208  3.548848E-17
6220.60939571258  3.508376E-17
6223.67532990308  3.272800E-17
6226.74126409357  2.985560E-17
6229.80719828407  3.351998E-17
6232.87313247457  2.595781E-17
6235.93906666506  2.668602E-17
6239.00500085556  3.145812E-17
6242.07093504606  3.454238E-17
6245.13686923655  2.906417E-17
6248.20280342705  3.368782E-17
6251.26873761755  3.394002E-17
6254.33467180804  2.848648E-17
6257.40060599854  3.104563E-17
6260.46654018903  3.325749E-17
6263.53247437953  3.699675E-17
6266.59840857003  2.861525E-17
6269.66434276053  2.863451E-17
6272.73027695102  3.370826E-17
6275.79621114152  2.497082E-17
6278.86214533201  2.689500E-17
6281.92807952251  3.376422E-17
6284.99401371301  3.502289E-17
6288.05994790351  3.260349E-17
6291.125882094  1.969777E-17
6294.1918162845  2.689231E-17
6297.25775047499  2.715540E-17
6300.32368466549  2.639201E-17
6303.38961885599  3.355912E-17
6306.45555304648  3.675776E-17
6309.52148723698  3.433907E-17
6312.58742142748  2.947886E-17
6315.65335561797  2.909809E-17
6318.71928980847  2.747217E-17
6321.78522399897  2.185132E-17
6324.85115818946  3.319703E-17
6327.91709237996  3.058595E-17
6330.98302657046  3.302441E-17
6334.04896076095  3.201369E-17
6337.11489495145  3.368745E-17
6340.18082914195  2.788162E-17
6343.24676333244  3.570653E-17
6346.31269752294  3.793102E-17
6349.37863171344  3.060482E-17
6352.44456590393  3.383171E-17
6355.51050009443  3.355756E-17
6358.57643428493  2.879803E-17
6361.64236847542  2.573447E-17
6364.70830266592  3.280682E-17
6367.77423685642  3.574194E-17
6370.84017104691  3.724465E-17
6373.90610523741  4.500013E-17
6376.97203942791  3.743895E-17
6380.0379736184  2.949558E-17
6383.1039078089  3.593406E-17
6386.1698419994  3.377929E-17
6389.23577618989  3.048489E-17
6392.30171038039  3.589053E-17
6395.36764457089  3.562022E-17
6398.43357876138  4.244451E-17
6401.49951295188  3.445968E-17
6404.56544714237  3.143361E-17
6407.63138133287  3.018001E-17
6410.69731552337  3.976096E-17
6413.76324971387  3.744010E-17
6416.82918390436  3.581222E-17
6419.89511809486  3.578585E-17
6422.96105228535  3.050811E-17
6426.02698647585  3.442698E-17
6429.09292066635  3.467625E-17
6432.15885485685  3.946000E-17
6435.22478904734  3.982592E-17
6438.29072323784  4.623102E-17
6441.35665742834  4.764491E-17
6444.42259161883  4.551278E-17
6447.48852580933  3.918010E-17
6450.55445999982  3.448445E-17
6453.62039419032  3.433370E-17
6456.68632838082  3.839099E-17
6459.75226257132  3.051054E-17
6462.81819676181  3.476808E-17
6465.88413095231  4.499870E-17
6468.9500651428  4.160892E-17
6472.0159993333  3.212770E-17
6475.0819335238  3.493436E-17
6478.14786771429  3.460815E-17
6481.21380190479  2.779364E-17
6484.27973609529  3.804317E-17
6487.34567028578  3.897517E-17
6490.41160447628  3.659235E-17
6493.47753866678  2.984085E-17
6496.54347285727  3.630495E-17
6499.60940704777  3.866903E-17
6502.67534123827  3.895655E-17
6505.74127542876  4.047837E-17
6508.80720961926  4.152668E-17
6511.87314380976  4.317010E-17
6514.93907800025  3.636182E-17
6518.00501219075  3.676116E-17
6521.07094638125  3.441209E-17
6524.13688057174  4.276919E-17
6527.20281476224  3.622667E-17
6530.26874895274  3.849793E-17
6533.33468314323  3.637945E-17
6536.40061733373  4.057743E-17
6539.46655152423  4.330323E-17
6542.53248571472  3.535310E-17
6545.59841990522  3.759565E-17
6548.66435409572  3.503429E-17
6551.73028828621  3.367269E-17
6554.79622247671  3.111927E-17
6557.86215666721  3.851168E-17
6560.9280908577  3.310868E-17
6563.9940250482  3.520747E-17
6567.0599592387  2.898540E-17
6570.12589342919  3.475847E-17
6573.19182761969  3.628099E-17
6576.25776181019  3.403832E-17
6579.32369600068  2.816837E-17
6582.38963019118  3.664759E-17
6585.45556438168  3.658185E-17
6588.52149857217  2.968798E-17
6591.58743276267  2.840093E-17
6594.65336695317  3.044385E-17
6597.71930114366  3.649894E-17
6600.78523533416  3.683685E-17
6603.85116952466  3.834378E-17
6606.91710371515  3.935285E-17
6609.98303790565  3.267829E-17
6613.04897209615  2.932228E-17
6616.11490628664  3.860169E-17
6619.18084047714  3.894654E-17
6622.24677466764  4.012211E-17
6625.31270885813  3.206461E-17
6628.37864304863  3.677076E-17
6631.44457723912  3.463206E-17
6634.51051142962  3.298152E-17
6637.57644562012  3.383423E-17
6640.64237981061  2.996050E-17
6643.70831400111  2.549424E-17
6646.77424819161  3.150627E-17
6649.8401823821  3.174013E-17
6652.9061165726  3.671311E-17
6655.9720507631  3.517258E-17
6659.03798495359  4.205140E-17
6662.10391914409  4.345202E-17
6665.16985333459  3.700069E-17
6668.23578752508  3.087443E-17
6671.30172171558  3.368861E-17
6674.36765590608  3.688481E-17
6677.43359009657  3.699517E-17
6680.49952428707  3.565732E-17
6683.56545847757  3.536048E-17
6686.63139266806  3.167507E-17
6689.69732685856  3.241406E-17
6692.76326104906  3.662501E-17
6695.82919523955  3.731371E-17
6698.89512943005  3.882214E-17
6701.96106362054  3.292698E-17
6705.02699781104  3.091873E-17
6708.09293200154  3.242332E-17
6711.15886619204  3.638751E-17
6714.22480038253  3.901751E-17
6717.29073457303  3.582252E-17
6720.35666876353  3.641481E-17
6723.42260295402  3.714085E-17
6726.48853714452  3.182836E-17
6729.55447133502  3.074009E-17
6732.62040552551  3.468487E-17
6735.68633971601  3.359007E-17
6738.7522739065  3.355818E-17
6741.818208097  3.359703E-17
6744.8841422875  3.245226E-17
6747.950076478  3.041284E-17
6751.01601066849  3.098068E-17
6754.08194485899  3.145588E-17
6757.14787904949  3.569299E-17
6760.21381323998  3.503569E-17
6763.27974743048  2.579310E-17
6766.34568162097  2.998129E-17
6769.41161581147  3.184026E-17
6772.47755000197  3.240339E-17
6775.54348419247  2.904888E-17
6778.60941838296  3.090835E-17
6781.67535257346  3.976400E-17
6784.74128676395  4.128945E-17
6787.80722095445  4.039250E-17
6790.87315514495  3.641590E-17
6793.93908933544  3.806117E-17
6797.00502352594  3.673209E-17
6800.07095771644  3.546365E-17
6803.13689190693  3.942776E-17
6806.20282609743  3.903274E-17
6809.26876028793  3.542494E-17
6812.33469447842  3.417466E-17
6815.40062866892  3.341814E-17
6818.46656285942  3.195647E-17
6821.53249704991  2.720440E-17
6824.59843124041  2.440776E-17
6827.66436543091  2.395402E-17
6830.7302996214  2.269517E-17
6833.7962338119  2.878953E-17
6836.8621680024  3.449071E-17
6839.92810219289  3.651726E-17
6842.99403638339  3.521509E-17
6846.05997057389  3.293407E-17
6849.12590476438  3.168877E-17
6852.19183895488  4.548796E-17
6855.25777314538  4.628492E-17
6858.32370733587  4.159189E-17
6861.38964152637  3.593672E-17
6864.45557571687  3.067127E-17
6867.52150990736  3.035862E-17
6870.58744409786  2.557994E-17
6873.65337828836  2.482581E-17
6876.71931247885  2.846814E-17
6879.78524666935  2.970457E-17
6882.85118085985  2.940430E-17
6885.91711505034  3.205612E-17
6888.98304924084  3.028112E-17
6892.04898343134  3.205173E-17
6895.11491762183  3.503599E-17
6898.18085181233  3.212483E-17
6901.24678600282  2.945646E-17
6904.31272019332  2.830990E-17
6907.37865438382  3.095988E-17
6910.44458857432  3.227133E-17
6913.51052276481  3.617710E-17
6916.57645695531  3.627062E-17
6919.6423911458  3.467127E-17
6922.7083253363  3.294053E-17
6925.7742595268  3.598389E-17
6928.8401937173  3.284165E-17
6931.90612790779  3.308101E-17
6934.97206209829  3.624926E-17
6938.03799628878  3.235011E-17
6941.10393047928  2.985293E-17
6944.16986466978  3.157040E-17
6947.23579886027  2.915224E-17
6950.30173305077  2.620850E-17
6953.36766724127  3.452896E-17
6956.43360143176  3.408526E-17
6959.49953562226  3.422020E-17
6962.56546981276  3.243923E-17
6965.63140400325  3.280160E-17
6968.69733819375  2.690652E-17
6971.76327238425  2.591742E-17
6974.82920657474  3.628912E-17
6977.89514076524  4.012601E-17
6980.96107495574  2.765828E-17
6984.02700914623  3.298858E-17
6987.09294333673  2.241950E-17
6990.15887752723  2.613274E-17
6993.22481171773  3.002182E-17
6996.29074590822  2.925621E-17
6999.35668009872  2.918840E-17
7002.42261428921  2.702190E-17
7005.48854847971  2.285859E-17
7008.55448267021  2.744227E-17
7011.6204168607  3.230048E-17
7014.6863510512  2.955632E-17
7017.7522852417  2.582077E-17
7020.81821943219  3.381939E-17
7023.88415362269  2.770937E-17
7026.95008781319  2.710504E-17
7030.01602200368  2.473479E-17
7033.08195619418  2.407654E-17
7036.14789038467  2.636240E-17
7039.21382457517  1.838928E-17
7042.27975876567  2.090485E-17
7045.34569295617  2.285542E-17
7048.41162714666  1.760541E-17
7051.47756133716  1.522819E-17
7054.54349552766  2.513509E-17
7057.60942971815  2.614044E-17
7060.67536390865  2.134383E-17
7063.74129809915  1.889781E-17
7066.80723228964  2.669282E-17
7069.87316648014  2.714787E-17
7072.93910067064  2.556501E-17
7076.00503486113  2.037172E-17
7079.07096905163  2.685191E-17
7082.13690324213  2.611015E-17
7085.20283743262  3.055400E-17
7088.26877162312  2.024846E-17
7091.33470581362  2.255106E-17
7094.40064000411  3.209792E-17
7097.46657419461  2.071547E-17
7100.5325083851  2.072086E-17
7103.5984425756  2.644149E-17
7106.6643767661  2.139529E-17
7109.7303109566  1.712402E-17
7112.79624514709  1.669366E-17
7115.86217933759  2.340053E-17
7118.92811352808  2.249684E-17
7121.99404771858  1.606431E-17
7125.05998190908  2.046012E-17
7128.12591609958  1.910308E-17
7131.19185029007  2.079068E-17
7134.25778448057  3.545090E-17
7137.32371867106  2.777653E-17
7140.38965286156  2.007646E-17
7143.45558705206  2.787118E-17
7146.52152124255  3.087701E-17
7149.58745543305  2.410861E-17
7152.65338962355  2.401778E-17
7155.71932381405  2.583149E-17
7158.78525800454  1.870730E-17
7161.85119219504  3.163138E-17
7164.91712638553  2.894940E-17
7167.98306057603  1.844606E-17
7171.04899476653  1.871482E-17
7174.11492895702  1.619895E-17
7177.18086314752  2.218779E-17
7180.24679733802  2.277210E-17
7183.31273152851  2.072366E-17
7186.37866571901  2.060936E-17
7189.44459990951  2.555005E-17
7192.5105341  2.263359E-17
7195.5764682905  1.926897E-17
7198.642402481  1.984778E-17
7201.70833667149  2.796730E-17
7204.77427086199  2.669465E-17
7207.84020505249  2.550431E-17
7210.90613924298  2.240045E-17
7213.97207343348  2.257974E-17
7217.03800762398  2.469263E-17
7220.10394181447  2.577197E-17
7223.16987600497  2.466429E-17
7226.23581019547  3.292956E-17
7229.30174438596  2.015239E-17
7232.36767857646  1.621830E-17
7235.43361276695  2.281656E-17
7238.49954695745  3.584880E-17
7241.56548114795  3.509377E-17
7244.63141533845  2.202562E-17
7247.69734952894  2.662143E-17
7250.76328371944  2.795969E-17
7253.82921790993  2.960702E-17
7256.89515210043  2.201522E-17
7259.96108629093  3.592753E-17
7263.02702048143  2.500177E-17
7266.09295467192  2.463266E-17
7269.15888886242  2.791019E-17
7272.22482305291  2.700884E-17
7275.29075724341  1.881883E-17
7278.35669143391  1.957418E-17
7281.42262562441  1.688784E-17
7284.4885598149  1.238018E-17
7287.5544940054  3.653483E-17
7290.6204281959  4.403981E-17
7293.68636238639  3.307994E-17
7296.75229657689  3.156544E-17
7299.81823076738  2.825570E-17
7302.88416495788  3.395049E-17
7305.95009914838  2.716641E-17
7309.01603333887  3.800618E-17
