3885.6778478992  4.960326E-17
3888.74431948669  9.390445E-18
3891.81079107417  -3.513893E-19
3894.87726266166  9.674274E-17
3897.94373424914  1.235205E-16
3901.01020583663  1.318313E-16
3904.07667742411  9.065024E-17
3907.1431490116  1.012157E-16
3910.20962059908  9.211572E-17
3913.27609218657  1.697810E-16
3916.34256377405  1.385587E-16
3919.40903536154  2.295190E-16
3922.47550694902  6.753434E-17
3925.54197853651  -1.044267E-17
3928.60845012399  4.544159E-17
3931.67492171147  1.431683E-16
3934.74139329896  -1.261760E-17
3937.80786488644  9.970813E-17
3940.87433647393  1.284694E-16
3943.94080806141  9.592999E-17
3947.0072796489  1.079231E-16
3950.07375123638  8.740994E-17
3953.14022282387  1.472593E-16
3956.20669441135  1.821531E-16
3959.27316599884  2.532025E-16
3962.33963758632  6.796931E-17
3965.40610917381  2.290991E-17
3968.47258076129  3.654615E-17
3971.53905234878  1.346213E-16
3974.60552393626  8.985516E-17
3977.67199552374  3.785666E-17
3980.73846711123  1.285889E-16
3983.80493869872  1.054479E-16
3986.8714102862  1.034010E-16
3989.93788187368  1.229576E-16
3993.00435346117  6.878942E-17
3996.07082504865  2.391794E-17
3999.13729663614  9.407055E-17
4002.20376822362  1.856011E-16
4005.27023981111  1.683398E-16
4008.33671139859  1.020560E-16
4011.40318298608  1.978346E-16
4014.46965457356  1.074017E-16
4017.53612616105  3.793620E-17
4020.60259774853  1.366803E-16
4023.66906933602  1.629204E-16
4026.7355409235  1.260226E-16
4029.80201251099  5.056857E-17
4032.86848409847  2.423537E-17
4035.93495568595  1.054058E-16
4039.00142727344  1.952373E-17
4042.06789886092  2.757373E-17
4045.13437044841  8.445305E-17
4048.20084203589  4.957557E-17
4051.26731362338  -9.295386E-18
4054.33378521086  2.095226E-17
4057.40025679835  1.421156E-16
4060.46672838583  1.512528E-16
4063.53319997332  2.125725E-16
4066.5996715608  1.794011E-16
4069.66614314829  1.222632E-16
4072.73261473577  2.510804E-16
4075.79908632326  1.523878E-16
4078.86555791074  1.174318E-16
4081.93202949823  9.196868E-17
4084.99850108571  1.046857E-16
4088.0649726732  1.584098E-16
4091.13144426068  1.020592E-16
4094.19791584816  6.900222E-17
4097.26438743565  9.629365E-17
4100.33085902313  6.846514E-17
4103.39733061062  1.459112E-16
4106.4638021981  9.374581E-17
4109.53027378559  1.302888E-16
4112.59674537307  1.424045E-16
4115.66321696056  1.222928E-16
4118.72968854804  1.349141E-16
4121.79616013553  9.841487E-17
4124.86263172301  2.170292E-16
4127.9291033105  2.195081E-16
4130.99557489798  2.530793E-16
4134.06204648547  1.606997E-16
4137.12851807295  1.300158E-16
4140.19498966043  1.406977E-16
4143.26146124792  8.803972E-17
4146.3279328354  2.140247E-16
4149.39440442289  1.066777E-16
4152.46087601037  1.690221E-16
4155.52734759786  1.344690E-16
4158.59381918534  1.331994E-16
4161.66029077283  1.671253E-16
4164.72676236031  1.691961E-16
4167.7932339478  8.246653E-17
4170.85970553528  1.469005E-16
4173.92617712277  2.508658E-16
4176.99264871025  3.674877E-16
4180.05912029774  1.979141E-16
4183.12559188522  1.879077E-17
4186.19206347271  7.513999E-17
4189.25853506019  2.177607E-16
4192.32500664768  8.828683E-17
4195.39147823516  5.535291E-17
4198.45794982264  6.794677E-17
4201.52442141013  1.129783E-16
4204.59089299761  1.296567E-16
4207.6573645851  1.390079E-16
4210.72383617258  2.084036E-17
4213.79030776007  1.435073E-16
4216.85677934755  1.973079E-16
4219.92325093504  1.593480E-16
4222.98972252252  1.374205E-16
4226.05619411001  1.956433E-16
4229.12266569749  1.513704E-16
4232.18913728497  1.799375E-16
4235.25560887246  1.916165E-16
4238.32208045994  6.582837E-17
4241.38855204743  1.265567E-16
4244.45502363492  8.664871E-17
4247.5214952224  1.242276E-16
4250.58796680988  1.891766E-16
4253.65443839737  7.550339E-17
4256.72090998485  3.122815E-16
4259.78738157234  2.038588E-16
4262.85385315982  1.309914E-16
4265.92032474731  1.960377E-16
4268.98679633479  2.567701E-16
4272.05326792228  2.866961E-16
4275.11973950976  2.447045E-16
4278.18621109725  2.793146E-16
4281.25268268473  2.263051E-16
4284.31915427222  2.800383E-16
4287.3856258597  1.099949E-16
4290.45209744719  4.159465E-17
4293.51856903467  1.503355E-16
4296.58504062216  1.913052E-16
4299.65151220964  1.306114E-16
4302.71798379713  1.685905E-16
4305.78445538461  1.597611E-16
4308.85092697209  1.544602E-16
4311.91739855958  1.763919E-16
4314.98387014706  1.753320E-16
4318.05034173455  1.082299E-16
4321.11681332203  1.654435E-16
4324.18328490952  2.408226E-16
4327.249756497  2.010245E-16
4330.31622808449  2.006363E-16
4333.38269967197  1.934630E-16
4336.44917125946  1.386633E-16
4339.51564284694  1.280128E-16
4342.58211443443  1.764026E-16
4345.64858602191  2.016131E-16
4348.71505760939  1.649154E-16
4351.78152919688  2.125769E-16
4354.84800078436  1.837915E-16
4357.91447237185  2.818281E-17
4360.98094395933  1.159297E-16
4364.04741554682  1.633933E-16
4367.1138871343  1.966215E-16
4370.18035872179  2.539020E-16
4373.24683030927  2.550760E-16
4376.31330189676  1.704932E-16
4379.37977348424  1.888484E-16
4382.44624507173  2.718903E-16
4385.51271665921  2.334806E-16
4388.5791882467  1.740338E-16
4391.64565983418  2.034333E-16
4394.71213142167  1.774387E-16
4397.77860300915  1.742352E-16
4400.84507459664  1.965906E-16
4403.91154618412  1.317597E-16
4406.9780177716  2.090183E-16
4410.04448935909  1.854367E-16
4413.11096094657  1.675507E-16
4416.17743253406  1.657925E-16
4419.24390412154  2.428478E-16
4422.31037570903  1.468535E-16
4425.37684729651  1.256074E-16
4428.443318884  1.959566E-16
4431.50979047148  8.980562E-17
4434.57626205897  1.242003E-16
4437.64273364645  1.827885E-16
4440.70920523394  2.346282E-16
4443.77567682142  2.292998E-16
4446.84214840891  1.666200E-16
4449.90861999639  2.370022E-16
4452.97509158388  1.915075E-16
4456.04156317136  2.166531E-16
4459.10803475884  1.546655E-16
4462.17450634633  7.396261E-17
4465.24097793381  1.732152E-16
4468.3074495213  1.935771E-16
4471.37392110878  1.849731E-16
4474.44039269627  1.411571E-16
4477.50686428375  1.598101E-16
4480.57333587124  1.970907E-16
4483.63980745872  2.590490E-16
4486.7062790462  2.497869E-16
4489.77275063369  1.591898E-16
4492.83922222118  1.842742E-16
4495.90569380866  2.013383E-16
4498.97216539615  1.820152E-16
4502.03863698363  1.144507E-16
4505.10510857111  1.163181E-16
4508.1715801586  1.311987E-16
4511.23805174608  1.946552E-16
4514.30452333357  1.818876E-16
4517.37099492105  6.774654E-17
4520.43746650854  1.321328E-16
4523.50393809602  2.011936E-16
4526.57040968351  1.479118E-16
4529.63688127099  1.655406E-16
4532.70335285848  2.258744E-16
4535.76982444596  2.386586E-16
4538.83629603345  1.181200E-16
4541.90276762093  7.915754E-17
4544.96923920842  1.669832E-16
4548.0357107959  1.747825E-16
4551.10218238339  1.772777E-16
4554.16865397087  1.394428E-16
4557.23512555835  1.610253E-16
4560.30159714584  1.820952E-16
4563.36806873332  1.469050E-16
4566.43454032081  1.287804E-16
4569.50101190829  1.369857E-16
4572.56748349578  1.298458E-16
4575.63395508326  1.194836E-16
4578.70042667075  1.314866E-16
4581.76689825823  1.458305E-16
4584.83336984572  1.540830E-16
4587.8998414332  1.600922E-16
4590.96631302069  1.640158E-16
4594.03278460817  1.557036E-16
4597.09925619565  1.799399E-16
4600.16572778314  1.422221E-16
4603.23219937062  1.066912E-16
4606.29867095811  1.466813E-16
4609.36514254559  2.292974E-16
4612.43161413308  2.312839E-16
4615.49808572056  1.777891E-16
4618.56455730805  1.691809E-16
4621.63102889553  1.548488E-16
4624.69750048302  1.341810E-16
4627.7639720705  1.566802E-16
4630.83044365799  1.559718E-16
4633.89691524547  1.172002E-16
4636.96338683296  1.174909E-16
4640.02985842044  1.308520E-16
4643.09633000793  1.124317E-16
4646.16280159541  1.627737E-16
4649.2292731829  2.018960E-16
4652.29574477038  1.555435E-16
4655.36221635787  1.266737E-16
4658.42868794535  1.648806E-16
4661.49515953284  1.589014E-16
4664.56163112032  1.278753E-16
4667.6281027078  1.987293E-16
4670.69457429529  2.029758E-16
4673.76104588277  1.927469E-16
4676.82751747026  1.721051E-16
4679.89398905774  1.343084E-16
4682.96046064523  1.225282E-16
4686.02693223271  1.386418E-16
4689.0934038202  1.326189E-16
4692.15987540768  1.212923E-16
4695.22634699517  1.654620E-16
4698.29281858265  1.526999E-16
4701.35929017014  1.729850E-16
4704.42576175762  1.720514E-16
4707.49223334511  1.543893E-16
4710.55870493259  1.948852E-16
4713.62517652007  2.368626E-16
4716.69164810756  1.395411E-16
4719.75811969504  1.600322E-16
4722.82459128253  2.021550E-16
4725.89106287001  1.619228E-16
4728.9575344575  1.562784E-16
4732.02400604498  1.597641E-16
4735.09047763247  1.413881E-16
4738.15694921995  1.375085E-16
4741.22342080744  1.133440E-16
4744.28989239492  1.381875E-16
4747.35636398241  1.567425E-16
4750.42283556989  1.562039E-16
4753.48930715738  1.476323E-16
4756.55577874486  1.383397E-16
4759.62225033235  1.637557E-16
4762.68872191983  1.140652E-16
4765.75519350731  1.632241E-16
4768.8216650948  1.678311E-16
4771.88813668228  1.740713E-16
4774.95460826977  7.900273E-17
4778.02107985725  1.478387E-16
4781.08755144474  1.400460E-16
4784.15402303222  9.951580E-17
4787.22049461971  1.580137E-16
4790.28696620719  1.968897E-16
4793.35343779468  1.055354E-16
4796.41990938216  1.772988E-16
4799.48638096965  1.033569E-16
4802.55285255713  1.370910E-16
4805.61932414462  1.524903E-16
4808.6857957321  1.567765E-16
4811.75226731959  1.249811E-16
4814.81873890707  9.600394E-17
4817.88521049455  1.426149E-16
4820.95168208204  1.698454E-16
4824.01815366952  1.231226E-16
4827.08462525701  5.745281E-17
4830.15109684449  1.565282E-16
4833.21756843198  1.439006E-16
4836.28404001946  1.503413E-16
4839.35051160695  1.720118E-16
4842.41698319443  1.105998E-16
4845.48345478192  1.482273E-16
4848.5499263694  1.327245E-16
4851.61639795689  1.691988E-16
4854.68286954437  1.404827E-16
4857.74934113185  1.715619E-16
4860.81581271934  8.447803E-17
4863.88228430682  1.005794E-16
4866.94875589431  9.395745E-17
4870.0152274818  1.469777E-16
4873.08169906928  1.579927E-16
4876.14817065676  1.116616E-16
4879.21464224425  1.032035E-16
4882.28111383173  1.406607E-16
4885.34758541922  1.624637E-16
4888.4140570067  1.198307E-16
4891.48052859419  1.305697E-16
4894.54700018167  1.059561E-16
4897.61347176916  8.660054E-17
4900.67994335664  1.415471E-16
4903.74641494413  1.093055E-16
4906.81288653161  1.269342E-16
4909.8793581191  1.862256E-16
4912.94582970658  1.495632E-16
4916.01230129406  1.265093E-16
4919.07877288155  1.701806E-16
4922.14524446904  1.805861E-16
4925.21171605652  1.730557E-16
4928.278187644  2.049407E-16
4931.34465923149  1.767735E-16
4934.41113081897  2.108523E-16
4937.47760240646  1.342327E-16
4940.54407399394  7.702934E-17
4943.61054558143  6.895154E-17
4946.67701716891  1.427823E-16
4949.7434887564  1.488833E-16
4952.80996034388  1.239223E-16
4955.87643193137  1.188543E-16
4958.94290351885  1.535476E-16
4962.00937510634  1.482434E-16
4965.07584669382  1.391722E-16
4968.1423182813  1.889677E-16
4971.20878986879  1.290183E-16
4974.27526145627  1.379799E-16
4977.34173304376  1.541652E-16
4980.40820463124  1.606646E-16
4983.47467621873  1.890859E-16
4986.54114780621  1.520787E-16
4989.6076193937  1.522456E-16
4992.67409098118  1.336192E-16
4995.74056256867  1.265657E-16
4998.80703415615  1.482371E-16
5001.87350574364  1.358482E-16
5004.93997733112  1.447828E-16
5008.00644891861  1.554688E-16
5011.07292050609  1.557734E-16
5014.13939209358  1.214851E-16
5017.20586368106  1.250279E-16
5020.27233526855  1.498217E-16
5023.33880685603  2.146722E-16
5026.40527844351  1.787008E-16
5029.471750031  1.305494E-16
5032.53822161848  1.946248E-16
5035.60469320597  1.591740E-16
5038.67116479345  1.672494E-16
5041.73763638094  1.538409E-16
5044.80410796842  1.776377E-16
5047.87057955591  2.009122E-16
5050.93705114339  1.494176E-16
5054.00352273088  1.875241E-16
5057.06999431836  1.888975E-16
5060.13646590585  1.577510E-16
5063.20293749333  1.736787E-16
5066.26940908082  1.692556E-16
5069.3358806683  1.739434E-16
5072.40235225579  1.761899E-16
5075.46882384327  1.569997E-16
5078.53529543076  1.467656E-16
5081.60176701824  1.906035E-16
5084.66823860572  1.862205E-16
5087.73471019321  1.992213E-16
5090.80118178069  2.180154E-16
5093.86765336818  1.905562E-16
5096.93412495566  1.894110E-16
5100.00059654315  2.180182E-16
5103.06706813063  2.562563E-16
5106.13353971812  1.729889E-16
5109.2000113056  1.902863E-16
5112.26648289309  2.338945E-16
5115.33295448057  1.746893E-16
5118.39942606806  1.308855E-16
5121.46589765554  1.873886E-16
5124.53236924303  2.354612E-16
5127.59884083051  2.158070E-16
5130.66531241799  2.046575E-16
5133.73178400548  2.380386E-16
5136.79825559297  1.854125E-16
5139.86472718045  1.363245E-16
5142.93119876793  1.733481E-16
5145.99767035542  2.071425E-16
5149.0641419429  2.051328E-16
5152.13061353039  1.881965E-16
5155.19708511787  1.666720E-16
5158.26355670536  2.073615E-16
5161.33002829284  2.021281E-16
5164.39649988033  1.794133E-16
5167.46297146781  1.854604E-16
5170.5294430553  2.097737E-16
5173.59591464278  1.847967E-16
5176.66238623027  1.607268E-16
5179.72885781775  1.765043E-16
5182.79532940523  1.660390E-16
5185.86180099272  1.757833E-16
5188.9282725802  1.767590E-16
5191.99474416769  1.767169E-16
5195.06121575517  1.738944E-16
5198.12768734266  1.849129E-16
5201.19415893014  1.990042E-16
5204.26063051763  1.754735E-16
5207.32710210511  1.703625E-16
5210.3935736926  1.519212E-16
5213.46004528008  1.610591E-16
5216.52651686757  1.810319E-16
5219.59298845505  1.263443E-16
5222.65946004253  1.643049E-16
5225.72593163002  1.960294E-16
5228.79240321751  1.678186E-16
5231.85887480499  1.910745E-16
5234.92534639247  1.424808E-16
5237.99181797996  1.257923E-16
5241.05828956744  1.359559E-16
5244.12476115493  1.207249E-16
5247.19123274241  1.353008E-16
5250.2577043299  1.474782E-16
5253.32417591738  1.441182E-16
5256.39064750487  1.494894E-16
5259.45711909235  1.506911E-16
5262.52359067984  1.013662E-16
5265.59006226732  9.858245E-17
5268.65653385481  1.386031E-16
5271.72300544229  1.435632E-16
5274.78947702978  1.608356E-16
5277.85594861726  1.735838E-16
5280.92242020474  1.335950E-16
5283.98889179223  1.445465E-16
5287.05536337971  1.414457E-16
5290.1218349672  1.329204E-16
5293.18830655468  1.718172E-16
5296.25477814217  1.726452E-16
5299.32124972965  1.536610E-16
5302.38772131714  1.080300E-16
5305.45419290462  1.295256E-16
5308.52066449211  1.568783E-16
5311.58713607959  1.726810E-16
5314.65360766708  1.788152E-16
5317.72007925456  1.258664E-16
5320.78655084205  1.329542E-16
5323.85302242953  1.760746E-16
5326.91949401702  1.324311E-16
5329.9859656045  1.369668E-16
5333.05243719198  1.579587E-16
5336.11890877947  1.424545E-16
5339.18538036695  1.443804E-16
5342.25185195444  1.347383E-16
5345.31832354192  1.199853E-16
5348.38479512941  1.137883E-16
5351.45126671689  1.217508E-16
5354.51773830438  1.418256E-16
5357.58420989186  1.420049E-16
5360.65068147935  1.512584E-16
5363.71715306683  1.450613E-16
5366.78362465432  1.316398E-16
5369.8500962418  1.253770E-16
5372.91656782929  1.392377E-16
5375.98303941677  1.486645E-16
5379.04951100426  1.602469E-16
5382.11598259174  1.732403E-16
5385.18245417923  1.667384E-16
5388.24892576671  1.600015E-16
5391.3153973542  1.687660E-16
5394.38186894168  1.847125E-16
5397.44834052916  1.666578E-16
5400.51481211665  1.532802E-16
5403.58128370413  1.321444E-16
5406.64775529162  1.292686E-16
5409.7142268791  1.376036E-16
5412.78069846659  1.601833E-16
5415.84717005407  1.599651E-16
5418.91364164156  1.291577E-16
5421.98011322904  1.748540E-16
5425.04658481653  1.861157E-16
5428.11305640401  1.568231E-16
5431.1795279915  1.625886E-16
5434.24599957898  1.489268E-16
5437.31247116647  1.611233E-16
5440.37894275395  1.453780E-16
5443.44541434143  1.491058E-16
5446.51188592892  1.671841E-16
5449.5783575164  1.422299E-16
5452.64482910389  1.348924E-16
5455.71130069137  1.717201E-16
5458.77777227886  1.878592E-16
5461.84424386634  1.649795E-16
5464.91071545383  1.973938E-16
5467.97718704131  1.557642E-16
5471.0436586288  1.676952E-16
5474.11013021628  2.061527E-16
5477.17660180377  1.687395E-16
5480.24307339125  1.792420E-16
5483.30954497874  1.925487E-16
5486.37601656622  1.677474E-16
5489.44248815371  1.536552E-16
5492.50895974119  1.747380E-16
5495.57543132867  1.743072E-16
5498.64190291616  1.707483E-16
5501.70837450365  1.600901E-16
5504.77484609113  1.575557E-16
5507.84131767861  1.663708E-16
5510.9077892661  1.318162E-16
5513.97426085358  1.214502E-16
5517.04073244107  1.489590E-16
5520.10720402855  1.619464E-16
5523.17367561604  1.550191E-16
5526.24014720352  1.359394E-16
5529.30661879101  1.300579E-16
5532.37309037849  1.545364E-16
5535.43956196597  1.520801E-16
5538.50603355346  1.238113E-16
5541.57250514094  1.592779E-16
5544.63897672843  1.778856E-16
5547.70544831591  1.718369E-16
5550.7719199034  1.835313E-16
5553.83839149088  1.371875E-16
5556.90486307837  1.238694E-16
5559.97133466585  1.468063E-16
5563.03780625334  1.483819E-16
5566.10427784082  1.389437E-16
5569.17074942831  1.342196E-16
5572.23722101579  1.979368E-16
5575.30369260328  2.221740E-16
5578.37016419076  1.310027E-16
5581.43663577825  1.458644E-16
5584.50310736573  2.194327E-16
5587.56957895322  2.009238E-16
5590.6360505407  1.507483E-16
5593.70252212818  1.628651E-16
5596.76899371567  1.737938E-16
5599.83546530315  1.438502E-16
5602.90193689064  1.497622E-16
5605.96840847812  1.416403E-16
5609.03488006561  1.376292E-16
5612.10135165309  1.611116E-16
5615.16782324058  1.747821E-16
5618.23429482806  1.609972E-16
5621.30076641555  1.555847E-16
5624.36723800303  1.604213E-16
5627.43370959052  1.445237E-16
5630.500181178  1.466302E-16
5633.56665276549  1.667997E-16
5636.63312435297  1.467015E-16
5639.69959594046  1.266773E-16
5642.76606752794  1.405256E-16
5645.83253911543  1.642613E-16
5648.89901070291  1.550226E-16
5651.9654822904  1.292182E-16
5655.03195387788  1.401324E-16
5658.09842546536  1.834061E-16
5661.16489705285  1.712442E-16
5664.23136864033  1.668887E-16
5667.29784022782  1.745541E-16
5670.3643118153  1.263671E-16
5673.43078340279  1.250089E-16
5676.49725499027  1.130106E-16
5679.56372657776  1.320105E-16
5682.63019816524  1.649290E-16
5685.69666975273  1.315712E-16
5688.76314134021  1.088237E-16
5691.8296129277  1.199093E-16
5694.89608451518  1.579090E-16
5697.96255610266  1.557244E-16
5701.02902769015  1.417762E-16
5704.09549927764  1.465354E-16
5707.16197086512  1.317985E-16
5710.2284424526  1.266711E-16
5713.29491404009  1.077270E-16
5716.36138562757  1.413930E-16
5719.42785721506  1.576545E-16
5722.49432880254  1.409151E-16
5725.56080039003  1.421850E-16
5728.62727197751  1.333951E-16
5731.693743565  1.362791E-16
5734.76021515248  1.422717E-16
5737.82668673997  1.227174E-16
5740.89315832745  1.089271E-16
5743.95962991494  1.235917E-16
5747.02610150242  1.236482E-16
5750.09257308991  1.534816E-16
5753.15904467739  1.492532E-16
5756.22551626488  1.223045E-16
5759.29198785236  1.112672E-16
5762.35845943984  1.239913E-16
5765.42493102733  1.400436E-16
5768.49140261481  1.418624E-16
5771.5578742023  1.393301E-16
5774.62434578978  1.477286E-16
5777.69081737727  1.600276E-16
5780.75728896475  1.431555E-16
5783.82376055224  1.668229E-16
5786.89023213972  1.832155E-16
5789.9567037272  1.760586E-16
5793.02317531469  1.675083E-16
5796.08964690218  1.541158E-16
5799.15611848966  1.657814E-16
5802.22259007715  1.740503E-16
5805.28906166463  1.655683E-16
5808.35553325211  1.653256E-16
5811.4220048396  1.881151E-16
5814.48847642708  1.955196E-16
5817.55494801457  1.726022E-16
5820.62141960205  1.790629E-16
5823.68789118954  1.714522E-16
5826.75436277702  1.488129E-16
5829.82083436451  1.624427E-16
5832.88730595199  1.598141E-16
5835.95377753948  1.554587E-16
5839.02024912696  1.568434E-16
5842.08672071445  1.691469E-16
5845.15319230193  1.786465E-16
5848.21966388942  1.712100E-16
5851.2861354769  1.827993E-16
5854.35260706439  1.854602E-16
5857.41907865187  1.813179E-16
5860.48555023935  1.671023E-16
5863.55202182684  1.419964E-16
5866.61849341432  1.594020E-16
5869.68496500181  1.890917E-16
5872.75143658929  1.693234E-16
5875.81790817678  1.398930E-16
5878.88437976426  1.419222E-16
5881.95085135175  1.470324E-16
5885.01732293923  1.422058E-16
5888.08379452672  1.706364E-16
5891.1502661142  1.992175E-16
5894.21673770169  1.556688E-16
5897.28320928917  1.570965E-16
5900.34968087666  1.464368E-16
5903.41615246414  1.376481E-16
5906.48262405163  1.505766E-16
5909.54909563911  1.487571E-16
5912.61556722659  1.230002E-16
5915.68203881408  1.505263E-16
5918.74851040156  1.726588E-16
5921.81498198905  1.545507E-16
5924.88145357653  1.506022E-16
5927.94792516402  1.512787E-16
5931.0143967515  1.568290E-16
5934.08086833899  1.478946E-16
5937.14733992647  1.418642E-16
5940.21381151396  1.687463E-16
5943.28028310144  1.844884E-16
5946.34675468893  1.759111E-16
5949.41322627641  1.762651E-16
5952.4796978639  1.859467E-16
5955.54616945138  1.628043E-16
5958.61264103886  1.434773E-16
5961.67911262635  1.461300E-16
5964.74558421383  1.478877E-16
5967.81205580132  1.440937E-16
5970.8785273888  1.490225E-16
5973.94499897629  1.764161E-16
5977.01147056377  1.857995E-16
5980.07794215126  1.428015E-16
5983.14441373874  1.437971E-16
5986.21088532623  1.557786E-16
5989.27735691371  1.301095E-16
5992.3438285012  1.275389E-16
5995.41030008868  1.454142E-16
5998.47677167617  1.611907E-16
6001.54324326365  1.526881E-16
6004.60971485114  1.521635E-16
6007.67618643862  1.748238E-16
6010.74265802611  1.731217E-16
6013.80912961359  1.743723E-16
6016.87560120108  1.541926E-16
6019.94207278856  1.462735E-16
6023.00854437604  1.583395E-16
6026.07501596353  1.395811E-16
6029.14148755101  1.154897E-16
6032.2079591385  1.213330E-16
6035.27443072598  1.437183E-16
6038.34090231347  1.532521E-16
6041.40737390095  1.341295E-16
6044.47384548844  1.556512E-16
6047.54031707592  1.341476E-16
6050.60678866341  1.316705E-16
6053.67326025089  1.694914E-16
6056.73973183838  1.526703E-16
6059.80620342586  1.522711E-16
6062.87267501334  1.565046E-16
6065.93914660083  1.550105E-16
6069.00561818831  1.325031E-16
6072.0720897758  1.535647E-16
6075.13856136328  1.493186E-16
6078.20503295077  1.271058E-16
6081.27150453825  1.262436E-16
6084.33797612574  1.843972E-16
6087.40444771322  1.988384E-16
6090.47091930071  1.535756E-16
6093.53739088819  1.407158E-16
6096.60386247568  1.490274E-16
6099.67033406316  1.105761E-16
6102.73680565065  1.586814E-16
6105.80327723813  1.628148E-16
6108.86974882562  1.381162E-16
6111.9362204131  1.525083E-16
6115.00269200058  1.303942E-16
6118.06916358807  1.342242E-16
6121.13563517555  1.541047E-16
6124.20210676304  1.370324E-16
6127.26857835052  1.125410E-16
6130.33504993801  1.180768E-16
6133.40152152549  1.324150E-16
6136.46799311298  1.187528E-16
6139.53446470046  1.274232E-16
6142.60093628795  1.261939E-16
6145.66740787543  1.109984E-16
6148.73387946292  1.263958E-16
6151.8003510504  1.261148E-16
6154.86682263789  1.071311E-16
6157.93329422537  1.390857E-16
6160.99976581286  1.498085E-16
6164.06623740034  1.466922E-16
6167.13270898783  1.373527E-16
6170.19918057531  1.364295E-16
6173.26565216279  1.425340E-16
6176.33212375028  1.128814E-16
6179.39859533776  1.320610E-16
6182.46506692525  1.422312E-16
6185.53153851273  1.185771E-16
6188.59801010022  1.118250E-16
6191.6644816877  1.103808E-16
6194.73095327519  1.065896E-16
6197.79742486267  1.304003E-16
6200.86389645016  1.280800E-16
6203.93036803764  1.430660E-16
6206.99683962513  1.589869E-16
6210.06331121261  1.589222E-16
6213.12978280009  1.248914E-16
6216.19625438758  9.128265E-17
6219.26272597506  1.307545E-16
6222.32919756255  1.175680E-16
6225.39566915003  1.492851E-16
6228.46214073752  1.350991E-16
6231.528612325  1.316388E-16
6234.59508391249  1.083699E-16
6237.66155549997  1.003504E-16
6240.72802708746  1.383901E-16
6243.79449867494  1.362669E-16
6246.86097026243  1.307578E-16
6249.92744184991  1.448662E-16
6252.9939134374  1.254864E-16
6256.06038502488  9.523996E-17
6259.12685661237  1.204042E-16
6262.19332819985  1.425113E-16
6265.25979978734  1.293728E-16
6268.32627137482  1.306630E-16
6271.39274296231  1.160140E-16
6274.45921454979  1.169926E-16
6277.52568613727  1.042509E-16
6280.59215772476  1.113043E-16
6283.65862931224  1.363614E-16
6286.72510089973  1.090506E-16
6289.79157248721  1.559466E-16
6292.8580440747  1.458814E-16
6295.92451566218  1.376510E-16
6298.99098724967  1.505576E-16
6302.05745883715  1.294135E-16
6305.12393042464  1.345559E-16
6308.19040201212  1.606947E-16
6311.25687359961  1.879430E-16
6314.32334518709  1.378290E-16
6317.38981677457  1.107484E-16
6320.45628836206  9.751923E-17
6323.52275994955  1.292020E-16
6326.58923153703  1.313304E-16
6329.65570312451  1.370608E-16
6332.722174712  1.419528E-16
6335.78864629948  9.524817E-17
6338.85511788697  1.094911E-16
6341.92158947445  1.309811E-16
6344.98806106194  9.299377E-17
6348.05453264942  1.242334E-16
6351.12100423691  1.352148E-16
6354.18747582439  9.928303E-17
6357.25394741188  1.006248E-16
6360.32041899936  1.044297E-16
6363.38689058685  1.114866E-16
6366.45336217433  1.257418E-16
6369.51983376182  1.280304E-16
6372.5863053493  1.056661E-16
6375.65277693679  1.214828E-16
6378.71924852427  1.162446E-16
6381.78572011175  1.085942E-16
6384.85219169924  1.225849E-16
6387.91866328672  1.195860E-16
6390.98513487421  9.492035E-17
6394.05160646169  7.877991E-17
6397.11807804918  8.177864E-17
6400.18454963666  1.139211E-16
6403.25102122415  8.798205E-17
6406.31749281163  8.783423E-17
6409.38396439912  9.478100E-17
6412.4504359866  1.283501E-16
6415.51690757409  1.233859E-16
6418.58337916157  1.236479E-16
6421.64985074905  1.273670E-16
6424.71632233654  1.410306E-16
6427.78279392402  1.395318E-16
6430.84926551151  9.771628E-17
6433.91573709899  1.073775E-16
6436.98220868648  1.174037E-16
6440.04868027396  1.321154E-16
6443.11515186145  1.277188E-16
6446.18162344893  1.314996E-16
6449.24809503642  1.312809E-16
6452.3145666239  1.036763E-16
6455.38103821139  1.185740E-16
6458.44750979887  1.477802E-16
6461.51398138636  1.208324E-16
6464.58045297384  1.224786E-16
6467.64692456132  1.340467E-16
6470.71339614881  1.700691E-16
6473.7798677363  1.130472E-16
6476.84633932378  1.207000E-16
6479.91281091126  1.116074E-16
6482.97928249875  1.298170E-16
6486.04575408623  1.611827E-16
6489.11222567372  1.059024E-16
6492.1786972612  1.196007E-16
6495.24516884869  1.294465E-16
6498.31164043617  1.342085E-16
6501.37811202366  1.346741E-16
6504.44458361114  1.736631E-16
6507.51105519863  1.352758E-16
6510.57752678611  1.273186E-16
6513.6439983736  1.367068E-16
6516.71046996108  1.499690E-16
6519.77694154857  1.070775E-16
6522.84341313605  8.873297E-17
6525.90988472354  9.936331E-17
6528.97635631102  1.311143E-16
6532.0428278985  1.492327E-16
6535.10929948599  1.441659E-16
6538.17577107347  1.221400E-16
6541.24224266096  1.042856E-16
6544.30871424844  1.003415E-16
6547.37518583593  1.374272E-16
6550.44165742341  1.264821E-16
6553.5081290109  1.339563E-16
6556.57460059838  1.304556E-16
6559.64107218587  1.139466E-16
6562.70754377335  1.377748E-16
6565.77401536084  1.471623E-16
6568.84048694832  1.249630E-16
6571.9069585358  1.224198E-16
6574.97343012329  1.283438E-16
6578.03990171077  1.453618E-16
6581.10637329826  1.154817E-16
6584.17284488575  1.027625E-16
6587.23931647323  9.506035E-17
6590.30578806071  1.182825E-16
6593.3722596482  1.156636E-16
6596.43873123568  9.011718E-17
6599.50520282317  9.492080E-17
6602.57167441065  1.216719E-16
6605.63814599814  9.895272E-17
6608.70461758562  1.064008E-16
6611.77108917311  1.190173E-16
6614.83756076059  1.152785E-16
6617.90403234808  1.189164E-16
6620.97050393556  9.627947E-17
6624.03697552305  1.108881E-16
6627.10344711053  1.348006E-16
6630.16991869802  1.194090E-16
6633.2363902855  1.245820E-16
6636.30286187299  1.167097E-16
6639.36933346047  1.251741E-16
6642.43580504795  1.100173E-16
6645.50227663544  9.474753E-17
6648.56874822292  1.014637E-16
6651.63521981041  9.947567E-17
6654.70169139789  1.023779E-16
6657.76816298538  1.053555E-16
6660.83463457286  1.066118E-16
6663.90110616035  1.310958E-16
6666.96757774783  1.103597E-16
6670.03404933532  1.021519E-16
6673.1005209228  1.362885E-16
6676.16699251029  1.427922E-16
6679.23346409777  1.022973E-16
6682.29993568525  1.004449E-16
6685.36640727274  1.210824E-16
6688.43287886022  1.036174E-16
6691.49935044771  9.929530E-17
6694.56582203519  9.449611E-17
6697.63229362268  1.046485E-16
6700.69876521016  1.188462E-16
6703.76523679765  1.149653E-16
6706.83170838513  1.037607E-16
6709.89817997262  1.081633E-16
6712.9646515601  9.099707E-17
6716.03112314759  7.627224E-17
6719.09759473507  1.060918E-16
6722.16406632255  1.004778E-16
6725.23053791004  9.459899E-17
6728.29700949753  1.054649E-16
6731.36348108501  8.945354E-17
6734.4299526725  8.310089E-17
6737.49642425998  1.139231E-16
6740.56289584746  1.125237E-16
6743.62936743495  1.156321E-16
6746.69583902243  1.212797E-16
6749.76231060992  8.955941E-17
6752.8287821974  9.420885E-17
6755.89525378489  1.295164E-16
6758.96172537237  1.369250E-16
6762.02819695986  9.609834E-17
6765.09466854734  8.923507E-17
6768.16114013483  9.961630E-17
6771.22761172231  1.056587E-16
6774.2940833098  7.563174E-17
6777.36055489728  8.955533E-17
6780.42702648476  1.011049E-16
6783.49349807225  8.716332E-17
6786.55996965973  9.374162E-17
6789.62644124722  1.074740E-16
6792.6929128347  9.639198E-17
6795.75938442219  9.990225E-17
6798.82585600967  9.201245E-17
6801.89232759716  7.474139E-17
6804.95879918464  6.651475E-17
6808.02527077213  8.672691E-17
6811.09174235961  7.847059E-17
6814.1582139471  7.611737E-17
6817.22468553458  8.758030E-17
6820.29115712207  1.016430E-16
6823.35762870955  8.870808E-17
6826.42410029704  6.809119E-17
6829.49057188452  7.183175E-17
6832.55704347201  8.204589E-17
6835.62351505949  1.363226E-16
6838.68998664697  1.167795E-16
6841.75645823446  8.293069E-17
6844.82292982194  6.437310E-17
6847.88940140943  9.152316E-17
6850.95587299691  1.070259E-16
6854.0223445844  9.252172E-17
6857.08881617188  7.338203E-17
6860.15528775937  7.911995E-17
6863.22175934685  1.087641E-16
6866.28823093434  1.131267E-16
6869.35470252182  1.124123E-16
6872.42117410931  9.200242E-17
6875.48764569679  5.922822E-17
6878.55411728428  1.058279E-16
6881.62058887176  8.400724E-17
6884.68706045925  6.850972E-17
6887.75353204673  9.909497E-17
6890.82000363422  5.730353E-17
6893.8864752217  9.721465E-17
6896.95294680919  8.515494E-17
6900.01941839667  9.599002E-17
6903.08588998415  9.466158E-17
6906.15236157164  8.357937E-17
6909.21883315912  9.801348E-17
6912.28530474661  8.722601E-17
6915.35177633409  9.499155E-17
6918.41824792158  1.054040E-16
6921.48471950906  9.400147E-17
6924.55119109655  1.076257E-16
6927.61766268403  1.346410E-16
6930.68413427152  1.105004E-16
6933.750605859  5.573167E-17
6936.81707744649  7.597497E-17
6939.88354903397  1.131499E-16
6942.95002062145  1.060188E-16
6946.01649220894  9.103056E-17
6949.08296379642  8.754397E-17
6952.14943538391  1.192331E-16
6955.21590697139  9.868009E-17
6958.28237855888  6.813841E-17
6961.34885014636  1.095876E-16
6964.41532173385  1.114177E-16
6967.48179332133  1.181894E-16
6970.54826490882  8.847187E-17
6973.6147364963  1.050432E-16
6976.68120808379  8.586351E-17
6979.74767967127  6.857667E-17
6982.81415125876  1.132705E-16
6985.88062284624  1.206568E-16
6988.94709443372  1.186513E-16
6992.01356602121  9.655798E-17
6995.08003760869  8.680998E-17
6998.14650919618  8.096533E-17
7001.21298078367  1.202858E-16
7004.27945237115  1.689583E-16
7007.34592395864  1.085535E-16
7010.41239554612  9.636436E-17
7013.4788671336  1.304589E-16
7016.54533872109  1.321367E-16
7019.61181030857  1.241480E-16
7022.67828189606  1.184258E-16
7025.74475348354  1.020995E-16
7028.81122507103  1.375385E-16
7031.87769665851  9.622233E-17
7034.944168246  1.073631E-16
7038.01063983348  8.382056E-17
7041.07711142097  6.346723E-17
7044.14358300845  7.740225E-17
7047.21005459593  9.740680E-17
7050.27652618342  1.062535E-16
7053.3429977709  1.305006E-16
7056.40946935839  1.259777E-16
7059.47594094587  1.018878E-16
7062.54241253336  1.351645E-16
7065.60888412084  1.113653E-16
7068.67535570833  1.100184E-16
7071.74182729581  9.559013E-17
7074.8082988833  1.064051E-16
7077.87477047078  1.064469E-16
7080.94124205827  1.122356E-16
7084.00771364575  1.150223E-16
7087.07418523324  1.096830E-16
7090.14065682072  1.168667E-16
7093.20712840821  9.177789E-17
7096.27359999569  1.157793E-16
7099.34007158317  1.361640E-16
7102.40654317066  1.079101E-16
7105.47301475814  1.020226E-16
7108.53948634563  1.127203E-16
7111.60595793311  1.145956E-16
7114.6724295206  9.196157E-17
7117.73890110808  9.924880E-17
7120.80537269557  1.201103E-16
7123.87184428305  1.210800E-16
7126.93831587054  1.060796E-16
7130.00478745802  1.061097E-16
7133.07125904551  1.096602E-16
7136.13773063299  8.042661E-17
7139.20420222048  1.154616E-16
7142.27067380796  1.229975E-16
7145.33714539545  9.100812E-17
7148.40361698293  1.106875E-16
7151.47008857042  1.135012E-16
7154.5365601579  9.290224E-17
7157.60303174539  9.550829E-17
7160.66950333287  1.130150E-16
7163.73597492035  1.142634E-16
7166.80244650784  8.649126E-17
7169.86891809532  8.804782E-17
7172.93538968281  9.458218E-17
7176.00186127029  7.877774E-17
7179.06833285778  7.819714E-17
7182.13480444526  8.653803E-17
7185.20127603275  9.246063E-17
7188.26774762023  9.266290E-17
7191.33421920772  1.066842E-16
7194.4006907952  9.549875E-17
7197.46716238269  8.087246E-17
7200.53363397017  6.553864E-17
7203.60010555766  7.863503E-17
7206.66657714514  8.429448E-17
7209.73304873262  6.636806E-17
7212.79952032011  1.047759E-16
7215.86599190759  1.154790E-16
7218.93246349508  9.031652E-17
7221.99893508256  8.821181E-17
7225.06540667005  9.750997E-17
7228.13187825753  1.349269E-16
7231.19834984502  1.349872E-16
7234.2648214325  7.654608E-17
7237.33129301999  9.456118E-17
7240.39776460747  9.200105E-17
7243.46423619496  8.047750E-17
7246.53070778244  7.377532E-17
7249.59717936993  1.406821E-16
7252.66365095741  1.347008E-16
7255.7301225449  1.317950E-16
7258.79659413238  1.318371E-16
7261.86306571986  1.701354E-16
7264.92953730735  2.171951E-16
7267.99600889483  2.202913E-16
7271.06248048232  2.373000E-16
7274.1289520698  2.251218E-16
7277.19542365729  1.689693E-16
7280.26189524477  1.331480E-16
7283.32836683226  1.240658E-16
7286.39483841974  1.171858E-16
7289.46131000722  1.491802E-16
7292.52778159471  1.346690E-16
7295.5942531822  1.173968E-16
7298.66072476968  1.470156E-16
7301.72719635717  1.568262E-16
7304.79366794465  1.511613E-16
7307.86013953213  1.018299E-16
7310.92661111962  8.360438E-17
7313.9930827071  8.439547E-17
7317.05955429459  1.237456E-16
7320.12602588207  8.321894E-17
7323.19249746956  1.065773E-16
7326.25896905704  1.308241E-16
7329.32544064453  1.046132E-16
7332.39191223201  1.451815E-16
7335.4583838195  1.461410E-16
7338.52485540698  1.361456E-16
7341.59132699447  5.821437E-17
7344.65779858195  3.265533E-17
