4250.  4.846161E-18
4254.50980392157  2.847511E-18
4259.01960784314  9.053625E-18
4263.52941176471  7.906466E-18
4268.03921568627  8.975410E-18
4272.54901960784  5.010021E-18
4277.05882352941  -5.652202E-19
4281.56862745098  9.532175E-18
4286.07843137255  4.312521E-18
4290.58823529412  1.837836E-18
4295.09803921569  5.873853E-18
4299.60784313726  5.612142E-18
4304.11764705882  4.418696E-18
4308.62745098039  7.750293E-18
4313.13725490196  4.180734E-18
4317.64705882353  6.104187E-18
4322.1568627451  8.460065E-18
4326.66666666667  3.581035E-19
4331.17647058823  4.871612E-18
4335.6862745098  1.312872E-17
4340.19607843137  5.203567E-18
4344.70588235294  4.541412E-18
4349.21568627451  7.968070E-18
4353.72549019608  1.114408E-17
4358.23529411765  5.897005E-18
4362.74509803922  8.346899E-18
4367.25490196078  3.818182E-18
4371.76470588235  6.143215E-18
4376.27450980392  9.695323E-18
4380.78431372549  5.021557E-18
4385.29411764706  4.955886E-18
4389.80392156863  6.359219E-18
4394.3137254902  5.978308E-18
4398.82352941176  3.373236E-18
4403.33333333333  5.405650E-18
4407.8431372549  4.618616E-18
4412.35294117647  4.988280E-18
4416.86274509804  5.236370E-19
4421.37254901961  3.438352E-18
4425.88235294118  1.238297E-17
4430.39215686274  6.862042E-18
4434.90196078431  1.926887E-18
4439.41176470588  5.032463E-18
4443.92156862745  7.358955E-18
4448.43137254902  6.282783E-18
4452.94117647059  5.053341E-18
4457.45098039216  3.041550E-18
4461.96078431373  4.285491E-18
4466.47058823529  2.791495E-18
4470.98039215686  6.298474E-18
4475.49019607843  2.158362E-18
4480.  8.661967E-18
4484.50980392157  7.890683E-18
4489.01960784314  4.899912E-18
4493.52941176471  7.975972E-18
4498.03921568627  8.565301E-18
4502.54901960784  5.604099E-18
4507.05882352941  8.239569E-18
4511.56862745098  1.244434E-17
4516.07843137255  6.100345E-18
4520.58823529412  7.983386E-18
4525.09803921569  2.199433E-18
4529.60784313725  5.541320E-18
4534.11764705882  6.159531E-18
4538.62745098039  5.907882E-18
4543.13725490196  5.904911E-18
4547.64705882353  6.692341E-18
4552.1568627451  6.062145E-18
4556.66666666667  1.581940E-17
4561.17647058824  5.530114E-18
4565.6862745098  8.720392E-18
4570.19607843137  8.366762E-18
4574.70588235294  5.554527E-18
4579.21568627451  2.955709E-18
4583.72549019608  5.338774E-18
4588.23529411765  5.628189E-18
4592.74509803922  1.936460E-18
4597.25490196078  4.301500E-18
4601.76470588235  5.268925E-18
4606.27450980392  5.195823E-18
4610.78431372549  7.098971E-18
4615.29411764706  6.476208E-18
4619.80392156863  4.755729E-18
4624.3137254902  7.097019E-18
4628.82352941176  7.798772E-18
4633.33333333333  9.724762E-18
4637.8431372549  8.199814E-18
4642.35294117647  6.235369E-18
4646.86274509804  6.580507E-18
4651.37254901961  4.609795E-18
4655.88235294118  5.305535E-18
4660.39215686275  5.912688E-18
4664.90196078431  1.086498E-17
4669.41176470588  1.017310E-17
4673.92156862745  9.074170E-18
4678.43137254902  8.364699E-18
4682.94117647059  3.853623E-18
4687.45098039216  5.163993E-18
4691.96078431373  1.128996E-17
4696.47058823529  6.237422E-18
4700.98039215686  6.145786E-18
4705.49019607843  4.443150E-18
4710.  7.206577E-18
4714.50980392157  8.773782E-18
4719.01960784314  -5.966258E-19
4723.52941176471  4.779151E-18
4728.03921568627  7.201140E-18
4732.54901960784  5.126337E-18
4737.05882352941  8.258478E-18
4741.56862745098  4.239205E-18
4746.07843137255  7.988170E-18
4750.58823529412  6.559380E-18
4755.09803921568  4.427407E-18
4759.60784313725  7.580248E-18
4764.11764705882  1.098935E-17
4768.62745098039  1.282603E-17
4773.13725490196  1.033665E-17
4777.64705882353  7.852627E-18
4782.1568627451  4.127477E-18
4786.66666666667  3.981195E-18
4791.17647058823  5.485969E-18
4795.6862745098  7.492073E-18
4800.19607843137  8.231728E-18
4804.70588235294  7.644529E-18
4809.21568627451  1.003052E-17
4813.72549019608  8.529042E-18
4818.23529411765  4.276326E-18
4822.74509803921  4.580614E-18
4827.25490196078  8.409750E-18
4831.76470588235  6.478321E-18
4836.27450980392  7.361223E-18
4840.78431372549  7.610862E-18
4845.29411764706  4.666627E-18
4849.80392156863  3.974862E-18
4854.3137254902  7.857409E-18
4858.82352941176  6.027087E-18
4863.33333333333  6.124016E-18
4867.8431372549  7.658470E-18
4872.35294117647  8.578314E-18
4876.86274509804  4.048116E-18
4881.37254901961  4.502673E-18
4885.88235294118  7.407849E-18
4890.39215686274  8.107339E-18
4894.90196078431  5.674432E-18
4899.41176470588  5.657344E-18
4903.92156862745  6.687766E-18
4908.43137254902  5.176311E-18
4912.94117647059  8.561236E-18
4917.45098039216  7.635497E-18
4921.96078431372  5.926474E-18
4926.47058823529  8.793775E-18
4930.98039215686  8.347146E-18
4935.49019607843  8.840081E-18
4940.  8.273962E-18
4944.50980392157  9.905453E-18
4949.01960784314  1.019994E-17
4953.5294117647  8.293664E-18
4958.03921568627  9.115025E-18
4962.54901960784  8.287337E-18
4967.05882352941  8.547332E-18
4971.56862745098  9.951913E-18
4976.07843137255  9.720968E-18
4980.58823529412  1.049299E-17
4985.09803921568  1.019166E-17
4989.60784313725  1.111384E-17
4994.11764705882  1.105931E-17
4998.62745098039  9.581636E-18
5003.13725490196  1.082256E-17
5007.64705882353  1.259758E-17
5012.1568627451  9.231719E-18
5016.66666666667  1.003138E-17
5021.17647058824  8.597706E-18
5025.6862745098  9.213338E-18
5030.19607843137  9.423606E-18
5034.70588235294  1.049682E-17
5039.21568627451  8.615146E-18
5043.72549019608  4.073715E-18
5048.23529411765  7.333074E-18
5052.74509803922  9.562607E-18
5057.25490196078  9.695137E-18
5061.76470588235  7.332962E-18
5066.27450980392  5.840665E-18
5070.78431372549  7.524826E-18
5075.29411764706  8.019296E-18
5079.80392156863  9.970001E-18
5084.3137254902  9.145494E-18
5088.82352941176  8.924553E-18
5093.33333333333  9.400222E-18
5097.8431372549  1.013992E-17
5102.35294117647  8.160846E-18
5106.86274509804  8.607512E-18
5111.37254901961  1.036689E-17
5115.88235294118  9.573620E-18
5120.39215686274  8.286725E-18
5124.90196078431  9.041495E-18
5129.41176470588  1.033741E-17
5133.92156862745  1.041094E-17
5138.43137254902  1.050693E-17
5142.94117647059  1.031232E-17
5147.45098039216  1.106100E-17
5151.96078431372  1.142324E-17
5156.47058823529  8.714488E-18
5160.98039215686  1.032492E-17
5165.49019607843  7.721992E-18
5170.  1.008540E-17
5174.50980392157  1.238566E-17
5179.01960784314  1.112530E-17
5183.52941176471  7.770421E-18
5188.03921568627  9.299724E-18
5192.54901960784  1.057236E-17
5197.05882352941  9.174607E-18
5201.56862745098  8.606136E-18
5206.07843137255  1.010107E-17
5210.58823529412  1.069561E-17
5215.09803921568  1.003230E-17
5219.60784313725  9.801253E-18
5224.11764705882  1.245199E-17
5228.62745098039  1.126282E-17
5233.13725490196  9.353834E-18
5237.64705882353  8.084543E-18
5242.1568627451  7.896249E-18
5246.66666666667  7.865258E-18
5251.17647058823  7.725587E-18
5255.6862745098  1.104960E-17
5260.19607843137  9.699254E-18
5264.70588235294  8.176033E-18
5269.21568627451  9.566842E-18
5273.72549019608  1.032199E-17
5278.23529411765  9.486809E-18
5282.74509803921  9.432284E-18
5287.25490196078  1.072412E-17
5291.76470588235  1.148090E-17
5296.27450980392  9.621005E-18
5300.78431372549  8.310857E-18
5305.29411764706  1.106281E-17
5309.80392156863  1.258950E-17
5314.31372549019  9.203762E-18
5318.82352941176  7.546917E-18
5323.33333333333  1.076028E-17
5327.8431372549  1.113995E-17
5332.35294117647  1.002003E-17
5336.86274509804  1.024874E-17
5341.37254901961  1.109243E-17
5345.88235294117  1.027691E-17
5350.39215686274  1.085333E-17
5354.90196078431  1.020870E-17
5359.41176470588  1.113367E-17
5363.92156862745  1.093296E-17
5368.43137254902  7.821795E-18
5372.94117647059  8.554175E-18
5377.45098039215  8.795705E-18
5381.96078431372  9.089808E-18
5386.47058823529  1.053841E-17
5390.98039215686  1.001793E-17
5395.49019607843  1.014859E-17
5400.  9.310127E-18
5404.50980392157  9.324085E-18
5409.01960784314  8.969584E-18
5413.5294117647  9.237490E-18
5418.03921568627  1.093096E-17
5422.54901960784  1.433041E-17
5427.05882352941  1.302842E-17
5431.56862745098  1.064121E-17
5436.07843137255  9.997006E-18
5440.58823529412  1.089554E-17
5445.09803921568  9.582489E-18
5449.60784313725  9.834345E-18
5454.11764705882  1.098630E-17
5458.62745098039  1.009331E-17
5463.13725490196  1.012625E-17
5467.64705882353  9.310560E-18
5472.1568627451  8.529742E-18
5476.66666666667  9.012155E-18
5481.17647058823  8.700934E-18
5485.6862745098  9.871225E-18
5490.19607843137  9.782537E-18
5494.70588235294  8.268115E-18
5499.21568627451  6.419441E-18
5503.72549019608  6.232560E-18
5508.23529411765  8.853617E-18
5512.74509803921  9.757968E-18
5517.25490196078  9.590114E-18
5521.76470588235  9.431901E-18
5526.27450980392  9.383278E-18
5530.78431372549  1.008217E-17
5535.29411764706  7.057818E-18
5539.80392156863  6.557396E-18
5544.3137254902  7.864043E-18
5548.82352941176  7.903885E-18
5553.33333333333  8.526038E-18
5557.8431372549  6.673048E-18
5562.35294117647  4.206247E-18
5566.86274509804  4.611541E-18
5571.3725490196  7.526952E-18
5575.88235294117  4.873456E-18
5580.39215686274  6.718873E-18
5584.90196078431  1.254741E-17
5589.41176470588  7.635315E-18
5593.92156862745  1.148870E-17
5598.43137254902  1.054426E-17
5602.94117647059  8.941329E-18
5607.45098039215  1.012556E-17
5611.96078431372  1.141622E-17
5616.47058823529  1.069133E-17
5620.98039215686  9.378557E-18
5625.49019607843  8.985876E-18
5630.  8.993584E-18
5634.50980392157  9.213576E-18
5639.01960784313  7.902434E-18
5643.5294117647  1.020498E-17
5648.03921568627  9.823954E-18
5652.54901960784  8.803404E-18
5657.05882352941  8.981511E-18
5661.56862745098  9.121735E-18
5666.07843137255  9.868990E-18
5670.58823529411  1.093762E-17
5675.09803921569  1.065221E-17
5679.60784313725  8.864526E-18
5684.11764705882  8.991689E-18
5688.62745098039  8.794943E-18
5693.13725490196  9.595805E-18
5697.64705882353  1.007226E-17
5702.1568627451  1.242916E-17
5706.66666666666  1.278421E-17
5711.17647058823  1.110297E-17
5715.6862745098  1.222699E-17
5720.19607843137  1.027154E-17
5724.70588235294  9.558752E-18
5729.21568627451  1.163782E-17
5733.72549019607  1.266703E-17
5738.23529411764  1.042876E-17
5742.74509803921  1.106030E-17
5747.25490196078  1.220081E-17
5751.76470588235  1.076533E-17
5756.27450980392  9.992248E-18
5760.78431372549  1.127295E-17
5765.29411764706  1.198593E-17
5769.80392156863  1.161939E-17
5774.31372549019  1.287749E-17
5778.82352941176  1.185522E-17
5783.33333333333  1.126058E-17
5787.8431372549  1.034783E-17
5792.35294117647  1.180469E-17
5796.86274509804  1.125800E-17
5801.3725490196  1.157713E-17
5805.88235294117  1.310616E-17
5810.39215686274  1.356584E-17
5814.90196078431  1.263129E-17
5819.41176470588  1.151549E-17
5823.92156862745  1.075826E-17
5828.43137254902  1.148222E-17
5832.94117647059  1.143027E-17
5837.45098039215  1.111432E-17
5841.96078431372  9.925267E-18
5846.47058823529  9.225583E-18
5850.98039215686  1.056115E-17
5855.49019607843  1.141726E-17
5860.  1.246732E-17
5864.50980392157  1.264594E-17
5869.01960784313  1.070014E-17
5873.5294117647  1.163861E-17
5878.03921568627  1.130341E-17
5882.54901960784  9.086893E-18
5887.05882352941  1.329661E-17
5891.56862745098  1.269333E-17
5896.07843137255  1.067907E-17
5900.58823529412  1.022635E-17
5905.09803921568  9.330768E-18
5909.60784313725  1.139278E-17
5914.11764705882  8.993728E-18
5918.62745098039  9.408621E-18
5923.13725490196  1.185621E-17
5927.64705882353  1.184106E-17
5932.15686274509  8.264114E-18
5936.66666666666  9.482023E-18
5941.17647058823  8.860444E-18
5945.6862745098  9.952377E-18
5950.19607843137  1.134757E-17
5954.70588235294  1.165739E-17
5959.21568627451  9.428124E-18
5963.72549019608  1.028027E-17
5968.23529411764  1.073454E-17
5972.74509803921  1.181694E-17
5977.25490196078  1.213178E-17
5981.76470588235  1.244661E-17
5986.27450980392  1.138550E-17
5990.78431372549  1.055506E-17
5995.29411764706  1.026611E-17
5999.80392156862  1.037288E-17
6004.31372549019  1.002680E-17
6008.82352941176  8.774787E-18
6013.33333333333  7.443236E-18
6017.8431372549  7.935005E-18
6022.35294117647  9.546489E-18
6026.86274509804  7.690473E-18
6031.37254901961  9.368241E-18
6035.88235294117  1.029049E-17
6040.39215686274  9.987447E-18
6044.90196078431  9.302218E-18
6049.41176470588  7.879699E-18
6053.92156862745  9.031035E-18
6058.43137254902  1.040001E-17
6062.94117647058  9.206350E-18
6067.45098039215  8.997726E-18
6071.96078431372  8.706615E-18
6076.47058823529  8.201867E-18
6080.98039215686  8.753012E-18
6085.49019607843  9.396192E-18
6090.  8.868322E-18
6094.50980392156  7.742233E-18
6099.01960784314  9.310307E-18
6103.5294117647  9.247835E-18
6108.03921568627  7.779195E-18
6112.54901960784  6.989969E-18
6117.05882352941  7.182940E-18
6121.56862745098  8.195117E-18
6126.07843137255  1.075288E-17
6130.58823529411  1.014686E-17
6135.09803921568  8.678102E-18
6139.60784313725  6.442898E-18
6144.11764705882  8.037871E-18
6148.62745098039  8.616907E-18
6153.13725490196  7.126479E-18
6157.64705882352  7.301690E-18
6162.15686274509  9.568258E-18
6166.66666666666  9.194056E-18
6171.17647058823  9.776566E-18
6175.6862745098  8.320962E-18
6180.19607843137  7.864152E-18
6184.70588235294  9.034312E-18
6189.21568627451  8.011592E-18
6193.72549019607  7.601216E-18
6198.23529411764  7.441025E-18
6202.74509803921  8.384893E-18
6207.25490196078  6.844662E-18
6211.76470588235  8.373935E-18
6216.27450980392  9.309507E-18
6220.78431372549  8.861440E-18
6225.29411764705  9.921988E-18
6229.80392156862  8.778322E-18
6234.31372549019  7.905186E-18
6238.82352941176  9.560684E-18
6243.33333333333  9.700398E-18
6247.8431372549  7.620788E-18
6252.35294117647  9.075827E-18
6256.86274509804  9.652806E-18
6261.3725490196  1.156752E-17
6265.88235294117  1.016813E-17
6270.39215686274  8.849330E-18
6274.90196078431  7.291902E-18
6279.41176470588  7.327498E-18
6283.92156862745  9.825714E-18
6288.43137254902  9.487462E-18
6292.94117647058  5.798416E-18
6297.45098039215  7.697659E-18
6301.96078431372  8.033400E-18
6306.47058823529  6.163680E-18
6310.98039215686  7.076168E-18
6315.49019607843  6.583451E-18
6320.  7.290404E-18
6324.50980392157  7.605422E-18
6329.01960784313  1.026287E-17
6333.5294117647  9.496880E-18
6338.03921568627  7.635313E-18
6342.54901960784  9.830282E-18
6347.05882352941  1.014112E-17
6351.56862745098  7.062350E-18
6356.07843137255  7.496015E-18
6360.58823529411  8.222295E-18
6365.09803921568  7.746796E-18
6369.60784313725  8.105513E-18
6374.11764705882  8.968847E-18
6378.62745098039  8.536212E-18
6383.13725490196  7.890277E-18
6387.64705882353  9.283881E-18
6392.1568627451  9.762994E-18
6396.66666666666  9.147165E-18
6401.17647058823  8.811298E-18
6405.6862745098  7.921798E-18
6410.19607843137  7.391717E-18
6414.70588235294  8.004393E-18
6419.21568627451  9.159470E-18
6423.72549019607  8.503106E-18
6428.23529411764  7.870048E-18
6432.74509803921  7.237413E-18
6437.25490196078  7.058186E-18
6441.76470588235  8.113027E-18
6446.27450980392  8.790103E-18
6450.78431372549  8.490785E-18
6455.29411764706  8.399974E-18
6459.80392156862  7.120003E-18
6464.31372549019  6.919014E-18
6468.82352941176  7.265233E-18
6473.33333333333  6.309981E-18
6477.8431372549  8.130375E-18
6482.35294117647  9.129117E-18
6486.86274509804  9.040517E-18
6491.3725490196  8.999243E-18
6495.88235294117  7.855020E-18
6500.39215686274  7.687608E-18
6504.90196078431  7.073556E-18
6509.41176470588  8.146590E-18
6513.92156862745  7.762350E-18
6518.43137254901  7.540569E-18
6522.94117647058  7.513421E-18
6527.45098039215  7.450972E-18
6531.96078431372  7.836199E-18
6536.47058823529  9.244698E-18
6540.98039215686  8.813363E-18
6545.49019607843  6.297594E-18
6550.  7.605119E-18
6554.50980392156  9.575206E-18
6559.01960784313  9.755345E-18
6563.5294117647  8.755747E-18
6568.03921568627  7.903181E-18
6572.54901960784  8.370678E-18
6577.05882352941  9.176240E-18
6581.56862745098  1.042228E-17
6586.07843137254  9.404410E-18
6590.58823529411  8.436857E-18
6595.09803921568  9.828057E-18
6599.60784313725  9.641240E-18
6604.11764705882  8.784675E-18
6608.62745098039  8.932347E-18
6613.13725490196  8.612782E-18
6617.64705882353  8.771614E-18
6622.15686274509  9.465554E-18
6626.66666666666  9.469523E-18
6631.17647058823  9.037152E-18
6635.6862745098  1.147760E-17
6640.19607843137  1.156000E-17
6644.70588235294  9.823877E-18
6649.2156862745  7.863589E-18
6653.72549019607  9.305083E-18
6658.23529411764  9.473501E-18
6662.74509803921  9.765746E-18
6667.25490196078  1.040921E-17
6671.76470588235  1.058482E-17
6676.27450980392  1.126882E-17
6680.78431372549  1.145104E-17
6685.29411764705  1.051953E-17
6689.80392156862  9.230259E-18
6694.31372549019  9.903966E-18
6698.82352941176  1.088469E-17
6703.33333333333  1.027000E-17
6707.8431372549  9.321691E-18
6712.35294117647  8.449478E-18
6716.86274509803  8.482865E-18
6721.3725490196  9.356209E-18
6725.88235294117  9.573315E-18
6730.39215686274  8.941247E-18
6734.90196078431  8.856813E-18
6739.41176470588  8.348728E-18
6743.92156862745  8.964228E-18
6748.43137254901  1.079880E-17
6752.94117647058  1.054866E-17
6757.45098039215  8.009791E-18
6761.96078431372  8.284754E-18
6766.47058823529  7.955140E-18
6770.98039215686  9.552234E-18
6775.49019607843  1.008309E-17
6779.99999999999  7.990173E-18
6784.50980392156  8.126560E-18
6789.01960784313  8.908225E-18
6793.5294117647  9.611970E-18
6798.03921568627  8.304406E-18
6802.54901960784  9.013639E-18
6807.05882352941  9.751460E-18
6811.56862745098  9.216969E-18
6816.07843137254  9.011267E-18
6820.58823529411  9.046967E-18
6825.09803921568  1.014369E-17
6829.60784313725  9.614477E-18
6834.11764705882  7.843777E-18
6838.62745098039  7.487509E-18
6843.13725490196  9.714848E-18
6847.64705882352  1.091948E-17
6852.15686274509  9.866327E-18
6856.66666666666  9.069547E-18
6861.17647058823  1.198965E-17
6865.6862745098  1.060131E-17
6870.19607843137  8.980898E-18
6874.70588235293  8.887253E-18
6879.2156862745  9.444786E-18
6883.72549019607  1.097452E-17
6888.23529411764  9.586821E-18
6892.74509803921  8.625349E-18
6897.25490196078  8.823493E-18
6901.76470588235  9.685317E-18
6906.27450980392  9.859629E-18
6910.78431372548  9.768212E-18
6915.29411764705  1.003679E-17
6919.80392156862  1.012480E-17
6924.31372549019  8.681098E-18
6928.82352941176  1.050191E-17
6933.33333333333  8.641204E-18
6937.8431372549  7.957487E-18
6942.35294117646  1.173702E-17
6946.86274509803  9.127596E-18
6951.3725490196  8.613695E-18
6955.88235294117  1.078370E-17
6960.39215686274  9.410150E-18
6964.90196078431  7.222369E-18
6969.41176470588  7.480252E-18
6973.92156862744  9.232970E-18
6978.43137254901  9.471028E-18
6982.94117647058  1.014024E-17
6987.45098039215  8.302117E-18
6991.96078431372  8.411442E-18
6996.47058823529  8.839596E-18
7000.98039215686  8.477557E-18
7005.49019607842  6.118346E-18
7009.99999999999  7.032900E-18
7014.50980392156  9.414655E-18
7019.01960784313  9.547784E-18
7023.5294117647  8.815036E-18
7028.03921568627  7.833862E-18
7032.54901960784  7.509857E-18
7037.05882352941  8.064432E-18
7041.56862745097  8.576653E-18
7046.07843137254  9.892995E-18
7050.58823529411  1.031252E-17
7055.09803921568  8.973179E-18
7059.60784313725  9.316026E-18
7064.11764705882  1.045414E-17
7068.62745098039  8.931120E-18
7073.13725490195  7.983373E-18
7077.64705882352  7.270534E-18
7082.15686274509  8.877449E-18
7086.66666666666  9.582878E-18
7091.17647058823  8.506365E-18
7095.6862745098  7.440559E-18
7100.19607843137  9.432326E-18
7104.70588235294  9.495812E-18
7109.2156862745  8.790963E-18
7113.72549019607  8.576132E-18
7118.23529411764  8.626988E-18
7122.74509803921  9.078186E-18
7127.25490196078  9.661661E-18
7131.76470588235  9.460320E-18
7136.27450980391  7.761776E-18
7140.78431372549  7.614598E-18
7145.29411764705  9.237145E-18
7149.80392156862  8.964114E-18
7154.31372549019  7.651193E-18
7158.82352941176  8.896715E-18
7163.33333333333  8.867882E-18
7167.8431372549  7.951780E-18
7172.35294117647  9.238473E-18
7176.86274509803  8.743318E-18
7181.3725490196  7.499670E-18
7185.88235294117  7.454370E-18
7190.39215686274  8.500038E-18
7194.90196078431  9.227457E-18
7199.41176470588  7.292554E-18
7203.92156862745  7.910145E-18
7208.43137254901  7.768739E-18
7212.94117647058  7.609990E-18
7217.45098039215  9.943906E-18
7221.96078431372  8.173601E-18
7226.47058823529  6.270767E-18
7230.98039215686  4.522050E-18
7235.49019607843  2.264680E-18
7239.99999999999  5.841961E-18
7244.50980392156  9.261749E-18
7249.01960784313  8.437818E-18
7253.5294117647  1.090176E-17
7258.03921568627  9.451249E-18
7262.54901960784  5.810232E-18
7267.05882352941  6.623393E-18
7271.56862745097  5.088042E-18
7276.07843137254  3.896687E-18
7280.58823529411  1.008463E-17
7285.09803921568  9.895328E-18
7289.60784313725  6.879815E-18
7294.11764705882  8.745274E-18
7298.62745098039  8.437351E-18
7303.13725490196  6.948145E-18
7307.64705882352  4.344353E-18
7312.15686274509  3.725033E-18
7316.66666666666  5.254808E-18
7321.17647058823  9.102415E-18
7325.6862745098  8.647717E-18
7330.19607843137  7.079453E-18
7334.70588235294  4.447648E-18
7339.2156862745  5.937011E-18
7343.72549019607  6.804034E-18
7348.23529411764  7.847235E-18
7352.74509803921  6.901879E-18
7357.25490196078  4.306059E-18
7361.76470588235  4.283606E-18
7366.27450980391  6.755582E-18
7370.78431372548  6.269439E-18
7375.29411764705  6.278729E-18
7379.80392156862  7.275258E-18
7384.31372549019  6.534022E-18
7388.82352941176  7.932588E-18
7393.33333333333  5.681456E-18
7397.8431372549  7.334932E-18
7402.35294117646  8.356045E-18
7406.86274509803  6.792817E-18
7411.3725490196  7.527657E-18
7415.88235294117  5.925338E-18
7420.39215686274  6.779262E-18
7424.90196078431  6.741741E-18
7429.41176470588  7.589303E-18
7433.92156862744  7.252816E-18
7438.43137254901  9.881871E-18
7442.94117647058  9.277682E-18
7447.45098039215  6.831653E-18
7451.96078431372  8.558071E-18
7456.47058823529  9.992980E-18
7460.98039215686  9.938825E-18
7465.49019607843  8.963943E-18
7469.99999999999  8.401687E-18
7474.50980392156  6.083080E-18
7479.01960784313  6.331104E-18
7483.5294117647  7.313048E-18
7488.03921568627  7.888833E-18
7492.54901960784  9.535564E-18
7497.0588235294  9.536775E-18
7501.56862745097  7.881057E-18
7506.07843137254  8.135076E-18
7510.58823529411  7.385682E-18
7515.09803921568  5.211111E-18
7519.60784313725  8.340864E-18
7524.11764705882  7.447080E-18
7528.62745098039  7.189650E-18
7533.13725490195  8.257481E-18
7537.64705882352  7.872188E-18
7542.15686274509  8.047157E-18
7546.66666666666  9.097954E-18
7551.17647058823  8.652711E-18
7555.6862745098  7.184322E-18
7560.19607843137  6.243586E-18
7564.70588235293  5.586329E-18
7569.2156862745  6.053841E-18
7573.72549019607  7.042903E-18
7578.23529411764  8.811883E-18
7582.74509803921  1.002191E-17
7587.25490196078  8.505534E-18
7591.76470588235  9.829313E-18
7596.27450980391  1.180585E-17
7600.78431372548  7.445459E-18
7605.29411764705  3.897868E-18
7609.80392156862  5.441180E-18
7614.31372549019  7.504743E-18
7618.82352941176  7.590491E-18
7623.33333333333  1.019914E-17
7627.8431372549  9.323094E-18
7632.35294117646  7.200816E-18
7636.86274509803  7.086746E-18
7641.3725490196  6.489459E-18
7645.88235294117  6.558493E-18
7650.39215686274  7.189469E-18
7654.90196078431  7.450136E-18
7659.41176470588  7.341976E-18
7663.92156862744  7.022257E-18
7668.43137254901  6.999769E-18
7672.94117647058  6.848824E-18
7677.45098039215  7.278953E-18
7681.96078431372  7.667981E-18
7686.47058823529  6.997453E-18
7690.98039215686  6.978173E-18
7695.49019607842  7.565726E-18
7699.99999999999  4.242149E-18
7704.50980392156  -1.148260E-18
7709.01960784313  -4.329376E-19
7713.5294117647  1.749172E-18
7718.03921568627  1.237942E-18
7722.54901960784  3.966060E-18
7727.0588235294  5.942890E-18
7731.56862745097  5.659060E-18
7736.07843137254  3.109399E-18
7740.58823529411  6.450924E-19
7745.09803921568  -1.119948E-18
7749.60784313725  4.258978E-18
7754.11764705882  1.033476E-18
7758.62745098038  4.717473E-18
7763.13725490195  6.696756E-18
7767.64705882352  3.694143E-18
7772.15686274509  5.100412E-18
7776.66666666666  3.463601E-18
7781.17647058823  4.041800E-18
7785.6862745098  8.223038E-18
7790.19607843137  1.210988E-17
7794.70588235293  5.342626E-18
7799.2156862745  5.047414E-18
7803.72549019607  6.160702E-18
7808.23529411764  -1.221163E-18
7812.74509803921  -1.577758E-19
7817.25490196078  5.045379E-18
7821.76470588234  9.440702E-18
7826.27450980391  6.016040E-18
7830.78431372548  2.862492E-18
7835.29411764705  3.448804E-18
7839.80392156862  1.553213E-18
7844.31372549019  1.168093E-18
7848.82352941176  4.784144E-19
7853.33333333332  5.481940E-18
7857.84313725489  3.163699E-18
7862.35294117646  3.801260E-18
7866.86274509803  7.697207E-18
7871.3725490196  2.891804E-18
7875.88235294117  1.981555E-18
7880.39215686274  4.954092E-18
7884.90196078431  7.716435E-18
7889.41176470587  6.614894E-18
7893.92156862744  6.156492E-18
7898.43137254901  4.376759E-18
7902.94117647058  -5.022895E-18
7907.45098039215  -6.118274E-18
7911.96078431372  -8.180330E-18
7916.47058823529  -9.380165E-19
7920.98039215686  5.959551E-18
7925.49019607842  1.002692E-17
7929.99999999999  9.876705E-18
7934.50980392156  7.647132E-18
7939.01960784313  4.344615E-18
7943.5294117647  3.498840E-18
7948.03921568627  4.551301E-18
7952.54901960784  5.739997E-18
7957.0588235294  1.061315E-17
7961.56862745097  1.326457E-17
7966.07843137254  6.775194E-18
7970.58823529411  4.415278E-18
7975.09803921568  3.459998E-18
7979.60784313725  1.176757E-18
7984.11764705882  3.955592E-18
7988.62745098038  9.004466E-18
7993.13725490195  7.767716E-18
7997.64705882352  7.629085E-18
8002.15686274509  6.659519E-18
8006.66666666666  5.020251E-18
8011.17647058823  3.073187E-18
8015.6862745098  2.711898E-18
8020.19607843137  1.629857E-18
8024.70588235293  3.966285E-18
8029.2156862745  6.326813E-18
8033.72549019607  6.197308E-18
8038.23529411764  4.204973E-18
8042.74509803921  2.751110E-18
8047.25490196078  5.423725E-18
8051.76470588235  4.553722E-18
8056.27450980391  3.309255E-18
8060.78431372548  3.348849E-18
8065.29411764705  3.276492E-18
8069.80392156862  5.854343E-18
8074.31372549019  7.462993E-18
8078.82352941176  6.912025E-18
8083.33333333333  7.720599E-18
8087.84313725489  7.129470E-18
8092.35294117646  6.884012E-18
8096.86274509803  7.762074E-18
8101.3725490196  7.422031E-18
8105.88235294117  6.357717E-18
8110.39215686274  6.786217E-18
8114.90196078431  7.152439E-18
8119.41176470587  7.494610E-18
8123.92156862744  8.092300E-18
8128.43137254901  7.430775E-18
8132.94117647058  6.420468E-18
8137.45098039215  6.472639E-18
8141.96078431372  8.023008E-18
8146.47058823529  8.298683E-18
8150.98039215686  6.295290E-18
8155.49019607842  6.114120E-18
8159.99999999999  6.570217E-18
8164.50980392156  7.922299E-18
8169.01960784313  8.743767E-18
8173.5294117647  7.658374E-18
8178.03921568627  6.688592E-18
8182.54901960783  5.686010E-18
8187.0588235294  4.000935E-18
8191.56862745097  4.379852E-18
8196.07843137254  5.378414E-18
8200.58823529411  7.668791E-18
8205.09803921568  9.266607E-18
8209.60784313725  8.560444E-18
8214.11764705881  8.149939E-18
8218.62745098038  6.506044E-18
8223.13725490195  5.497884E-18
8227.64705882352  5.410473E-18
8232.15686274509  5.856408E-18
8236.66666666666  7.834276E-18
8241.17647058823  7.679150E-18
8245.6862745098  7.484628E-18
8250.19607843136  6.389373E-18
8254.70588235293  6.031334E-18
8259.2156862745  7.186877E-18
8263.72549019607  6.057700E-18
8268.23529411764  4.232974E-18
8272.74509803921  8.559477E-18
8277.25490196078  1.363677E-17
8281.76470588234  1.523248E-17
8286.27450980391  1.083997E-17
8290.78431372548  6.323765E-18
8295.29411764705  4.145210E-18
8299.80392156862  4.304095E-18
8304.31372549019  6.461847E-18
8308.82352941175  5.781274E-18
8313.33333333332  2.011515E-18
8317.84313725489  6.319912E-18
8322.35294117646  7.170332E-18
8326.86274509803  5.614227E-18
8331.3725490196  -3.153606E-18
8335.88235294117  -1.642704E-17
8340.39215686274  -1.588672E-17
8344.9019607843  -5.241618E-18
8349.41176470587  3.616597E-18
8353.92156862744  6.651184E-18
8358.43137254901  7.385605E-18
8362.94117647058  5.194504E-18
8367.45098039215  6.733190E-18
8371.96078431372  1.400403E-18
8376.47058823528  1.687501E-18
8380.98039215685  1.015706E-17
8385.49019607842  1.413314E-17
8389.99999999999  1.769263E-17
8394.50980392156  2.346535E-17
8399.01960784313  1.925417E-17
8403.5294117647  9.213522E-18
8408.03921568626  4.134298E-18
8412.54901960783  6.890020E-18
8417.0588235294  2.453888E-18
8421.56862745097  3.680094E-18
8426.07843137254  1.678896E-17
8430.58823529411  1.134620E-17
8435.09803921568  2.651226E-18
8439.60784313724  2.418961E-18
8444.11764705881  3.313374E-18
8448.62745098038  -7.747373E-19
8453.13725490195  -2.196412E-18
8457.64705882352  -5.331134E-18
8462.15686274509  3.116520E-18
8466.66666666666  8.939644E-18
8471.17647058823  4.167211E-18
8475.68627450979  3.512736E-18
8480.19607843136  2.596031E-18
8484.70588235293  -2.253930E-19
8489.2156862745  -7.686009E-19
8493.72549019607  2.932524E-18
8498.23529411764  7.234251E-18
8502.74509803921  6.115017E-18
8507.25490196077  6.069712E-18
8511.76470588234  6.190348E-18
8516.27450980391  4.393966E-18
8520.78431372548  5.679272E-18
8525.29411764705  4.213531E-18
8529.80392156862  5.456871E-18
8534.31372549019  6.512125E-18
8538.82352941175  8.936504E-18
8543.33333333333  1.048360E-17
8547.84313725489  1.168902E-17
8552.35294117646  8.573964E-18
8556.86274509803  4.634606E-18
8561.3725490196  3.722476E-18
8565.88235294117  4.413034E-18
8570.39215686273  7.391621E-18
8574.9019607843  8.996647E-18
8579.41176470587  8.653267E-18
8583.92156862744  7.308959E-18
8588.43137254901  6.211482E-18
8592.94117647058  6.452888E-18
8597.45098039215  4.963174E-18
8601.96078431372  5.054624E-18
8606.47058823529  6.043246E-18
8610.98039215685  7.022218E-18
8615.49019607842  1.072394E-17
8619.99999999999  1.447220E-17
8624.50980392156  1.090462E-17
8629.01960784313  1.666845E-18
8633.52941176469  -6.597387E-20
8638.03921568627  9.454537E-19
8642.54901960783  -1.163041E-18
8647.0588235294  1.645310E-18
8651.56862745097  7.700328E-18
8656.07843137254  1.527640E-17
8660.58823529411  1.445688E-17
8665.09803921568  5.736120E-18
8669.60784313724  5.428357E-18
8674.11764705881  4.696652E-18
8678.62745098038  2.942287E-18
8683.13725490195  3.839548E-18
8687.64705882352  4.020272E-18
8692.15686274509  6.627426E-18
8696.66666666666  7.078079E-18
8701.17647058823  4.899422E-18
8705.68627450979  3.916794E-18
8710.19607843136  4.408012E-18
8714.70588235293  5.370759E-18
8719.2156862745  5.509197E-18
8723.72549019607  5.577104E-18
8728.23529411764  6.049380E-18
8732.74509803921  6.120273E-18
8737.25490196077  5.421980E-18
8741.76470588234  5.575516E-18
8746.27450980391  4.510393E-18
8750.78431372548  1.466636E-19
8755.29411764705  5.589783E-19
8759.80392156862  -9.909642E-19
8764.31372549019  1.678082E-18
8768.82352941176  8.188319E-18
8773.33333333332  6.508030E-18
8777.84313725489  7.075279E-18
8782.35294117646  2.859454E-18
8786.86274509803  6.676573E-18
8791.3725490196  1.033238E-17
8795.88235294117  3.613021E-18
8800.39215686273  2.960610E-18
8804.9019607843  4.552946E-18
8809.41176470587  8.823835E-18
8813.92156862744  1.601619E-17
8818.43137254901  2.328099E-17
8822.94117647058  1.397753E-17
8827.45098039215  -6.950747E-18
8831.96078431372  -3.003740E-18
8836.47058823528  -1.303603E-20
8840.98039215685  5.061606E-18
8845.49019607842  1.304358E-17
8849.99999999999  8.525818E-18
8854.50980392156  8.237213E-18
8859.01960784313  4.723259E-18
8863.5294117647  2.658098E-18
8868.03921568626  5.177689E-18
8872.54901960783  6.626821E-18
8877.0588235294  8.448313E-18
8881.56862745097  7.869302E-18
8886.07843137254  2.491611E-18
8890.58823529411  -3.321443E-18
8895.09803921568  1.741290E-18
8899.60784313724  5.490410E-18
8904.11764705881  8.242046E-19
8908.62745098038  -8.185642E-18
8913.13725490195  -8.451717E-18
8917.64705882352  -5.507399E-18
8922.15686274509  5.216687E-19
8926.66666666666  1.197079E-17
8931.17647058822  1.281783E-17
8935.68627450979  8.128371E-18
8940.19607843136  4.186226E-21
8944.70588235293  -2.425717E-18
8949.2156862745  -1.128712E-17
8953.72549019607  -4.791196E-18
8958.23529411764  1.418495E-17
8962.74509803921  1.085015E-17
8967.25490196077  6.886505E-18
8971.76470588234  7.707767E-18
8976.27450980391  6.804805E-18
8980.78431372548  5.813689E-18
8985.29411764705  -2.677345E-19
8989.80392156862  -1.756092E-18
8994.31372549019  2.463064E-18
8998.82352941176  4.058699E-18
9003.33333333332  7.530548E-18
9007.84313725489  1.371677E-17
9012.35294117646  8.526694E-18
9016.86274509803  2.903566E-18
9021.3725490196  2.348836E-18
9025.88235294117  1.226912E-19
9030.39215686273  2.004081E-18
9034.9019607843  6.938364E-18
9039.41176470587  7.725055E-18
9043.92156862744  4.546476E-18
9048.43137254901  1.860978E-18
9052.94117647058  1.523322E-18
9057.45098039215  5.937200E-18
9061.96078431372  8.064039E-18
9066.47058823528  8.254596E-18
9070.98039215685  7.086519E-18
9075.49019607842  4.445813E-18
9079.99999999999  4.988007E-18
9084.50980392156  4.029480E-18
9089.01960784313  3.357414E-18
9093.5294117647  4.374367E-18
9098.03921568626  2.475339E-18
9102.54901960783  3.077934E-18
9107.0588235294  5.592341E-18
9111.56862745097  5.004901E-18
9116.07843137254  5.689577E-18
9120.58823529411  5.789162E-18
9125.09803921568  5.139308E-18
9129.60784313724  3.638767E-18
9134.11764705881  3.602082E-18
9138.62745098038  3.945399E-18
9143.13725490195  2.791953E-18
9147.64705882352  3.541692E-18
9152.15686274509  3.874768E-18
9156.66666666666  2.408455E-18
9161.17647058822  3.160345E-18
9165.68627450979  6.670069E-18
9170.19607843136  9.346770E-18
9174.70588235293  7.814735E-18
9179.2156862745  4.575600E-18
9183.72549019607  6.131950E-19
9188.23529411764  4.501544E-19
9192.7450980392  2.781371E-18
9197.25490196077  5.187473E-18
9201.76470588234  7.848653E-18
9206.27450980391  6.900796E-18
9210.78431372548  8.069274E-18
9215.29411764705  8.923577E-18
9219.80392156862  4.181364E-18
9224.31372549019  1.689802E-18
9228.82352941175  3.742622E-18
9233.33333333332  6.492656E-18
9237.84313725489  6.458311E-18
9242.35294117646  5.535146E-18
9246.86274509803  7.483697E-18
9251.3725490196  6.505924E-18
9255.88235294116  3.039068E-18
9260.39215686273  3.389779E-18
9264.9019607843  6.939222E-18
9269.41176470587  7.034174E-18
9273.92156862744  6.725639E-18
9278.43137254901  8.228196E-18
9282.94117647058  5.674473E-18
9287.45098039215  9.120206E-18
9291.96078431371  1.343078E-17
9296.47058823528  1.816073E-17
9300.98039215685  2.857623E-17
9305.49019607842  1.210000E-17
9309.99999999999  -2.629952E-17
9314.50980392156  -4.322154E-17
9319.01960784313  -2.443157E-17
9323.5294117647  1.031427E-17
9328.03921568626  2.441960E-17
9332.54901960783  2.312255E-17
9337.0588235294  7.960526E-18
9341.56862745097  -3.826992E-18
9346.07843137254  -2.280378E-19
9350.58823529411  -3.640461E-18
9355.09803921567  -1.591459E-18
9359.60784313724  -1.485738E-17
9364.11764705881  -4.816373E-17
9368.62745098038  -2.397730E-17
9373.13725490195  2.171509E-17
9377.64705882352  2.351586E-17
9382.15686274509  3.100446E-17
9386.66666666665  3.014558E-17
9391.17647058822  1.362066E-17
9395.68627450979  4.617052E-18
9400.19607843136  -3.310188E-18
9404.70588235293  -9.218394E-18
9409.2156862745  -8.961744E-18
9413.72549019607  1.335850E-18
9418.23529411764  1.927481E-17
9422.7450980392  1.985831E-17
9427.25490196077  1.617574E-17
9431.76470588234  1.777082E-17
9436.27450980391  -6.679391E-19
9440.78431372548  -2.265547E-17
9445.29411764705  -1.851419E-17
9449.80392156861  -8.273836E-18
9454.31372549018  -1.758091E-18
9458.82352941175  1.088236E-17
9463.33333333332  6.029664E-18
9467.84313725489  -1.599630E-18
9472.35294117646  1.454034E-17
9476.86274509803  2.011915E-17
9481.37254901959  1.816490E-17
9485.88235294116  3.660886E-17
9490.39215686273  4.329623E-17
9494.9019607843  2.142899E-17
9499.41176470587  -3.884376E-18
9503.92156862744  -6.747548E-18
9508.43137254901  -2.022908E-18
9512.94117647058  2.719324E-18
9517.45098039214  1.025958E-17
9521.96078431371  9.777866E-18
9526.47058823528  5.686131E-18
9530.98039215685  3.771101E-18
9535.49019607842  4.102303E-18
9539.99999999999  1.022958E-17
9544.50980392156  6.871556E-18
9549.01960784312  -1.861179E-18
9553.52941176469  -2.630387E-19
9558.03921568626  3.340383E-19
9562.54901960783  3.146179E-18
9567.0588235294  1.197841E-17
9571.56862745097  2.143791E-17
9576.07843137254  1.720695E-17
9580.58823529411  8.262099E-18
9585.09803921567  4.036851E-18
9589.60784313724  1.182548E-18
9594.11764705881  1.634688E-18
9598.62745098038  5.851170E-18
9603.13725490195  7.506384E-18
9607.64705882352  6.736089E-18
9612.15686274509  5.377571E-18
9616.66666666666  2.847519E-18
9621.17647058822  4.851393E-18
9625.68627450979  3.541307E-18
9630.19607843136  1.547145E-18
9634.70588235293  3.143368E-18
9639.2156862745  2.875604E-18
9643.72549019607  3.057409E-18
9648.23529411764  4.247018E-18
9652.7450980392  6.286087E-18
9657.25490196077  5.277296E-18
9661.76470588234  5.073642E-18
9666.27450980391  6.255629E-18
9670.78431372548  5.953094E-18
9675.29411764705  6.070438E-18
9679.80392156862  6.429706E-18
9684.31372549019  4.620374E-18
9688.82352941175  2.077664E-18
9693.33333333332  -2.043627E-18
9697.84313725489  -3.766748E-18
9702.35294117646  -6.918210E-19
9706.86274509803  3.826768E-18
9711.3725490196  6.577567E-18
9715.88235294117  9.651966E-18
9720.39215686273  1.443532E-17
9724.9019607843  1.554318E-17
9729.41176470587  1.589639E-17
9733.92156862744  9.464481E-18
9738.43137254901  6.125066E-19
9742.94117647058  -3.731616E-18
9747.45098039215  -4.552857E-18
9751.96078431371  -1.726103E-18
9756.47058823528  -9.676377E-19
9760.98039215685  6.800800E-20
9765.49019607842  -1.163009E-18
9769.99999999999  -8.509753E-19
9774.50980392156  -1.136972E-18
9779.01960784313  -2.536520E-18
9783.52941176469  1.707539E-18
9788.03921568626  7.330939E-18
9792.54901960783  1.150606E-17
9797.0588235294  7.480710E-18
9801.56862745097  4.862285E-18
9806.07843137254  6.626043E-18
9810.58823529411  1.046300E-18
9815.09803921568  -4.470535E-18
9819.60784313724  -6.426434E-18
9824.11764705881  -4.295639E-18
9828.62745098038  3.143290E-20
9833.13725490195  2.352713E-18
9837.64705882352  2.103510E-18
9842.15686274509  7.729524E-19
9846.66666666665  2.986826E-18
9851.17647058822  8.996878E-18
9855.68627450979  8.559638E-18
9860.19607843136  1.159126E-18
9864.70588235293  -6.166099E-19
9869.2156862745  3.430291E-18
9873.72549019607  5.436619E-18
9878.23529411763  3.850751E-18
9882.7450980392  2.307542E-18
9887.25490196077  -1.884011E-18
9891.76470588234  -3.016041E-18
9896.27450980391  5.003603E-18
9900.78431372548  1.007357E-17
9905.29411764705  7.395541E-18
9909.80392156862  5.456508E-18
9914.31372549018  4.360992E-18
9918.82352941175  -9.617191E-19
9923.33333333332  -4.400666E-18
9927.84313725489  -4.402591E-18
9932.35294117646  -3.602345E-18
9936.86274509803  -7.054008E-18
9941.37254901959  -1.218963E-17
9945.88235294117  -5.943187E-18
9950.39215686273  -6.505215E-18
9954.9019607843  -9.046168E-18
9959.41176470587  -5.529627E-18
9963.92156862744  -7.451765E-18
9968.43137254901  -3.131625E-18
9972.94117647058  8.720986E-19
9977.45098039214  3.838049E-18
9981.96078431371  6.380225E-18
9986.47058823528  3.661871E-18
9990.98039215685  4.447865E-18
9995.49019607842  2.502108E-18
9999.99999999999  -6.202832E-18
