3800.5490056476  4.920976E-17
3803.61204603211  5.836932E-17
3806.67508641662  2.295307E-17
3809.73812680113  2.429940E-17
3812.80116718564  -2.278191E-17
3815.86420757015  1.303376E-17
3818.92724795466  7.113876E-17
3821.99028833917  1.491632E-17
3825.05332872368  1.982083E-17
3828.11636910819  3.882707E-17
3831.1794094927  3.187384E-17
3834.24244987721  3.291853E-18
3837.30549026172  2.167785E-17
3840.36853064623  1.150364E-17
3843.43157103074  1.720683E-17
3846.49461141525  5.040541E-17
3849.55765179976  3.761759E-17
3852.62069218427  6.979412E-17
3855.68373256878  4.888492E-17
3858.74677295329  1.458690E-17
3861.80981333779  3.380300E-17
3864.8728537223  6.391752E-17
3867.93589410681  5.192075E-17
3870.99893449132  -3.843168E-18
3874.06197487583  5.058509E-17
3877.12501526034  4.181382E-17
3880.18805564485  4.892749E-17
3883.25109602936  2.978399E-17
3886.31413641387  2.453611E-17
3889.37717679838  3.675167E-17
3892.44021718289  3.223686E-17
3895.5032575674  8.467468E-18
3898.56629795191  3.651567E-17
3901.62933833642  5.404213E-17
3904.69237872093  -1.562643E-17
3907.75541910544  2.625049E-17
3910.81845948995  4.466661E-17
3913.88149987446  5.920082E-17
3916.94454025897  3.466334E-17
3920.00758064348  2.833114E-17
3923.07062102798  4.979818E-17
3926.13366141249  4.952025E-17
3929.196701797  5.125898E-17
3932.25974218151  1.819990E-17
3935.32278256602  3.890982E-17
3938.38582295053  6.223348E-17
3941.44886333504  4.057164E-17
3944.51190371955  2.743648E-17
3947.57494410406  4.404224E-17
3950.63798448857  5.563021E-17
3953.70102487308  7.766100E-17
3956.76406525759  6.461872E-17
3959.8271056421  5.058528E-17
3962.89014602661  3.933143E-17
3965.95318641112  2.835836E-17
3969.01622679563  3.155760E-17
3972.07926718014  1.882820E-17
3975.14230756465  3.566858E-17
3978.20534794916  3.961081E-17
3981.26838833366  1.836910E-17
3984.33142871817  2.537861E-17
3987.39446910268  7.785624E-17
3990.45750948719  6.472931E-17
3993.5205498717  3.079572E-17
3996.58359025621  5.673494E-17
3999.64663064072  3.844987E-17
4002.70967102523  2.312147E-17
4005.77271140974  5.775117E-17
4008.83575179425  6.254959E-17
4011.89879217876  4.598407E-17
4014.96183256327  2.758354E-17
4018.02487294778  1.740924E-17
4021.08791333229  4.249334E-17
4024.1509537168  2.467849E-17
4027.21399410131  2.129847E-17
4030.27703448582  4.764157E-17
4033.34007487033  2.433665E-17
4036.40311525484  7.671048E-18
4039.46615563935  2.292118E-17
4042.52919602386  3.797321E-17
4045.59223640836  3.380946E-17
4048.65527679287  3.297537E-17
4051.71831717738  3.210540E-17
4054.78135756189  3.933247E-17
4057.8443979464  3.945437E-17
4060.90743833091  4.885280E-17
4063.97047871542  4.773944E-17
4067.03351909993  4.280741E-17
4070.09655948444  5.226615E-17
4073.15959986895  6.226038E-17
4076.22264025346  3.961762E-17
4079.28568063797  4.291426E-17
4082.34872102248  3.360123E-17
4085.41176140699  2.925944E-17
4088.4748017915  1.792806E-17
4091.53784217601  5.579280E-17
4094.60088256052  2.192329E-17
4097.66392294503  4.730224E-17
4100.72696332954  3.952920E-17
4103.79000371405  3.260120E-17
4106.85304409856  4.696585E-17
4109.91608448306  3.643710E-17
4112.97912486757  2.141070E-17
4116.04216525208  1.425041E-17
4119.10520563659  4.493479E-17
4122.1682460211  3.758502E-17
4125.23128640561  5.910651E-17
4128.29432679012  5.372336E-17
4131.35736717463  4.781799E-17
4134.42040755914  3.122478E-17
4137.48344794365  2.890244E-17
4140.54648832816  4.902274E-17
4143.60952871267  3.666405E-17
4146.67256909718  3.835215E-17
4149.73560948169  5.363021E-18
4152.7986498662  3.100894E-17
4155.86169025071  4.428657E-17
4158.92473063522  3.913363E-17
4161.98777101973  3.632651E-17
4165.05081140423  1.855426E-17
4168.11385178874  4.571489E-17
4171.17689217325  3.786463E-17
4174.23993255776  6.864383E-17
4177.30297294227  6.119221E-17
4180.36601332678  3.568810E-17
4183.42905371129  2.394500E-17
4186.4920940958  6.351254E-17
4189.55513448031  7.070103E-17
4192.61817486482  4.255777E-17
4195.68121524933  4.772818E-17
4198.74425563384  3.361423E-17
4201.80729601835  1.818295E-17
4204.87033640286  2.543458E-17
4207.93337678737  1.546023E-17
4210.99641717188  4.487947E-17
4214.05945755639  6.951471E-17
4217.1224979409  5.752440E-17
4220.18553832541  4.610576E-17
4223.24857870992  5.571798E-17
4226.31161909443  5.344710E-17
4229.37465947893  3.067886E-18
4232.43769986344  4.506765E-17
4235.50074024795  7.736617E-17
4238.56378063246  5.124577E-17
4241.62682101697  3.324025E-17
4244.68986140148  4.160769E-17
4247.75290178599  3.157203E-17
4250.8159421705  3.337835E-17
4253.87898255501  5.840511E-17
4256.94202293952  3.964757E-17
4260.00506332403  3.751886E-17
4263.06810370854  3.362664E-17
4266.13114409305  4.215407E-17
4269.19418447756  4.881673E-17
4272.25722486207  4.422373E-17
4275.32026524658  2.083692E-17
4278.38330563109  2.252369E-17
4281.4463460156  5.329127E-17
4284.50938640011  3.562178E-17
4287.57242678462  6.172115E-17
4290.63546716913  5.310722E-17
4293.69850755363  2.562645E-17
4296.76154793814  3.563812E-17
4299.82458832265  3.435364E-17
4302.88762870716  3.957750E-17
4305.95066909167  4.773971E-17
4309.01370947618  2.242613E-17
4312.07674986069  1.491646E-17
4315.1397902452  3.760745E-17
4318.20283062971  3.291184E-17
4321.26587101422  3.051371E-17
4324.32891139873  2.044954E-17
4327.39195178324  2.438974E-17
4330.45499216775  9.081882E-18
4333.51803255226  2.496466E-17
4336.58107293677  5.138401E-17
4339.64411332128  9.487997E-18
4342.70715370579  1.003334E-17
4345.7701940903  4.125953E-17
4348.83323447481  2.593496E-17
4351.89627485932  1.788952E-17
4354.95931524383  3.112815E-17
4358.02235562833  3.947542E-17
4361.08539601284  4.401409E-17
4364.14843639735  3.718781E-17
4367.21147678186  6.178174E-17
4370.27451716637  5.002595E-17
4373.33755755088  4.248064E-17
4376.40059793539  3.375758E-17
4379.4636383199  1.711060E-18
4382.52667870441  1.728414E-17
4385.58971908892  1.030396E-17
4388.65275947343  2.162289E-17
4391.71579985794  3.682575E-17
4394.77884024245  6.474459E-17
4397.84188062696  4.100500E-17
4400.90492101147  3.639603E-17
4403.96796139598  3.120294E-17
4407.03100178049  2.665125E-17
4410.09404216499  4.435858E-17
4413.1570825495  3.864506E-17
4416.22012293401  1.864143E-17
4419.28316331852  4.926890E-17
4422.34620370303  4.413253E-17
4425.40924408754  7.016359E-18
4428.47228447205  5.015432E-17
4431.53532485656  4.055140E-17
4434.59836524107  -9.816999E-18
4437.66140562558  3.210905E-17
4440.72444601009  4.552955E-17
4443.7874863946  5.823178E-17
4446.85052677911  7.218278E-17
4449.91356716362  5.591684E-17
4452.97660754813  5.152143E-17
4456.03964793264  5.241414E-17
4459.10268831715  2.440417E-17
4462.16572870166  3.489626E-17
4465.22876908617  5.524987E-17
4468.29180947068  5.754583E-17
4471.35484985519  3.527676E-17
4474.4178902397  4.672152E-17
4477.48093062421  7.641613E-17
4480.54397100871  4.082148E-17
4483.60701139322  2.290050E-17
4486.67005177773  1.289730E-17
4489.73309216224  5.282530E-17
4492.79613254675  4.617505E-17
4495.85917293126  5.153947E-17
4498.92221331577  6.787407E-17
4501.98525370028  6.634855E-17
4505.04829408479  5.968597E-17
4508.1113344693  6.510031E-17
4511.17437485381  5.542550E-17
4514.23741523832  7.039885E-17
4517.30045562283  4.798312E-17
4520.36349600734  6.463448E-17
4523.42653639185  6.395393E-17
4526.48957677636  8.078427E-17
4529.55261716087  3.342403E-17
4532.61565754538  5.430556E-17
4535.67869792989  5.331177E-17
4538.74173831439  2.353596E-17
4541.80477869891  4.567808E-17
4544.86781908341  6.691854E-17
4547.93085946792  6.466531E-17
4550.99389985243  4.840210E-17
4554.05694023694  5.191102E-17
4557.11998062145  1.029541E-17
4560.18302100596  3.017233E-17
4563.24606139047  7.035331E-17
4566.30910177498  6.538598E-17
4569.37214215949  4.362995E-17
4572.435182544  4.672459E-17
4575.49822292851  4.662765E-17
4578.56126331302  6.428942E-17
4581.62430369753  6.529351E-17
4584.68734408204  6.417484E-17
4587.75038446655  5.902166E-17
4590.81342485106  6.690091E-17
4593.87646523557  7.592662E-17
4596.93950562008  4.178819E-17
4600.00254600459  1.304844E-17
4603.06558638909  -4.499310E-18
4606.1286267736  1.139107E-17
4609.19166715811  2.987701E-17
4612.25470754262  7.753851E-17
4615.31774792713  3.571664E-17
4618.38078831164  5.666896E-17
4621.44382869615  8.399435E-17
4624.50686908066  6.784030E-17
4627.56990946517  6.796101E-17
4630.63294984968  5.485368E-17
4633.69599023419  5.733886E-17
4636.7590306187  6.715361E-17
4639.82207100321  5.834426E-17
4642.88511138772  2.259192E-17
4645.94815177223  5.913317E-17
4649.01119215674  5.210845E-17
4652.07423254125  5.266171E-17
4655.13727292576  6.724161E-17
4658.20031331027  6.976225E-17
4661.26335369477  7.769021E-17
4664.32639407928  9.024159E-17
4667.38943446379  4.296483E-17
4670.4524748483  6.014267E-17
4673.51551523281  8.233970E-17
4676.57855561732  6.881343E-17
4679.64159600183  5.323301E-17
4682.70463638634  5.722985E-17
4685.76767677085  6.529116E-17
4688.83071715536  2.766687E-17
4691.89375753987  1.187021E-17
4694.95679792438  4.624461E-17
4698.01983830889  7.802312E-17
4701.0828786934  3.265721E-17
4704.14591907791  7.099513E-17
4707.20895946242  7.329174E-17
4710.27199984693  4.678052E-17
4713.33504023144  7.318298E-17
4716.39808061595  6.087838E-17
4719.46112100046  7.971304E-17
4722.52416138497  4.587593E-17
4725.58720176948  1.931730E-17
4728.65024215398  4.950015E-17
4731.71328253849  3.288869E-17
4734.776322923  5.503398E-17
4737.83936330751  3.920956E-17
4740.90240369202  6.262314E-17
4743.96544407653  6.705407E-17
4747.02848446104  9.179933E-17
4750.09152484555  5.302400E-17
4753.15456523006  6.505404E-17
4756.21760561457  5.358938E-17
4759.28064599908  4.902936E-17
4762.34368638359  6.305349E-17
4765.4067267681  5.440697E-17
4768.46976715261  6.041867E-17
4771.53280753712  4.922133E-17
4774.59584792163  5.420227E-17
4777.65888830614  7.280083E-17
4780.72192869065  7.650701E-17
4783.78496907516  3.569657E-17
4786.84800945966  3.313580E-17
4789.91104984417  6.563813E-17
4792.97409022868  6.488335E-17
4796.03713061319  4.914815E-17
4799.1001709977  4.853670E-17
4802.16321138221  2.793543E-17
4805.22625176672  6.281666E-17
4808.28929215123  5.937837E-17
4811.35233253574  2.813948E-17
4814.41537292025  -1.264046E-17
4817.47841330476  3.754174E-17
4820.54145368927  8.847522E-17
4823.60449407378  7.659319E-17
4826.66753445829  7.912626E-17
4829.7305748428  8.773109E-17
4832.79361522731  3.924880E-17
4835.85665561182  3.650421E-17
4838.91969599633  4.326754E-17
4841.98273638084  7.222366E-17
4845.04577676534  6.374638E-17
4848.10881714986  2.424785E-17
4851.17185753436  2.420989E-17
4854.23489791887  5.579180E-17
4857.29793830338  6.665977E-17
4860.36097868789  6.180261E-17
4863.4240190724  5.521388E-17
4866.48705945691  4.222043E-17
4869.55009984142  4.517877E-17
4872.61314022593  6.971004E-17
4875.67618061044  7.082684E-17
4878.73922099495  5.147965E-17
4881.80226137946  3.297418E-17
4884.86530176397  7.942584E-17
4887.92834214848  7.514048E-17
4890.99138253299  7.711409E-17
4894.0544229175  7.134431E-17
4897.11746330201  3.506583E-17
4900.18050368652  5.279667E-17
4903.24354407103  6.854130E-17
4906.30658445553  4.001946E-17
4909.36962484004  1.271468E-17
4912.43266522455  4.513450E-17
4915.49570560906  7.336211E-17
4918.55874599357  6.842191E-17
4921.62178637808  6.546241E-17
4924.68482676259  6.539681E-17
4927.7478671471  6.601437E-17
4930.81090753161  4.424317E-17
4933.87394791612  4.734509E-17
4936.93698830063  6.297335E-17
4940.00002868514  5.638100E-17
4943.06306906965  3.386148E-17
4946.12610945416  6.356039E-17
4949.18914983867  5.882455E-17
4952.25219022318  4.135389E-17
4955.31523060769  4.455334E-17
4958.3782709922  5.888318E-17
4961.4413113767  6.132623E-17
4964.50435176121  6.649444E-17
4967.56739214573  5.004826E-17
4970.63043253023  1.428168E-17
4973.69347291474  -1.107492E-17
4976.75651329925  8.735983E-18
4979.81955368376  5.075885E-17
4982.88259406827  3.512917E-17
4985.94563445278  -1.311161E-17
4989.00867483729  3.122430E-17
4992.0717152218  3.899923E-17
4995.13475560631  1.018089E-17
4998.19779599082  8.614179E-18
5001.26083637533  4.962256E-17
5004.32387675984  9.718274E-17
5007.38691714435  8.042803E-17
5010.44995752886  7.079552E-17
5013.51299791337  5.620268E-17
5016.57603829788  2.831582E-17
5019.63907868239  2.902987E-17
5022.7021190669  2.940740E-17
5025.76515945141  4.655413E-17
5028.82819983592  1.259845E-17
5031.89124022043  4.252183E-17
5034.95428060494  5.896532E-17
5038.01732098945  7.804506E-17
5041.08036137395  8.691173E-17
5044.14340175846  4.463619E-17
5047.20644214297  1.993831E-17
5050.26948252748  3.521860E-17
5053.33252291199  5.086964E-17
5056.3955632965  4.856100E-17
5059.45860368101  5.987416E-17
5062.52164406552  8.018933E-17
5065.58468445003  5.166585E-17
5068.64772483454  3.945977E-17
5071.71076521905  4.586598E-17
5074.77380560356  5.069366E-17
5077.83684598807  6.245300E-17
5080.89988637258  5.792406E-17
5083.96292675709  3.319808E-17
5087.0259671416  2.124659E-17
5090.08900752611  5.767901E-17
5093.15204791062  4.862724E-17
5096.21508829512  5.006086E-17
5099.27812867963  6.621292E-17
5102.34116906415  6.130095E-17
5105.40420944865  2.762083E-17
5108.46724983316  4.838759E-17
5111.53029021767  6.430764E-17
5114.59333060218  7.061722E-17
5117.65637098669  6.395969E-17
5120.7194113712  7.551612E-17
5123.78245175571  8.664859E-17
5126.84549214022  6.906065E-17
5129.90853252473  2.876287E-17
5132.97157290924  2.387209E-17
5136.03461329375  3.717867E-17
5139.09765367826  6.337712E-17
5142.16069406277  6.464787E-17
5145.22373444728  1.162623E-17
5148.28677483179  4.635395E-17
5151.3498152163  7.981568E-17
5154.41285560081  7.793709E-17
5157.47589598532  7.314457E-17
5160.53893636982  6.280063E-17
5163.60197675433  4.084065E-17
5166.66501713884  3.704260E-17
5169.72805752335  6.885435E-17
5172.79109790786  2.566491E-17
5175.85413829237  5.644134E-17
5178.91717867688  6.698566E-17
5181.98021906139  2.753606E-17
5185.0432594459  6.271076E-17
5188.10629983041  6.538464E-17
5191.16934021492  4.960193E-17
5194.23238059943  5.168545E-17
5197.29542098394  5.500722E-17
5200.35846136845  3.749065E-17
5203.42150175296  7.924763E-17
5206.48454213747  4.976672E-17
5209.54758252198  -2.230815E-17
5212.61062290649  1.771986E-17
5215.673663291  7.775007E-17
5218.73670367551  4.988804E-17
5221.79974406001  6.213261E-17
5224.86278444452  5.294544E-17
5227.92582482903  1.010252E-17
5230.98886521354  2.711851E-17
5234.05190559805  7.435126E-17
5237.11494598256  5.017949E-17
5240.17798636707  5.795934E-17
5243.24102675158  8.388805E-17
5246.30406713609  5.130305E-17
5249.3671075206  4.704806E-17
5252.43014790511  4.999844E-17
5255.49318828962  4.362069E-17
5258.55622867413  6.670253E-17
5261.61926905864  5.880734E-17
5264.68230944315  1.037742E-17
5267.74534982766  1.844819E-17
5270.80839021217  5.604475E-17
5273.87143059668  8.159644E-17
5276.93447098119  6.132430E-17
5279.9975113657  3.801765E-17
5283.06055175021  4.770551E-17
5286.12359213472  5.588839E-17
5289.18663251922  1.830609E-17
5292.24967290373  4.855254E-17
5295.31271328824  7.690551E-17
5298.37575367275  6.726597E-17
5301.43879405726  6.575365E-17
5304.50183444177  3.784520E-17
5307.56487482628  4.582400E-17
5310.62791521079  8.528844E-17
5313.6909555953  1.298389E-16
5316.75399597981  8.159519E-17
5319.81703636432  6.594744E-17
5322.88007674883  9.121732E-17
5325.94311713334  9.069386E-17
5329.00615751785  9.657168E-17
5332.06919790236  5.918031E-17
5335.13223828687  5.954720E-17
5338.19527867138  7.264998E-17
5341.25831905589  4.548841E-17
5344.32135944039  6.139382E-17
5347.3843998249  1.887993E-17
5350.44744020941  6.547443E-17
5353.51048059392  8.307259E-17
5356.57352097843  6.594547E-17
5359.63656136294  2.528711E-17
5362.69960174745  7.746830E-17
5365.76264213196  9.078676E-17
5368.82568251647  3.914974E-17
5371.88872290098  3.643320E-17
5374.95176328549  6.508863E-17
5378.01480367  3.845480E-17
5381.07784405451  5.688185E-17
5384.14088443902  1.032963E-16
5387.20392482353  8.132518E-17
5390.26696520804  6.354302E-17
5393.33000559255  3.061101E-17
5396.39304597706  1.717349E-17
5399.45608636157  4.348672E-17
5402.51912674608  6.996347E-17
5405.58216713059  5.100650E-17
5408.6452075151  7.587038E-17
5411.7082478996  8.765213E-17
5414.77128828411  9.392563E-17
5417.83432866862  8.810371E-17
5420.89736905313  7.897077E-17
5423.96040943764  9.688457E-17
5427.02344982215  1.115845E-16
5430.08649020666  8.509531E-17
5433.14953059117  8.771145E-17
5436.21257097568  7.831922E-17
5439.27561136019  6.821936E-17
5442.3386517447  6.136061E-17
5445.40169212921  1.138337E-16
5448.46473251372  9.539903E-17
5451.52777289823  5.822872E-17
5454.59081328274  6.111927E-17
5457.65385366725  4.915244E-17
5460.71689405176  8.644413E-17
5463.77993443627  8.329544E-17
5466.84297482077  4.354388E-17
5469.90601520528  4.378510E-17
5472.9690555898  4.562196E-17
5476.0320959743  3.966918E-17
5479.09513635881  1.048411E-16
5482.15817674332  8.632286E-17
5485.22121712783  8.459124E-17
5488.28425751234  4.663438E-17
5491.34729789685  3.943257E-17
5494.41033828136  5.617703E-17
5497.47337866587  7.065848E-17
5500.53641905038  6.113431E-17
5503.59945943489  8.327759E-17
5506.6624998194  5.032593E-17
5509.72554020391  7.390530E-17
5512.78858058842  1.169404E-16
5515.85162097293  9.197763E-17
5518.91466135744  1.009166E-16
5521.97770174195  8.229989E-17
5525.04074212646  3.389701E-17
5528.10378251097  4.771615E-17
5531.16682289547  6.964936E-17
5534.22986327999  8.407785E-17
5537.29290366449  1.031765E-16
5540.355944049  7.336044E-17
5543.41898443351  6.810410E-17
5546.48202481802  9.757299E-17
5549.54506520253  8.118422E-17
5552.60810558704  7.963018E-17
5555.67114597155  6.463357E-17
5558.73418635606  2.822652E-17
5561.79722674057  3.192781E-17
5564.86026712508  1.597963E-17
5567.92330750959  6.489609E-17
5570.9863478941  7.457404E-17
5574.04938827861  6.490722E-17
5577.11242866312  5.971625E-17
5580.17546904763  5.077287E-17
5583.23850943214  2.914756E-17
5586.30154981665  3.645992E-17
5589.36459020116  4.480517E-17
5592.42763058566  4.571466E-17
5595.49067097017  6.429001E-17
5598.55371135468  7.002911E-17
5601.61675173919  9.206596E-17
5604.6797921237  5.768944E-17
5607.74283250821  5.987250E-17
5610.80587289272  5.516297E-17
5613.86891327723  7.335488E-17
5616.93195366174  1.238672E-16
5619.99499404625  1.093603E-16
5623.05803443076  6.188578E-17
5626.12107481527  8.227887E-17
5629.18411519978  3.800852E-17
5632.24715558429  6.021248E-17
5635.3101959688  5.703118E-17
5638.37323635331  3.616168E-17
5641.43627673782  7.818505E-17
5644.49931712233  8.758005E-17
5647.56235750684  1.335852E-16
5650.62539789134  8.047841E-17
5653.68843827585  2.853190E-17
5656.75147866036  7.562812E-17
5659.81451904487  8.499095E-17
5662.87755942938  9.106239E-17
5665.94059981389  6.557515E-17
5669.0036401984  5.728401E-17
5672.06668058291  3.767464E-17
5675.12972096742  9.862485E-17
5678.19276135193  6.467512E-17
5681.25580173644  6.660633E-17
5684.31884212095  7.443904E-17
5687.38188250546  7.232919E-17
5690.44492288997  5.855962E-17
5693.50796327448  2.478266E-17
5696.57100365899  6.866960E-17
5699.6340440435  1.076664E-16
5702.69708442801  8.476572E-17
5705.76012481252  7.676747E-17
5708.82316519703  7.077335E-17
5711.88620558154  9.253286E-17
5714.94924596604  5.370739E-17
5718.01228635055  6.703333E-17
5721.07532673506  4.034267E-17
5724.13836711957  2.810726E-17
5727.20140750408  6.964147E-17
5730.26444788859  3.829530E-17
5733.3274882731  4.481074E-17
5736.39052865761  9.443782E-17
5739.45356904212  6.976979E-17
5742.51660942663  8.276557E-17
5745.57964981114  8.276598E-17
5748.64269019565  5.810802E-17
5751.70573058016  7.055794E-17
5754.76877096467  5.859322E-17
5757.83181134918  9.585721E-17
5760.89485173369  9.289854E-17
5763.9578921182  6.787070E-17
5767.02093250271  6.933978E-17
5770.08397288722  7.399579E-17
5773.14701327173  7.699957E-17
5776.21005365624  7.829643E-17
5779.27309404074  2.305092E-17
5782.33613442525  6.213911E-17
5785.39917480976  7.679581E-17
5788.46221519428  4.690352E-17
5791.52525557878  3.892116E-17
5794.58829596329  5.531922E-17
5797.6513363478  6.477651E-17
5800.71437673231  7.260774E-17
5803.77741711682  7.545492E-17
5806.84045750133  1.206781E-17
5809.90349788584  3.389642E-17
5812.96653827035  1.537891E-17
5816.02957865486  4.214982E-17
5819.09261903937  3.173253E-17
5822.15565942388  7.684448E-17
5825.21869980839  4.327848E-17
5828.2817401929  2.472136E-17
5831.34478057741  5.310974E-17
5834.40782096192  6.196665E-17
5837.47086134643  6.694469E-17
5840.53390173093  7.098491E-17
5843.59694211545  5.731977E-18
5846.65998249995  4.905363E-18
5849.72302288446  2.928551E-17
5852.78606326897  4.494626E-17
5855.84910365348  7.431113E-17
5858.91214403799  6.653391E-17
5861.9751844225  3.100559E-17
5865.03822480701  6.047526E-17
5868.10126519152  5.945312E-17
5871.16430557603  2.087911E-17
5874.22734596054  5.145757E-17
5877.29038634505  7.593556E-17
5880.35342672956  3.444488E-17
5883.41646711407  7.466256E-17
5886.47950749858  4.890455E-17
5889.54254788309  6.445470E-17
5892.6055882676  3.847917E-17
5895.66862865211  -2.916864E-17
5898.73166903662  1.142149E-17
5901.79470942112  -4.433969E-18
5904.85774980563  -1.758682E-17
5907.92079019014  8.495653E-17
5910.98383057465  8.390901E-17
5914.04687095916  4.544818E-17
5917.10991134367  4.418157E-17
5920.17295172818  -1.632459E-17
5923.23599211269  7.495962E-17
5926.2990324972  1.042086E-17
5929.36207288171  2.616320E-17
5932.42511326622  8.849952E-17
5935.48815365073  3.833717E-17
5938.55119403524  4.316571E-17
5941.61423441975  2.489939E-17
5944.67727480426  2.042830E-17
5947.74031518877  1.693514E-17
5950.80335557328  1.242306E-17
5953.86639595779  -3.469663E-18
5956.9294363423  2.387682E-17
5959.9924767268  5.179023E-17
5963.05551711131  3.625465E-17
5966.11855749582  -1.330619E-18
5969.18159788033  3.432005E-17
5972.24463826484  4.271598E-17
5975.30767864935  1.307169E-17
5978.37071903386  5.767778E-17
5981.43375941837  5.972598E-18
5984.49679980288  4.202333E-17
5987.55984018739  8.159488E-17
5990.6228805719  5.070955E-17
5993.68592095641  -6.539807E-18
5996.74896134092  9.052330E-18
5999.81200172543  3.612218E-17
6002.87504210994  1.098758E-17
6005.93808249445  2.124551E-17
6009.00112287896  1.024915E-17
6012.06416326347  9.402866E-18
6015.12720364798  1.471355E-17
6018.19024403248  1.881736E-17
6021.25328441699  7.830887E-18
6024.31632480151  -6.219757E-18
6027.37936518601  -6.935767E-19
6030.44240557052  -9.837631E-18
6033.50544595503  5.047756E-18
6036.56848633954  3.477511E-17
6039.63152672405  2.357673E-17
6042.69456710856  -4.108362E-18
6045.75760749307  8.946628E-17
6048.82064787758  7.425140E-17
6051.88368826209  2.086923E-17
6054.9467286466  -9.278304E-18
6058.00976903111  -2.420026E-18
6061.07280941562  2.942045E-17
6064.13584980013  2.578066E-18
6067.19889018464  -1.029702E-17
6070.26193056915  4.188225E-17
6073.32497095366  6.348720E-17
6076.38801133817  -1.592286E-17
6079.45105172268  1.514160E-17
6082.51409210719  2.409708E-18
6085.5771324917  1.056098E-17
6088.6401728762  2.802144E-17
6091.70321326072  1.989599E-18
6094.76625364522  2.196992E-17
6097.82929402973  -1.177453E-17
6100.89233441424  5.051039E-17
6103.95537479875  6.674000E-17
6107.01841518326  7.273570E-17
6110.08145556777  2.076721E-17
6113.14449595228  -1.337959E-17
6116.20753633679  1.072863E-17
6119.2705767213  1.281613E-17
6122.33361710581  8.009315E-17
6125.39665749032  -3.535164E-17
6128.45969787483  -1.197380E-17
6131.52273825934  7.416787E-17
6134.58577864385  5.290334E-17
6137.64881902836  8.213257E-18
6140.71185941287  1.461179E-17
6143.77489979737  -9.447005E-18
6146.83794018188  1.947891E-17
6149.90098056639  -3.507407E-17
6152.9640209509  2.451632E-17
6156.02706133541  4.961736E-17
6159.09010171992  -9.210519E-18
6162.15314210443  1.887186E-17
6165.21618248894  6.849646E-17
6168.27922287345  4.137011E-17
6171.34226325796  8.811661E-18
6174.40530364247  -1.818848E-18
6177.46834402698  4.592753E-17
6180.53138441149  6.255511E-17
6183.594424796  1.590215E-17
6186.65746518051  8.891343E-17
6189.72050556502  7.323176E-17
6192.78354594953  2.713401E-17
6195.84658633404  3.344790E-18
6198.90962671855  4.222967E-17
6201.97266710306  1.559080E-17
6205.03570748757  4.950705E-18
6208.09874787208  5.845374E-17
6211.16178825658  2.217105E-17
6214.22482864109  2.192282E-17
6217.2878690256  2.070337E-17
6220.35090941011  3.395296E-17
6223.41394979462  7.700831E-17
6226.47699017913  2.679752E-17
6229.54003056364  -4.600155E-18
6232.60307094815  3.786633E-17
6235.66611133266  5.778797E-17
6238.72915171717  4.258567E-17
6241.79219210168  7.655893E-17
6244.85523248619  2.385465E-17
6247.9182728707  3.288060E-17
6250.98131325521  1.224159E-17
6254.04435363972  3.331999E-17
6257.10739402423  2.398885E-17
6260.17043440874  2.669681E-17
6263.23347479325  5.943536E-17
6266.29651517776  2.656360E-17
6269.35955556227  6.394317E-18
6272.42259594678  -2.579695E-17
6275.48563633128  2.432757E-18
6278.54867671579  6.557142E-17
6281.6117171003  3.735229E-17
6284.67475748481  2.677843E-17
6287.73779786932  1.449577E-17
6290.80083825383  3.090710E-17
6293.86387863834  4.150867E-17
6296.92691902285  1.839316E-17
6299.98995940736  3.043679E-17
6303.05299979187  -4.252160E-17
6306.11604017638  -1.603469E-17
6309.17908056089  9.029208E-17
6312.2421209454  5.228708E-17
6315.30516132991  1.814360E-17
6318.36820171442  4.736781E-17
6321.43124209893  6.270453E-17
6324.49428248344  2.096937E-17
6327.55732286795  3.592277E-17
6330.62036325246  9.185168E-17
6333.68340363696  4.412866E-17
6336.74644402147  1.307450E-17
6339.80948440598  3.368752E-17
6342.87252479049  4.606343E-17
6345.935565175  1.842396E-17
6348.99860555951  3.207209E-17
6352.06164594402  3.124819E-17
6355.12468632853  1.698318E-17
6358.18772671304  9.671811E-18
6361.25076709755  -1.998744E-17
6364.31380748206  8.077557E-17
6367.37684786657  6.222068E-17
6370.43988825108  3.851902E-17
6373.50292863559  4.881591E-17
6376.5659690201  4.009256E-17
6379.62900940461  5.114378E-17
6382.69204978912  2.929865E-17
6385.75509017363  -1.631077E-17
6388.81813055814  4.028919E-17
6391.88117094264  5.492143E-17
6394.94421132715  3.674692E-17
6398.00725171166  3.258818E-17
6401.07029209617  3.268781E-17
6404.13333248068  3.180283E-17
6407.19637286519  2.275217E-17
6410.2594132497  6.507590E-17
6413.32245363421  2.337251E-17
6416.38549401872  1.995253E-17
6419.44853440323  3.660318E-17
6422.51157478774  1.541555E-17
6425.57461517225  2.946125E-17
6428.63765555676  4.209970E-17
6431.70069594127  3.400007E-17
6434.76373632578  4.722522E-17
6437.82677671029  4.741064E-17
6440.8898170948  3.645651E-17
6443.95285747931  3.768445E-17
6447.01589786382  3.119842E-17
6450.07893824833  3.829573E-17
6453.14197863284  5.290416E-17
6456.20501901735  6.141600E-17
6459.26805940186  4.391859E-17
6462.33109978636  2.831672E-17
6465.39414017087  5.122444E-17
6468.45718055538  3.240963E-17
6471.52022093989  2.237056E-17
6474.5832613244  3.785273E-17
6477.64630170891  8.450160E-18
6480.70934209342  -1.366292E-17
6483.77238247793  9.348303E-18
6486.83542286244  4.643433E-17
6489.89846324695  2.559336E-17
6492.96150363146  2.995818E-17
6496.02454401597  3.676676E-17
6499.08758440048  2.474463E-17
6502.15062478499  3.026214E-17
6505.2136651695  2.445363E-17
6508.27670555401  1.958627E-17
6511.33974593852  1.723129E-17
6514.40278632303  2.022420E-17
6517.46582670753  3.155520E-17
6520.52886709204  3.097672E-17
6523.59190747655  3.263208E-17
6526.65494786106  9.119278E-17
6529.71798824557  9.039986E-17
6532.78102863008  7.419717E-17
6535.84406901459  4.185414E-17
6538.9071093991  -5.104301E-18
6541.97014978361  2.275769E-17
6545.03319016812  5.765477E-17
6548.09623055263  5.846315E-17
6551.15927093714  2.928859E-17
6554.22231132165  2.380695E-17
6557.28535170616  5.362926E-17
6560.34839209067  5.839190E-17
6563.41143247518  2.851755E-17
6566.47447285969  6.569992E-17
6569.5375132442  5.135992E-17
6572.60055362871  2.255257E-17
6575.66359401322  5.787288E-17
6578.72663439772  5.644716E-17
6581.78967478224  6.775021E-17
6584.85271516675  2.975793E-17
6587.91575555125  4.606570E-17
6590.97879593576  5.668909E-17
6594.04183632027  8.479988E-18
6597.10487670478  3.358838E-17
6600.16791708929  4.947501E-17
6603.2309574738  5.139713E-17
6606.29399785831  7.758801E-17
6609.35703824282  6.219091E-17
6612.42007862733  9.274261E-17
6615.48311901184  6.501102E-17
6618.54615939635  1.538665E-17
6621.60919978086  4.355239E-17
6624.67224016537  3.707206E-17
6627.73528054988  3.942044E-17
6630.79832093439  3.031267E-17
6633.8613613189  7.250999E-17
6636.92440170341  5.886163E-17
6639.98744208792  4.170786E-17
6643.05048247242  8.158223E-18
6646.11352285693  3.260173E-17
6649.17656324144  5.348954E-17
6652.23960362595  5.390770E-17
6655.30264401046  5.378310E-17
6658.36568439497  1.751376E-17
6661.42872477948  5.200934E-17
6664.49176516399  4.610741E-17
6667.5548055485  3.572093E-17
6670.61784593301  3.889538E-17
6673.68088631752  2.857872E-17
6676.74392670203  3.902071E-17
6679.80696708654  2.990088E-17
6682.87000747105  3.826289E-17
6685.93304785556  6.106304E-17
6688.99608824007  2.329894E-17
6692.05912862458  2.938588E-17
6695.12216900909  6.372958E-18
6698.1852093936  -1.041326E-17
6701.24824977811  2.950835E-17
6704.31129016261  4.140360E-17
6707.37433054712  3.184943E-17
6710.43737093163  3.497527E-17
6713.50041131614  4.535769E-17
6716.56345170065  4.151344E-17
6719.62649208516  3.204875E-17
6722.68953246967  7.232473E-17
6725.75257285418  3.515175E-17
6728.81561323869  7.819137E-17
6731.8786536232  5.822614E-17
6734.94169400771  5.637298E-17
6738.00473439222  6.016740E-17
6741.06777477673  5.556675E-17
6744.13081516124  5.293207E-17
6747.19385554575  4.142239E-17
6750.25689593026  5.890765E-17
6753.31993631477  3.904852E-17
6756.38297669928  7.194844E-17
6759.44601708379  4.527296E-17
6762.50905746829  1.931250E-17
6765.5720978528  3.360543E-17
6768.63513823731  2.632240E-17
6771.69817862182  7.235737E-17
6774.76121900633  6.223573E-17
6777.82425939084  4.271730E-17
6780.88729977535  1.158612E-17
6783.95034015986  3.107270E-17
6787.01338054437  1.706076E-17
6790.07642092888  3.067636E-17
6793.13946131339  4.862618E-17
6796.2025016979  2.491946E-17
6799.26554208241  4.227845E-17
6802.32858246692  6.816067E-17
6805.39162285143  3.651040E-17
6808.45466323594  2.707991E-17
6811.51770362045  4.313457E-17
6814.58074400496  4.634499E-17
6817.64378438947  4.898367E-17
6820.70682477398  6.534482E-17
6823.76986515849  7.870727E-17
6826.832905543  3.812631E-17
6829.89594592751  -3.763655E-18
6832.95898631201  8.348369E-19
6836.02202669652  4.842144E-17
6839.08506708103  5.666609E-17
6842.14810746554  4.103367E-17
6845.21114785005  3.887169E-17
6848.27418823456  2.107801E-17
6851.33722861907  3.969889E-17
6854.40026900358  7.886570E-17
6857.46330938809  6.584025E-17
6860.5263497726  4.537849E-17
6863.58939015711  5.551484E-17
6866.65243054162  3.881362E-17
6869.71547092613  3.613365E-17
6872.77851131064  4.145804E-17
6875.84155169515  4.541326E-17
6878.90459207966  6.269271E-17
6881.96763246417  4.549320E-17
6885.03067284868  5.717218E-17
6888.09371323319  7.120984E-17
6891.15675361769  5.382310E-17
6894.2197940022  5.413834E-17
6897.28283438671  5.159071E-17
6900.34587477122  5.597712E-17
6903.40891515573  6.053379E-17
6906.47195554024  5.329860E-17
6909.53499592475  7.341860E-17
6912.59803630926  6.209601E-17
6915.66107669377  6.589552E-17
6918.72411707828  8.705590E-17
6921.78715746279  8.023735E-17
6924.8501978473  1.003269E-16
6927.91323823181  1.041517E-16
6930.97627861632  9.817027E-17
6934.03931900083  1.205439E-16
6937.10235938534  1.095443E-16
6940.16539976985  1.138420E-16
6943.22844015436  1.315366E-16
6946.29148053886  1.473718E-16
6949.35452092337  1.451390E-16
6952.41756130788  1.505083E-16
6955.4806016924  1.922345E-16
6958.5436420769  2.013620E-16
6961.60668246141  1.911167E-16
6964.66972284592  1.933024E-16
6967.73276323043  2.004184E-16
6970.79580361494  2.093966E-16
6973.85884399945  2.007960E-16
6976.92188438396  1.989110E-16
6979.98492476847  1.624686E-16
6983.04796515298  1.437190E-16
6986.11100553749  1.011163E-16
6989.174045922  8.753497E-17
6992.23708630651  9.107891E-17
6995.30012669102  5.984360E-17
6998.36316707553  4.003166E-17
7001.42620746004  1.032183E-16
7004.48924784455  8.139359E-17
7007.55228822906  5.573556E-17
7010.61532861357  6.897571E-17
7013.67836899807  2.162638E-18
7016.74140938258  3.307213E-17
7019.80444976709  6.189379E-17
7022.8674901516  2.914631E-17
7025.93053053611  3.191459E-17
7028.99357092062  4.317573E-17
7032.05661130513  5.187289E-17
7035.11965168964  3.010235E-17
7038.18269207415  -4.465225E-18
7041.24573245866  -8.496399E-18
7044.30877284317  2.659958E-17
7047.37181322768  5.468632E-17
7050.43485361219  2.119250E-17
7053.4978939967  3.363365E-17
7056.56093438121  5.226551E-17
7059.62397476572  3.363604E-17
7062.68701515023  -1.306883E-19
7065.75005553474  7.959521E-18
7068.81309591925  4.476189E-17
7071.87613630375  4.813581E-17
7074.93917668827  1.184648E-17
7078.00221707277  3.720345E-17
7081.06525745728  3.821984E-17
7084.12829784179  8.866696E-18
7087.1913382263  4.754254E-17
7090.25437861081  3.797752E-17
7093.31741899532  1.362274E-17
7096.38045937983  3.866032E-17
7099.44349976434  3.382553E-18
7102.50654014885  -1.541739E-18
7105.56958053336  2.449448E-17
7108.63262091787  4.398695E-17
7111.69566130238  4.276810E-17
7114.75870168689  5.692714E-18
7117.8217420714  -6.706232E-18
7120.88478245591  3.413812E-17
7123.94782284042  1.531328E-17
7127.01086322493  1.784376E-17
7130.07390360944  2.548202E-18
7133.13694399395  -6.110540E-18
7136.19998437846  4.318523E-17
7139.26302476297  2.394890E-17
7142.32606514748  1.311583E-17
7145.38910553198  3.061291E-17
7148.45214591649  3.536072E-17
7151.515186301  2.761420E-17
7154.57822668551  2.761254E-17
7157.64126707002  4.544983E-17
7160.70430745453  2.943602E-17
7163.76734783904  1.759377E-17
7166.83038822355  2.910566E-17
7169.89342860806  1.070141E-17
7172.95646899257  -2.427893E-17
7176.01950937708  -6.744710E-18
7179.08254976159  9.212743E-18
7182.1455901461  6.197539E-18
7185.20863053061  3.407743E-17
7188.27167091512  9.705298E-18
7191.33471129963  1.199964E-17
7194.39775168413  2.103303E-17
7197.46079206865  2.493143E-17
7200.52383245316  1.865343E-17
7203.58687283766  3.364307E-17
7206.64991322217  1.162372E-17
7209.71295360668  5.032300E-18
7212.77599399119  -5.763423E-18
7215.8390343757  5.329152E-18
7218.90207476021  1.181326E-17
7221.96511514472  -2.674016E-17
7225.02815552923  3.030799E-18
7228.09119591374  -6.573670E-18
7231.15423629825  -5.964550E-18
7234.21727668276  1.847984E-17
7237.28031706727  1.139463E-17
7240.34335745178  3.212466E-17
7243.40639783629  2.642555E-17
7246.4694382208  1.041848E-17
7249.53247860531  1.327336E-17
