4250.  4.872285E-18
4254.50626959248  -1.522071E-18
4259.01253918495  -2.379542E-18
4263.51880877743  1.070937E-17
4268.02507836991  2.794139E-18
4272.53134796238  3.611532E-18
4277.03761755486  7.902773E-18
4281.54388714734  7.575001E-18
4286.05015673981  6.868552E-18
4290.55642633229  -1.439042E-19
4295.06269592477  9.442473E-18
4299.56896551724  6.310708E-18
4304.07523510972  4.318121E-18
4308.58150470219  1.469740E-17
4313.08777429467  1.578284E-17
4317.59404388715  1.399875E-17
4322.10031347963  1.044563E-17
4326.6065830721  1.075075E-17
4331.11285266458  1.429422E-17
4335.61912225705  9.724983E-18
4340.12539184953  4.023738E-18
4344.63166144201  5.228243E-18
4349.13793103448  3.265577E-18
4353.64420062696  2.667235E-18
4358.15047021944  1.768862E-19
4362.65673981191  4.190399E-18
4367.16300940439  4.187681E-18
4371.66927899687  4.931214E-18
4376.17554858934  1.312704E-17
4380.68181818182  1.103771E-17
4385.1880877743  1.024691E-17
4389.69435736677  8.191912E-18
4394.20062695925  4.560369E-18
4398.70689655173  5.025178E-18
4403.2131661442  4.991229E-18
4407.71943573668  3.624926E-18
4412.22570532915  6.913072E-18
4416.73197492163  -1.096950E-18
4421.23824451411  4.817569E-18
4425.74451410659  4.390600E-18
4430.25078369906  6.796503E-18
4434.75705329154  6.547444E-18
4439.26332288401  5.633713E-18
4443.76959247649  8.386910E-18
4448.27586206897  1.447215E-18
4452.78213166144  2.265093E-18
4457.28840125392  1.006111E-17
4461.7946708464  2.809612E-18
4466.30094043887  7.487453E-18
4470.80721003135  8.374517E-18
4475.31347962383  1.756012E-18
4479.8197492163  3.954222E-18
4484.32601880878  5.508963E-18
4488.83228840126  6.269830E-18
4493.33855799373  4.914440E-18
4497.84482758621  3.893413E-18
4502.35109717869  1.163478E-19
4506.85736677116  1.937318E-18
4511.36363636364  5.623710E-18
4515.86990595611  4.914943E-18
4520.37617554859  2.885804E-18
4524.88244514107  1.812123E-18
4529.38871473354  3.180196E-18
4533.89498432602  4.018224E-18
4538.4012539185  2.868988E-18
4542.90752351097  4.951686E-18
4547.41379310345  1.155130E-18
4551.92006269593  2.934748E-18
4556.4263322884  6.556213E-18
4560.93260188088  3.959602E-18
4565.43887147336  -3.280748E-19
4569.94514106583  1.166416E-18
4574.45141065831  5.750119E-18
4578.95768025079  7.153535E-18
4583.46394984326  8.056805E-18
4587.97021943574  5.042610E-18
4592.47648902822  4.705594E-18
4596.98275862069  5.133691E-18
4601.48902821317  2.086327E-18
4605.99529780565  6.040054E-18
4610.50156739812  2.643737E-18
4615.0078369906  1.130971E-18
4619.51410658308  2.063930E-18
4624.02037617555  4.800721E-18
4628.52664576803  3.637074E-18
4633.0329153605  2.742522E-18
4637.53918495298  1.041521E-18
4642.04545454546  1.146501E-18
4646.55172413793  4.436720E-18
4651.05799373041  2.933845E-18
4655.56426332289  5.670912E-18
4660.07053291536  6.899432E-18
4664.57680250784  6.001496E-18
4669.08307210032  5.236369E-18
4673.58934169279  7.385632E-18
4678.09561128527  9.070030E-19
4682.60188087775  2.310720E-18
4687.10815047022  6.429539E-18
4691.6144200627  3.251365E-18
4696.12068965518  1.625153E-18
4700.62695924765  9.094994E-19
4705.13322884013  1.421708E-18
4709.63949843261  1.430636E-18
4714.14576802508  4.756023E-18
4718.65203761756  1.217306E-17
4723.15830721003  3.883171E-18
4727.66457680251  4.264456E-18
4732.17084639499  5.218825E-19
4736.67711598746  7.855096E-19
4741.18338557994  4.859094E-18
4745.68965517242  9.755675E-19
4750.19592476489  2.511385E-19
4754.70219435737  2.346998E-18
4759.20846394985  3.780741E-18
4763.71473354232  4.089784E-18
4768.2210031348  4.266038E-18
4772.72727272728  6.830507E-18
4777.23354231975  5.833470E-18
4781.73981191223  3.189294E-18
4786.24608150471  2.002679E-18
4790.75235109718  3.733561E-18
4795.25862068966  4.117898E-18
4799.76489028214  3.547919E-18
4804.27115987461  2.824520E-18
4808.77742946709  2.627073E-19
4813.28369905957  3.758059E-18
4817.78996865204  4.270728E-18
4822.29623824452  1.819894E-18
4826.80250783699  2.831790E-18
4831.30877742947  4.382331E-18
4835.81504702195  5.310982E-18
4840.32131661442  5.785860E-18
4844.8275862069  4.145669E-18
4849.33385579938  1.699071E-18
4853.84012539185  3.742334E-18
4858.34639498433  6.744411E-18
4862.85266457681  3.678294E-18
4867.35893416928  2.950680E-18
4871.86520376176  2.110969E-18
4876.37147335424  3.142305E-18
4880.87774294671  5.424184E-18
4885.38401253919  6.626304E-18
4889.89028213167  5.263751E-18
4894.39655172414  3.614056E-18
4898.90282131662  4.203245E-18
4903.4090909091  5.704673E-18
4907.91536050157  6.022625E-18
4912.42163009405  5.965002E-18
4916.92789968653  5.018259E-18
4921.434169279  2.723859E-18
4925.94043887148  2.631562E-18
4930.44670846395  3.739809E-18
4934.95297805643  6.050313E-18
4939.45924764891  4.146649E-18
4943.96551724138  4.684141E-18
4948.47178683386  3.765985E-18
4952.97805642634  1.967880E-18
4957.48432601881  4.795480E-18
4961.99059561129  6.525664E-18
4966.49686520377  4.884217E-18
4971.00313479624  4.513264E-18
4975.50940438872  4.845894E-18
4980.0156739812  6.523421E-18
4984.52194357367  7.118569E-18
4989.02821316615  4.969185E-18
4993.53448275862  6.885767E-18
4998.0407523511  5.492671E-18
5002.54702194358  5.566010E-18
5007.05329153606  5.175812E-18
5011.55956112853  4.748438E-18
5016.06583072101  6.754194E-18
5020.57210031349  6.711240E-18
5025.07836990596  6.160577E-18
5029.58463949844  8.388899E-18
5034.09090909092  7.518903E-18
5038.59717868339  4.809216E-18
5043.10344827587  9.902173E-19
5047.60971786835  1.711222E-18
5052.11598746082  5.177870E-18
5056.6222570533  5.217314E-18
5061.12852664577  5.372091E-18
5065.63479623825  5.054013E-18
5070.14106583073  6.051787E-18
5074.6473354232  4.966100E-18
5079.15360501568  5.130761E-18
5083.65987460816  4.368105E-18
5088.16614420063  3.848878E-18
5092.67241379311  2.888156E-18
5097.17868338559  3.184432E-18
5101.68495297806  3.971187E-18
5106.19122257054  4.277608E-18
5110.69749216302  4.618756E-18
5115.20376175549  3.204098E-18
5119.71003134797  1.479007E-18
5124.21630094045  1.985151E-18
5128.72257053292  4.358827E-18
5133.2288401254  4.682267E-18
5137.73510971788  2.872297E-18
5142.24137931035  4.256834E-18
5146.74764890283  3.589341E-18
5151.2539184953  3.341476E-18
5155.76018808778  3.103105E-18
5160.26645768026  4.213192E-18
5164.77272727273  1.217667E-18
5169.27899686521  2.014899E-18
5173.78526645769  3.217950E-18
5178.29153605016  7.559573E-18
5182.79780564264  8.666097E-18
5187.30407523512  5.819213E-18
5191.81034482759  5.164809E-18
5196.31661442007  3.472230E-18
5200.82288401255  1.688327E-18
5205.32915360502  1.384497E-18
5209.8354231975  1.897195E-18
5214.34169278998  4.675443E-18
5218.84796238245  5.594996E-18
5223.35423197493  3.932780E-18
5227.8605015674  4.306527E-18
5232.36677115988  3.264349E-18
5236.87304075236  2.402854E-18
5241.37931034483  3.703362E-18
5245.88557993731  2.417527E-18
5250.39184952979  4.713621E-18
5254.89811912227  5.649775E-18
5259.40438871474  4.196538E-18
5263.91065830722  4.512858E-18
5268.41692789969  3.714471E-18
5272.92319749217  4.111723E-18
5277.42946708465  3.872572E-18
5281.93573667712  4.250997E-18
5286.4420062696  3.420909E-18
5290.94827586208  2.718293E-18
5295.45454545455  4.020137E-18
5299.96081504703  4.072611E-18
5304.46708463951  4.965974E-18
5308.97335423198  2.431010E-18
5313.47962382446  2.425411E-18
5317.98589341694  3.265086E-18
5322.49216300941  2.840295E-18
5326.99843260189  2.180148E-18
5331.50470219436  1.941896E-18
5336.01097178684  3.766760E-18
5340.51724137932  3.141149E-18
5345.02351097179  1.851702E-18
5349.52978056427  4.419497E-18
5354.03605015675  4.694505E-18
5358.54231974922  2.772649E-18
5363.0485893417  5.792387E-18
5367.55485893418  5.302647E-18
5372.06112852665  5.262652E-18
5376.56739811913  5.843837E-18
5381.07366771161  6.051526E-18
5385.57993730408  5.698497E-18
5390.08620689656  6.381440E-18
5394.59247648904  5.969292E-18
5399.09874608151  5.506006E-18
5403.60501567399  5.557407E-18
5408.11128526646  5.577776E-18
5412.61755485894  5.272641E-18
5417.12382445142  4.438542E-18
5421.6300940439  5.661588E-18
5426.13636363637  6.140699E-18
5430.64263322885  5.570845E-18
5435.14890282132  5.008145E-18
5439.6551724138  5.221751E-18
5444.16144200628  4.766855E-18
5448.66771159875  6.093633E-18
5453.17398119123  5.690602E-18
5457.68025078371  4.984338E-18
5462.18652037618  5.623867E-18
5466.69278996866  6.043360E-18
5471.19905956114  5.549012E-18
5475.70532915361  5.853299E-18
5480.21159874609  5.380003E-18
5484.71786833857  4.769552E-18
5489.22413793104  6.192091E-18
5493.73040752352  5.716832E-18
5498.236677116  5.366054E-18
5502.74294670847  5.853407E-18
5507.24921630095  5.074176E-18
5511.75548589343  5.360617E-18
5516.2617554859  3.930370E-18
5520.76802507838  4.509077E-18
5525.27429467086  6.041434E-18
5529.78056426333  6.290893E-18
5534.28683385581  4.785807E-18
5538.79310344829  5.096110E-18
5543.29937304076  7.130376E-18
5547.80564263324  6.200825E-18
5552.31191222571  6.707616E-18
5556.81818181819  6.474564E-18
5561.32445141067  4.548311E-18
5565.83072100314  7.140358E-18
5570.33699059562  6.971996E-18
5574.8432601881  6.897005E-18
5579.34952978057  6.892202E-18
5583.85579937305  5.648165E-18
5588.36206896553  7.731627E-18
5592.868338558  8.580084E-18
5597.37460815048  6.483701E-18
5601.88087774296  5.860335E-18
5606.38714733543  4.726481E-18
5610.89341692791  7.242415E-18
5615.39968652038  6.977110E-18
5619.90595611286  6.864975E-18
5624.41222570534  8.103241E-18
5628.91849529782  6.111215E-18
5633.42476489029  5.377629E-18
5637.93103448277  5.945282E-18
5642.43730407524  7.981346E-18
5646.94357366772  7.904530E-18
5651.4498432602  6.345524E-18
5655.95611285267  7.483424E-18
5660.46238244515  6.407238E-18
5664.96865203763  6.950313E-18
5669.4749216301  4.887744E-18
5673.98119122258  5.561998E-18
5678.48746081506  6.115759E-18
5682.99373040753  5.087222E-18
5687.50000000001  6.638277E-18
5692.00626959249  6.636811E-18
5696.51253918496  5.410542E-18
5701.01880877744  5.029265E-18
5705.52507836992  4.629254E-18
5710.03134796239  5.356663E-18
5714.53761755487  6.063015E-18
5719.04388714734  6.342675E-18
5723.55015673982  5.212746E-18
5728.0564263323  6.194596E-18
5732.56269592477  6.021715E-18
5737.06896551725  4.323186E-18
5741.57523510973  5.433029E-18
5746.0815047022  4.828306E-18
5750.58777429468  4.826324E-18
5755.09404388716  4.570766E-18
5759.60031347963  5.896709E-18
5764.10658307211  6.128316E-18
5768.61285266459  5.628374E-18
5773.11912225706  4.734483E-18
5777.62539184954  7.269029E-18
5782.13166144202  6.892547E-18
5786.63793103449  5.820547E-18
5791.14420062697  6.601540E-18
5795.65047021945  6.288110E-18
5800.15673981192  7.591884E-18
5804.6630094044  7.447183E-18
5809.16927899687  7.465136E-18
5813.67554858935  7.497003E-18
5818.18181818183  4.394191E-18
5822.6880877743  4.343610E-18
5827.19435736678  5.884884E-18
5831.70062695926  5.179181E-18
5836.20689655174  5.408410E-18
5840.71316614421  5.751907E-18
5845.21943573669  4.808070E-18
5849.72570532916  3.169260E-18
5854.23197492164  4.995432E-18
5858.73824451412  7.496366E-18
5863.24451410659  5.435327E-18
5867.75078369907  4.563192E-18
5872.25705329155  6.289714E-18
5876.76332288402  5.357390E-18
5881.2695924765  3.980677E-18
5885.77586206898  4.201469E-18
5890.28213166145  2.742611E-18
5894.78840125393  5.867443E-18
5899.2946708464  5.639980E-18
5903.80094043888  2.719573E-18
5908.30721003136  2.657250E-18
5912.81347962384  4.398238E-18
5917.31974921631  5.532954E-18
5921.82601880879  5.221545E-18
5926.33228840126  5.622337E-18
5930.83855799374  5.872596E-18
5935.34482758622  4.127451E-18
5939.85109717869  3.498105E-18
5944.35736677117  2.915955E-18
5948.86363636365  2.554629E-18
5953.36990595613  2.648184E-18
5957.8761755486  1.731077E-18
5962.38244514108  4.500687E-18
5966.88871473355  5.108941E-18
5971.39498432603  3.275531E-18
5975.90125391851  2.983887E-18
5980.40752351098  3.777966E-18
5984.91379310346  3.467043E-18
5989.42006269594  3.416430E-18
5993.92633228841  4.067671E-18
5998.43260188089  5.602015E-18
6002.93887147337  4.207704E-18
6007.44514106584  3.754787E-18
6011.95141065832  5.369595E-18
6016.45768025079  4.454093E-18
6020.96394984327  4.539051E-18
6025.47021943575  4.881943E-18
6029.97648902823  4.041920E-18
6034.4827586207  4.236119E-18
6038.98902821318  4.692867E-18
6043.49529780566  3.671554E-18
6048.00156739813  4.472159E-18
6052.50783699061  4.462948E-18
6057.01410658308  4.603830E-18
6061.52037617556  5.523439E-18
6066.02664576804  5.227071E-18
6070.53291536051  5.756478E-18
6075.03918495299  5.772013E-18
6079.54545454547  4.164412E-18
6084.05172413794  5.615181E-18
6088.55799373042  6.258351E-18
6093.0642633229  5.022494E-18
6097.57053291537  5.946923E-18
6102.07680250785  6.190669E-18
6106.58307210033  6.022431E-18
6111.0893416928  7.171711E-18
6115.59561128528  6.107789E-18
6120.10188087776  4.977853E-18
6124.60815047023  6.575298E-18
6129.11442006271  6.828337E-18
6133.62068965518  4.255978E-18
6138.12695924766  4.400504E-18
6142.63322884014  6.210053E-18
6147.13949843261  4.987403E-18
6151.64576802509  7.767061E-18
6156.15203761757  6.803202E-18
6160.65830721004  5.273256E-18
6165.16457680252  6.846431E-18
6169.670846395  6.852047E-18
6174.17711598747  6.547932E-18
6178.68338557995  5.831994E-18
6183.18965517243  6.292537E-18
6187.6959247649  4.521398E-18
6192.20219435738  6.363630E-18
6196.70846394986  6.851811E-18
6201.21473354233  5.426134E-18
6205.72100313481  4.432720E-18
6210.22727272729  6.536521E-18
6214.73354231976  6.286973E-18
6219.23981191224  5.568398E-18
6223.74608150471  5.512228E-18
6228.25235109719  5.728451E-18
6232.75862068967  5.975313E-18
6237.26489028214  5.888365E-18
6241.77115987462  7.067119E-18
6246.2774294671  6.179168E-18
6250.78369905957  6.249643E-18
6255.28996865205  5.652262E-18
6259.79623824453  5.637138E-18
6264.302507837  5.302037E-18
6268.80877742948  5.743100E-18
6273.31504702196  6.407082E-18
6277.82131661443  6.613228E-18
6282.32758620691  6.007475E-18
6286.83385579939  5.124290E-18
6291.34012539186  5.978328E-18
6295.84639498434  4.905533E-18
6300.35266457682  3.385103E-18
6304.85893416929  2.954378E-18
6309.36520376177  3.323383E-18
6313.87147335425  6.930663E-18
6318.37774294672  5.604890E-18
6322.8840125392  6.707065E-18
6327.39028213168  7.651336E-18
6331.89655172415  4.892272E-18
6336.40282131663  4.850662E-18
6340.9090909091  6.571344E-18
6345.41536050158  8.158149E-18
6349.92163009406  8.063013E-18
6354.42789968653  5.233507E-18
6358.93416927901  3.594025E-18
6363.44043887149  6.700593E-18
6367.94670846396  7.419186E-18
6372.45297805644  4.322456E-18
6376.95924764892  4.534988E-18
6381.46551724139  5.946197E-18
6385.97178683387  5.380462E-18
6390.47805642635  4.384710E-18
6394.98432601882  5.528261E-18
6399.4905956113  5.604154E-18
6403.99686520377  5.882600E-18
6408.50313479625  6.425808E-18
6413.00940438873  5.071642E-18
6417.51567398121  4.804231E-18
6422.02194357368  5.595426E-18
6426.52821316616  7.400405E-18
6431.03448275864  8.107825E-18
6435.54075235111  7.721104E-18
6440.04702194359  6.444592E-18
6444.55329153607  5.890646E-18
6449.05956112854  5.434287E-18
6453.56583072102  6.032326E-18
6458.07210031349  6.313377E-18
6462.57836990597  5.170952E-18
6467.08463949845  5.525351E-18
6471.59090909092  6.241659E-18
6476.0971786834  5.320958E-18
6480.60344827588  5.657924E-18
6485.10971786835  4.606405E-18
6489.61598746083  5.485872E-18
6494.12225705331  5.702045E-18
6498.62852664578  5.665255E-18
6503.13479623826  5.623170E-18
6507.64106583074  5.736073E-18
6512.14733542321  6.200498E-18
6516.65360501569  6.281815E-18
6521.15987460816  4.864323E-18
6525.66614420064  3.756469E-18
6530.17241379312  4.447414E-18
6534.67868338559  4.148673E-18
6539.18495297807  3.273050E-18
6543.69122257055  5.639070E-18
6548.19749216302  3.840256E-18
6552.7037617555  3.085923E-18
6557.21003134798  5.438117E-18
6561.71630094045  6.859102E-18
6566.22257053293  4.249738E-18
6570.72884012541  5.073916E-18
6575.23510971788  7.746682E-18
6579.74137931036  6.774254E-18
6584.24764890284  6.483655E-18
6588.75391849531  5.826816E-18
6593.26018808779  5.741507E-18
6597.76645768027  4.821841E-18
6602.27272727274  5.395052E-18
6606.77899686522  3.379359E-18
6611.2852664577  4.290355E-18
6615.79153605017  5.028754E-18
6620.29780564265  4.438066E-18
6624.80407523513  5.072619E-18
6629.3103448276  4.775059E-18
6633.81661442008  3.283509E-18
6638.32288401255  3.314909E-18
6642.82915360503  5.237735E-18
6647.33542319751  5.441795E-18
6651.84169278998  4.454019E-18
6656.34796238246  5.437283E-18
6660.85423197494  5.061916E-18
6665.36050156741  4.628732E-18
6669.86677115989  5.076821E-18
6674.37304075237  5.140829E-18
6678.87931034484  5.734556E-18
6683.38557993732  5.534638E-18
6687.8918495298  5.084403E-18
6692.39811912227  4.486020E-18
6696.90438871475  4.609715E-18
6701.41065830723  5.557512E-18
6705.9169278997  5.679348E-18
6710.42319749218  4.790079E-18
6714.92946708466  5.366700E-18
6719.43573667713  6.334502E-18
6723.94200626961  5.339323E-18
6728.44827586208  5.409760E-18
6732.95454545456  5.997484E-18
6737.46081504704  3.367543E-18
6741.96708463951  3.040208E-18
6746.47335423199  4.825033E-18
6750.97962382447  4.501423E-18
6755.48589341694  3.988444E-18
6759.99216300942  3.293360E-18
6764.4984326019  3.716063E-18
6769.00470219437  4.131158E-18
6773.51097178685  3.442227E-18
6778.01724137933  3.691214E-18
6782.5235109718  4.127004E-18
6787.02978056428  4.228961E-18
6791.53605015676  4.903701E-18
6796.04231974923  4.876348E-18
6800.54858934171  4.888243E-18
6805.05485893418  5.388307E-18
6809.56112852666  6.039642E-18
6814.06739811914  4.964940E-18
6818.57366771161  6.493736E-18
6823.07993730409  7.484272E-18
6827.58620689657  4.366163E-18
6832.09247648905  3.671378E-18
6836.59874608152  4.243474E-18
6841.105015674  3.644691E-18
6845.61128526647  4.546094E-18
6850.11755485895  4.863962E-18
6854.62382445143  4.808724E-18
6859.1300940439  4.206896E-18
6863.63636363638  2.890970E-18
6868.14263322886  4.314778E-18
6872.64890282133  6.516267E-18
6877.15517241381  6.726063E-18
6881.66144200629  4.393456E-18
6886.16771159876  4.192348E-18
6890.67398119124  4.487831E-18
6895.18025078372  6.465377E-18
6899.68652037619  7.198322E-18
6904.19278996867  3.290025E-18
6908.69905956115  5.453142E-18
6913.20532915362  6.989325E-18
6917.7115987461  5.290303E-18
6922.21786833858  3.547870E-18
6926.72413793105  2.135833E-18
6931.23040752353  5.816727E-18
6935.736677116  6.046666E-18
6940.24294670848  4.910628E-18
6944.74921630096  4.647920E-18
6949.25548589344  5.213487E-18
6953.76175548591  5.951002E-18
6958.26802507839  5.728613E-18
6962.77429467086  5.194127E-18
6967.28056426334  6.886801E-18
6971.78683385582  5.748311E-18
6976.29310344829  5.413400E-18
6980.79937304077  4.750209E-18
6985.30564263325  2.758137E-18
6989.81191222572  4.389492E-18
6994.3181818182  5.878056E-18
6998.82445141068  3.314116E-18
7003.33072100315  2.966671E-18
7007.83699059563  4.557445E-18
7012.34326018811  4.023197E-18
7016.84952978058  6.935990E-18
7021.35579937306  6.939334E-18
7025.86206896554  4.727695E-18
7030.36833855801  5.045258E-18
7034.87460815049  5.219970E-18
7039.38087774297  5.916411E-18
7043.88714733544  7.534094E-18
7048.39341692792  3.946611E-18
7052.89968652039  5.553356E-18
7057.40595611287  6.086751E-18
7061.91222570535  3.689667E-18
7066.41849529782  5.209269E-18
7070.9247648903  7.606354E-18
7075.43103448278  5.272456E-18
7079.93730407525  6.122418E-18
7084.44357366773  6.723820E-18
7088.94984326021  6.349053E-18
7093.45611285268  5.829494E-18
7097.96238244516  3.925247E-18
7102.46865203763  3.339277E-18
7106.97492163011  4.719357E-18
7111.48119122259  5.427803E-18
7115.98746081507  4.651946E-18
7120.49373040754  6.064238E-18
7125.00000000002  7.078524E-18
7129.50626959249  6.215983E-18
7134.01253918497  4.706758E-18
7138.51880877745  5.815026E-18
7143.02507836992  5.398239E-18
7147.5313479624  5.020941E-18
7152.03761755488  6.161271E-18
7156.54388714735  5.216995E-18
7161.05015673983  6.637988E-18
7165.55642633231  6.011948E-18
7170.06269592478  5.419986E-18
7174.56896551726  5.256735E-18
7179.07523510974  5.944562E-18
7183.58150470221  4.270334E-18
7188.08777429469  3.754275E-18
7192.59404388717  5.189378E-18
7197.10031347964  5.506414E-18
7201.60658307212  5.513301E-18
7206.1128526646  4.348460E-18
7210.61912225707  4.810955E-18
7215.12539184955  4.920638E-18
7219.63166144202  5.835569E-18
7224.1379310345  6.711144E-18
7228.64420062698  6.783970E-18
7233.15047021946  4.431607E-18
7237.65673981193  4.716097E-18
7242.16300940441  6.242857E-18
7246.66927899689  6.679201E-18
7251.17554858936  6.835193E-18
7255.68181818184  4.675491E-18
7260.18808777431  3.679645E-18
7264.69435736679  5.964978E-18
7269.20062695927  6.445728E-18
7273.70689655174  4.500751E-18
7278.21316614422  6.526279E-18
7282.7194357367  6.227658E-18
7287.22570532917  1.541148E-18
7291.73197492165  3.680481E-18
7296.23824451412  3.786154E-18
7300.7445141066  4.716333E-18
7305.25078369908  1.794846E-18
7309.75705329155  -6.837510E-19
7314.26332288403  2.798497E-18
7318.76959247651  3.928911E-18
7323.27586206899  4.929102E-18
7327.78213166146  4.519484E-18
7332.28840125394  5.197122E-18
7336.79467084641  4.439312E-18
7341.30094043889  3.716058E-18
7345.80721003137  4.081328E-18
7350.31347962384  4.344771E-18
7354.81974921632  5.030530E-18
7359.3260188088  4.637584E-18
7363.83228840128  2.498006E-18
7368.33855799375  3.866268E-18
7372.84482758623  3.849813E-18
7377.3510971787  5.710590E-18
7381.85736677118  4.780742E-18
7386.36363636366  3.300141E-18
7390.86990595613  2.305120E-18
7395.37617554861  5.435803E-18
7399.88244514109  5.910923E-18
7404.38871473356  5.794703E-18
7408.89498432604  5.637777E-18
7413.40125391852  4.740364E-18
7417.90752351099  3.980885E-18
7422.41379310347  3.075541E-18
7426.92006269594  3.537518E-18
7431.42633228842  4.535043E-18
7435.9326018809  5.187679E-18
7440.43887147337  5.109397E-18
7444.94514106585  5.070266E-18
7449.45141065833  5.087142E-18
7453.95768025081  6.479014E-18
7458.46394984328  7.124117E-18
7462.97021943576  4.090101E-18
7467.47648902823  3.154170E-18
7471.98275862071  2.674905E-18
7476.48902821319  3.424014E-18
7480.99529780566  4.924839E-18
7485.50156739814  5.638796E-18
7490.00783699061  4.084820E-18
7494.51410658309  3.327133E-18
7499.02037617557  3.442713E-18
7503.52664576805  3.901470E-18
7508.03291536052  2.945138E-18
7512.539184953  3.408278E-18
7517.04545454547  3.291962E-18
7521.55172413795  2.267617E-18
7526.05799373043  1.639485E-18
7530.56426332291  4.256585E-18
7535.07053291538  3.817694E-18
7539.57680250786  4.029781E-18
7544.08307210033  3.819083E-18
7548.58934169281  3.827433E-18
7553.09561128529  4.979702E-18
7557.60188087776  4.528647E-18
7562.10815047024  5.005915E-18
7566.61442006272  4.189183E-18
7571.12068965519  4.637137E-18
7575.62695924767  2.811399E-18
7580.13322884015  3.036464E-18
7584.63949843262  4.483548E-18
7589.1457680251  5.907776E-18
7593.65203761758  4.809867E-18
7598.15830721005  1.993227E-18
7602.66457680253  4.981487E-18
7607.17084639501  5.153434E-18
7611.67711598748  6.513491E-18
7616.18338557996  3.487815E-18
7620.68965517244  1.385497E-18
7625.19592476491  4.146428E-18
7629.70219435739  5.389005E-18
7634.20846394987  3.907381E-18
7638.71473354234  3.213563E-18
7643.22100313482  5.065784E-18
7647.7272727273  6.350599E-18
7652.23354231977  7.081637E-18
7656.73981191225  3.836879E-18
7661.24608150472  4.475223E-18
7665.7523510972  6.217896E-18
7670.25862068968  7.115439E-18
7674.76489028215  6.631665E-18
7679.27115987463  6.273831E-18
7683.7774294671  5.253846E-18
7688.28369905958  4.666795E-18
7692.78996865206  4.065699E-18
7697.29623824454  8.159074E-18
7701.80250783701  6.623462E-18
7706.30877742949  2.312412E-18
7710.81504702196  9.935153E-19
7715.32131661444  2.523628E-18
7719.82758620692  3.579064E-18
7724.33385579939  1.112485E-18
7728.84012539187  5.787884E-18
7733.34639498435  6.367158E-18
7737.85266457682  5.275466E-18
7742.3589341693  6.197707E-18
7746.86520376178  4.687171E-18
7751.37147335425  1.885863E-18
7755.87774294673  4.398251E-18
7760.38401253921  7.963913E-18
7764.89028213168  5.792202E-18
7769.39655172416  4.100132E-18
7773.90282131664  2.478824E-18
7778.40909090911  8.648637E-18
7782.91536050159  4.324722E-18
7787.42163009407  8.495160E-18
7791.92789968654  4.747999E-18
7796.43416927902  3.205363E-18
7800.9404388715  7.556137E-18
7805.44670846397  6.303402E-18
7809.95297805645  6.478271E-18
7814.45924764893  7.625108E-18
7818.9655172414  4.672463E-18
7823.47178683388  1.480954E-18
7827.97805642636  1.119259E-18
7832.48432601883  3.602045E-18
7836.99059561131  3.082120E-18
7841.49686520378  7.360152E-18
7846.00313479626  3.818313E-18
7850.50940438874  -1.440604E-18
7855.01567398121  1.530181E-18
7859.52194357369  -2.812140E-19
7864.02821316617  6.703354E-18
7868.53448275864  9.316078E-18
7873.04075235112  5.735350E-18
7877.5470219436  4.366829E-18
7882.05329153607  5.183132E-18
7886.55956112855  5.132973E-18
7891.06583072102  8.266062E-18
7895.5721003135  7.198730E-18
7900.07836990598  4.285723E-18
7904.58463949846  3.146135E-18
7909.09090909093  -3.104255E-18
7913.59717868341  8.292736E-19
7918.10344827588  4.012482E-18
7922.60971786836  3.358897E-18
7927.11598746084  2.157423E-18
7931.62225705331  8.075822E-19
7936.12852664579  5.957060E-18
7940.63479623827  5.560696E-18
7945.14106583074  4.129927E-18
7949.64733542322  4.974201E-18
7954.1536050157  6.197492E-18
7958.65987460817  8.364950E-18
7963.16614420065  3.223679E-18
7967.67241379313  2.713784E-18
7972.1786833856  4.865403E-18
7976.68495297808  3.146038E-18
7981.19122257056  9.096037E-18
7985.69749216303  1.065138E-17
7990.20376175551  3.274158E-18
7994.71003134799  5.173081E-18
7999.21630094046  4.010272E-18
8003.72257053294  -5.254873E-20
8008.22884012542  1.672881E-18
8012.73510971789  2.752809E-18
8017.24137931037  3.924542E-18
8021.74764890284  6.386718E-18
8026.25391849532  9.038056E-18
8030.7601880878  8.201829E-18
8035.26645768028  6.728594E-18
8039.77272727275  4.668304E-18
8044.27899686523  3.468660E-18
8048.7852664577  3.395441E-18
8053.29153605018  1.843901E-18
8057.79780564266  1.609554E-19
8062.30407523513  3.159915E-18
8066.81034482761  2.736091E-18
8071.31661442009  5.172458E-18
8075.82288401256  6.750092E-18
8080.32915360504  5.330768E-18
8084.83542319751  4.625484E-18
8089.34169278999  5.694668E-18
8093.84796238247  6.894893E-18
8098.35423197494  5.647114E-18
8102.86050156742  4.346734E-18
8107.3667711599  4.529124E-18
8111.87304075238  4.484823E-18
8116.37931034485  5.075644E-18
8120.88557993733  2.744091E-18
8125.3918495298  1.838916E-18
8129.89811912228  3.126522E-18
8134.40438871476  6.384158E-18
8138.91065830723  7.424447E-18
8143.41692789971  5.674222E-18
8147.92319749219  3.752523E-18
8152.42946708466  4.762990E-18
8156.93573667714  4.039447E-18
8161.44200626962  4.901726E-18
8165.94827586209  4.753283E-18
8170.45454545457  5.148063E-18
8174.96081504705  5.669767E-18
8179.46708463952  6.337520E-18
8183.973354232  8.441995E-18
8188.47962382448  6.260282E-18
8192.98589341695  3.765392E-18
8197.49216300943  5.900737E-18
8201.99843260191  5.933780E-18
8206.50470219438  4.605304E-18
8211.01097178686  5.803033E-18
8215.51724137933  7.985085E-18
8220.02351097181  7.577954E-18
8224.52978056429  4.037550E-18
8229.03605015677  5.666583E-18
8233.54231974924  4.967703E-18
8238.04858934172  6.632534E-19
8242.5548589342  3.065929E-18
8247.06112852667  5.322713E-18
8251.56739811915  6.546388E-18
8256.07366771162  5.746465E-18
8260.5799373041  2.865520E-18
8265.08620689658  3.486660E-18
8269.59247648905  5.620721E-18
8274.09874608153  2.646371E-18
8278.60501567401  1.299369E-18
8283.11128526648  1.385971E-18
8287.61755485896  7.728419E-18
8292.12382445143  9.119961E-18
8296.63009404391  3.928423E-18
8301.13636363639  6.294177E-18
8305.64263322887  6.059300E-18
8310.14890282134  3.381930E-18
8314.65517241382  8.859555E-18
8319.16144200629  6.804190E-18
8323.66771159877  5.815097E-18
8328.17398119125  5.258430E-18
8332.68025078372  7.801359E-18
8337.1865203762  5.853839E-18
8341.69278996868  -4.149573E-20
8346.19905956115  6.025892E-19
8350.70532915363  4.200026E-18
8355.21159874611  6.610023E-18
8359.71786833858  4.511958E-18
8364.22413793106  4.938591E-18
8368.73040752354  2.575291E-18
8373.23667711601  -1.142239E-18
8377.74294670849  4.945680E-18
8382.24921630097  4.053607E-18
8386.75548589344  1.704227E-18
8391.26175548592  7.481589E-18
8395.7680250784  6.077700E-18
8400.27429467087  1.226679E-17
8404.78056426335  2.240314E-18
8409.28683385583  6.637207E-19
8413.7931034483  2.731379E-18
8418.29937304078  2.801766E-18
8422.80564263325  7.846629E-18
8427.31191222573  1.078873E-17
8431.81818181821  5.889249E-18
8436.32445141069  2.943089E-18
8440.83072100316  5.110307E-18
8445.33699059564  2.317260E-18
8449.84326018811  1.621234E-18
8454.34952978059  4.170214E-18
8458.85579937307  -1.868000E-18
8463.36206896554  1.826824E-18
8467.86833855802  6.652973E-19
8472.3746081505  4.590790E-18
8476.88087774297  3.717212E-19
8481.38714733545  1.186638E-18
8485.89341692793  2.599187E-18
8490.3996865204  3.989803E-18
8494.90595611288  1.894816E-18
8499.41222570535  1.732870E-18
8503.91849529783  7.236703E-18
8508.42476489031  6.345102E-18
8512.93103448278  2.469499E-18
8517.43730407526  4.248395E-18
8521.94357366774  2.082696E-18
8526.44984326021  -5.917805E-19
8530.95611285269  -4.170631E-19
8535.46238244517  3.392880E-18
8539.96865203764  6.863461E-18
8544.47492163012  7.902458E-18
8548.9811912226  3.844099E-18
8553.48746081507  3.005548E-18
8557.99373040755  1.611819E-18
8562.50000000003  7.304018E-19
8567.0062695925  3.300553E-18
8571.51253918498  3.997420E-18
8576.01880877746  4.500250E-18
8580.52507836993  5.485593E-18
8585.03134796241  5.275830E-18
8589.53761755489  3.724976E-18
8594.04388714736  2.919801E-18
8598.55015673984  1.783949E-18
8603.05642633231  3.349785E-18
8607.56269592479  5.955917E-18
8612.06896551727  5.503798E-18
8616.57523510974  6.218496E-18
8621.08150470222  8.432498E-18
8625.5877742947  1.284176E-17
8630.09404388717  1.213978E-17
8634.60031347965  5.825612E-19
8639.10658307213  -6.657889E-19
8643.6128526646  -8.498698E-18
8648.11912225708  -3.102270E-18
8652.62539184956  7.752673E-18
8657.13166144203  8.787438E-18
8661.63793103451  4.970166E-18
8666.14420062699  3.644052E-18
8670.65047021946  4.884505E-18
8675.15673981194  4.154584E-18
8679.66300940442  3.081018E-18
8684.16927899689  5.792728E-18
8688.67554858937  6.882487E-18
8693.18181818185  4.424560E-18
8697.68808777432  2.504587E-18
8702.1943573668  5.890686E-18
8706.70062695928  5.510149E-18
8711.20689655175  2.046163E-18
8715.71316614423  2.221391E-18
8720.21943573671  3.833673E-18
8724.72570532918  2.988745E-18
8729.23197492166  2.849956E-18
8733.73824451413  4.535884E-18
8738.24451410661  3.901640E-18
8742.75078369909  6.610152E-18
8747.25705329156  7.250898E-18
8751.76332288404  5.173614E-18
8756.26959247652  -5.446630E-18
8760.77586206899  -1.638450E-18
8765.28213166147  1.129576E-17
8769.78840125395  1.150381E-17
8774.29467084642  8.929900E-18
8778.8009404389  3.545467E-18
8783.30721003138  1.409854E-18
8787.81347962385  1.059073E-17
8792.31974921633  4.061593E-18
8796.82601880881  4.522433E-18
8801.33228840128  6.331235E-18
8805.83855799376  1.031629E-18
8810.34482758624  8.249446E-18
8814.85109717871  7.269510E-18
8819.35736677119  4.637640E-18
8823.86363636367  5.525944E-18
8828.36990595614  4.254290E-19
8832.87617554862  -9.350648E-18
8837.3824451411  -9.641805E-18
8841.88871473357  2.774006E-18
8846.39498432605  6.948528E-18
8850.90125391853  9.997268E-18
8855.407523511  6.214477E-18
8859.91379310348  6.734224E-18
8864.42006269595  4.145445E-18
8868.92633228843  -1.716743E-18
8873.43260188091  -1.464586E-18
8877.93887147338  -6.700035E-18
8882.44514106586  1.107170E-17
8886.95141065834  1.072107E-17
8891.45768025081  4.990305E-18
8895.96394984329  6.243331E-18
8900.47021943576  5.801588E-18
8904.97648902824  -1.285165E-18
8909.48275862072  -5.582572E-18
8913.98902821319  -4.454280E-18
8918.49529780567  -3.275043E-18
8923.00156739815  1.429087E-17
8927.50783699062  1.480770E-17
8932.0141065831  1.719325E-17
8936.52037617558  2.925735E-17
8941.02664576805  3.706122E-17
8945.53291536053  2.413434E-17
8950.03918495301  -5.852479E-18
8954.54545454548  1.195605E-18
8959.05172413796  1.129546E-17
8963.55799373044  1.385257E-17
8968.06426332291  1.301904E-17
8972.57053291539  4.301031E-18
8977.07680250787  3.811508E-18
8981.58307210034  6.031891E-19
8986.08934169282  -3.644083E-18
8990.5956112853  2.437243E-18
8995.10188087777  9.420466E-18
8999.60815047025  8.673009E-18
9004.11442006272  1.123423E-17
9008.6206896552  1.321884E-17
9013.12695924768  1.052195E-17
9017.63322884015  5.456146E-18
9022.13949843263  1.545847E-18
9026.64576802511  1.507788E-18
9031.15203761758  2.439157E-18
9035.65830721006  1.298760E-18
9040.16457680254  2.418184E-18
9044.67084639501  8.454249E-18
9049.17711598749  4.074585E-18
9053.68338557997  -1.313562E-18
9058.18965517244  -1.581130E-19
9062.69592476492  9.953223E-19
9067.2021943574  4.490104E-18
9071.70846394987  6.977257E-18
9076.21473354235  6.269410E-18
9080.72100313483  9.387618E-18
9085.2272727273  8.085611E-18
9089.73354231978  3.700930E-18
9094.23981191226  1.612662E-18
9098.74608150473  -1.374247E-18
9103.25235109721  8.466358E-19
9107.75862068969  2.841888E-18
9112.26489028216  5.519713E-18
9116.77115987464  1.188308E-17
9121.27742946712  1.215536E-17
9125.78369905959  9.862056E-18
9130.28996865207  9.045041E-18
9134.79623824454  8.269469E-18
9139.30250783702  5.502864E-18
9143.8087774295  4.026859E-18
9148.31504702197  1.235601E-18
9152.82131661445  5.314759E-18
9157.32758620693  5.141540E-18
9161.8338557994  6.419446E-18
9166.34012539188  -3.942045E-19
9170.84639498436  4.215152E-19
9175.35266457683  3.008768E-18
9179.85893416931  1.011364E-18
9184.36520376179  -3.906629E-19
9188.87147335426  -2.146782E-20
9193.37774294674  2.848114E-18
9197.88401253922  4.705028E-18
9202.39028213169  1.959393E-18
9206.89655172417  1.653785E-18
9211.40282131664  7.119059E-18
9215.90909090912  9.119711E-18
9220.4153605016  5.791390E-18
9224.92163009408  4.524503E-19
9229.42789968655  -5.852964E-19
9233.93416927903  4.500633E-18
9238.44043887151  4.361950E-18
9242.94670846398  3.308139E-18
9247.45297805646  8.059054E-18
9251.95924764894  8.370709E-18
9256.46551724141  5.644450E-18
9260.97178683389  3.662027E-18
9265.47805642636  7.334635E-19
9269.98432601884  -2.182545E-18
9274.49059561132  -1.468318E-18
9278.99686520379  1.676998E-18
9283.50313479627  2.159948E-18
9288.00940438875  2.434562E-18
9292.51567398122  6.709518E-18
9297.0219435737  6.644975E-18
9301.52821316618  5.602847E-18
9306.03448275865  3.013265E-18
9310.54075235113  -6.602105E-18
9315.0470219436  6.175831E-18
9319.55329153608  -1.313909E-17
9324.05956112856  1.382123E-17
9328.56583072103  1.670901E-17
9333.07210031351  1.151301E-17
9337.57836990599  1.813808E-17
9342.08463949846  1.072447E-17
9346.59090909094  1.132476E-17
9351.09717868342  8.409447E-18
9355.60344827589  -7.182011E-18
9360.10971786837  -8.905006E-18
9364.61598746085  -5.048105E-18
9369.12225705332  1.568368E-18
9373.6285266458  3.665867E-17
9378.13479623827  3.387561E-17
9382.64106583075  2.926668E-17
9387.14733542323  2.992242E-17
9391.65360501571  1.772014E-17
9396.15987460818  5.292206E-18
9400.66614420066  -4.061832E-18
9405.17241379314  -1.303583E-17
9409.67868338561  -5.158077E-18
9414.18495297809  -1.457791E-18
9418.69122257056  1.790047E-17
9423.19749216304  2.118613E-17
9427.70376175552  -5.527822E-18
9432.21003134799  6.940042E-18
9436.71630094047  -1.028449E-17
9441.22257053295  -2.667517E-17
9445.72884012542  -1.943458E-17
9450.2351097179  -1.482639E-17
9454.74137931038  -9.999967E-18
9459.24764890285  7.982702E-18
9463.75391849533  3.654479E-18
9468.26018808781  -5.131062E-18
9472.76645768028  9.124419E-18
9477.27272727276  2.091009E-17
9481.77899686524  2.779395E-17
9486.28526645771  8.727444E-18
9490.79153605019  1.054090E-17
9495.29780564266  5.715182E-18
9499.80407523514  -4.722498E-18
9504.31034482762  -2.372746E-17
9508.8166144201  -1.042816E-17
9513.32288401257  -4.472561E-18
9517.82915360505  4.450004E-18
9522.33542319753  1.749890E-17
9526.84169279  2.105450E-17
9531.34796238248  1.297609E-17
9535.85423197496  8.720012E-18
9540.36050156743  8.647815E-18
9544.86677115991  3.540985E-18
9549.37304075238  -6.068649E-18
9553.87931034486  -5.483832E-18
9558.38557993734  -6.927649E-18
9562.89184952981  9.472765E-19
9567.39811912229  1.777928E-17
9571.90438871477  2.869957E-17
9576.41065830724  1.791033E-17
9580.91692789972  9.685731E-18
9585.4231974922  5.972627E-18
9589.92946708467  2.484497E-18
9594.43573667715  5.589374E-18
9598.94200626963  1.003043E-17
9603.4482758621  2.121253E-18
9607.95454545458  -1.183266E-18
9612.46081504705  -3.042606E-18
9616.96708463953  -8.986077E-19
9621.47335423201  9.522904E-18
9625.97962382448  1.695750E-17
9630.48589341696  8.484574E-18
9634.99216300944  6.723873E-18
9639.49843260192  8.494441E-18
9644.00470219439  5.487367E-18
9648.51097178687  -1.187848E-18
9653.01724137935  -2.130584E-18
9657.52351097182  -1.508238E-18
9662.0297805643  1.341425E-18
9666.53605015677  4.217212E-18
9671.04231974925  2.625727E-18
9675.54858934173  5.556647E-18
9680.0548589342  9.699973E-18
9684.56112852668  2.326522E-18
9689.06739811916  1.865296E-18
9693.57366771163  3.361307E-18
9698.07993730411  1.665699E-18
9702.58620689659  -4.276082E-18
9707.09247648906  7.075055E-18
9711.59874608154  5.929443E-18
9716.10501567401  2.684981E-18
9720.61128526649  9.126022E-18
9725.11755485897  8.946068E-18
9729.62382445144  1.309575E-17
9734.13009404392  1.182481E-17
9738.6363636364  7.393878E-19
9743.14263322887  -3.050822E-18
9747.64890282135  -5.108614E-18
9752.15517241383  -3.385919E-18
9756.6614420063  2.532834E-18
9761.16771159878  5.006903E-18
9765.67398119126  5.930411E-18
9770.18025078373  3.262581E-18
9774.68652037621  4.199819E-18
9779.19278996869  1.283117E-18
9783.69905956116  4.089806E-18
9788.20532915364  8.634708E-18
9792.71159874611  1.255215E-17
9797.21786833859  -2.084333E-18
9801.72413793107  -8.884029E-18
9806.23040752355  6.078612E-18
9810.73667711602  7.382475E-19
9815.2429467085  6.897193E-18
9819.74921630097  4.147489E-18
9824.25548589345  -9.873072E-19
9828.76175548593  3.417244E-18
9833.2680250784  1.425956E-20
9837.77429467088  1.860636E-18
9842.28056426336  1.152821E-17
9846.78683385583  1.084637E-17
9851.29310344831  3.888933E-18
9855.79937304079  -5.751722E-19
9860.30564263326  8.005158E-18
9864.81191222574  1.361894E-18
9869.31818181822  -1.371610E-17
9873.82445141069  -1.673921E-17
9878.33072100317  -1.867126E-17
9882.83699059565  -2.462978E-18
9887.34326018812  -2.048434E-18
9891.8495297806  1.641586E-18
9896.35579937307  -5.865522E-20
9900.86206896555  2.854798E-19
9905.36833855803  7.990398E-18
9909.87460815051  5.904488E-18
9914.38087774298  4.965725E-18
9918.88714733546  1.491996E-17
9923.39341692794  2.785758E-18
9927.89968652041  4.042667E-18
9932.40595611289  6.599989E-18
9936.91222570537  7.846493E-18
9941.41849529784  1.490185E-17
9945.92476489032  6.827985E-18
9950.43103448279  4.495668E-18
9954.93730407527  2.068256E-17
9959.44357366775  -5.216164E-18
9963.94984326022  -1.015961E-17
9968.4561128527  4.156754E-18
9972.96238244518  2.373770E-18
9977.46865203765  3.992365E-18
9981.97492163013  -4.579167E-18
9986.48119122261  -2.949757E-19
9990.98746081508  -1.876258E-18
9995.49373040756  5.869453E-18
10000.  -8.017498E-19
