4250.  1.702832E-17
4254.50980392157  4.770510E-17
4259.01960784314  1.328160E-17
4263.52941176471  2.451954E-17
4268.03921568627  1.717935E-17
4272.54901960784  8.267304E-18
4277.05882352941  1.037163E-17
4281.56862745098  1.187543E-17
4286.07843137255  3.161589E-18
4290.58823529412  4.170779E-18
4295.09803921569  1.004557E-18
4299.60784313726  2.041346E-17
4304.11764705882  1.092272E-17
4308.62745098039  1.397096E-17
4313.13725490196  1.740774E-17
4317.64705882353  1.229758E-17
4322.1568627451  6.158988E-18
4326.66666666667  3.047065E-18
4331.17647058823  3.172273E-18
4335.6862745098  1.850946E-17
4340.19607843137  1.013318E-17
4344.70588235294  1.244844E-17
4349.21568627451  2.324882E-18
4353.72549019608  6.886557E-18
4358.23529411765  -9.010073E-19
4362.74509803922  5.990711E-18
4367.25490196078  7.276901E-18
4371.76470588235  8.511252E-18
4376.27450980392  1.273859E-17
4380.78431372549  1.006900E-17
4385.29411764706  1.435216E-17
4389.80392156863  1.760893E-17
4394.3137254902  2.584190E-18
4398.82352941176  2.405926E-18
4403.33333333333  1.787943E-17
4407.8431372549  1.049141E-17
4412.35294117647  2.132761E-17
4416.86274509804  4.141099E-18
4421.37254901961  8.733291E-19
4425.88235294118  7.066064E-18
4430.39215686274  2.736786E-17
4434.90196078431  3.790804E-17
4439.41176470588  2.309759E-17
4443.92156862745  1.185581E-17
4448.43137254902  1.374656E-17
4452.94117647059  1.509993E-17
4457.45098039216  1.571481E-17
4461.96078431373  1.380693E-17
4466.47058823529  1.695448E-17
4470.98039215686  -3.444072E-18
4475.49019607843  1.771858E-18
4480.  1.188967E-17
4484.50980392157  2.081139E-18
4489.01960784314  1.282471E-17
4493.52941176471  1.173351E-17
4498.03921568627  2.459572E-18
4502.54901960784  9.718849E-18
4507.05882352941  1.355048E-17
4511.56862745098  4.354815E-18
4516.07843137255  1.412899E-17
4520.58823529412  1.031166E-17
4525.09803921569  7.203885E-18
4529.60784313725  7.528145E-18
4534.11764705882  1.914894E-17
4538.62745098039  -2.943428E-18
4543.13725490196  -2.322266E-18
4547.64705882353  5.046428E-18
4552.1568627451  6.700819E-18
4556.66666666667  1.266483E-17
4561.17647058824  1.020083E-17
4565.6862745098  5.606071E-18
4570.19607843137  7.908910E-18
4574.70588235294  1.646343E-17
4579.21568627451  1.175035E-17
4583.72549019608  1.937913E-18
4588.23529411765  9.077849E-18
4592.74509803922  5.955087E-18
4597.25490196078  6.588769E-18
4601.76470588235  1.559973E-17
4606.27450980392  1.228628E-17
4610.78431372549  5.655206E-18
4615.29411764706  1.389064E-17
4619.80392156863  9.105066E-18
4624.3137254902  1.077495E-17
4628.82352941176  1.816064E-17
4633.33333333333  9.653080E-18
4637.8431372549  1.099202E-17
4642.35294117647  1.049716E-17
4646.86274509804  3.414545E-18
4651.37254901961  3.582605E-19
4655.88235294118  1.518602E-17
4660.39215686275  1.781690E-17
4664.90196078431  5.113735E-18
4669.41176470588  9.144704E-18
4673.92156862745  1.050839E-17
4678.43137254902  9.871532E-21
4682.94117647059  8.604743E-18
4687.45098039216  1.392722E-17
4691.96078431373  1.281295E-17
4696.47058823529  7.914914E-18
4700.98039215686  1.877533E-19
4705.49019607843  6.404214E-18
4710.  3.464105E-18
4714.50980392157  2.272269E-18
4719.01960784314  5.111623E-18
4723.52941176471  5.723823E-18
4728.03921568627  5.287218E-18
4732.54901960784  5.127276E-19
4737.05882352941  9.208899E-18
4741.56862745098  1.864779E-17
4746.07843137255  7.324735E-18
4750.58823529412  5.771880E-18
4755.09803921568  2.227833E-18
4759.60784313725  2.677748E-18
4764.11764705882  8.068754E-18
4768.62745098039  1.910678E-18
4773.13725490196  9.087621E-18
4777.64705882353  1.629774E-18
4782.1568627451  1.986345E-18
4786.66666666667  3.005956E-18
4791.17647058823  2.206985E-18
4795.6862745098  1.947456E-18
4800.19607843137  6.893703E-18
4804.70588235294  5.052239E-18
4809.21568627451  5.456535E-18
4813.72549019608  -9.202672E-19
4818.23529411765  8.520094E-18
4822.74509803921  5.727753E-18
4827.25490196078  2.792771E-18
4831.76470588235  8.768493E-19
4836.27450980392  4.427039E-18
4840.78431372549  3.094966E-18
4845.29411764706  -9.778671E-20
4849.80392156863  3.928162E-18
4854.3137254902  8.333745E-18
4858.82352941176  7.264199E-18
4863.33333333333  1.331330E-17
4867.8431372549  8.697452E-18
4872.35294117647  7.464128E-18
4876.86274509804  2.324551E-18
4881.37254901961  6.450194E-18
4885.88235294118  8.838602E-18
4890.39215686274  1.167680E-17
4894.90196078431  8.786004E-18
4899.41176470588  1.127660E-17
4903.92156862745  1.020230E-18
4908.43137254902  6.479637E-18
4912.94117647059  1.154576E-17
4917.45098039216  8.932153E-18
4921.96078431372  7.373538E-18
4926.47058823529  9.344930E-18
4930.98039215686  1.232072E-17
4935.49019607843  5.398901E-18
4940.  4.659560E-18
4944.50980392157  1.157830E-17
4949.01960784314  9.840757E-18
4953.5294117647  9.912165E-18
4958.03921568627  8.537116E-18
4962.54901960784  1.049888E-17
4967.05882352941  1.025393E-17
4971.56862745098  6.684927E-18
4976.07843137255  6.764940E-18
4980.58823529412  3.576125E-18
4985.09803921568  7.589242E-18
4989.60784313725  5.722067E-18
4994.11764705882  3.034198E-18
4998.62745098039  8.999990E-18
5003.13725490196  5.631630E-18
5007.64705882353  6.016141E-18
5012.1568627451  1.067640E-17
5016.66666666667  1.371254E-17
5021.17647058824  7.883801E-18
5025.6862745098  6.691397E-18
5030.19607843137  7.892857E-18
5034.70588235294  5.048488E-18
5039.21568627451  1.349892E-17
5043.72549019608  1.611922E-17
5048.23529411765  7.968335E-18
5052.74509803922  8.492043E-18
5057.25490196078  2.331944E-18
5061.76470588235  3.500356E-18
5066.27450980392  4.619262E-18
5070.78431372549  7.601624E-18
5075.29411764706  7.274935E-18
5079.80392156863  8.849083E-18
5084.3137254902  7.339735E-18
5088.82352941176  7.324974E-18
5093.33333333333  1.048887E-17
5097.8431372549  1.400176E-17
5102.35294117647  1.069535E-17
5106.86274509804  8.697631E-18
5111.37254901961  1.076564E-17
5115.88235294118  1.482541E-17
5120.39215686274  1.079283E-17
5124.90196078431  1.300878E-17
5129.41176470588  1.212099E-17
5133.92156862745  1.390523E-17
5138.43137254902  1.987287E-17
5142.94117647059  1.121812E-17
5147.45098039216  1.047173E-17
5151.96078431372  1.246686E-17
5156.47058823529  6.848316E-18
5160.98039215686  7.089643E-18
5165.49019607843  8.757053E-18
5170.  1.055792E-17
5174.50980392157  1.164610E-17
5179.01960784314  1.011216E-17
5183.52941176471  7.827028E-18
5188.03921568627  9.183326E-18
5192.54901960784  5.983322E-18
5197.05882352941  1.011645E-17
5201.56862745098  8.657315E-18
5206.07843137255  7.944428E-18
5210.58823529412  8.680239E-18
5215.09803921568  1.020815E-17
5219.60784313725  9.731055E-18
5224.11764705882  1.262630E-17
5228.62745098039  8.190292E-18
5233.13725490196  6.627099E-19
5237.64705882353  9.462232E-18
5242.1568627451  1.051069E-17
5246.66666666667  9.513102E-18
5251.17647058823  9.473483E-18
5255.6862745098  8.217795E-18
5260.19607843137  8.710734E-18
5264.70588235294  8.217340E-18
5269.21568627451  1.184799E-17
5273.72549019608  1.073581E-17
5278.23529411765  6.889058E-18
5282.74509803921  5.818949E-18
5287.25490196078  6.056113E-18
5291.76470588235  5.595611E-18
5296.27450980392  6.668260E-18
5300.78431372549  9.214245E-18
5305.29411764706  1.103502E-17
5309.80392156863  1.126657E-17
5314.31372549019  1.401190E-17
5318.82352941176  1.300924E-17
5323.33333333333  7.558861E-18
5327.8431372549  6.246269E-18
5332.35294117647  6.994357E-18
5336.86274509804  8.492472E-18
5341.37254901961  1.018658E-17
5345.88235294117  1.006961E-17
5350.39215686274  8.965777E-18
5354.90196078431  8.782225E-18
5359.41176470588  9.409880E-18
5363.92156862745  1.397638E-17
5368.43137254902  1.629252E-17
5372.94117647059  1.582913E-17
5377.45098039215  9.401754E-18
5381.96078431372  9.077398E-18
5386.47058823529  7.354052E-18
5390.98039215686  9.215191E-18
5395.49019607843  1.076028E-17
5400.  5.735140E-18
5404.50980392157  5.508543E-18
5409.01960784314  5.261845E-18
5413.5294117647  8.549623E-18
5418.03921568627  5.252475E-18
5422.54901960784  3.143538E-18
5427.05882352941  6.220724E-18
5431.56862745098  7.602787E-18
5436.07843137255  8.488799E-18
5440.58823529412  1.303371E-17
5445.09803921568  1.391219E-17
5449.60784313725  7.722864E-18
5454.11764705882  6.090231E-18
5458.62745098039  8.871439E-18
5463.13725490196  1.341774E-17
5467.64705882353  7.827293E-18
5472.1568627451  5.356127E-18
5476.66666666667  1.124548E-17
5481.17647058823  1.136923E-17
5485.6862745098  1.144483E-17
5490.19607843137  1.147345E-17
5494.70588235294  1.556322E-17
5499.21568627451  1.400021E-17
5503.72549019608  9.902286E-18
5508.23529411765  1.629514E-17
5512.74509803921  1.425533E-17
5517.25490196078  8.866645E-18
5521.76470588235  8.652200E-18
5526.27450980392  1.152583E-17
5530.78431372549  1.428122E-17
5535.29411764706  1.242076E-17
5539.80392156863  1.387016E-17
5544.3137254902  1.429928E-17
5548.82352941176  1.507536E-17
5553.33333333333  1.329194E-17
5557.8431372549  5.873227E-18
5562.35294117647  5.104392E-18
5566.86274509804  1.686429E-17
5571.3725490196  1.303996E-17
5575.88235294117  1.369701E-17
5580.39215686274  1.275837E-17
5584.90196078431  8.575627E-18
5589.41176470588  5.135632E-18
5593.92156862745  1.873956E-17
5598.43137254902  9.256906E-18
5602.94117647059  1.218571E-17
5607.45098039215  8.993369E-18
5611.96078431372  1.034968E-17
5616.47058823529  7.188383E-18
5620.98039215686  1.374582E-17
5625.49019607843  1.310832E-17
5630.  1.430844E-17
5634.50980392157  1.591143E-17
5639.01960784313  1.168685E-17
5643.5294117647  6.740180E-18
5648.03921568627  9.627731E-18
5652.54901960784  9.588726E-18
5657.05882352941  1.233694E-17
5661.56862745098  1.427082E-17
5666.07843137255  9.243403E-18
5670.58823529411  1.340568E-17
5675.09803921569  1.741881E-17
5679.60784313725  1.111348E-17
5684.11764705882  6.540902E-18
5688.62745098039  1.179851E-17
5693.13725490196  1.704208E-17
5697.64705882353  1.295248E-17
5702.1568627451  1.608579E-17
5706.66666666666  1.761343E-17
5711.17647058823  1.452154E-17
5715.6862745098  1.543118E-17
5720.19607843137  1.263728E-17
5724.70588235294  1.064731E-17
5729.21568627451  1.148047E-17
5733.72549019607  1.096119E-17
5738.23529411764  9.502531E-18
5742.74509803921  1.318201E-17
5747.25490196078  1.451890E-17
5751.76470588235  1.156754E-17
5756.27450980392  5.254704E-18
5760.78431372549  1.085141E-17
5765.29411764706  9.294112E-18
5769.80392156863  5.716283E-18
5774.31372549019  1.542074E-17
5778.82352941176  9.331214E-18
5783.33333333333  7.490214E-18
5787.8431372549  6.508823E-18
5792.35294117647  9.188510E-18
5796.86274509804  1.346772E-17
5801.3725490196  1.255382E-17
5805.88235294117  5.454290E-18
5810.39215686274  1.124251E-17
5814.90196078431  1.172932E-17
5819.41176470588  1.767886E-17
5823.92156862745  9.445446E-18
5828.43137254902  7.661910E-18
5832.94117647059  1.463928E-17
5837.45098039215  1.212080E-17
5841.96078431372  1.093747E-17
5846.47058823529  1.362825E-17
5850.98039215686  1.716752E-17
5855.49019607843  1.394830E-17
5860.  7.277593E-18
5864.50980392157  1.026120E-17
5869.01960784313  1.290323E-17
5873.5294117647  1.138625E-17
5878.03921568627  1.005730E-17
5882.54901960784  -2.224782E-18
5887.05882352941  6.456503E-18
5891.56862745098  2.840089E-18
5896.07843137255  9.073080E-18
5900.58823529412  1.329975E-18
5905.09803921568  2.194122E-18
5909.60784313725  1.073906E-17
5914.11764705882  4.135272E-18
5918.62745098039  8.646173E-18
5923.13725490196  1.162088E-17
5927.64705882353  1.222477E-17
5932.15686274509  7.286663E-18
5936.66666666666  3.334103E-18
5941.17647058823  7.515414E-18
5945.6862745098  1.364772E-17
5950.19607843137  9.286716E-18
5954.70588235294  7.768414E-18
5959.21568627451  1.051289E-17
5963.72549019608  1.028637E-17
5968.23529411764  8.427556E-18
5972.74509803921  1.184556E-17
5977.25490196078  1.974374E-17
5981.76470588235  1.638794E-17
5986.27450980392  1.213844E-17
5990.78431372549  8.069576E-18
5995.29411764706  1.230965E-17
5999.80392156862  1.567125E-17
6004.31372549019  1.119588E-17
6008.82352941176  5.800158E-18
6013.33333333333  9.536823E-18
6017.8431372549  1.657388E-17
6022.35294117647  1.578093E-17
6026.86274509804  8.505194E-18
6031.37254901961  4.725255E-18
6035.88235294117  5.351430E-18
6040.39215686274  7.627011E-18
6044.90196078431  1.314373E-17
6049.41176470588  8.318603E-18
6053.92156862745  8.876423E-18
6058.43137254902  1.168259E-17
6062.94117647058  1.042849E-17
6067.45098039215  9.742527E-18
6071.96078431372  1.209031E-17
6076.47058823529  1.787471E-17
6080.98039215686  1.212373E-17
6085.49019607843  8.326659E-18
6090.  1.143566E-17
6094.50980392156  1.312620E-17
6099.01960784314  1.014531E-17
6103.5294117647  6.076712E-18
6108.03921568627  7.608897E-18
6112.54901960784  1.837120E-17
6117.05882352941  1.438725E-17
6121.56862745098  1.047112E-17
6126.07843137255  4.192028E-18
6130.58823529411  1.003596E-17
6135.09803921568  8.542595E-18
6139.60784313725  6.252654E-18
6144.11764705882  1.056554E-17
6148.62745098039  1.575709E-17
6153.13725490196  9.450219E-18
6157.64705882352  9.452241E-18
6162.15686274509  1.270981E-17
6166.66666666666  1.361582E-17
6171.17647058823  1.340686E-17
6175.6862745098  1.002207E-17
6180.19607843137  1.197846E-17
6184.70588235294  1.323297E-17
6189.21568627451  1.139701E-17
6193.72549019607  1.222172E-17
6198.23529411764  1.385899E-17
6202.74509803921  1.209066E-17
6207.25490196078  1.884580E-17
6211.76470588235  2.858087E-17
6216.27450980392  1.232923E-17
6220.78431372549  3.278673E-18
6225.29411764705  1.044602E-17
6229.80392156862  1.780866E-17
6234.31372549019  6.324427E-18
6238.82352941176  6.388230E-18
6243.33333333333  1.507180E-17
6247.8431372549  6.544509E-18
6252.35294117647  1.136694E-17
6256.86274509804  9.306515E-18
6261.3725490196  4.359575E-18
6265.88235294117  8.116529E-18
6270.39215686274  1.424672E-17
6274.90196078431  1.338242E-17
6279.41176470588  8.867073E-18
6283.92156862745  1.417701E-18
6288.43137254902  1.424519E-17
6292.94117647058  2.754678E-17
6297.45098039215  2.754794E-18
6301.96078431372  6.576922E-18
6306.47058823529  6.783344E-18
6310.98039215686  6.244484E-18
6315.49019607843  1.655889E-17
6320.  1.593485E-17
6324.50980392157  1.895012E-17
6329.01960784313  1.426832E-17
6333.5294117647  1.386803E-17
6338.03921568627  1.500107E-17
6342.54901960784  1.592781E-17
6347.05882352941  1.379133E-17
6351.56862745098  1.762285E-17
6356.07843137255  1.973223E-17
6360.58823529411  1.466750E-17
6365.09803921568  1.662750E-17
6369.60784313725  1.569586E-17
6374.11764705882  1.284252E-17
6378.62745098039  1.640163E-17
6383.13725490196  1.164741E-17
6387.64705882353  1.365172E-17
6392.1568627451  1.542013E-17
6396.66666666666  1.496242E-17
6401.17647058823  1.826032E-17
6405.6862745098  1.618794E-17
6410.19607843137  1.203030E-17
6414.70588235294  1.109578E-17
6419.21568627451  1.380683E-17
6423.72549019607  1.534280E-17
6428.23529411764  1.499190E-17
6432.74509803921  1.537398E-17
6437.25490196078  1.274954E-17
6441.76470588235  9.614513E-18
6446.27450980392  1.048444E-17
6450.78431372549  1.443447E-17
6455.29411764706  1.169395E-17
6459.80392156862  1.705753E-17
6464.31372549019  1.574785E-17
6468.82352941176  1.151535E-17
6473.33333333333  1.110435E-17
6477.8431372549  1.487924E-17
6482.35294117647  1.294756E-17
6486.86274509804  1.254203E-17
6491.3725490196  1.039335E-17
6495.88235294117  1.340629E-17
6500.39215686274  1.113725E-17
6504.90196078431  1.180457E-17
6509.41176470588  1.777139E-17
6513.92156862745  1.552071E-17
6518.43137254901  1.147052E-17
6522.94117647058  1.463966E-17
6527.45098039215  1.980557E-17
6531.96078431372  1.417890E-17
6536.47058823529  9.766232E-18
6540.98039215686  1.370268E-17
6545.49019607843  1.691381E-17
6550.  7.174247E-18
6554.50980392156  5.717190E-18
6559.01960784313  1.174951E-17
6563.5294117647  1.037062E-17
6568.03921568627  1.153433E-17
6572.54901960784  1.586577E-17
6577.05882352941  1.303729E-17
6581.56862745098  1.068328E-17
6586.07843137254  1.851210E-17
6590.58823529411  7.762539E-18
6595.09803921568  6.508747E-18
6599.60784313725  1.377773E-17
6604.11764705882  1.599727E-17
6608.62745098039  1.073263E-17
6613.13725490196  1.171065E-17
6617.64705882353  8.429443E-18
6622.15686274509  1.080590E-17
6626.66666666666  1.339888E-17
6631.17647058823  9.003506E-18
6635.6862745098  9.199425E-18
6640.19607843137  1.111641E-17
6644.70588235294  1.268286E-17
6649.2156862745  1.270138E-17
6653.72549019607  1.095390E-17
6658.23529411764  1.369792E-17
6662.74509803921  9.908858E-18
6667.25490196078  1.045296E-17
6671.76470588235  1.371866E-17
6676.27450980392  1.420085E-17
6680.78431372549  1.408809E-17
6685.29411764705  1.501389E-17
6689.80392156862  1.075794E-17
6694.31372549019  7.816713E-18
6698.82352941176  1.171278E-17
6703.33333333333  1.209995E-17
6707.8431372549  1.487946E-17
6712.35294117647  1.397066E-17
6716.86274509803  8.095297E-18
6721.3725490196  1.122586E-17
6725.88235294117  1.140349E-17
6730.39215686274  6.590421E-18
6734.90196078431  1.220858E-17
6739.41176470588  1.197258E-17
6743.92156862745  8.683388E-18
6748.43137254901  1.118039E-17
6752.94117647058  1.001755E-17
6757.45098039215  1.530507E-17
6761.96078431372  1.252285E-17
6766.47058823529  1.296811E-17
6770.98039215686  7.825845E-18
6775.49019607843  9.665797E-18
6779.99999999999  1.170930E-17
6784.50980392156  7.712496E-18
6789.01960784313  4.274926E-18
6793.5294117647  6.890497E-18
6798.03921568627  7.343480E-18
6802.54901960784  8.984287E-18
6807.05882352941  1.125143E-17
6811.56862745098  9.604631E-18
6816.07843137254  1.345989E-17
6820.58823529411  1.673735E-17
6825.09803921568  1.165175E-17
6829.60784313725  6.371839E-18
6834.11764705882  4.719895E-18
6838.62745098039  3.651076E-18
6843.13725490196  4.901836E-18
6847.64705882352  8.253425E-18
6852.15686274509  8.394286E-18
6856.66666666666  3.673569E-18
6861.17647058823  1.223371E-17
6865.6862745098  9.502262E-18
6870.19607843137  8.164833E-18
6874.70588235293  1.444607E-17
6879.2156862745  6.986184E-18
6883.72549019607  1.333971E-17
6888.23529411764  1.564715E-17
6892.74509803921  1.363304E-17
6897.25490196078  1.350166E-17
6901.76470588235  1.102232E-17
6906.27450980392  1.303695E-17
6910.78431372548  1.362356E-17
6915.29411764705  9.790841E-18
6919.80392156862  1.040493E-17
6924.31372549019  8.964243E-18
6928.82352941176  7.956590E-18
6933.33333333333  7.140260E-18
6937.8431372549  1.294569E-17
6942.35294117646  1.339259E-17
6946.86274509803  1.302985E-17
6951.3725490196  1.516343E-17
6955.88235294117  1.168205E-17
6960.39215686274  7.091689E-18
6964.90196078431  9.226459E-18
6969.41176470588  9.940913E-18
6973.92156862744  1.418204E-17
6978.43137254901  1.623092E-17
6982.94117647058  1.154561E-17
6987.45098039215  6.523107E-18
6991.96078431372  1.009517E-17
6996.47058823529  1.063268E-17
7000.98039215686  1.247602E-17
7005.49019607842  1.082358E-17
7009.99999999999  1.078717E-17
7014.50980392156  6.841984E-18
7019.01960784313  8.803001E-18
7023.5294117647  1.431928E-17
7028.03921568627  1.051285E-17
7032.54901960784  1.168533E-17
7037.05882352941  1.221133E-17
7041.56862745097  1.178227E-17
7046.07843137254  1.400925E-17
7050.58823529411  1.279515E-17
7055.09803921568  1.186190E-17
7059.60784313725  9.047665E-18
7064.11764705882  1.612074E-17
7068.62745098039  1.203412E-17
7073.13725490195  1.094958E-17
7077.64705882352  8.687416E-18
7082.15686274509  7.889386E-18
7086.66666666666  7.905521E-18
7091.17647058823  1.167503E-17
7095.6862745098  1.558444E-17
7100.19607843137  8.802734E-18
7104.70588235294  8.715397E-18
7109.2156862745  1.209812E-17
7113.72549019607  1.310448E-17
7118.23529411764  1.231549E-17
7122.74509803921  1.049069E-17
7127.25490196078  1.051997E-17
7131.76470588235  1.068981E-17
7136.27450980391  1.150255E-17
7140.78431372549  1.299689E-17
7145.29411764705  1.257358E-17
7149.80392156862  1.272283E-17
7154.31372549019  1.032993E-17
7158.82352941176  8.915127E-18
7163.33333333333  6.862469E-18
7167.8431372549  1.057893E-17
7172.35294117647  1.140265E-17
7176.86274509803  7.457011E-18
7181.3725490196  7.428958E-18
7185.88235294117  1.410844E-17
7190.39215686274  1.611803E-17
7194.90196078431  1.243796E-17
7199.41176470588  1.390349E-17
7203.92156862745  1.371606E-17
7208.43137254901  1.133604E-17
7212.94117647058  1.098116E-17
7217.45098039215  1.167547E-17
7221.96078431372  1.085613E-17
7226.47058823529  9.244336E-18
7230.98039215686  1.912115E-17
7235.49019607843  6.212262E-18
7239.99999999999  8.657215E-19
7244.50980392156  1.425436E-17
7249.01960784313  1.430258E-17
7253.5294117647  1.978597E-17
7258.03921568627  1.576879E-17
7262.54901960784  4.969008E-19
7267.05882352941  8.832803E-18
7271.56862745097  2.322948E-17
7276.07843137254  7.727241E-18
7280.58823529411  1.654059E-17
7285.09803921568  2.288989E-17
7289.60784313725  1.166077E-17
7294.11764705882  1.391057E-17
7298.62745098039  7.081240E-18
7303.13725490196  8.899258E-18
7307.64705882352  5.868284E-18
7312.15686274509  7.654622E-18
7316.66666666666  9.456763E-18
7321.17647058823  1.095428E-17
7325.6862745098  3.574893E-18
7330.19607843137  9.560371E-18
7334.70588235294  7.683158E-18
7339.2156862745  1.096156E-17
7343.72549019607  6.145844E-18
7348.23529411764  1.560545E-18
7352.74509803921  9.442135E-18
7357.25490196078  1.187831E-17
7361.76470588235  6.445869E-18
7366.27450980391  1.549031E-17
7370.78431372548  1.283221E-17
7375.29411764705  8.256726E-18
7379.80392156862  1.648326E-17
7384.31372549019  1.208143E-17
7388.82352941176  1.679269E-17
7393.33333333333  -1.730251E-18
7397.8431372549  7.870548E-18
7402.35294117646  1.003866E-17
7406.86274509803  7.032181E-18
7411.3725490196  9.562178E-18
7415.88235294117  2.508636E-18
7420.39215686274  1.123748E-17
7424.90196078431  1.316830E-17
7429.41176470588  1.535635E-17
7433.92156862744  1.652059E-17
7438.43137254901  1.129095E-17
7442.94117647058  8.045858E-18
7447.45098039215  1.178844E-17
7451.96078431372  1.305741E-17
7456.47058823529  9.795917E-18
7460.98039215686  1.836144E-17
7465.49019607843  1.940068E-17
7469.99999999999  1.598533E-17
7474.50980392156  1.182855E-17
7479.01960784313  1.009758E-17
7483.5294117647  7.890143E-18
7488.03921568627  1.412051E-17
7492.54901960784  2.235029E-17
7497.0588235294  1.019984E-17
7501.56862745097  1.333798E-17
7506.07843137254  1.226276E-17
7510.58823529411  1.232682E-17
7515.09803921568  6.770293E-18
7519.60784313725  1.029763E-17
7524.11764705882  5.015124E-18
7528.62745098039  4.950349E-18
7533.13725490195  1.617256E-17
7537.64705882352  1.086178E-17
7542.15686274509  5.370859E-18
7546.66666666666  5.535840E-18
7551.17647058823  -5.068540E-19
7555.6862745098  6.091258E-18
7560.19607843137  1.385144E-17
7564.70588235293  1.251222E-17
7569.2156862745  1.175225E-17
7573.72549019607  8.100308E-18
7578.23529411764  1.157415E-17
7582.74509803921  1.535267E-17
7587.25490196078  9.080949E-18
7591.76470588235  1.341933E-17
7596.27450980391  1.700182E-17
7600.78431372548  6.693059E-18
7605.29411764705  1.654195E-17
7609.80392156862  8.972439E-18
7614.31372549019  1.029639E-17
7618.82352941176  4.719441E-18
7623.33333333333  1.673908E-17
7627.8431372549  1.986128E-17
7632.35294117646  7.261102E-18
7636.86274509803  6.864165E-19
7641.3725490196  4.448712E-18
7645.88235294117  1.103859E-17
7650.39215686274  1.269388E-17
7654.90196078431  1.599423E-17
7659.41176470588  1.230591E-17
7663.92156862744  3.519795E-18
7668.43137254901  6.802192E-18
7672.94117647058  1.108482E-17
7677.45098039215  1.239375E-17
7681.96078431372  2.006851E-17
7686.47058823529  -7.306008E-19
7690.98039215686  -2.479138E-17
7695.49019607842  1.750694E-17
7699.99999999999  1.109651E-17
7704.50980392156  -1.221008E-17
7709.01960784313  -2.248027E-17
7713.5294117647  -2.247452E-17
7718.03921568627  -1.586572E-17
7722.54901960784  -2.012347E-17
7727.0588235294  6.657126E-18
7731.56862745097  1.751121E-17
7736.07843137254  9.079419E-18
7740.58823529411  -7.633517E-18
7745.09803921568  -3.402788E-17
7749.60784313725  -7.609081E-18
7754.11764705882  -1.890039E-17
7758.62745098038  -7.230771E-19
7763.13725490195  2.106631E-17
7767.64705882352  -2.499852E-19
7772.15686274509  4.233483E-18
7776.66666666666  -2.790610E-18
7781.17647058823  2.114645E-18
7785.6862745098  2.786475E-18
7790.19607843137  2.749455E-17
7794.70588235293  2.408848E-17
7799.2156862745  8.093722E-18
7803.72549019607  1.075210E-17
7808.23529411764  -3.948419E-18
7812.74509803921  -6.012501E-19
7817.25490196078  -3.632477E-18
7821.76470588234  1.394214E-18
7826.27450980391  -6.183600E-18
7830.78431372548  -5.832866E-19
7835.29411764705  1.070769E-17
7839.80392156862  -5.737694E-18
7844.31372549019  -9.193276E-18
7848.82352941176  -1.653123E-17
7853.33333333332  1.455808E-17
7857.84313725489  3.136231E-17
7862.35294117646  1.930364E-17
7866.86274509803  2.155378E-17
7871.3725490196  1.176055E-17
7875.88235294117  -3.527407E-18
7880.39215686274  -2.485741E-18
7884.90196078431  7.221240E-18
7889.41176470587  1.490891E-17
7893.92156862744  1.759237E-17
7898.43137254901  9.384688E-18
7902.94117647058  -2.356613E-17
7907.45098039215  -2.848594E-17
7911.96078431372  -5.632256E-17
7916.47058823529  -1.298538E-17
7920.98039215686  2.765784E-17
7925.49019607842  1.696189E-17
7929.99999999999  1.400759E-17
7934.50980392156  6.519642E-18
7939.01960784313  3.581021E-18
7943.5294117647  -3.754287E-18
7948.03921568627  4.029920E-18
7952.54901960784  2.126429E-17
7957.0588235294  2.345923E-17
7961.56862745097  5.276981E-17
7966.07843137254  2.449294E-17
7970.58823529411  1.158588E-17
7975.09803921568  1.875578E-17
7979.60784313725  -2.011157E-17
7984.11764705882  -6.502294E-18
7988.62745098038  3.528838E-17
7993.13725490195  5.844054E-18
7997.64705882352  -1.035217E-17
8002.15686274509  -1.116636E-17
8006.66666666666  -2.200880E-18
8011.17647058823  -1.253470E-17
8015.6862745098  -1.726034E-17
8020.19607843137  -2.701273E-17
8024.70588235293  -1.774520E-17
8029.2156862745  -8.665442E-18
8033.72549019607  1.925368E-18
8038.23529411764  1.329544E-17
8042.74509803921  5.508491E-19
8047.25490196078  -2.027505E-19
8051.76470588235  -3.084495E-18
8056.27450980391  -1.058365E-17
8060.78431372548  -4.342325E-18
8065.29411764705  6.882730E-18
8069.80392156862  9.584828E-18
8074.31372549019  -2.928511E-19
8078.82352941176  6.753632E-18
8083.33333333333  8.760884E-18
8087.84313725489  8.031235E-18
8092.35294117646  3.682711E-18
8096.86274509803  3.781913E-18
8101.3725490196  1.199244E-17
8105.88235294117  1.508995E-17
8110.39215686274  1.156868E-17
8114.90196078431  1.308165E-17
8119.41176470587  1.140303E-17
8123.92156862744  7.698146E-18
8128.43137254901  4.701549E-18
8132.94117647058  7.574925E-18
8137.45098039215  1.485140E-17
8141.96078431372  1.496704E-17
8146.47058823529  1.664072E-17
8150.98039215686  1.568025E-17
8155.49019607842  5.565291E-18
8159.99999999999  1.074436E-18
8164.50980392156  5.297136E-18
8169.01960784313  1.061636E-17
8173.5294117647  1.441051E-17
8178.03921568627  1.702303E-17
8182.54901960783  2.336151E-17
8187.0588235294  1.547090E-17
8191.56862745097  5.922740E-18
8196.07843137254  7.687410E-18
8200.58823529411  1.092117E-17
8205.09803921568  1.028441E-17
8209.60784313725  1.787494E-17
8214.11764705881  2.152431E-17
8218.62745098038  9.373163E-18
8223.13725490195  4.320188E-18
8227.64705882352  1.388512E-17
8232.15686274509  1.469404E-17
8236.66666666666  3.963988E-18
8241.17647058823  4.201623E-18
8245.6862745098  2.041413E-17
8250.19607843136  2.462589E-17
8254.70588235293  1.808985E-17
8259.2156862745  1.501769E-17
8263.72549019607  3.956636E-18
8268.23529411764  -9.545527E-18
8272.74509803921  -2.102346E-17
8277.25490196078  -1.506494E-17
8281.76470588234  2.788295E-17
8286.27450980391  4.726110E-17
8290.78431372548  3.470048E-17
8295.29411764705  2.956235E-17
8299.80392156862  7.839723E-18
8304.31372549019  -2.322983E-18
8308.82352941175  2.013589E-17
8313.33333333332  3.839753E-18
8317.84313725489  2.982628E-18
8322.35294117646  1.497741E-17
8326.86274509803  1.898095E-17
8331.3725490196  -8.318807E-18
8335.88235294117  -8.188416E-17
8340.39215686274  -1.617846E-16
8344.9019607843  -1.420169E-16
8349.41176470587  -5.407119E-17
8353.92156862744  1.969124E-17
8358.43137254901  3.712614E-17
8362.94117647058  1.891084E-17
8367.45098039215  2.714576E-17
8371.96078431372  -2.517909E-17
8376.47058823528  -4.325821E-17
8380.98039215685  -1.150037E-17
8385.49019607842  7.191323E-18
8389.99999999999  3.803555E-17
8394.50980392156  8.862974E-17
8399.01960784313  5.644016E-17
8403.5294117647  1.783998E-17
8408.03921568626  -6.457144E-19
8412.54901960783  -4.094857E-17
8417.0588235294  -2.453308E-17
8421.56862745097  -1.709443E-17
8426.07843137254  2.603631E-17
8430.58823529411  2.667367E-17
8435.09803921568  -1.909306E-17
8439.60784313724  -8.660267E-18
8444.11764705881  8.906265E-18
8448.62745098038  -2.838899E-17
8453.13725490195  -5.135486E-17
8457.64705882352  -7.966963E-17
8462.15686274509  -3.613333E-17
8466.66666666666  -4.175654E-18
8471.17647058823  -9.030900E-18
8475.68627450979  7.581088E-18
8480.19607843136  -8.218411E-18
8484.70588235293  -1.921317E-17
8489.2156862745  -4.248009E-17
8493.72549019607  -4.214419E-17
8498.23529411764  7.580895E-18
8502.74509803921  1.859926E-17
8507.25490196077  8.356616E-18
8511.76470588234  -3.245017E-18
8516.27450980391  1.653853E-18
8520.78431372548  8.751415E-18
8525.29411764705  -7.553055E-18
8529.80392156862  -2.685873E-19
8534.31372549019  1.504354E-17
8538.82352941175  3.175383E-17
8543.33333333333  5.611843E-17
8547.84313725489  5.254342E-17
8552.35294117646  1.821268E-17
8556.86274509803  4.393895E-18
8561.3725490196  -7.004495E-18
8565.88235294117  -6.127844E-18
8570.39215686273  9.564139E-18
8574.9019607843  9.671105E-18
8579.41176470587  2.169772E-17
8583.92156862744  2.647028E-17
8588.43137254901  8.882311E-18
8592.94117647058  1.093874E-19
8597.45098039215  -2.802058E-18
8601.96078431372  -1.036117E-17
8606.47058823529  2.512177E-18
8610.98039215685  2.388192E-17
8615.49019607842  3.806346E-17
8619.99999999999  6.248740E-17
8624.50980392156  6.858857E-17
8629.01960784313  3.341899E-17
8633.52941176469  -1.147649E-17
8638.03921568627  -2.134527E-17
8642.54901960783  -2.811957E-17
8647.0588235294  -2.617292E-17
8651.56862745097  1.203731E-17
8656.07843137254  4.110363E-17
8660.58823529411  4.030037E-17
8665.09803921568  3.698404E-17
8669.60784313724  1.970953E-17
8674.11764705881  1.016645E-17
8678.62745098038  -9.284032E-18
8683.13725490195  -2.137834E-17
8687.64705882352  1.036796E-18
8692.15686274509  1.838985E-17
8696.66666666666  1.755841E-17
8701.17647058823  1.798831E-17
8705.68627450979  1.759491E-17
8710.19607843136  8.223534E-18
8714.70588235293  -9.233158E-19
8719.2156862745  -1.272732E-18
8723.72549019607  3.614559E-18
8728.23529411764  1.428557E-17
8732.74509803921  2.355587E-17
8737.25490196077  2.252322E-17
8741.76470588234  2.421324E-17
8746.27450980391  1.462358E-17
8750.78431372548  -2.114274E-17
8755.29411764705  -7.502932E-17
8759.80392156862  -9.281304E-17
8764.31372549019  -2.996147E-17
8768.82352941176  3.046410E-17
8773.33333333332  5.030885E-17
8777.84313725489  5.977322E-17
8782.35294117646  8.382103E-18
8786.86274509803  -1.047982E-17
8791.3725490196  9.846282E-18
8795.88235294117  3.902076E-18
8800.39215686273  1.414208E-17
8804.9019607843  1.774861E-17
8809.41176470587  4.288728E-17
8813.92156862744  1.346113E-16
8818.43137254901  1.913618E-16
8822.94117647058  1.253656E-16
8827.45098039215  -1.323858E-17
8831.96078431372  -5.897360E-17
8836.47058823528  -4.924430E-17
8840.98039215685  2.053843E-17
8845.49019607842  7.780722E-17
8849.99999999999  5.291455E-17
8854.50980392156  7.040541E-17
8859.01960784313  5.120566E-17
8863.5294117647  6.073177E-18
8868.03921568626  -3.147305E-17
8872.54901960783  -9.775847E-17
8877.0588235294  -1.188572E-16
8881.56862745097  -1.439160E-17
8886.07843137254  6.607891E-17
8890.58823529411  4.266770E-17
8895.09803921568  7.022778E-17
8899.60784313724  7.134136E-17
8904.11764705881  -1.895946E-17
8908.62745098038  -1.299651E-16
8913.13725490195  -1.714158E-16
8917.64705882352  -9.475188E-17
8922.15686274509  -2.622510E-19
8926.66666666666  7.138736E-17
8931.17647058822  7.523850E-17
8935.68627450979  6.272527E-17
8940.19607843136  4.079981E-17
8944.70588235293  1.897505E-17
8949.2156862745  -7.743301E-17
8953.72549019607  -1.220815E-16
8958.23529411764  -7.715661E-18
8962.74509803921  7.030976E-17
8967.25490196077  8.222727E-17
8971.76470588234  5.137720E-17
8976.27450980391  5.028525E-17
8980.78431372548  4.932472E-17
8985.29411764705  -2.193300E-17
8989.80392156862  -7.817891E-17
8994.31372549019  -9.407033E-17
8998.82352941176  -3.178520E-17
9003.33333333332  4.557624E-17
9007.84313725489  9.583938E-17
9012.35294117646  5.094703E-17
9016.86274509803  1.241872E-17
9021.3725490196  -6.829829E-18
9025.88235294117  -3.195535E-17
9030.39215686273  -5.498873E-17
9034.9019607843  -5.225742E-17
9039.41176470587  -1.231960E-17
9043.92156862744  6.165015E-17
9048.43137254901  6.523625E-17
9052.94117647058  -3.423765E-18
9057.45098039215  -2.090136E-17
9061.96078431372  -1.004582E-17
9066.47058823528  -9.109346E-18
9070.98039215685  1.201784E-17
9075.49019607842  1.926895E-17
9079.99999999999  2.812812E-17
9084.50980392156  3.036068E-17
9089.01960784313  2.307329E-17
9093.5294117647  1.658969E-17
9098.03921568626  -4.449287E-18
9102.54901960783  -5.810864E-18
9107.0588235294  3.547423E-18
9111.56862745097  1.569480E-17
9116.07843137254  3.047666E-17
9120.58823529411  3.622720E-17
9125.09803921568  3.297168E-17
9129.60784313724  2.182439E-17
9134.11764705881  6.298920E-18
9138.62745098038  3.288147E-18
9143.13725490195  -1.003304E-17
9147.64705882352  -1.359349E-17
9152.15686274509  1.258400E-17
9156.66666666666  3.227213E-17
9161.17647058822  2.959839E-17
9165.68627450979  2.086751E-17
9170.19607843136  1.658533E-17
9174.70588235293  9.666249E-18
9179.2156862745  4.445638E-18
9183.72549019607  -5.960718E-18
9188.23529411764  -8.813301E-18
9192.7450980392  3.470811E-18
9197.25490196077  1.659141E-17
9201.76470588234  2.303076E-17
9206.27450980391  3.817267E-17
9210.78431372548  4.925697E-17
9215.29411764705  3.555405E-17
9219.80392156862  8.192213E-18
9224.31372549019  2.503720E-19
9228.82352941175  -5.339068E-18
9233.33333333332  -3.445579E-18
9237.84313725489  1.026150E-18
9242.35294117646  8.333606E-18
9246.86274509803  2.395908E-17
9251.3725490196  2.632663E-17
9255.88235294116  2.866471E-17
9260.39215686273  1.786776E-17
9264.9019607843  4.949357E-18
9269.41176470587  -9.182791E-18
9273.92156862744  -1.139175E-17
9278.43137254901  -9.381332E-18
9282.94117647058  2.246551E-18
9287.45098039215  2.378602E-17
9291.96078431371  5.604164E-17
9296.47058823528  1.484455E-16
9300.98039215685  2.652458E-16
9305.49019607842  1.811530E-16
9309.99999999999  -8.103593E-17
9314.50980392156  -2.783181E-16
9319.01960784313  -3.241372E-16
9323.5294117647  -1.847943E-16
9328.03921568626  4.775832E-18
9332.54901960783  1.363994E-16
9337.0588235294  1.414208E-16
9341.56862745097  8.485477E-17
9346.07843137254  6.500395E-17
9350.58823529411  2.024461E-17
9355.09803921567  -3.056675E-17
9359.60784313724  -8.009557E-17
9364.11764705881  -1.591682E-16
9368.62745098038  -2.109934E-16
9373.13725490195  1.272198E-16
9377.64705882352  4.595750E-16
9382.15686274509  4.609287E-16
9386.66666666665  3.068175E-16
9391.17647058822  1.002409E-16
9395.68627450979  3.693851E-18
9400.19607843136  -3.409820E-17
9404.70588235293  -7.082774E-17
9409.2156862745  -9.982436E-17
9413.72549019607  -7.780446E-17
9418.23529411764  3.391392E-17
9422.7450980392  1.030834E-16
9427.25490196077  6.264203E-17
9431.76470588234  8.310232E-17
9436.27450980391  3.783029E-17
9440.78431372548  -9.969514E-17
9445.29411764705  -3.685165E-17
9449.80392156861  7.292208E-18
9454.31372549018  -7.882092E-17
9458.82352941175  -9.367474E-17
9463.33333333332  -1.393271E-16
9467.84313725489  -1.385224E-16
9472.35294117646  7.089021E-17
9476.86274509803  2.081953E-16
9481.37254901959  2.048787E-16
9485.88235294116  2.165979E-16
9490.39215686273  1.767341E-16
9494.9019607843  5.100601E-17
9499.41176470587  -7.120932E-17
9503.92156862744  -1.045731E-16
9508.43137254901  -1.297727E-16
9512.94117647058  -8.938647E-17
9517.45098039214  2.873604E-17
9521.96078431371  8.712868E-17
9526.47058823528  8.810987E-17
9530.98039215685  9.855546E-17
9535.49019607842  8.231125E-17
9539.99999999999  6.975427E-17
9544.50980392156  4.018321E-17
9549.01960784312  -2.021053E-17
9553.52941176469  -7.331245E-17
9558.03921568626  -1.056197E-16
9562.54901960783  -2.946840E-17
9567.0588235294  1.258483E-16
9571.56862745097  1.871036E-16
9576.07843137254  1.478923E-16
9580.58823529411  8.315442E-17
9585.09803921567  4.191060E-17
9589.60784313724  2.943898E-17
9594.11764705881  3.286679E-17
9598.62745098038  3.033626E-17
9603.13725490195  -5.627297E-18
9607.64705882352  -3.262157E-17
9612.15686274509  -2.356998E-17
9616.66666666666  2.214658E-17
9621.17647058822  6.431202E-17
9625.68627450979  7.722116E-17
9630.19607843136  5.538713E-17
9634.70588235293  5.105553E-17
9639.2156862745  3.761994E-17
9643.72549019607  1.287852E-17
9648.23529411764  1.465794E-17
9652.7450980392  1.945368E-17
9657.25490196077  3.073669E-18
9661.76470588234  -1.722654E-17
9666.27450980391  -8.812304E-18
9670.78431372548  1.388575E-17
9675.29411764705  1.866108E-17
9679.80392156862  2.790025E-17
9684.31372549019  3.482719E-17
9688.82352941175  3.053562E-17
9693.33333333332  6.344703E-19
9697.84313725489  -2.600376E-17
9702.35294117646  -5.410858E-18
9706.86274509803  -9.748666E-18
9711.3725490196  -1.804033E-17
9715.88235294117  5.000937E-17
9720.39215686273  8.694190E-17
9724.9019607843  8.434440E-17
9729.41176470587  9.188101E-17
9733.92156862744  5.448530E-17
9738.43137254901  -6.311075E-18
9742.94117647058  -4.055088E-17
9747.45098039215  -4.683985E-17
9751.96078431371  -4.756846E-17
9756.47058823528  -4.997765E-17
9760.98039215685  -3.520058E-17
9765.49019607842  -1.971225E-17
9769.99999999999  -1.656488E-17
9774.50980392156  -4.742803E-17
9779.01960784313  -9.567086E-17
9783.52941176469  -5.155260E-17
9788.03921568626  1.908147E-17
9792.54901960783  2.421210E-17
9797.0588235294  2.234664E-17
9801.56862745097  9.833167E-18
9806.07843137254  -2.752870E-17
9810.58823529411  -5.920433E-17
9815.09803921568  -3.694529E-17
9819.60784313724  -5.263572E-17
9824.11764705881  -3.706961E-17
9828.62745098038  9.452768E-18
9833.13725490195  -6.432936E-18
9837.64705882352  -8.481840E-18
9842.15686274509  4.056202E-17
9846.66666666665  7.177973E-17
9851.17647058822  9.258377E-17
9855.68627450979  9.028017E-17
9860.19607843136  7.058283E-17
9864.70588235293  7.256714E-18
9869.2156862745  -1.057582E-16
9873.72549019607  -1.130402E-16
9878.23529411763  -5.572890E-17
9882.7450980392  -4.238964E-17
9887.25490196077  -2.691687E-17
9891.76470588234  -2.495840E-18
9896.27450980391  6.371775E-18
9900.78431372548  1.626921E-17
9905.29411764705  1.954767E-17
9909.80392156862  5.011656E-17
9914.31372549018  5.626687E-17
9918.82352941175  -3.060488E-17
9923.33333333332  -2.369164E-17
9927.84313725489  -2.540097E-17
9932.35294117646  -8.551656E-17
9936.86274509803  -9.317264E-17
9941.37254901959  -8.800255E-17
9945.88235294117  -6.671502E-17
9950.39215686273  -7.613922E-17
9954.9019607843  -1.182648E-16
9959.41176470587  -5.829731E-17
9963.92156862744  1.187912E-18
9968.43137254901  1.047067E-17
9972.94117647058  2.132082E-17
9977.45098039214  3.945642E-18
9981.96078431371  4.457541E-18
9986.47058823528  9.731418E-18
9990.98039215685  1.209516E-17
9995.49019607842  -3.086801E-17
9999.99999999999  -4.114513E-17
