3884.1216709796  1.559429E-16
3887.1871113777  1.691713E-16
3890.25255177579  1.967546E-16
3893.31799217388  1.490246E-16
3896.38343257197  2.123304E-16
3899.44887297007  2.021632E-16
3902.51431336816  2.199998E-16
3905.57975376625  2.016434E-16
3908.64519416434  9.122647E-18
3911.71063456243  6.046080E-17
3914.77607496053  2.628935E-16
3917.84151535862  2.643525E-16
3920.90695575671  2.867674E-16
3923.9723961548  2.907424E-16
3927.0378365529  3.147706E-16
3930.10327695099  2.870996E-16
3933.16871734908  3.350866E-16
3936.23415774717  3.279942E-16
3939.29959814527  3.056107E-16
3942.36503854336  3.301063E-16
3945.43047894145  3.228243E-16
3948.49591933954  2.602041E-16
3951.56135973763  2.227819E-16
3954.62680013573  3.219582E-16
3957.69224053382  3.418603E-16
3960.75768093191  2.915058E-16
3963.82312133  3.139225E-16
3966.8885617281  3.028856E-16
3969.95400212619  3.097337E-16
3973.01944252428  3.478258E-16
3976.08488292237  3.456394E-16
3979.15032332047  2.948534E-16
3982.21576371856  2.902414E-16
3985.28120411665  2.940018E-16
3988.34664451474  3.325095E-16
3991.41208491283  3.944174E-16
3994.47752531093  4.241200E-16
3997.54296570902  3.876331E-16
4000.60840610711  3.228739E-16
4003.6738465052  3.683454E-16
4006.7392869033  3.818625E-16
4009.80472730139  3.916703E-16
4012.87016769948  4.574953E-16
4015.93560809757  4.156667E-16
4019.00104849567  4.135182E-16
4022.06648889376  4.447425E-16
4025.13192929185  4.063986E-16
4028.19736968994  5.466534E-16
4031.26281008803  5.322890E-16
4034.32825048613  5.149069E-16
4037.39369088422  5.197629E-16
4040.45913128231  5.800198E-16
4043.5245716804  5.765062E-16
4046.5900120785  5.203181E-16
4049.65545247659  5.540713E-16
4052.72089287468  5.939147E-16
4055.78633327277  6.232133E-16
4058.85177367087  6.092038E-16
4061.91721406896  5.942308E-16
4064.98265446705  5.573561E-16
4068.04809486514  5.845231E-16
4071.11353526324  6.103294E-16
4074.17897566133  5.974967E-16
4077.24441605942  6.182142E-16
4080.30985645751  5.919412E-16
4083.3752968556  6.011677E-16
4086.4407372537  5.781087E-16
4089.50617765179  5.794074E-16
4092.57161804988  6.434050E-16
4095.63705844797  6.009245E-16
4098.70249884607  5.985176E-16
4101.76793924416  6.538799E-16
4104.83337964225  6.925730E-16
4107.89882004034  6.921715E-16
4110.96426043843  6.327111E-16
4114.02970083653  6.314699E-16
4117.09514123462  6.385839E-16
4120.16058163271  6.205272E-16
4123.2260220308  6.534507E-16
4126.2914624289  6.699374E-16
4129.35690282699  6.550819E-16
4132.42234322508  6.074909E-16
4135.48778362317  5.627088E-16
4138.55322402126  5.623824E-16
4141.61866441936  5.774236E-16
4144.68410481745  5.640814E-16
4147.74954521554  5.437648E-16
4150.81498561363  5.698288E-16
4153.88042601173  5.782519E-16
4156.94586640982  5.272586E-16
4160.01130680791  5.367619E-16
4163.076747206  5.864902E-16
4166.1421876041  5.630100E-16
4169.20762800219  5.613893E-16
4172.27306840028  5.402454E-16
4175.33850879837  5.209268E-16
4178.40394919647  5.722759E-16
4181.46938959456  5.527407E-16
4184.53482999265  4.496744E-16
4187.60027039074  5.443713E-16
4190.66571078883  5.936301E-16
4193.73115118693  6.312378E-16
4196.79659158502  5.520971E-16
4199.86203198311  5.883089E-16
4202.9274723812  6.255966E-16
4205.9929127793  6.135042E-16
4209.05835317739  6.001791E-16
4212.12379357548  5.985335E-16
4215.18923397357  5.800205E-16
4218.25467437167  7.147137E-16
4221.32011476976  6.913272E-16
4224.38555516785  6.963734E-16
4227.45099556594  7.057781E-16
4230.51643596403  6.512807E-16
4233.58187636213  6.649167E-16
4236.64731676022  6.986079E-16
4239.71275715831  6.485818E-16
4242.7781975564  7.163911E-16
4245.84363795449  7.022027E-16
4248.90907835259  6.302485E-16
4251.97451875068  7.102935E-16
4255.03995914877  6.637904E-16
4258.10539954687  6.655048E-16
4261.17083994496  6.736368E-16
4264.23628034305  6.281915E-16
4267.30172074114  6.542741E-16
4270.36716113923  6.766929E-16
4273.43260153733  6.634942E-16
4276.49804193542  7.015229E-16
4279.56348233351  6.186254E-16
4282.6289227316  6.581712E-16
4285.69436312969  6.641997E-16
4288.75980352779  6.174390E-16
4291.82524392588  6.203557E-16
4294.89068432397  6.154225E-16
4297.95612472207  5.732221E-16
4301.02156512016  5.960173E-16
4304.08700551825  6.172799E-16
4307.15244591634  6.020661E-16
4310.21788631443  6.253082E-16
4313.28332671253  5.520349E-16
4316.34876711062  5.929676E-16
4319.41420750871  5.934184E-16
4322.4796479068  6.108447E-16
4325.5450883049  5.558827E-16
4328.61052870299  5.561970E-16
4331.67596910108  5.736277E-16
4334.74140949917  5.905872E-16
4337.80684989726  5.479851E-16
4340.87229029536  4.879456E-16
4343.93773069345  5.880760E-16
4347.00317109154  6.184618E-16
4350.06861148963  6.004038E-16
4353.13405188773  5.877366E-16
4356.19949228582  5.734359E-16
4359.26493268391  5.536386E-16
4362.330373082  5.535000E-16
4365.3958134801  5.639776E-16
4368.46125387819  5.656295E-16
4371.52669427628  5.180608E-16
4374.59213467437  5.504477E-16
4377.65757507247  4.954552E-16
4380.72301547056  4.339823E-16
4383.78845586865  5.209652E-16
4386.85389626674  5.019436E-16
4389.91933666483  4.982299E-16
4392.98477706293  5.125349E-16
4396.05021746102  4.685025E-16
4399.11565785911  4.342922E-16
4402.1810982572  4.724162E-16
4405.24653865529  4.796051E-16
4408.31197905339  4.835293E-16
4411.37741945148  4.874209E-16
4414.44285984957  4.559214E-16
4417.50830024767  4.152334E-16
4420.57374064576  4.068879E-16
4423.63918104385  4.210086E-16
4426.70462144194  4.203254E-16
4429.77006184003  4.063592E-16
4432.83550223813  4.122279E-16
4435.90094263622  4.406568E-16
4438.96638303431  4.056988E-16
4442.0318234324  3.929188E-16
4445.0972638305  3.853832E-16
4448.16270422859  3.883374E-16
4451.22814462668  3.842939E-16
4454.29358502477  3.652373E-16
4457.35902542287  3.763865E-16
4460.42446582096  3.966364E-16
4463.48990621905  3.303316E-16
4466.55534661714  3.280808E-16
4469.62078701523  3.537589E-16
4472.68622741333  3.554670E-16
4475.75166781142  3.652083E-16
4478.81710820951  3.567283E-16
4481.8825486076  3.441728E-16
4484.9479890057  3.504466E-16
4488.01342940379  3.491629E-16
4491.07886980188  3.540487E-16
4494.14431019997  3.583400E-16
4497.20975059806  3.571470E-16
4500.27519099616  3.556547E-16
4503.34063139425  3.559510E-16
4506.40607179234  3.645311E-16
4509.47151219043  3.609910E-16
4512.53695258853  3.688227E-16
4515.60239298662  3.536985E-16
4518.66783338471  3.316185E-16
4521.7332737828  3.527051E-16
4524.7987141809  3.911631E-16
4527.86415457899  3.885069E-16
4530.92959497708  3.592833E-16
4533.99503537517  3.679664E-16
4537.06047577326  3.950417E-16
4540.12591617136  3.938903E-16
4543.19135656945  3.786262E-16
4546.25679696754  3.903314E-16
4549.32223736563  3.914180E-16
4552.38767776373  3.831489E-16
4555.45311816182  3.903094E-16
4558.51855855991  4.059496E-16
4561.583998958  4.000647E-16
4564.6494393561  3.887272E-16
4567.71487975419  4.082549E-16
4570.78032015228  3.998376E-16
4573.84576055037  3.941119E-16
4576.91120094846  4.194823E-16
4579.97664134656  4.280655E-16
4583.04208174465  4.126508E-16
4586.10752214274  3.832728E-16
4589.17296254083  4.214616E-16
4592.23840293893  4.197382E-16
4595.30384333702  3.793376E-16
4598.36928373511  3.980868E-16
4601.4347241332  4.077225E-16
4604.5001645313  4.039426E-16
4607.56560492939  3.895944E-16
4610.63104532748  3.803223E-16
4613.69648572557  3.850644E-16
4616.76192612366  3.822591E-16
4619.82736652176  3.995873E-16
4622.89280691985  3.317029E-16
4625.95824731794  3.563141E-16
4629.02368771603  4.067024E-16
4632.08912811413  3.989613E-16
4635.15456851222  4.202447E-16
4638.22000891031  4.011020E-16
4641.2854493084  3.968994E-16
4644.35088970649  4.220967E-16
4647.41633010459  3.865558E-16
4650.48177050268  4.059890E-16
4653.54721090077  4.520242E-16
4656.61265129886  4.453613E-16
4659.67809169696  4.492125E-16
4662.74353209505  4.589842E-16
4665.80897249314  4.617362E-16
4668.87441289123  4.565202E-16
4671.93985328932  4.493914E-16
4675.00529368742  4.941823E-16
4678.07073408551  4.892765E-16
4681.1361744836  4.704167E-16
4684.20161488169  4.818203E-16
4687.26705527979  4.808168E-16
4690.33249567788  4.960477E-16
4693.39793607597  4.981596E-16
4696.46337647407  4.409418E-16
4699.52881687216  4.712505E-16
4702.59425727025  4.794004E-16
4705.65969766834  4.700382E-16
4708.72513806643  4.828969E-16
4711.79057846453  4.912934E-16
4714.85601886262  5.158013E-16
4717.92145926071  4.716545E-16
4720.9868996588  4.530175E-16
4724.0523400569  4.907033E-16
4727.11778045499  4.955375E-16
4730.18322085308  4.730588E-16
4733.24866125117  4.781814E-16
4736.31410164926  4.815512E-16
4739.37954204736  4.708423E-16
4742.44498244545  4.541503E-16
4745.51042284354  4.602543E-16
4748.57586324163  4.365874E-16
4751.64130363973  4.368968E-16
4754.70674403782  4.479733E-16
4757.77218443591  4.465391E-16
4760.837624834  4.474727E-16
4763.90306523209  4.554145E-16
4766.96850563019  4.525502E-16
4770.03394602828  4.594669E-16
4773.09938642637  4.749263E-16
4776.16482682446  4.481476E-16
4779.23026722256  4.581694E-16
4782.29570762065  4.619845E-16
4785.36114801874  4.748806E-16
4788.42658841683  4.569265E-16
4791.49202881493  4.583135E-16
4794.55746921302  4.723214E-16
4797.62290961111  4.761468E-16
4800.6883500092  4.685064E-16
4803.75379040729  4.655755E-16
4806.81923080539  4.603139E-16
4809.88467120348  4.483990E-16
4812.95011160157  4.567887E-16
4816.01555199966  4.448833E-16
4819.08099239776  4.839334E-16
4822.14643279585  4.491437E-16
4825.21187319394  4.362053E-16
4828.27731359203  4.327417E-16
4831.34275399013  4.331291E-16
4834.40819438822  4.228776E-16
4837.47363478631  4.166942E-16
4840.5390751844  4.169900E-16
4843.60451558249  4.082940E-16
4846.66995598059  4.146996E-16
4849.73539637868  4.064253E-16
4852.80083677677  3.917933E-16
4855.86627717486  3.966896E-16
4858.93171757296  3.963654E-16
4861.99715797105  3.616275E-16
4865.06259836914  3.629575E-16
4868.12803876723  3.768617E-16
4871.19347916533  3.902287E-16
4874.25891956342  3.784108E-16
4877.32435996151  3.869416E-16
4880.3898003596  3.855725E-16
4883.4552407577  3.798172E-16
4886.52068115579  3.645634E-16
4889.58612155388  3.597247E-16
4892.65156195197  3.640170E-16
4895.71700235006  3.585611E-16
4898.78244274816  3.707452E-16
4901.84788314625  3.678676E-16
4904.91332354434  3.588144E-16
4907.97876394243  3.682881E-16
4911.04420434053  3.611656E-16
4914.10964473862  3.734484E-16
4917.17508513671  3.623286E-16
4920.2405255348  3.558995E-16
4923.30596593289  3.591560E-16
4926.37140633099  3.494202E-16
4929.43684672908  3.289851E-16
4932.50228712717  3.318338E-16
4935.56772752526  3.193798E-16
4938.63316792336  3.239800E-16
4941.69860832145  3.033443E-16
4944.76404871954  3.068286E-16
4947.82948911763  3.098717E-16
4950.89492951572  3.036328E-16
4953.96036991382  3.080910E-16
4957.02581031191  3.058975E-16
4960.09125071  3.014689E-16
4963.1566911081  3.128998E-16
4966.22213150619  3.080299E-16
4969.28757190428  3.091811E-16
4972.35301230237  3.098249E-16
4975.41845270046  3.127351E-16
4978.48389309856  3.050063E-16
4981.54933349665  3.136174E-16
4984.61477389474  3.285363E-16
4987.68021429283  3.358181E-16
4990.74565469093  3.380116E-16
4993.81109508902  3.334658E-16
4996.87653548711  3.265287E-16
4999.9419758852  3.454293E-16
5003.0074162833  3.496326E-16
5006.07285668139  3.299296E-16
5009.13829707948  3.224539E-16
5012.20373747757  3.313771E-16
5015.26917787566  3.338839E-16
5018.33461827376  3.277437E-16
5021.40005867185  3.308500E-16
5024.46549906994  3.172705E-16
5027.53093946803  2.982163E-16
5030.59637986613  2.911950E-16
5033.66182026422  2.936024E-16
5036.72726066231  2.899482E-16
5039.7927010604  2.757020E-16
5042.8581414585  2.611166E-16
5045.92358185659  2.571858E-16
5048.98902225468  2.474735E-16
5052.05446265277  2.552684E-16
5055.11990305087  2.628658E-16
5058.18534344896  2.448283E-16
5061.25078384705  2.421193E-16
5064.31622424514  2.510418E-16
5067.38166464323  2.437887E-16
5070.44710504133  2.276381E-16
5073.51254543942  2.437115E-16
5076.57798583751  2.484622E-16
5079.6434262356  2.415765E-16
5082.7088666337  2.561062E-16
5085.77430703179  2.544994E-16
5088.83974742988  2.478811E-16
5091.90518782797  2.529326E-16
5094.97062822606  2.608129E-16
5098.03606862416  2.561371E-16
5101.10150902225  2.604574E-16
5104.16694942034  2.628602E-16
5107.23238981843  2.694304E-16
5110.29783021653  2.628304E-16
5113.36327061462  2.797284E-16
5116.42871101271  2.787690E-16
5119.4941514108  2.710409E-16
5122.5595918089  2.707863E-16
5125.62503220699  2.685433E-16
5128.69047260508  2.910538E-16
5131.75591300317  2.827861E-16
5134.82135340126  2.745068E-16
5137.88679379936  2.711507E-16
5140.95223419745  2.629040E-16
5144.01767459554  2.803572E-16
5147.08311499363  2.877082E-16
5150.14855539173  2.708246E-16
5153.21399578982  2.699731E-16
5156.27943618791  2.673889E-16
5159.344876586  2.692813E-16
5162.41031698409  2.744152E-16
5165.47575738219  2.731314E-16
5168.54119778028  2.568792E-16
5171.60663817837  2.533680E-16
5174.67207857646  2.657771E-16
5177.73751897456  2.603794E-16
5180.80295937265  2.455406E-16
5183.86839977074  2.383882E-16
5186.93384016883  2.655057E-16
5189.99928056692  2.518714E-16
5193.06472096502  2.557615E-16
5196.13016136311  2.487074E-16
5199.1956017612  2.403292E-16
5202.2610421593  2.539846E-16
5205.32648255739  2.434291E-16
5208.39192295548  2.378669E-16
5211.45736335357  2.530243E-16
5214.52280375166  2.645769E-16
5217.58824414976  2.648417E-16
5220.65368454785  2.571577E-16
5223.71912494594  2.544698E-16
5226.78456534403  2.594414E-16
5229.85000574213  2.670552E-16
5232.91544614022  2.574499E-16
5235.98088653831  2.424961E-16
5239.0463269364  2.407495E-16
5242.11176733449  2.511073E-16
5245.17720773259  2.667908E-16
5248.24264813068  2.671450E-16
5251.30808852877  2.632526E-16
5254.37352892686  2.848232E-16
5257.43896932496  2.715433E-16
5260.50440972305  2.822515E-16
5263.56985012114  2.928949E-16
5266.63529051923  2.802895E-16
5269.70073091733  2.897011E-16
5272.76617131542  2.880619E-16
5275.83161171351  2.896641E-16
5278.8970521116  2.906235E-16
5281.96249250969  2.962587E-16
5285.02793290779  3.200420E-16
5288.09337330588  3.307275E-16
5291.15881370397  3.201064E-16
5294.22425410206  3.302761E-16
5297.28969450016  3.306110E-16
5300.35513489825  3.244807E-16
5303.42057529634  3.268631E-16
5306.48601569443  3.260012E-16
5309.55145609253  3.352627E-16
5312.61689649062  3.441262E-16
5315.68233688871  3.345863E-16
5318.7477772868  3.333591E-16
5321.8132176849  3.378734E-16
5324.87865808299  3.430592E-16
5327.94409848108  3.336443E-16
5331.00953887917  3.431203E-16
5334.07497927726  3.279617E-16
5337.14041967536  3.252000E-16
5340.20586007345  3.485892E-16
5343.27130047154  3.372029E-16
5346.33674086963  3.353712E-16
5349.40218126773  3.339960E-16
5352.46762166582  3.372787E-16
5355.53306206391  3.410629E-16
5358.598502462  3.307442E-16
5361.6639428601  3.239882E-16
5364.72938325819  3.434743E-16
5367.79482365628  3.362259E-16
5370.86026405437  3.322252E-16
5373.92570445247  3.313183E-16
5376.99114485056  3.300928E-16
5380.05658524865  3.219291E-16
5383.12202564674  3.243888E-16
5386.18746604483  3.244361E-16
5389.25290644293  3.125751E-16
5392.31834684102  3.133748E-16
5395.38378723911  3.250314E-16
5398.4492276372  3.404208E-16
5401.5146680353  3.333962E-16
5404.58010843339  3.364114E-16
5407.64554883148  3.294360E-16
5410.71098922957  3.170171E-16
5413.77642962766  3.335688E-16
5416.84187002576  3.374411E-16
5419.90731042385  3.381385E-16
5422.97275082194  3.416429E-16
5426.03819122003  3.401403E-16
5429.10363161812  3.264171E-16
5432.16907201622  3.156515E-16
5435.23451241431  3.279273E-16
5438.2999528124  3.263189E-16
5441.36539321049  3.180810E-16
5444.43083360859  3.106438E-16
5447.49627400668  3.019592E-16
5450.56171440477  3.012211E-16
5453.62715480286  2.922312E-16
5456.69259520096  2.886027E-16
5459.75803559905  2.806982E-16
5462.82347599714  2.627049E-16
5465.88891639523  2.564873E-16
5468.95435679333  2.528790E-16
5472.01979719142  2.480291E-16
5475.08523758951  2.439653E-16
5478.1506779876  2.392743E-16
5481.2161183857  2.347626E-16
5484.28155878379  2.254307E-16
5487.34699918188  2.193961E-16
5490.41243957997  2.201550E-16
5493.47787997806  2.301760E-16
5496.54332037616  2.275324E-16
5499.60876077425  2.281271E-16
5502.67420117234  2.193409E-16
5505.73964157043  2.080991E-16
5508.80508196853  2.047121E-16
5511.87052236662  2.166209E-16
5514.93596276471  2.227533E-16
5518.0014031628  2.191426E-16
5521.0668435609  2.062504E-16
5524.13228395899  2.021465E-16
5527.19772435708  2.196416E-16
5530.26316475517  2.266729E-16
5533.32860515326  2.278812E-16
5536.39404555136  2.074585E-16
5539.45948594945  2.048187E-16
5542.52492634754  2.095201E-16
5545.59036674563  2.169748E-16
5548.65580714373  2.301583E-16
5551.72124754182  2.137044E-16
5554.78668793991  2.016164E-16
5557.852128338  2.154686E-16
5560.91756873609  2.240253E-16
5563.98300913419  2.328866E-16
5567.04844953228  2.236306E-16
5570.11388993037  2.079111E-16
5573.17933032846  2.225743E-16
5576.24477072656  2.336154E-16
5579.31021112465  2.378552E-16
5582.37565152274  2.418704E-16
5585.44109192083  2.427731E-16
5588.50653231893  2.266622E-16
5591.57197271702  2.278688E-16
5594.63741311511  2.334811E-16
5597.7028535132  2.254706E-16
5600.76829391129  2.298626E-16
5603.83373430939  2.379111E-16
5606.89917470748  2.360797E-16
5609.96461510557  2.348589E-16
5613.03005550366  2.367749E-16
5616.09549590176  2.381098E-16
5619.16093629985  2.430216E-16
5622.22637669794  2.319169E-16
5625.29181709603  2.254274E-16
5628.35725749413  2.335200E-16
5631.42269789222  2.335009E-16
5634.48813829031  2.313443E-16
5637.5535786884  2.332640E-16
5640.6190190865  2.401754E-16
5643.68445948459  2.303815E-16
5646.74989988268  2.304206E-16
5649.81534028077  2.318350E-16
5652.88078067886  2.147667E-16
5655.94622107696  2.165531E-16
5659.01166147505  2.083610E-16
5662.07710187314  2.008983E-16
5665.14254227123  2.079976E-16
5668.20798266932  2.100597E-16
5671.27342306742  2.157304E-16
5674.33886346551  1.829557E-16
5677.4043038636  1.675936E-16
5680.46974426169  1.915810E-16
5683.53518465979  1.977721E-16
5686.60062505788  2.009722E-16
5689.66606545597  1.885786E-16
5692.73150585406  1.977691E-16
5695.79694625216  1.955187E-16
5698.86238665025  1.959640E-16
5701.92782704834  1.988928E-16
5704.99326744643  1.928393E-16
5708.05870784452  1.932891E-16
5711.12414824262  1.914860E-16
5714.18958864071  2.059434E-16
5717.2550290388  2.149122E-16
5720.3204694369  2.179129E-16
5723.38590983499  2.195479E-16
5726.45135023308  2.208988E-16
5729.51679063117  2.302926E-16
5732.58223102926  2.278345E-16
5735.64767142736  2.279776E-16
5738.71311182545  2.331193E-16
5741.77855222354  2.348423E-16
5744.84399262163  2.325982E-16
5747.90943301973  2.315752E-16
5750.97487341782  2.376952E-16
5754.04031381591  2.450820E-16
5757.105754214  2.500214E-16
5760.17119461209  2.556426E-16
5763.23663501019  2.595824E-16
5766.30207540828  2.517441E-16
5769.36751580637  2.506342E-16
5772.43295620446  2.563454E-16
5775.49839660256  2.538138E-16
5778.56383700065  2.578135E-16
5781.62927739874  2.692893E-16
5784.69471779683  2.739465E-16
5787.76015819493  2.731331E-16
5790.82559859302  2.707346E-16
5793.89103899111  2.689652E-16
5796.9564793892  2.711897E-16
5800.02191978729  2.743413E-16
5803.08736018539  2.703325E-16
5806.15280058348  2.737613E-16
5809.21824098157  2.724207E-16
5812.28368137966  2.704489E-16
5815.34912177776  2.760449E-16
5818.41456217585  2.845927E-16
5821.48000257394  2.759917E-16
5824.54544297203  2.779769E-16
5827.61088337012  2.842638E-16
5830.67632376822  2.755929E-16
5833.74176416631  2.749179E-16
5836.8072045644  2.675054E-16
5839.87264496249  2.668828E-16
5842.93808536059  2.829723E-16
5846.00352575868  2.840537E-16
5849.06896615677  2.801872E-16
5852.13440655486  2.763262E-16
5855.19984695296  2.831372E-16
5858.26528735105  2.899061E-16
5861.33072774914  2.912570E-16
5864.39616814723  2.794783E-16
5867.46160854533  2.754062E-16
5870.52704894342  2.878696E-16
5873.59248934151  2.880446E-16
5876.6579297396  2.683221E-16
5879.72337013769  2.724052E-16
5882.78881053579  2.696972E-16
5885.85425093388  2.552741E-16
5888.91969133197  2.745037E-16
5891.98513173006  2.715967E-16
5895.05057212815  2.664601E-16
5898.11601252625  2.653580E-16
5901.18145292434  2.654732E-16
5904.24689332243  2.712115E-16
5907.31233372053  2.464599E-16
5910.37777411862  2.406413E-16
5913.44321451671  2.702454E-16
5916.5086549148  2.598354E-16
5919.57409531289  2.524488E-16
5922.63953571099  2.569074E-16
5925.70497610908  2.653382E-16
5928.77041650717  2.480744E-16
5931.83585690526  2.495189E-16
5934.90129730336  2.807060E-16
5937.96673770145  2.677112E-16
5941.03217809954  2.544450E-16
5944.09761849763  2.708254E-16
5947.16305889573  2.670757E-16
5950.22849929382  2.649162E-16
5953.29393969191  2.663147E-16
5956.35938009  2.539445E-16
5959.42482048809  2.523093E-16
5962.49026088619  2.463303E-16
5965.55570128428  2.545390E-16
5968.62114168237  2.560228E-16
5971.68658208046  2.509723E-16
5974.75202247855  2.469069E-16
5977.81746287665  2.397916E-16
5980.88290327474  2.417025E-16
5983.94834367283  2.333621E-16
5987.01378407093  2.298274E-16
5990.07922446902  2.297974E-16
5993.14466486711  2.355216E-16
5996.2101052652  2.367322E-16
5999.27554566329  2.468968E-16
6002.34098606139  2.326324E-16
6005.40642645948  2.204879E-16
6008.47186685757  2.273872E-16
6011.53730725566  2.307069E-16
6014.60274765376  2.355504E-16
6017.66818805185  2.356895E-16
6020.73362844994  2.330828E-16
6023.79906884803  2.316160E-16
6026.86450924613  2.336441E-16
6029.92994964422  2.243686E-16
6032.99539004231  2.302504E-16
6036.0608304404  2.329853E-16
6039.12627083849  2.260499E-16
6042.19171123659  2.413215E-16
6045.25715163468  2.338319E-16
6048.32259203277  2.279700E-16
6051.38803243086  2.286167E-16
6054.45347282896  2.386069E-16
6057.51891322705  2.340264E-16
6060.58435362514  2.322773E-16
6063.64979402323  2.343647E-16
6066.71523442133  2.405805E-16
6069.78067481942  2.458316E-16
6072.84611521751  2.385309E-16
6075.9115556156  2.400495E-16
6078.97699601369  2.326343E-16
6082.04243641179  2.374204E-16
6085.10787680988  2.441503E-16
6088.17331720797  2.442477E-16
6091.23875760606  2.357153E-16
6094.30419800415  2.290805E-16
6097.36963840225  2.348412E-16
6100.43507880034  2.489618E-16
6103.50051919843  2.534684E-16
6106.56595959653  2.456581E-16
6109.63139999462  2.310649E-16
6112.69684039271  2.341255E-16
6115.7622807908  2.317611E-16
6118.82772118889  2.417658E-16
6121.89316158699  2.364837E-16
6124.95860198508  2.272530E-16
6128.02404238317  2.330440E-16
6131.08948278126  2.417306E-16
6134.15492317936  2.394119E-16
6137.22036357745  2.302282E-16
6140.28580397554  2.305239E-16
6143.35124437363  2.350622E-16
6146.41668477172  2.372237E-16
6149.48212516982  2.345209E-16
6152.54756556791  2.296668E-16
6155.613005966  2.161225E-16
6158.67844636409  2.236462E-16
6161.74388676219  2.353654E-16
6164.80932716028  2.335119E-16
6167.87476755837  2.257702E-16
6170.94020795646  2.283738E-16
6174.00564835456  2.375824E-16
6177.07108875265  2.312009E-16
6180.13652915074  2.367627E-16
6183.20196954883  2.389374E-16
6186.26740994692  2.456704E-16
6189.33285034502  2.382862E-16
6192.39829074311  2.315475E-16
6195.4637311412  2.265121E-16
6198.52917153929  2.321600E-16
6201.59461193739  2.284733E-16
6204.66005233548  2.413147E-16
6207.72549273357  2.390267E-16
6210.79093313166  2.248848E-16
6213.85637352975  2.324949E-16
6216.92181392785  2.241029E-16
6219.98725432594  2.141883E-16
6223.05269472403  2.405541E-16
6226.11813512212  2.295438E-16
6229.18357552022  2.323107E-16
6232.24901591831  2.297787E-16
6235.3144563164  2.289172E-16
6238.37989671449  2.399409E-16
6241.44533711259  2.349075E-16
6244.51077751068  2.325109E-16
6247.57621790877  2.259554E-16
6250.64165830686  2.334134E-16
6253.70709870496  2.392829E-16
6256.77253910305  2.272685E-16
6259.83797950114  2.133453E-16
6262.90341989923  2.169648E-16
6265.96886029732  2.111839E-16
6269.03430069542  2.135432E-16
6272.09974109351  2.072000E-16
6275.1651814916  1.996560E-16
6278.23062188969  2.083723E-16
6281.29606228779  2.066743E-16
6284.36150268588  1.913790E-16
6287.42694308397  1.954200E-16
6290.49238348206  2.058655E-16
6293.55782388016  1.960732E-16
6296.62326427825  1.860715E-16
6299.68870467634  2.033053E-16
6302.75414507443  1.874017E-16
6305.81958547252  1.867625E-16
6308.88502587062  1.749088E-16
6311.95046626871  1.793329E-16
6315.0159066668  1.735673E-16
6318.08134706489  1.768780E-16
6321.14678746299  1.699665E-16
6324.21222786108  1.723750E-16
6327.27766825917  1.788205E-16
6330.34310865726  1.701069E-16
6333.40854905536  1.550945E-16
6336.47398945345  1.507443E-16
6339.53942985154  1.526631E-16
6342.60487024963  1.429970E-16
6345.67031064772  1.436782E-16
6348.73575104582  1.360157E-16
6351.80119144391  1.223231E-16
6354.866631842  1.309043E-16
6357.93207224009  1.238651E-16
6360.99751263818  1.175427E-16
6364.06295303628  1.148795E-16
6367.12839343437  1.109901E-16
6370.19383383246  1.101783E-16
6373.25927423056  1.055190E-16
6376.32471462865  9.862754E-17
6379.39015502674  9.507637E-17
6382.45559542483  8.930718E-17
6385.52103582292  8.758059E-17
6388.58647622102  9.242188E-17
6391.65191661911  9.207254E-17
6394.7173570172  9.091811E-17
6397.78279741529  9.766253E-17
6400.84823781339  1.032411E-16
6403.91367821148  9.865495E-17
6406.97911860957  8.905121E-17
6410.04455900766  9.383790E-17
6413.10999940576  9.479334E-17
6416.17543980385  9.770287E-17
6419.24088020194  9.456026E-17
6422.30632060003  9.555613E-17
6425.37176099812  9.952434E-17
6428.43720139622  1.087962E-16
6431.50264179431  1.071898E-16
6434.5680821924  1.048450E-16
6437.63352259049  1.047464E-16
6440.69896298859  1.134967E-16
6443.76440338668  1.205056E-16
6446.82984378477  1.110525E-16
6449.89528418286  1.049869E-16
6452.96072458096  1.208316E-16
6456.02616497905  1.198642E-16
6459.09160537714  1.268989E-16
6462.15704577523  1.339141E-16
6465.22248617332  1.282781E-16
6468.28792657142  1.263199E-16
6471.35336696951  1.361615E-16
6474.4188073676  1.345532E-16
6477.48424776569  1.352477E-16
6480.54968816379  1.398909E-16
6483.61512856188  1.506315E-16
6486.68056895997  1.431670E-16
6489.74600935806  1.510035E-16
6492.81144975616  1.536777E-16
6495.87689015425  1.563302E-16
6498.94233055234  1.656747E-16
6502.00777095043  1.600679E-16
6505.07321134853  1.583611E-16
6508.13865174662  1.629100E-16
6511.20409214471  1.669310E-16
6514.2695325428  1.682268E-16
6517.33497294089  1.663021E-16
6520.40041333899  1.698289E-16
6523.46585373708  1.693616E-16
6526.53129413517  1.709530E-16
6529.59673453326  1.681057E-16
6532.66217493136  1.690761E-16
6535.72761532945  1.736530E-16
6538.79305572754  1.632053E-16
6541.85849612563  1.706620E-16
6544.92393652373  1.736557E-16
6547.98937692182  1.811539E-16
6551.05481731991  1.693312E-16
6554.120257718  1.641467E-16
6557.18569811609  1.761640E-16
6560.25113851419  1.725421E-16
6563.31657891228  1.736177E-16
6566.38201931037  1.705343E-16
6569.44745970846  1.699777E-16
6572.51290010655  1.794890E-16
6575.57834050465  1.787492E-16
6578.64378090274  1.760981E-16
6581.70922130083  1.730784E-16
6584.77466169892  1.671262E-16
6587.84010209702  1.703550E-16
6590.90554249511  1.804461E-16
6593.9709828932  1.782114E-16
6597.03642329129  1.722197E-16
6600.10186368939  1.748318E-16
6603.16730408748  1.782371E-16
6606.23274448557  1.716637E-16
6609.29818488366  1.693168E-16
6612.36362528175  1.594937E-16
6615.42906567985  1.675702E-16
6618.49450607794  1.749336E-16
6621.55994647603  1.622567E-16
6624.62538687413  1.713100E-16
6627.69082727222  1.836494E-16
6630.75626767031  1.726865E-16
6633.8217080684  1.658651E-16
6636.88714846649  1.649717E-16
6639.95258886459  1.656860E-16
6643.01802926268  1.707925E-16
6646.08346966077  1.720391E-16
6649.14891005886  1.706301E-16
6652.21435045696  1.696426E-16
6655.27979085505  1.717105E-16
6658.34523125314  1.704038E-16
6661.41067165123  1.591380E-16
6664.47611204933  1.646269E-16
6667.54155244742  1.593095E-16
6670.60699284551  1.526656E-16
6673.6724332436  1.680842E-16
6676.73787364169  1.651216E-16
6679.80331403979  1.678921E-16
6682.86875443788  1.605544E-16
6685.93419483597  1.551095E-16
6688.99963523406  1.689594E-16
6692.06507563215  1.570607E-16
6695.13051603025  1.525563E-16
6698.19595642834  1.524137E-16
6701.26139682643  1.524141E-16
6704.32683722452  1.627985E-16
6707.39227762262  1.512946E-16
6710.45771802071  1.515972E-16
6713.5231584188  1.536759E-16
6716.58859881689  1.389296E-16
6719.65403921499  1.443260E-16
6722.71947961308  1.480633E-16
6725.78492001117  1.477572E-16
6728.85036040926  1.516925E-16
6731.91580080735  1.514258E-16
6734.98124120545  1.569094E-16
6738.04668160354  1.593863E-16
6741.11212200163  1.486857E-16
6744.17756239972  1.506828E-16
6747.24300279782  1.509836E-16
6750.30844319591  1.443610E-16
6753.373883594  1.517878E-16
6756.43932399209  1.540085E-16
6759.50476439019  1.490972E-16
6762.57020478828  1.440551E-16
6765.63564518637  1.368877E-16
6768.70108558446  1.349771E-16
6771.76652598256  1.413942E-16
6774.83196638065  1.443792E-16
6777.89740677874  1.363218E-16
6780.96284717683  1.359270E-16
6784.02828757492  1.442989E-16
6787.09372797302  1.458937E-16
6790.15916837111  1.438593E-16
6793.2246087692  1.358007E-16
6796.29004916729  1.344811E-16
6799.35548956538  1.311799E-16
6802.42092996348  1.363482E-16
6805.48637036157  1.362863E-16
6808.55181075966  1.345998E-16
6811.61725115775  1.341598E-16
6814.68269155585  1.437449E-16
6817.74813195394  1.387151E-16
6820.81357235203  1.410829E-16
6823.87901275012  1.286604E-16
6826.94445314822  1.218107E-16
6830.00989354631  1.290840E-16
6833.0753339444  1.313199E-16
6836.14077434249  1.259897E-16
6839.20621474059  1.238991E-16
6842.27165513868  1.212699E-16
6845.33709553677  1.355420E-16
6848.40253593486  1.247656E-16
6851.46797633295  1.251118E-16
6854.53341673105  1.375832E-16
6857.59885712914  1.307431E-16
6860.66429752723  1.256825E-16
6863.72973792532  1.121540E-16
6866.79517832342  1.025114E-16
6869.86061872151  9.545822E-17
6872.9260591196  9.689782E-17
6875.99149951769  1.026240E-16
6879.05693991578  1.145362E-16
6882.12238031388  1.092778E-16
6885.18782071197  9.974747E-17
6888.25326111006  1.164822E-16
6891.31870150816  1.081778E-16
6894.38414190625  9.746504E-17
6897.44958230434  1.080297E-16
6900.51502270243  1.012443E-16
6903.58046310052  1.144052E-16
6906.64590349862  1.127080E-16
6909.71134389671  1.126326E-16
6912.7767842948  1.107962E-16
6915.84222469289  1.074309E-16
6918.90766509099  1.124654E-16
6921.97310548908  1.086313E-16
6925.03854588717  1.122156E-16
6928.10398628526  1.194521E-16
6931.16942668336  1.135689E-16
6934.23486708145  1.178263E-16
6937.30030747954  1.113784E-16
6940.36574787763  1.044461E-16
6943.43118827572  1.117496E-16
6946.49662867382  1.060299E-16
6949.56206907191  1.098761E-16
6952.62750947  1.145501E-16
6955.69294986809  1.133044E-16
6958.75839026619  1.119177E-16
6961.82383066428  1.140784E-16
6964.88927106237  1.106944E-16
6967.95471146046  1.137111E-16
6971.02015185855  1.048924E-16
6974.08559225665  1.040656E-16
6977.15103265474  9.936403E-17
6980.21647305283  1.047055E-16
6983.28191345092  9.878526E-17
6986.34735384902  1.012327E-16
6989.41279424711  1.075351E-16
6992.4782346452  1.017473E-16
6995.54367504329  1.010551E-16
6998.60911544138  1.068747E-16
7001.67455583948  1.004252E-16
7004.73999623757  1.035369E-16
7007.80543663566  1.044445E-16
7010.87087703375  1.026588E-16
7013.93631743185  9.955272E-17
7017.00175782994  9.535021E-17
7020.06719822803  1.098771E-16
7023.13263862612  1.104159E-16
7026.19807902422  1.001170E-16
7029.26351942231  1.029177E-16
7032.3289598204  1.043772E-16
7035.39440021849  9.940194E-17
7038.45984061659  1.031098E-16
7041.52528101468  1.019248E-16
7044.59072141277  9.135240E-17
7047.65616181086  9.782330E-17
7050.72160220895  1.042017E-16
7053.78704260705  1.066975E-16
7056.85248300514  1.018378E-16
7059.91792340323  9.948139E-17
7062.98336380132  9.094088E-17
7066.04880419942  8.712425E-17
7069.11424459751  9.428705E-17
7072.1796849956  9.821083E-17
7075.24512539369  1.018248E-16
7078.31056579179  9.499050E-17
7081.37600618988  9.198342E-17
7084.44144658797  9.621161E-17
7087.50688698606  9.816207E-17
7090.57232738416  1.019733E-16
7093.63776778225  1.004421E-16
7096.70320818034  9.789573E-17
7099.76864857843  1.053444E-16
7102.83408897652  1.048639E-16
7105.89952937462  1.007970E-16
7108.96496977271  1.023716E-16
7112.0304101708  1.001480E-16
7115.09585056889  9.932880E-17
7118.16129096698  1.021979E-16
7121.22673136508  1.000681E-16
7124.29217176317  9.472053E-17
7127.35761216126  9.056060E-17
7130.42305255935  9.364051E-17
7133.48849295745  9.540226E-17
7136.55393335554  9.930498E-17
7139.61937375363  1.010675E-16
7142.68481415173  1.019642E-16
7145.75025454982  1.052379E-16
7148.81569494791  9.774902E-17
7151.881135346  1.017528E-16
7154.94657574409  1.048399E-16
7158.01201614219  9.189117E-17
7161.07745654028  8.318155E-17
7164.14289693837  8.082875E-17
7167.20833733646  8.393709E-17
7170.27377773455  8.960396E-17
7173.33921813265  8.580601E-17
7176.40465853074  7.707327E-17
7179.47009892883  8.077536E-17
7182.53553932692  7.898215E-17
7185.60097972502  8.162874E-17
7188.66642012311  9.311598E-17
7191.7318605212  8.349870E-17
7194.79730091929  7.782969E-17
7197.86274131739  7.915850E-17
7200.92818171548  8.334433E-17
7203.99362211357  9.359691E-17
7207.05906251166  9.083859E-17
7210.12450290975  9.722385E-17
7213.18994330785  1.014893E-16
7216.25538370594  9.953223E-17
7219.32082410403  9.903362E-17
7222.38626450212  9.615339E-17
7225.45170490021  9.702870E-17
7228.51714529831  8.655849E-17
7231.5825856964  7.392381E-17
7234.64802609449  7.153220E-17
7237.71346649258  7.902545E-17
7240.77890689068  9.725976E-17
7243.84434728877  1.027856E-16
7246.90978768686  9.558039E-17
7249.97522808495  8.497131E-17
7253.04066848305  7.857007E-17
7256.10610888114  7.962842E-17
7259.17154927923  8.272406E-17
7262.23698967733  8.899608E-17
7265.30243007541  8.417586E-17
7268.36787047351  8.107163E-17
7271.4333108716  8.530618E-17
7274.49875126969  7.994015E-17
7277.56419166779  7.832613E-17
7280.62963206588  7.955487E-17
7283.69507246397  7.225211E-17
7286.76051286206  8.325450E-17
7289.82595326015  8.878860E-17
7292.89139365825  9.512068E-17
7295.95683405634  8.384688E-17
7299.02227445443  8.247515E-17
7302.08771485252  8.854569E-17
7305.15315525062  9.286227E-17
7308.21859564871  8.400853E-17
7311.2840360468  8.601866E-17
7314.34947644489  8.946138E-17
7317.41491684299  9.094093E-17
7320.48035724108  9.538925E-17
7323.54579763917  9.226326E-17
7326.61123803726  8.319049E-17
7329.67667843535  8.224650E-17
7332.74211883345  8.426210E-17
7335.80755923154  9.075292E-17
7338.87299962963  8.629942E-17
7341.93844002772  8.961999E-17
