3324.  0.015136
3326.  -0.039841
3328.  -0.00611233
3330.  -0.00877836
3332.  0.00297672
3334.  0.0118892
3336.  0.0210722
3338.  -0.0269192
3340.  0.00693142
3342.  0.00264206
3344.  2.278880E-4
3346.  0.0183056
3348.  -0.00704528
3350.  0.0123885
3352.  0.0156568
3354.  -0.0172709
3356.  0.00831159
3358.  0.0072918
3360.  -0.00631021
3362.  -0.00448992
3364.  0.0113378
3366.  -0.0185657
3368.  0.00858684
3370.  -0.024367
3372.  0.0129805
3374.  0.00288643
3376.  -0.00132369
3378.  -0.00268981
3380.  0.0154033
3382.  -0.00408979
3384.  -0.0234899
3386.  0.0219853
3388.  0.0114858
3390.  0.0164207
3392.  0.039498
3394.  0.0133299
3396.  0.00671688
3398.  -0.0102923
3400.  -0.00598165
3402.  -9.071300E-4
3404.  0.0120335
3406.  0.0121024
3408.  -0.0148105
3410.  0.00891788
3412.  0.0198943
3414.  0.00494075
3416.  -5.589980E-4
3418.  0.0104993
3420.  -7.534780E-4
3422.  -0.0112069
3424.  -0.0188753
3426.  -2.021800E-4
3428.  0.0130602
3430.  0.013113
3432.  0.0103159
3434.  -0.0107591
3436.  0.0204902
3438.  0.00936179
3440.  0.0164457
3442.  0.00774668
3444.  0.028233
3446.  0.0102536
3448.  -0.00567295
3450.  -0.0194074
3452.  -0.00956004
3454.  0.00877751
3456.  0.00582111
3458.  -0.00420412
3460.  0.0121468
3462.  0.0260583
3464.  0.0209424
3466.  -0.0154473
3468.  0.00517558
3470.  0.013992
3472.  -0.00516683
3474.  -1.162290E-4
3476.  0.0148241
3478.  0.00465946
3480.  0.00631361
3482.  0.0152292
3484.  0.00139444
3486.  0.00573214
3488.  0.00641646
3490.  0.00919917
3492.  0.00181001
3494.  0.00930781
3496.  -0.00485909
3498.  0.0154262
3500.  0.00986143
3502.  -6.182880E-4
3504.  -0.00115506
3506.  0.00181726
3508.  -0.00720695
3510.  0.00184993
3512.  0.00305453
3514.  -0.0016811
3516.  0.00210674
3518.  0.00372965
3520.  -0.0060315
3522.  0.0150611
3524.  0.00173168
3526.  -0.0157935
3528.  0.00150263
3530.  -0.00262802
3532.  0.00474263
3534.  -0.00109307
3536.  0.00285307
3538.  -0.00936981
3540.  -0.0113508
3542.  0.00623965
3544.  0.0124803
3546.  -0.00503778
3548.  -3.240320E-5
3550.  0.00336436
3552.  0.00823265
3554.  -0.00832468
3556.  0.00488931
3558.  -0.00425894
3560.  3.853470E-4
3562.  0.00100454
3564.  0.00243848
3566.  0.00242383
3568.  0.00206642
3570.  0.00717097
3572.  0.0150759
3574.  7.936690E-5
3576.  0.0085013
3578.  0.0048563
3580.  0.00626996
3582.  0.00487377
3584.  0.00533557
3586.  -0.00183321
3588.  8.294510E-4
3590.  0.00613769
3592.  0.00603938
3594.  8.113490E-4
3596.  0.00408635
3598.  0.0108292
3600.  -0.00186952
3602.  0.00413456
3604.  0.0016355
3606.  -0.00999333
3608.  0.00272795
3610.  -0.00169705
3612.  -0.00313223
3614.  0.0029616
3616.  -0.00343179
3618.  0.00314549
3620.  0.00173556
3622.  0.00519961
3624.  -0.00629629
3626.  -0.00302425
3628.  0.00349103
3630.  -0.0017761
3632.  -0.00702387
3634.  -0.00756104
3636.  -0.00404928
3638.  9.399020E-4
3640.  -0.00895621
3642.  9.383030E-4
3644.  -0.00113557
3646.  -0.00543824
3648.  4.562920E-4
3650.  0.0058986
3652.  -0.00271123
3654.  0.00615247
3656.  -9.442690E-5
3658.  0.00104828
3660.  0.00223247
3662.  0.00352342
3664.  0.00301682
3666.  4.142490E-4
3668.  5.519670E-4
3670.  -1.685090E-4
3672.  0.0052786
3674.  0.00308089
3676.  0.00124798
3678.  -0.00305712
3680.  5.659170E-4
3682.  0.00368544
3684.  0.00427988
3686.  0.00440714
3688.  0.00354326
3690.  0.00355336
3692.  2.135610E-4
3694.  0.00394329
3696.  0.00172546
3698.  5.359370E-4
3700.  0.00384655
3702.  -0.00144738
3704.  0.0027837
3706.  0.00242089
3708.  0.00180574
3710.  -0.00276466
3712.  -8.515700E-4
3714.  -0.00145004
3716.  -0.00307374
3718.  0.00138853
3720.  -0.00208435
3722.  -0.00544983
3724.  -0.00333971
3726.  -0.0020203
3728.  0.00297064
3730.  8.705940E-5
3732.  0.0013798
3734.  0.00174879
3736.  -1.880820E-4
3738.  -0.003951
3740.  -0.00369458
3742.  0.0024942
3744.  0.00182555
3746.  0.00992101
3748.  0.00134149
3750.  0.00281567
3752.  -2.617110E-4
3754.  0.00582506
3756.  -5.226420E-4
3758.  0.00210733
3760.  0.00155555
3762.  -0.00116123
3764.  -0.00176634
3766.  0.00226452
3768.  -0.0027509
3770.  0.00181099
3772.  0.00779213
3774.  0.0103945
3776.  0.00353189
3778.  0.00325886
3780.  0.00126373
3782.  0.00507432
3784.  6.388290E-4
3786.  0.00424959
3788.  0.00419948
3790.  -0.00121328
3792.  0.00381538
3794.  0.00528297
3796.  5.609250E-4
3798.  0.00347526
3800.  0.00418769
3802.  0.00492867
3804.  0.00709921
3806.  0.00389238
3808.  0.00401603
3810.  0.00322095
3812.  0.00233716
3814.  0.00583598
3816.  0.00263583
3818.  0.00311825
3820.  4.402280E-7
3822.  0.00745592
3824.  0.00421121
3826.  0.00567162
3828.  0.00313209
3830.  0.00461181
3832.  -0.00272036
3834.  -5.026520E-4
3836.  8.499170E-4
3838.  0.00133397
3840.  -0.0063088
3842.  0.00385097
3844.  0.00301899
3846.  0.00950001
3848.  0.00301057
3850.  0.00376433
3852.  0.00920366
3854.  0.00244579
3856.  -0.0019019
3858.  0.00458558
3860.  0.00420841
3862.  0.00536562
3864.  0.00578317
3866.  0.0032006
3868.  0.00336112
3870.  7.359200E-4
3872.  0.00269747
3874.  0.00146647
3876.  0.00686793
3878.  0.0038423
3880.  0.00733618
3882.  -0.00112179
3884.  0.00341717
3886.  8.632170E-4
3888.  0.00505065
3890.  0.00164475
3892.  0.00498248
3894.  0.00181603
3896.  0.00365139
3898.  0.00513437
3900.  0.00740817
3902.  0.00316696
3904.  0.00473813
3906.  0.00529113
3908.  0.00333786
3910.  0.0066459
3912.  0.00412732
3914.  5.200180E-4
3916.  3.584530E-4
3918.  0.00353641
3920.  0.00522398
3922.  4.197070E-4
3924.  -0.00125131
3926.  0.00717146
3928.  0.00403564
3930.  0.00423259
3932.  0.00333015
3934.  0.00328056
3936.  0.00217723
3938.  0.00144126
3940.  2.784530E-4
3942.  3.188100E-4
3944.  0.00149025
3946.  0.00346589
3948.  -6.977130E-4
3950.  0.00662464
3952.  -6.890370E-4
3954.  0.00251498
3956.  0.00321562
3958.  0.00755325
3960.  0.00532272
3962.  0.00432262
3964.  0.00280227
3966.  0.00311246
3968.  0.00339015
3970.  0.003381
3972.  0.00101375
3974.  0.00231194
3976.  -1.440980E-5
3978.  0.00234576
3980.  0.00358087
3982.  0.00409069
3984.  0.00142627
3986.  0.00107605
3988.  -8.714760E-4
3990.  0.00472818
3992.  0.00354779
3994.  0.00356696
3996.  0.00506143
3998.  0.0040999
4000.  0.00528556
4002.  0.0017961
4004.  5.908240E-4
4006.  0.00144513
4008.  1.184690E-4
4010.  0.00748783
4012.  0.0038135
4014.  0.00149183
4016.  0.00662404
4018.  0.00309905
4020.  0.0030792
4022.  0.00287042
4024.  0.00748509
4026.  0.0043546
4028.  0.00573221
4030.  0.00473287
4032.  0.00305084
4034.  0.00365497
4036.  0.00642327
4038.  0.00119562
4040.  0.00379709
4042.  0.00474565
4044.  0.00452416
4046.  0.00230081
4048.  0.00320566
4050.  0.00303541
4052.  0.00432222
4054.  0.00446719
4056.  0.00123604
4058.  0.00402949
4060.  0.00398482
4062.  0.0058701
4064.  0.00198309
4066.  0.00446624
4068.  0.00324861
4070.  0.00340978
4072.  0.0030043
4074.  0.00424681
4076.  0.0055942
4078.  0.00676766
4080.  0.00479785
4082.  0.00499231
4084.  0.00394011
4086.  0.00396162
4088.  0.00388652
4090.  0.00478849
4092.  0.00622883
4094.  0.00367665
4096.  0.00395772
4098.  0.00407597
4100.  0.00640952
4102.  0.00621966
4104.  0.00430426
4106.  0.00415134
4108.  0.00620282
4110.  0.00422592
4112.  0.00594683
4114.  0.00529335
4116.  0.00418457
4118.  0.00472201
4120.  0.00571514
4122.  0.00227094
4124.  0.00765648
4126.  -6.265150E-5
4128.  0.00557786
4130.  0.00403826
4132.  0.00532507
4134.  0.00295503
4136.  0.00479569
4138.  0.00760483
4140.  0.00476068
4142.  0.00341034
4144.  0.00385781
4146.  0.00237744
4148.  0.00263469
4150.  0.00473927
4152.  0.00465324
4154.  -4.438320E-4
4156.  0.00601494
4158.  0.00310482
4160.  0.00282147
4162.  0.00440367
4164.  0.0036479
4166.  0.00293674
4168.  0.00408397
4170.  0.00306206
4172.  0.00592441
4174.  8.431470E-4
4176.  0.0021532
4178.  0.00448216
4180.  0.00166752
4182.  0.00124916
4184.  0.00281909
4186.  0.00171165
4188.  0.00187727
4190.  0.00138483
4192.  0.00375419
4194.  0.00186476
4196.  0.00167372
4198.  0.00213548
4200.  0.00163891
4202.  0.00250722
4204.  0.00184794
4206.  0.00337702
4208.  0.00419842
4210.  0.00252101
4212.  0.00150578
4214.  0.00162412
4216.  9.079470E-4
4218.  4.226650E-4
4220.  0.00177325
4222.  0.00258779
4224.  0.00232346
4226.  0.00106166
4228.  0.00264637
4230.  0.00259373
4232.  0.00391844
4234.  0.00311022
4236.  0.0046273
4238.  0.00407844
4240.  0.00357503
4242.  0.00317678
4244.  0.00327166
4246.  0.00318075
4248.  0.00175902
4250.  0.00152971
4252.  0.00375799
4254.  0.00446982
4256.  0.0018524
4258.  0.00381392
4260.  0.00159019
4262.  0.00152182
4264.  0.00178085
4266.  0.00115515
4268.  8.321720E-4
4270.  0.00511565
4272.  3.093490E-4
4274.  0.00261685
4276.  0.0025847
4278.  0.00141161
4280.  0.0033236
4282.  0.00174526
4284.  0.00284605
4286.  0.00365432
4288.  0.00139127
4290.  0.00216521
4292.  0.001065
4294.  0.00351438
4296.  0.00203433
4298.  6.844820E-4
4300.  0.00257276
4302.  0.00411795
4304.  0.00373884
4306.  0.00233852
4308.  0.00313435
4310.  0.00193918
4312.  0.00106839
4314.  6.592940E-4
4316.  0.00374701
4318.  0.00395746
4320.  0.0035481
4322.  0.00273079
4324.  0.00284988
4326.  0.00373837
4328.  0.00158362
4330.  0.002122
4332.  0.00136878
4334.  0.00144333
4336.  0.0026086
4338.  0.00145668
4340.  0.00410794
4342.  0.00283303
4344.  7.983060E-4
4346.  0.00268054
4348.  0.00206037
4350.  0.00167052
4352.  0.00487399
4354.  0.00236698
4356.  0.00506446
4358.  0.00249118
4360.  0.00584456
4362.  0.00478296
4364.  0.00439338
4366.  0.00622013
4368.  0.00300889
4370.  0.00170998
4372.  0.00450918
4374.  0.0035065
4376.  0.00106833
4378.  0.00443066
4380.  0.00391296
4382.  0.00245368
4384.  0.00299536
4386.  0.00278044
4388.  0.00325852
4390.  0.00303562
4392.  0.00356278
4394.  0.00233845
4396.  0.00363485
4398.  0.00234225
4400.  0.00203654
4402.  0.00332496
4404.  0.00520039
4406.  0.00355275
4408.  0.00373335
4410.  0.00594575
4412.  0.00476619
4414.  0.00264224
4416.  0.00155259
4418.  0.00340533
4420.  0.00104413
4422.  0.00406799
4424.  0.00188976
4426.  0.00331871
4428.  0.00475066
4430.  0.00297464
4432.  0.00261937
4434.  0.00226979
4436.  0.00266115
4438.  0.00195972
4440.  0.00330906
4442.  0.00181853
4444.  0.00351521
4446.  0.00382681
4448.  0.00368914
4450.  0.00132639
4452.  0.00224281
4454.  0.00351687
4456.  0.00374316
4458.  0.0041629
4460.  0.00864544
4462.  0.00339709
4464.  0.00154911
4466.  0.00396297
4468.  0.00318937
4470.  0.00343966
4472.  0.00388589
4474.  0.00259222
4476.  0.00290862
4478.  0.00250574
4480.  0.00378704
4482.  0.00663597
4484.  0.00244878
4486.  0.00257993
4488.  0.0038299
4490.  0.00326898
4492.  0.00376952
4494.  0.0025477
4496.  0.00500891
4498.  0.00441762
4500.  0.00251124
4502.  0.00508361
4504.  0.00380364
4506.  0.00252576
4508.  0.00363985
4510.  0.00349331
4512.  0.00332782
4514.  0.00323398
4516.  0.00321564
4518.  0.00387096
4520.  0.0038824
4522.  0.00530003
4524.  0.00358531
4526.  0.00302578
4528.  0.00357678
4530.  0.00481629
4532.  0.00543427
4534.  0.00336541
4536.  0.00504485
4538.  0.00461353
4540.  0.0042821
4542.  0.00334794
4544.  0.00331647
4546.  0.00276282
4548.  0.00390281
4550.  0.00574025
4552.  0.00437978
4554.  0.00606976
4556.  0.00531411
4558.  0.00391204
4560.  0.00536799
4562.  0.00577718
4564.  0.00356088
4566.  0.00338244
4568.  0.00319733
4570.  0.00383388
4572.  0.00479336
4574.  0.00378174
4576.  0.003736
4578.  0.00345083
4580.  0.0059437
4582.  0.00487775
4584.  0.00353762
4586.  0.00458233
4588.  0.00415026
4590.  0.00545866
4592.  0.0044988
4594.  0.00392091
4596.  0.00516083
4598.  0.00540897
4600.  0.00394448
4602.  0.00593007
4604.  0.00496408
4606.  0.0039106
4608.  0.00506843
4610.  0.00472872
4612.  0.00599953
4614.  0.00483632
4616.  0.00437693
4618.  0.0053397
4620.  0.00425571
4622.  0.00574674
4624.  0.00428778
4626.  0.00501449
4628.  0.00519102
4630.  0.00440246
4632.  0.00484039
4634.  0.00277215
4636.  0.00356725
4638.  0.0044384
4640.  0.0068303
4642.  0.00515687
4644.  0.00439979
4646.  0.00425287
4648.  0.00554891
4650.  0.00383996
4652.  0.00608113
4654.  0.00483291
4656.  0.00534571
4658.  0.0042388
4660.  0.0054102
4662.  0.00606971
4664.  0.00599803
4666.  0.00524345
4668.  0.00595332
4670.  0.00520785
4672.  0.00548916
4674.  0.00571411
4676.  0.00605519
4678.  0.00701525
4680.  0.00629556
4682.  0.00537019
4684.  0.00497303
4686.  0.00616084
4688.  0.00425431
4690.  0.00587629
4692.  0.00619789
4694.  0.0042556
4696.  0.00547586
4698.  0.00524543
4700.  0.00837138
4702.  0.00454232
4704.  0.00346865
4706.  0.00422045
4708.  0.00502638
4710.  0.00429624
4712.  0.00552057
4714.  0.00444055
4716.  0.00466597
4718.  0.00626407
4720.  0.00431671
4722.  0.00776697
4724.  0.00676661
4726.  0.00627813
4728.  0.00694926
4730.  0.0051911
4732.  0.00612998
4734.  0.00759412
4736.  0.00563256
4738.  0.00663893
4740.  0.00700432
4742.  0.00648391
4744.  0.00608819
4746.  0.00536367
4748.  0.00488785
4750.  0.0047271
4752.  0.00644053
4754.  0.00606388
4756.  0.00592696
4758.  0.00464396
4760.  0.00629267
4762.  0.00553425
4764.  0.00540926
4766.  0.00547932
4768.  0.00603304
4770.  0.00652972
4772.  0.00641044
4774.  0.0067971
4776.  0.00574469
4778.  0.00640997
4780.  0.00582942
4782.  0.00745281
4784.  0.0045458
4786.  0.00441415
4788.  0.00416807
4790.  0.00556369
4792.  0.006016
4794.  0.00457424
4796.  0.0049327
4798.  0.00636437
4800.  0.0048567
4802.  0.00545374
4804.  0.0045329
4806.  0.00508499
4808.  0.00554285
4810.  0.00359707
4812.  0.00534334
4814.  0.00600842
4816.  0.00453791
4818.  0.00360109
4820.  0.00619755
4822.  0.00453872
4824.  0.00482765
4826.  0.00463056
4828.  0.00389509
4830.  0.00423662
4832.  0.00447648
4834.  0.00620067
4836.  0.003327
4838.  0.00477418
4840.  0.0041051
4842.  0.00387451
4844.  0.00357748
4846.  0.00431688
4848.  0.0039161
4850.  0.00370637
4852.  0.00553142
4854.  0.00395554
4856.  0.00406935
4858.  0.00266155
4860.  0.00597662
4862.  0.00273817
4864.  0.00168974
4866.  0.00403015
4868.  0.00258087
4870.  0.00229343
4872.  0.00302753
4874.  0.00205707
4876.  0.00357498
4878.  0.00391147
4880.  0.00261991
4882.  0.00354457
4884.  0.00297406
4886.  0.00460003
4888.  0.00276489
4890.  0.00287166
4892.  0.00413653
4894.  0.00418943
4896.  0.00316968
4898.  0.00530475
4900.  0.00249534
4902.  0.00111968
4904.  0.00248271
4906.  0.00261898
4908.  0.0023626
4910.  0.00322146
4912.  0.00217542
4914.  0.00307929
4916.  0.00378915
4918.  0.00208218
4920.  0.00288678
4922.  9.075350E-4
4924.  0.00276552
4926.  0.00228043
4928.  0.00296796
4930.  0.00443688
4932.  0.00254212
4934.  0.0024704
4936.  0.00139206
4938.  0.0030027
4940.  0.00292329
4942.  0.00266109
4944.  0.00249701
4946.  0.00354301
4948.  0.00297441
4950.  0.00325431
4952.  0.00426649
4954.  0.00317102
4956.  0.00230805
4958.  0.00261289
4960.  0.00341619
4962.  0.00243242
4964.  0.00202477
4966.  0.00404244
4968.  0.00262034
4970.  0.00358118
4972.  0.00252781
4974.  0.00255313
4976.  0.00193519
4978.  0.00341927
4980.  0.00333935
4982.  0.00301899
4984.  0.00342752
4986.  0.00336207
4988.  0.00280789
4990.  0.00252059
4992.  0.00349625
4994.  0.0024705
4996.  0.00199055
4998.  0.00274762
5000.  0.00363232
5002.  0.00270837
5004.  0.00439377
5006.  0.0042035
5008.  0.00337509
5010.  0.00230838
5012.  0.0027941
5014.  0.0033171
5016.  0.0023319
5018.  0.00284248
5020.  0.00388623
5022.  0.00236664
5024.  0.00329195
5026.  0.00429285
5028.  0.00342219
5030.  0.00170912
5032.  0.0037808
5034.  0.00374793
5036.  0.00309803
5038.  0.00350255
5040.  9.142790E-4
5042.  0.0032828
5044.  0.00357532
5046.  0.00398741
5048.  0.00475829
5050.  0.00378674
5052.  0.00353341
5054.  0.00338438
5056.  0.00330438
5058.  0.00399881
5060.  0.00441909
5062.  0.00392491
5064.  0.00245438
5066.  0.00345101
5068.  0.00415991
5070.  0.00450322
5072.  0.00352035
5074.  0.00547429
5076.  0.00441471
5078.  0.00492259
5080.  0.00347427
5082.  0.00351473
5084.  0.00554656
5086.  0.00475667
5088.  0.00614542
5090.  0.00536725
5092.  0.0056008
5094.  0.00667631
5096.  0.00608829
5098.  0.00445765
5100.  0.00464201
5102.  0.00713722
5104.  0.00599514
5106.  0.00474356
5108.  0.00697259
5110.  0.00688294
5112.  0.0053128
5114.  0.0066596
5116.  0.00654972
5118.  0.00724909
5120.  0.00637596
5122.  0.00615898
5124.  0.00746719
5126.  0.00638841
5128.  0.00560899
5130.  0.00675561
5132.  0.00712775
5134.  0.00814129
5136.  0.00713702
5138.  0.00666238
5140.  0.00653244
5142.  0.00770974
5144.  0.00703101
5146.  0.00587709
5148.  0.00598403
5150.  0.00491768
5152.  0.00715922
5154.  0.00590059
5156.  0.00761876
5158.  0.00720025
5160.  0.00755854
5162.  0.00525734
5164.  0.00716543
5166.  0.00702344
5168.  0.00763628
5170.  0.00594959
5172.  0.00687979
5174.  0.00629064
5176.  0.00586118
5178.  0.00613111
5180.  0.00643083
5182.  0.00769675
5184.  0.00645269
5186.  0.00667691
5188.  0.00722993
5190.  0.00718576
5192.  0.00633673
5194.  0.00631773
5196.  0.00661393
5198.  0.00722581
5200.  0.00814616
5202.  0.00623946
5204.  0.00671009
5206.  0.00603874
5208.  0.00588656
5210.  0.0069069
5212.  0.00535648
5214.  0.00681314
5216.  0.00759032
5218.  0.00585266
5220.  0.00535369
5222.  0.00614593
5224.  0.00659057
5226.  0.00662511
5228.  0.00547171
5230.  0.00842274
5232.  0.0068958
5234.  0.00562437
5236.  0.00573737
5238.  0.00622911
5240.  0.00772901
5242.  0.00583774
5244.  0.00594408
5246.  0.00523879
5248.  0.00667453
5250.  0.00488653
5252.  0.00511692
5254.  0.00608763
5256.  0.00644443
5258.  0.00562297
5260.  0.00729652
5262.  0.00541516
5264.  0.00501918
5266.  0.00595721
5268.  0.00627101
5270.  0.00577199
5272.  0.00636843
5274.  0.00511472
5276.  0.00572734
5278.  0.00678129
5280.  0.00488097
5282.  0.00564113
5284.  0.00499389
5286.  0.00705167
5288.  0.00593196
5290.  0.00604046
5292.  0.00686138
5294.  0.00666101
5296.  0.00658217
5298.  0.00599221
5300.  0.0051619
5302.  0.00585757
5304.  0.00567838
5306.  0.00510114
5308.  0.00540041
5310.  0.00433199
5312.  0.00520166
5314.  0.00732552
5316.  0.00577911
5318.  0.00712245
5320.  0.00768402
5322.  0.00685564
5324.  0.00514234
5326.  0.00532462
5328.  0.00717529
5330.  0.00727004
5332.  0.00537985
5334.  0.0065863
5336.  0.00704241
5338.  0.00617513
5340.  0.00681346
5342.  0.00795999
5344.  0.00756455
5346.  0.00712978
5348.  0.00746045
5350.  0.00745156
5352.  0.00513835
5354.  0.00692524
5356.  0.00646406
5358.  0.00637516
5360.  0.00667583
5362.  0.00671828
5364.  0.00656926
5366.  0.00681454
5368.  0.006619
5370.  0.00807589
5372.  0.00571943
5374.  0.00660884
5376.  0.00640146
5378.  0.00832181
5380.  0.00642423
5382.  0.00632049
5384.  0.00574
5386.  0.00645756
5388.  0.00648459
5390.  0.00654633
5392.  0.00770257
5394.  0.00580508
5396.  0.00619336
5398.  0.00629021
5400.  0.00616175
5402.  0.00653877
5404.  0.00794303
5406.  0.00604479
5408.  0.00554862
5410.  0.0048244
5412.  0.00439528
5414.  0.00778808
5416.  0.00470154
5418.  0.00638522
5420.  0.00657502
5422.  0.00506282
5424.  0.005631
5426.  0.00741185
5428.  0.00635023
5430.  0.00594473
5432.  0.00827234
5434.  0.00568817
5436.  0.00680798
5438.  0.00548943
5440.  0.00747849
5442.  0.00475619
5444.  0.00644202
5446.  0.0049247
5448.  0.0054137
5450.  0.00422022
5452.  0.00596815
5454.  0.00544531
5456.  0.00570111
5458.  0.00510246
5460.  0.0069411
5462.  0.00403905
5464.  0.00552803
5466.  0.00626046
5468.  0.00480137
5470.  0.00575924
5472.  0.00541469
5474.  0.00491621
5476.  0.0062214
5478.  0.00549443
5480.  0.00523119
5482.  0.00594266
5484.  0.00439771
5486.  0.00618449
5488.  0.00572049
5490.  0.00644731
5492.  0.00561178
5494.  0.00614819
5496.  0.0051587
5498.  0.00789053
5500.  0.00499144
5502.  0.00653099
5504.  0.0058775
5506.  0.0046258
5508.  0.00456717
5510.  0.0059161
5512.  0.00689031
5514.  0.00496109
5516.  0.00801313
5518.  0.0069367
5520.  0.0055549
5522.  0.00658153
5524.  0.00570883
5526.  0.00566296
5528.  0.0071749
5530.  0.00604551
5532.  0.00579682
5534.  0.00513824
5536.  0.00636593
5538.  0.00414044
5540.  0.00608673
5542.  0.00511674
5544.  0.00487745
5546.  0.00646333
5548.  0.00483089
5550.  0.00579266
5552.  0.00538608
5554.  0.00366814
5556.  0.0060891
5558.  0.00322495
5560.  0.00338709
5562.  0.00539526
5564.  0.0059301
5566.  0.00689695
5568.  0.00506311
5570.  0.00439449
5572.  0.00348167
5574.  0.00428003
5576.  0.00745206
5578.  0.0151702
5580.  0.00122906
5582.  0.00373414
5584.  0.00527637
5586.  0.00419345
5588.  0.00280819
5590.  0.00440434
5592.  0.00381448
5594.  0.00475953
5596.  0.00474772
5598.  0.0066534
5600.  0.00690076
5602.  0.00503551
5604.  0.00407534
5606.  0.00519786
5608.  0.00466679
5610.  0.00357596
5612.  0.00488803
5614.  0.0043454
5616.  0.00370559
5618.  0.00611002
5620.  0.00448146
5622.  0.00561133
5624.  0.00548279
5626.  0.0041242
5628.  0.00456738
5630.  0.00406773
5632.  0.00449468
5634.  0.00753109
5636.  0.00515196
5638.  0.00419263
5640.  0.00382951
5642.  0.00438497
5644.  0.00440838
5646.  0.00384363
5648.  0.0048052
5650.  0.00377386
5652.  0.00455454
5654.  0.00499531
5656.  0.00517999
5658.  0.0065464
5660.  0.00561289
5662.  0.00664759
5664.  0.00420307
5666.  0.00270254
5668.  0.00446921
5670.  0.00386969
5672.  0.00392351
5674.  0.00396849
5676.  0.00454467
5678.  0.00401574
5680.  0.00165459
5682.  0.00448517
5684.  0.00462868
5686.  0.00443519
5688.  0.00304301
5690.  0.00329349
5692.  0.00315117
5694.  0.00190223
5696.  0.0020353
5698.  0.00286521
5700.  0.00261965
5702.  0.00441757
5704.  0.00486932
5706.  0.00509554
5708.  0.00401359
5710.  0.00351487
5712.  0.00323383
5714.  0.00467238
5716.  0.00571832
5718.  0.00401921
5720.  0.00382755
5722.  0.00508206
5724.  0.00479026
5726.  0.00411634
5728.  0.00453986
5730.  0.00415303
5732.  0.00439019
5734.  0.00465448
5736.  0.00561225
5738.  0.00390918
5740.  0.00470478
5742.  0.00593896
5744.  0.00508116
5746.  0.00430338
5748.  0.00417275
5750.  0.00390283
5752.  0.00380936
5754.  0.00415746
5756.  0.004347
5758.  0.00456364
5760.  0.00391267
5762.  0.00497545
5764.  0.00388367
5766.  0.00409252
5768.  0.0055936
5770.  0.00560889
5772.  0.00480908
5774.  0.00422812
5776.  0.00406022
5778.  0.00367212
5780.  0.00388809
5782.  0.00481962
5784.  0.00550673
5786.  0.00530222
5788.  0.00421201
5790.  0.00399295
5792.  0.00564951
5794.  0.00560359
5796.  0.00624751
5798.  0.00558472
5800.  0.00443614
5802.  0.0044933
5804.  0.00434909
5806.  0.00446054
5808.  0.0049361
5810.  0.00510075
5812.  0.00380584
5814.  0.00454927
5816.  0.00435904
5818.  0.00485233
5820.  0.00447286
5822.  0.00484347
5824.  0.00417183
5826.  0.00288315
5828.  0.00395819
5830.  0.00413244
5832.  0.0040292
5834.  0.00367807
5836.  0.00342814
5838.  0.00314936
5840.  0.00327691
5842.  0.00353476
5844.  0.00374777
5846.  0.0040245
5848.  0.00451729
5850.  0.00413228
5852.  0.00413581
5854.  0.00355213
5856.  0.00380102
5858.  0.00504365
5860.  0.00512039
5862.  0.00535697
5864.  0.00430661
5866.  0.00300067
5868.  0.00403317
5870.  0.00484766
5872.  0.00521082
5874.  0.00454741
5876.  0.00414463
5878.  0.00430778
5880.  0.00457237
5882.  0.00505673
5884.  0.00396134
5886.  0.00245475
5888.  0.00402109
5890.  0.0093005
5892.  0.00650625
5894.  0.00593047
5896.  0.00416738
5898.  0.00503513
5900.  0.00523777
5902.  0.00367973
5904.  0.00503152
5906.  0.00578647
5908.  0.00510121
5910.  0.00444625
5912.  0.0055734
5914.  0.00550258
5916.  0.00515429
5918.  0.00387322
5920.  0.00368468
5922.  0.005294
5924.  0.00513479
5926.  0.00464625
5928.  0.00558857
5930.  0.0055689
5932.  0.00522722
5934.  0.00483187
5936.  0.00391725
5938.  0.00504663
5940.  0.00518366
5942.  0.00420951
5944.  0.00486274
5946.  0.00533975
5948.  0.00462373
5950.  0.0039973
5952.  0.00520826
5954.  0.00497499
5956.  0.00442642
5958.  0.00453247
5960.  0.0042113
5962.  0.00440548
5964.  0.00497993
5966.  0.0046414
5968.  0.00559089
5970.  0.00592829
5972.  0.00456034
5974.  0.00494456
5976.  0.00383869
5978.  0.00375845
5980.  0.0048596
5982.  0.00466807
5984.  0.00450221
5986.  0.0047447
5988.  0.00402548
5990.  0.00505625
5992.  0.00449093
5994.  0.00560825
5996.  0.0047852
5998.  0.00461023
6000.  0.00592051
6002.  0.00509536
6004.  0.00389224
6006.  0.00494455
6008.  0.00566953
6010.  0.00490239
6012.  0.00463931
6014.  0.00499061
6016.  0.00539174
6018.  0.00581478
6020.  0.00512364
6022.  0.00387501
6024.  0.00477475
6026.  0.00435317
6028.  0.00487753
6030.  0.00439351
6032.  0.00449506
6034.  0.00442636
6036.  0.00413699
6038.  0.00454086
6040.  0.00517768
6042.  0.00471635
6044.  0.00514978
6046.  0.00504316
6048.  0.00531517
6050.  0.00550333
6052.  0.00423642
6054.  0.00458063
6056.  0.00392158
6058.  0.00456109
6060.  0.00445881
6062.  0.0037102
6064.  0.0047504
6066.  0.0044396
6068.  0.00446466
6070.  0.0040744
6072.  0.00469864
6074.  0.00563021
6076.  0.00606291
6078.  0.00555558
6080.  0.0045052
6082.  0.00442426
6084.  0.00549697
6086.  0.00566463
6088.  0.00480374
6090.  0.00538581
6092.  0.00563585
6094.  0.00482694
6096.  0.0040285
6098.  0.00379642
6100.  0.00473744
6102.  0.00472452
6104.  0.00428686
6106.  0.00354652
6108.  0.00357393
6110.  0.00395207
6112.  0.00410774
6114.  0.00455497
6116.  0.00504989
6118.  0.00532698
6120.  0.0052133
6122.  0.00376978
6124.  0.00464996
6126.  0.00450784
6128.  0.00460861
6130.  0.00391707
6132.  0.00359451
6134.  0.00470891
6136.  0.00417612
6138.  0.00325978
6140.  0.00360276
6142.  0.00432064
6144.  0.0036607
6146.  0.00435684
6148.  0.00439718
6150.  0.00389499
6152.  0.00250579
6154.  0.00374559
6156.  0.00352659
6158.  0.00275627
6160.  0.00395463
6162.  0.00406832
6164.  0.00413279
6166.  0.00354952
6168.  0.00421402
6170.  0.00464266
6172.  0.00399238
6174.  0.00393107
6176.  0.00428379
6178.  0.00437284
6180.  0.00471744
6182.  0.00413747
6184.  0.00336375
6186.  0.00364315
6188.  0.0039247
6190.  0.00357209
6192.  0.00356848
6194.  0.00387646
6196.  0.0042807
6198.  0.00408925
6200.  0.00396079
6202.  0.00391727
6204.  0.00536883
6206.  0.00533553
6208.  0.00394677
6210.  0.00400028
6212.  0.0055728
6214.  0.00514475
6216.  0.0040779
6218.  0.00448948
6220.  0.00506605
6222.  0.00421747
6224.  0.00312258
6226.  0.00356577
6228.  0.00347718
6230.  0.00471171
6232.  0.00410022
6234.  0.00239034
6236.  0.00132966
6238.  0.00407236
6240.  0.00339062
6242.  0.00326298
6244.  0.00399788
6246.  0.00396823
6248.  0.0038017
6250.  0.00385692
6252.  0.00439732
6254.  0.00323798
6256.  0.00420905
6258.  0.00356781
6260.  0.0034773
6262.  0.00178277
6264.  0.0021501
6266.  0.00459916
6268.  0.00449898
6270.  0.00438263
6272.  0.0033866
6274.  0.00297388
6276.  0.00281364
6278.  0.00331965
6280.  0.00342268
6282.  0.0036826
6284.  0.00429552
6286.  0.00464879
6288.  0.00476591
6290.  0.00330401
6292.  0.00302647
6294.  0.00368276
6296.  0.00383317
6298.  0.00448207
6300.  0.00488977
6302.  0.0050034
6304.  0.00428604
6306.  0.00269006
6308.  0.00425705
6310.  0.00452777
6312.  0.00273696
6314.  0.00323434
6316.  0.00296059
6318.  0.00403092
6320.  0.00353207
6322.  0.0026322
6324.  0.0032658
6326.  0.00358802
6328.  0.00418059
6330.  0.00452671
6332.  0.00428685
6334.  0.00332409
6336.  0.00303778
6338.  0.00392911
6340.  0.00404774
6342.  0.00357514
6344.  0.00355108
6346.  0.0033047
6348.  0.00310805
6350.  0.00315479
6352.  0.00421114
6354.  0.00399327
6356.  0.00360315
6358.  0.00355567
6360.  0.00318261
6362.  0.00368731
6364.  0.00337784
6366.  0.00483061
6368.  0.00430063
6370.  0.00311529
6372.  0.00360118
6374.  0.00396424
6376.  0.00359075
6378.  0.00337306
6380.  0.00310783
6382.  0.00335271
6384.  0.00260225
6386.  0.00227367
6388.  0.00340924
6390.  0.00190461
6392.  0.00181755
6394.  0.00257619
6396.  0.00266267
6398.  0.00260051
6400.  0.00234407
6402.  0.00332013
6404.  0.00347998
6406.  0.00281159
6408.  0.00206757
6410.  0.00359818
6412.  0.00383164
6414.  0.00246235
6416.  0.0023045
6418.  0.00254205
6420.  0.00204166
6422.  0.00259797
6424.  0.00266186
6426.  0.00308511
6428.  0.00281556
6430.  0.00280753
6432.  0.00275747
6434.  0.00323913
6436.  0.00322001
6438.  0.00313068
6440.  0.00318797
6442.  0.00233325
6444.  0.00340775
6446.  0.00329397
6448.  0.00278773
6450.  0.0029309
6452.  0.00212641
6454.  0.0022583
6456.  0.00289978
6458.  0.00313789
6460.  0.00356515
6462.  0.00337267
6464.  0.00310687
6466.  0.00270566
6468.  0.00311501
6470.  0.00292923
6472.  0.00295365
6474.  0.00393439
6476.  0.00411154
6478.  0.00388154
6480.  0.00264724
6482.  0.00272779
6484.  0.00303555
6486.  0.00304772
6488.  0.00306857
6490.  0.00237603
6492.  0.00267329
6494.  0.00310388
6496.  0.00321277
6498.  0.00318944
6500.  0.00300957
6502.  0.00352983
6504.  0.00333779
6506.  0.00338996
6508.  0.00259157
6510.  0.00253938
6512.  0.00353318
6514.  0.00359062
6516.  0.0039456
6518.  0.00393883
6520.  0.0031934
6522.  0.00293184
6524.  0.00432218
6526.  0.00388054
6528.  0.00247773
6530.  0.00308937
6532.  0.00350974
6534.  0.00358967
6536.  0.00326245
6538.  0.00257251
6540.  0.00332392
6542.  0.00318245
6544.  0.00269953
6546.  0.00321347
6548.  0.00282388
6550.  0.00256251
6552.  0.00216307
6554.  0.00202007
6556.  0.00304381
6558.  0.00298429
6560.  0.00265319
6562.  0.00260941
6564.  0.00323973
6566.  0.00330857
6568.  0.00326672
6570.  0.00240396
6572.  0.0029447
6574.  0.00420088
6576.  0.0041658
6578.  0.00353777
6580.  0.00339475
6582.  0.00242739
6584.  0.00242302
6586.  0.00342954
6588.  0.00301924
6590.  0.0027204
6592.  0.00323379
6594.  0.00311464
6596.  0.00302525
6598.  0.00378372
6600.  0.00313629
6602.  0.00275917
6604.  0.00309151
6606.  0.00329388
6608.  0.00339775
6610.  0.00264818
6612.  0.00246979
6614.  0.00268123
6616.  0.00336147
6618.  0.00321433
6620.  0.00368679
6622.  0.0036195
6624.  0.0031449
6626.  0.00315228
6628.  0.00247105
6630.  0.0031665
6632.  0.00374934
6634.  0.00323288
6636.  0.0035297
6638.  0.00325858
6640.  0.00418405
6642.  0.00396345
6644.  0.00309103
6646.  0.00303485
6648.  0.00249168
6650.  0.00289398
6652.  0.00385572
6654.  0.00396743
6656.  0.00355733
6658.  0.00300988
6660.  0.00335642
6662.  0.00368088
6664.  0.00283221
6666.  0.00182365
6668.  0.00322883
6670.  0.00377802
6672.  0.00362875
6674.  0.00375519
6676.  0.00336606
6678.  0.00369999
6680.  0.00376933
6682.  0.0038266
6684.  0.00412734
6686.  0.00405941
6688.  0.00417752
6690.  0.00383128
6692.  0.00365842
6694.  0.00353399
6696.  0.00331818
6698.  0.00304133
6700.  0.00423524
6702.  0.00361742
6704.  0.00371658
6706.  0.0043227
6708.  0.00402019
6710.  0.00353659
6712.  0.00377196
6714.  0.00441987
6716.  0.00405471
6718.  0.00327169
6720.  0.00321305
6722.  0.00268894
6724.  0.00330289
6726.  0.00463636
6728.  0.0052169
6730.  0.00376523
6732.  0.00345902
6734.  0.00432675
6736.  0.00418366
6738.  0.00428613
6740.  0.00479626
6742.  0.00488066
6744.  0.00382359
6746.  0.00359209
6748.  0.00372692
6750.  0.00331754
6752.  0.0037166
6754.  0.00449003
6756.  0.00436056
6758.  0.0038079
6760.  0.00376104
6762.  0.00320031
6764.  0.00329808
6766.  0.00361336
6768.  0.00356846
6770.  0.00363511
6772.  0.00381952
6774.  0.00369298
6776.  0.00263795
6778.  0.00314588
6780.  0.00379742
6782.  0.00365721
6784.  0.00393015
6786.  0.00314385
6788.  0.00317119
6790.  0.00370389
6792.  0.0040235
6794.  0.0035039
6796.  0.00340353
6798.  0.00320823
6800.  0.0025716
6802.  0.00343114
6804.  0.00356383
6806.  0.00306701
6808.  0.00311337
6810.  0.00366201
6812.  0.00342587
6814.  0.00308185
6816.  0.00365436
6818.  0.00387693
6820.  0.00402314
6822.  0.00399465
6824.  0.00368693
6826.  0.00322411
6828.  0.00349434
6830.  0.00388423
6832.  0.00344121
6834.  0.0045627
6836.  0.00487908
6838.  0.00307857
6840.  0.00373822
6842.  0.00450519
6844.  0.00335325
6846.  0.00419632
6848.  0.00400444
6850.  0.00340065
6852.  0.00402695
6854.  0.00462734
6856.  0.00390491
6858.  0.00326904
6860.  0.00161788
6862.  0.00296357
6864.  0.00292953
6866.  0.00358163
6868.  0.00318587
6870.  0.00282937
6872.  0.00268871
6874.  0.00323298
6876.  0.00339423
6878.  0.00310396
6880.  0.00293212
6882.  0.00301534
6884.  0.00280517
6886.  0.00292217
6888.  0.00412058
6890.  0.00366742
6892.  0.00272863
6894.  0.00292303
6896.  0.0031755
6898.  0.00278106
6900.  0.002751
6902.  0.00298966
6904.  0.00330435
6906.  0.00379651
6908.  0.00335066
6910.  0.00276385
6912.  0.00337937
6914.  0.00288785
6916.  0.00277467
6918.  0.00227072
6920.  0.00239533
6922.  0.00318085
6924.  0.00268512
6926.  0.00315885
6928.  0.00234411
6930.  0.00251414
6932.  0.00261109
6934.  0.00221744
6936.  0.0018292
6938.  0.00161318
6940.  0.00168739
6942.  0.00248819
6944.  0.00185425
6946.  0.00266875
6948.  0.00348091
6950.  0.002226
6952.  0.00140845
6954.  0.00197813
6956.  0.00238455
6958.  0.00207255
6960.  0.0017347
6962.  0.00215603
6964.  0.0021591
6966.  0.00293155
6968.  0.00226848
6970.  0.00164236
6972.  0.00245334
6974.  0.00247732
6976.  0.00252021
6978.  0.00253227
6980.  0.00230931
6982.  0.00267943
6984.  0.0028443
6986.  0.00281413
6988.  0.00247328
6990.  0.00216348
6992.  0.00307619
6994.  0.00311568
6996.  0.00210958
6998.  0.00207992
7000.  0.00243963
7002.  0.00302853
7004.  0.00267726
7006.  0.00313742
7008.  0.00229928
7010.  0.00147461
7012.  0.00251454
7014.  0.00188173
7016.  0.0015076
7018.  0.0017195
7020.  0.00245808
7022.  0.00279313
7024.  0.00235182
7026.  0.00199358
7028.  0.00270454
7030.  0.00301516
7032.  0.00228881
7034.  0.00249771
7036.  0.002982
7038.  0.00317976
7040.  0.00295067
7042.  0.00213226
7044.  0.002669
7046.  0.00389237
7048.  0.00389994
7050.  0.00330322
7052.  0.0034247
7054.  0.00264026
7056.  0.00248102
7058.  0.00289207
7060.  0.00321766
7062.  0.00392728
7064.  0.00380188
7066.  0.00245323
7068.  0.00191168
7070.  0.00205313
7072.  0.00286272
7074.  0.0030589
7076.  0.00269368
7078.  0.00266146
7080.  0.00248001
7082.  0.0026824
7084.  0.00304525
7086.  0.00280969
7088.  0.00331208
7090.  0.00353203
7092.  0.00315016
7094.  0.00357289
7096.  0.00353659
7098.  0.00264067
7100.  0.00273705
7102.  0.0022902
7104.  0.00266348
7106.  0.00311633
7108.  0.00266593
7110.  0.00256516
7112.  0.0029669
7114.  0.00289966
7116.  0.00301051
7118.  0.00300406
7120.  0.00276118
7122.  0.0021207
7124.  0.00242293
7126.  0.00255204
7128.  0.00310727
7130.  0.00398734
7132.  0.00300666
7134.  0.00205872
7136.  0.00236954
7138.  0.0025675
7140.  0.00309414
7142.  0.002684
7144.  0.00242361
7146.  0.0027839
7148.  0.00218984
7150.  0.00171147
7152.  0.00278697
7154.  0.00252797
7156.  0.00194757
7158.  0.00216093
7160.  0.00279618
7162.  0.00197863
7164.  0.00184095
7166.  0.00210739
7168.  0.00198188
7170.  0.00200719
7172.  0.00209651
7174.  0.00217186
7176.  0.0027589
7178.  0.00305145
7180.  0.00204588
7182.  0.00158584
7184.  0.00196538
7186.  0.00221872
7188.  0.00258626
7190.  0.00295742
7192.  0.00256889
7194.  0.00132592
7196.  0.00164786
7198.  0.0022963
7200.  0.00222112
7202.  0.00226518
7204.  0.00217195
7206.  0.00169972
7208.  0.00177258
7210.  0.00185071
7212.  0.00233496
7214.  0.00272227
7216.  0.00216439
7218.  0.0020646
7220.  0.00232994
7222.  0.00221403
7224.  0.00207554
7226.  0.002638
7228.  0.00199657
7230.  0.00144773
7232.  0.00306518
7234.  0.00270503
7236.  0.00190037
7238.  0.0011732
7240.  0.00216293
7242.  0.00396682
7244.  0.00208473
7246.  0.00160493
7248.  0.00228349
7250.  0.00285354
7252.  0.00227388
7254.  0.00142849
7256.  0.00201697
7258.  0.0025064
7260.  0.00255744
7262.  0.00259244
7264.  0.00223765
7266.  0.00305769
7268.  0.00306608
7270.  0.00356743
7272.  0.00228653
7274.  5.890980E-4
7276.  0.00230505
7278.  0.00407727
7280.  0.00146635
7282.  0.00215104
7284.  0.00257941
7286.  0.00358347
7288.  0.00336888
7290.  0.00308892
7292.  0.00307179
7294.  0.00300281
7296.  0.00328176
7298.  0.00361393
7300.  0.00448554
7302.  0.00430242
7304.  0.00366292
7306.  0.00329757
7308.  0.00298381
7310.  0.00210507
7312.  0.00183765
7314.  0.00308402
7316.  0.00345792
7318.  0.00331035
7320.  0.00193784
7322.  0.00200465
7324.  0.00274442
7326.  0.00223389
7328.  0.00237321
7330.  0.00400882
7332.  0.00325254
7334.  0.00218283
7336.  0.00167099
7338.  0.00348263
7340.  0.00418763
7342.  0.00394747
7344.  0.00311111
7346.  0.00290682
7348.  0.00285388
7350.  0.00198941
7352.  0.00294876
7354.  0.00319379
7356.  0.00290135
7358.  0.003253
7360.  0.0028033
7362.  0.00276623
7364.  0.0018284
7366.  0.00197048
7368.  0.00248429
7370.  0.00299267
7372.  0.00419228
7374.  0.00274576
7376.  0.00271846
7378.  0.00253815
7380.  0.003946
7382.  0.00354334
7384.  0.00284244
7386.  0.00226139
7388.  0.0029379
7390.  0.00374959
7392.  0.00417129
7394.  0.00420814
7396.  0.0037038
7398.  0.00402469
7400.  0.00327967
7402.  0.00242741
7404.  0.00154053
7406.  0.00297597
7408.  0.00321093
7410.  0.00249799
7412.  0.00312
7414.  0.00266487
7416.  0.00274938
7418.  0.00348147
7420.  0.00294353
7422.  0.00349936
7424.  0.00333451
7426.  0.00292811
7428.  0.00285658
7430.  0.0023828
7432.  0.00199327
7434.  0.0021144
7436.  0.00317837
7438.  0.0044955
7440.  0.00363444
7442.  0.00299304
7444.  0.00342446
7446.  0.00268692
7448.  0.00341222
7450.  0.00392044
7452.  0.00382839
7454.  0.00348168
7456.  0.00273427
7458.  0.00323661
7460.  0.00299027
7462.  0.00289858
7464.  0.00344054
7466.  0.00279745
7468.  0.00333503
7470.  0.0033794
7472.  0.00262893
7474.  0.00363285
7476.  0.00366582
7478.  0.00261203
7480.  0.00287246
7482.  0.00273633
7484.  0.00245463
7486.  0.00213739
7488.  0.00253984
7490.  0.00278188
7492.  0.00307085
7494.  0.00266909
7496.  0.00260324
7498.  0.00301007
7500.  0.00285324
7502.  0.00305567
7504.  0.0029126
7506.  0.00301063
7508.  0.0032775
7510.  0.00351418
7512.  0.00272615
7514.  0.00321011
7516.  0.0041486
7518.  0.00300358
7520.  0.00253211
7522.  0.0046259
7524.  0.00377773
7526.  0.00308124
7528.  0.00215944
7530.  0.00261588
7532.  0.00337342
7534.  0.00362563
7536.  0.00311494
7538.  0.0032189
7540.  0.00376058
7542.  0.00262143
7544.  0.00288194
7546.  0.00300176
7548.  0.00281549
7550.  0.00336268
7552.  0.00308743
7554.  0.00247285
7556.  0.0025876
7558.  0.00310936
7560.  0.00271911
7562.  0.00305513
7564.  0.00328124
7566.  0.00174827
7568.  0.00245253
7570.  0.00404934
7572.  0.00304894
7574.  0.00326053
7576.  0.00216179
7578.  0.00249107
7580.  0.00196538
7582.  0.00272558
7584.  0.00407846
7586.  0.00447545
7588.  0.00304704
7590.  0.00268584
7592.  0.00237598
7594.  0.00287155
7596.  0.00287723
7598.  0.00237873
7600.  0.00152779
7602.  4.535780E-4
7604.  0.00191018
7606.  0.00225535
7608.  0.00181826
7610.  8.516440E-4
7612.  8.306260E-4
7614.  0.00214549
7616.  0.00243688
7618.  0.00228667
7620.  0.00284676
7622.  0.00364099
7624.  0.00248854
7626.  0.00260696
7628.  0.00141064
7630.  0.00187059
7632.  0.00293974
7634.  0.00241343
7636.  0.00330416
7638.  0.00258356
7640.  0.00192912
7642.  0.00308664
7644.  0.00347784
7646.  0.00297999
7648.  0.00302522
7650.  0.00259497
7652.  0.00332658
7654.  0.00377255
7656.  0.00261868
7658.  0.00248535
7660.  0.00280357
7662.  0.00381775
7664.  0.00455178
7666.  0.004364
7668.  0.00331567
7670.  0.00289428
7672.  0.00296712
7674.  0.00234524
7676.  0.00239224
7678.  0.0029615
7680.  0.00308983
7682.  0.00324988
7684.  0.00346101
7686.  0.00247978
7688.  0.00320844
7690.  0.0026472
7692.  0.00297935
7694.  0.0033604
7696.  0.0024223
7698.  0.00199003
7700.  0.00285521
7702.  0.00328102
7704.  0.00196785
7706.  0.00106828
7708.  8.420240E-4
7710.  0.00130225
7712.  0.00271501
7714.  0.00545591
7716.  0.00499054
7718.  0.00315361
7720.  0.00271519
7722.  0.00289051
7724.  0.00329763
7726.  0.00132237
7728.  8.270800E-4
7730.  0.00309332
7732.  0.00389071
7734.  0.00249516
7736.  0.00274858
7738.  0.00413057
7740.  0.00340407
7742.  0.00104855
7744.  0.00102867
7746.  6.053510E-4
7748.  0.0022979
7750.  0.00346864
7752.  0.00522653
7754.  0.00404908
7756.  0.00314809
7758.  0.00499687
7760.  0.00347357
7762.  0.00393737
7764.  0.00375176
7766.  0.00361999
7768.  0.00223294
7770.  0.0024898
7772.  0.00309765
7774.  0.00287315
7776.  0.00252399
7778.  0.00334185
7780.  0.00328575
7782.  0.0019701
7784.  0.00239221
7786.  0.00321792
7788.  0.00349664
7790.  0.00127973
7792.  0.00160753
7794.  0.00216958
7796.  0.0023866
7798.  0.00291869
7800.  0.00271312
7802.  0.00155112
7804.  6.584410E-4
7806.  0.0024704
7808.  0.00353396
7810.  0.00307078
7812.  0.00387893
7814.  0.00299204
7816.  3.665180E-4
7818.  0.00151146
7820.  0.00330038
7822.  0.00179949
7824.  9.662230E-4
7826.  0.00311042
7828.  0.00409925
7830.  0.0032372
7832.  0.00252731
7834.  0.00207664
7836.  0.00285244
7838.  0.00190576
7840.  0.00300839
7842.  0.00458373
7844.  0.00277684
7846.  0.00166992
7848.  0.00119536
7850.  0.00179027
7852.  0.00220539
7854.  0.00393121
7856.  0.00311924
7858.  0.00181669
7860.  0.00291994
7862.  0.00372682
7864.  0.00249337
7866.  0.00213504
7868.  0.00242356
7870.  0.00200902
7872.  0.00408929
7874.  0.00403471
7876.  0.00243237
7878.  0.00214713
7880.  0.00275728
7882.  0.00189274
7884.  0.00166357
7886.  0.00265154
7888.  0.00361556
7890.  0.00411949
7892.  0.00398055
7894.  0.00319137
7896.  0.00379668
7898.  0.00285936
7900.  0.00169557
7902.  0.00173166
7904.  0.00201249
7906.  0.00225203
7908.  1.185410E-4
7910.  0.00149474
7912.  0.00393608
7914.  0.00362189
7916.  0.00143043
7918.  0.00161783
7920.  0.00404072
7922.  0.00301352
7924.  0.00170161
7926.  0.00229586
7928.  0.00385321
7930.  0.00224843
7932.  0.00133532
7934.  0.00178684
7936.  0.00276212
7938.  0.00246783
7940.  0.00225889
7942.  0.00269912
7944.  0.0016651
7946.  0.00174691
7948.  0.00209694
7950.  0.00330553
7952.  0.00208342
7954.  0.00204676
7956.  0.0032033
7958.  0.00185748
7960.  0.00133167
7962.  0.00241239
7964.  0.00234164
7966.  0.00209399
7968.  0.00146629
7970.  0.00225922
7972.  0.00178664
7974.  0.00121503
7976.  0.00217783
7978.  0.00315422
7980.  7.682540E-4
7982.  0.00117057
7984.  0.0016031
7986.  5.642790E-4
7988.  3.013630E-4
7990.  0.00201983
7992.  0.00344164
7994.  0.00323268
7996.  0.0023333
7998.  0.00169348
8000.  0.00221293
8002.  0.00304043
8004.  0.00194185
8006.  0.00131394
8008.  0.00144431
8010.  0.00116689
8012.  0.00120544
8014.  0.00134876
8016.  6.966670E-4
8018.  0.00101297
8020.  0.00141349
8022.  0.00120762
8024.  6.723010E-4
8026.  0.00261483
8028.  0.0035155
8030.  5.298030E-4
8032.  0.00168528
8034.  0.00212422
8036.  0.00155834
8038.  0.00179777
8040.  9.783850E-4
8042.  0.00139776
8044.  0.00134052
8046.  9.016270E-4
8048.  1.013710E-4
8050.  6.280220E-4
8052.  3.875890E-4
8054.  4.461040E-5
8056.  3.927310E-4
8058.  0.00118327
8060.  0.00104461
8062.  0.0014241
8064.  0.00144823
8066.  6.288760E-4
8068.  0.00122369
8070.  9.107110E-4
8072.  0.0014077
8074.  0.00130158
8076.  7.920470E-4
8078.  0.00114845
8080.  8.732780E-4
8082.  5.301200E-4
8084.  0.0014113
8086.  0.00119307
8088.  4.545270E-4
8090.  0.00182466
8092.  0.00167423
8094.  6.390620E-4
8096.  8.015240E-4
8098.  -2.898440E-4
8100.  6.469290E-4
8102.  0.00174746
8104.  0.00149043
8106.  6.346320E-4
8108.  7.188490E-5
8110.  0.0014202
8112.  0.0019607
8114.  6.892970E-4
8116.  7.955600E-4
8118.  0.00152317
8120.  0.00149788
8122.  9.479070E-4
8124.  0.00123171
8126.  0.00110375
8128.  0.00123078
8130.  8.135160E-4
8132.  0.00127818
8134.  7.430780E-4
8136.  1.892840E-4
8138.  0.00179861
8140.  0.00195836
8142.  0.00115247
8144.  9.385010E-4
8146.  8.456280E-4
8148.  7.868690E-4
8150.  0.00133455
8152.  9.431960E-4
8154.  0.00136568
8156.  0.00282427
8158.  0.00236536
8160.  0.00227581
8162.  0.00291846
8164.  0.00208165
8166.  7.937980E-4
8168.  0.0013644
8170.  0.00209252
8172.  0.00264949
8174.  0.00179098
8176.  0.00181838
8178.  0.00194636
8180.  0.00132097
8182.  0.0018533
8184.  0.00310461
8186.  0.00301856
8188.  0.0027184
8190.  0.00185765
8192.  0.00179249
8194.  0.00313202
8196.  0.00343541
8198.  0.00186391
8200.  0.00163981
8202.  0.00172228
8204.  0.00231784
8206.  0.00296075
8208.  0.00241173
8210.  0.0016007
8212.  0.00203434
8214.  0.00172923
8216.  0.00295648
8218.  0.00259232
8220.  0.00239717
8222.  0.00263862
8224.  0.00129227
8226.  0.00204962
8228.  0.00155101
8230.  0.00198775
8232.  0.00317228
8234.  0.00236864
8236.  0.00223304
8238.  0.00223675
8240.  0.00139402
8242.  0.00148727
8244.  0.00259111
8246.  0.00305494
8248.  0.00194741
8250.  0.0018114
8252.  0.00208061
8254.  0.00251091
8256.  0.00318235
8258.  0.00263593
8260.  0.00242043
8262.  0.00291664
8264.  0.00306915
8266.  0.00335142
8268.  0.00290667
8270.  0.00349519
8272.  0.0030477
8274.  0.0033014
8276.  7.298570E-5
8278.  9.570510E-4
8280.  0.00286747
8282.  0.00157572
8284.  0.00118505
8286.  0.00108673
8288.  -0.00124
8290.  9.545590E-4
8292.  0.00154646
8294.  0.00261736
8296.  0.00212348
8298.  0.00372578
8300.  0.00591417
8302.  0.00244484
8304.  3.907440E-4
8306.  8.186750E-4
8308.  0.00224032
8310.  0.00154967
8312.  0.00235878
8314.  0.00284793
8316.  0.00156671
8318.  0.00149712
8320.  0.00311907
8322.  0.00286518
8324.  0.00117613
8326.  0.00121325
8328.  0.00196593
8330.  0.00136081
8332.  0.00232497
8334.  0.00295171
8336.  0.00263648
8338.  1.067850E-5
8340.  -0.00121587
8342.  -0.00169535
8344.  -0.00189456
8346.  -6.644780E-4
8348.  0.00204197
8350.  0.00407328
8352.  0.00395123
8354.  0.00352091
8356.  0.00228306
8358.  0.00193294
8360.  0.00292119
8362.  0.00291724
8364.  0.00224173
8366.  0.00324928
8368.  0.00328188
8370.  0.00227134
8372.  6.847260E-4
8374.  6.065300E-5
8376.  0.00103218
8378.  -1.365980E-4
8380.  0.0013213
8382.  9.498290E-4
8384.  0.00256422
8386.  0.00241701
8388.  0.00223145
8390.  0.00151968
8392.  2.532490E-4
8394.  0.00122997
8396.  0.00245848
8398.  0.00157643
8400.  0.00456707
8402.  0.00144404
8404.  3.183550E-4
8406.  0.00228106
8408.  0.00201346
8410.  0.00264632
8412.  0.00205776
8414.  0.00237683
8416.  0.00237586
8418.  0.00177997
8420.  0.00273615
8422.  0.00185473
8424.  9.960250E-4
8426.  2.863880E-4
8428.  0.00171858
8430.  0.00317524
8432.  0.00214476
8434.  8.803420E-4
8436.  0.00134913
8438.  0.00268621
8440.  0.00156264
8442.  0.00167103
8444.  0.00248065
8446.  6.854310E-4
8448.  7.849710E-4
8450.  7.704830E-4
8452.  0.00402271
8454.  0.00372282
8456.  0.00240164
8458.  0.00140972
8460.  9.805131E-4
8462.  0.00242438
8464.  0.00234796
8466.  0.00388057
8468.  0.00441484
8470.  0.00243823
8472.  0.00191109
8474.  0.00196311
8476.  0.00297439
8478.  0.00403949
8480.  0.00301614
8482.  0.00186663
8484.  0.0022974
8486.  0.00329162
8488.  0.00194403
8490.  6.499350E-4
8492.  0.00266804
8494.  0.00387007
8496.  0.00234346
8498.  0.00100928
8500.  0.00155794
8502.  0.00116416
8504.  0.00191775
8506.  0.00349651
8508.  7.202380E-4
8510.  1.980600E-5
8512.  0.0015905
8514.  0.00268325
8516.  0.00139212
8518.  4.469940E-4
8520.  0.00233564
8522.  0.00271604
8524.  0.0016893
8526.  0.00234663
8528.  0.0031754
8530.  0.00323328
8532.  0.00180807
8534.  0.00245834
8536.  0.0022364
8538.  0.00204289
8540.  0.00312417
8542.  0.00254854
8544.  0.00241573
8546.  0.00178734
8548.  0.00315369
8550.  0.00338938
8552.  3.824220E-4
8554.  7.495760E-4
8556.  0.00246917
8558.  0.00257627
8560.  0.00165072
8562.  0.00120732
8564.  9.266730E-4
8566.  0.00281069
8568.  0.00311167
8570.  0.00351254
8572.  0.00191716
8574.  0.00262404
8576.  0.00267795
8578.  0.00232491
8580.  0.00227464
8582.  0.00248502
8584.  0.00106852
8586.  0.00163325
8588.  0.00322384
8590.  0.00228997
8592.  0.00114441
8594.  0.00123477
8596.  0.00161742
8598.  0.00248883
8600.  0.00315787
8602.  0.0019239
8604.  0.00229123
8606.  0.00175964
8608.  0.00288855
8610.  0.00367854
8612.  0.00277568
8614.  0.00225903
8616.  0.00326008
8618.  0.00118268
8620.  0.00302409
8622.  0.00524701
8624.  0.00101866
8626.  0.00213791
8628.  0.00130843
8630.  0.00276496
8632.  -6.738760E-4
8634.  2.372590E-4
8636.  0.00216102
8638.  -7.239210E-4
8640.  0.00185702
8642.  0.00338836
8644.  0.00210795
8646.  0.00183805
8648.  9.300230E-4
8650.  7.862610E-4
8652.  0.00153367
8654.  0.00187133
8656.  1.703210E-4
8658.  1.677850E-4
8660.  0.00298771
8662.  0.00286502
8664.  9.012760E-4
8666.  0.00360403
8668.  0.00213744
8670.  -0.00260215
8672.  1.156710E-4
8674.  0.002034
8676.  0.00152675
8678.  0.00187135
8680.  0.00211288
8682.  0.00221253
8684.  0.00108094
8686.  0.00320099
8688.  0.00166549
8690.  -8.352040E-4
8692.  0.00212228
8694.  0.00315905
8696.  0.00190396
8698.  0.0011545
8700.  0.00217482
8702.  0.00201258
8704.  0.00153657
8706.  -6.732450E-5
8708.  1.317580E-5
8710.  0.00312256
8712.  0.00495553
8714.  0.00207994
8716.  0.00129803
8718.  0.00241789
8720.  0.00248059
8722.  0.0017697
8724.  0.00189215
8726.  0.00272308
8728.  0.00374092
8730.  0.00356617
8732.  0.00365936
8734.  0.00394095
8736.  0.00393546
8738.  0.00355558
8740.  0.00526399
8742.  0.00533028
8744.  0.00257792
8746.  0.00153108
8748.  0.00234331
8750.  2.880310E-4
8752.  -2.031080E-4
8754.  6.259260E-4
8756.  2.880340E-4
8758.  -0.00122889
8760.  -0.00192825
8762.  8.979760E-4
8764.  0.00174828
8766.  -8.530450E-4
8768.  0.00254029
8770.  -0.00244831
8772.  -0.00507648
8774.  -0.00106195
8776.  0.00197206
8778.  1.950400E-4
8780.  -7.141540E-5
8782.  0.00369395
8784.  0.00297923
8786.  3.953750E-4
8788.  0.00184937
8790.  -2.792330E-4
8792.  0.00287454
8794.  0.00159041
8796.  0.00151643
8798.  0.00193552
8800.  0.00561816
8802.  0.00474028
8804.  0.00354134
8806.  0.00262138
8808.  0.00160459
8810.  0.00174679
8812.  0.00138439
8814.  0.00278791
8816.  0.00337589
8818.  0.00281543
8820.  -0.00127983
8822.  -0.00387202
8824.  0.00103719
8826.  -0.00166389
8828.  0.00254492
8830.  -0.00367662
8832.  -3.774400E-4
8834.  0.00160525
8836.  0.0022063
8838.  0.00602653
8840.  0.00413229
8842.  -5.252090E-4
8844.  0.00131419
8846.  0.00227793
8848.  0.00225924
8850.  0.00208424
8852.  -8.002040E-4
8854.  0.00118733
8856.  0.00449247
8858.  0.00393836
8860.  0.00275384
8862.  1.808670E-4
8864.  -0.00128927
8866.  5.631870E-4
8868.  0.00231727
8870.  0.00265418
8872.  0.00309991
8874.  0.00312293
8876.  1.663340E-4
8878.  -4.649850E-5
8880.  -5.976470E-4
8882.  -0.00161954
8884.  0.00411922
8886.  0.00431959
8888.  0.00150258
8890.  8.402950E-4
8892.  0.0014899
8894.  0.00494107
8896.  0.00180319
8898.  0.00134467
8900.  0.00217019
8902.  1.319640E-4
8904.  0.00145506
8906.  2.422490E-4
8908.  0.00188698
8910.  -8.908000E-5
8912.  -0.00158242
8914.  -0.00229223
8916.  -1.380060E-4
8918.  0.00258249
8920.  0.00232959
8922.  -0.00394023
8924.  -0.004067
8926.  3.589070E-5
8928.  0.00143824
8930.  0.00103933
8932.  3.618320E-4
8934.  6.191240E-5
8936.  0.00183461
8938.  0.00286318
8940.  0.00113112
8942.  4.949150E-4
8944.  0.00270918
8946.  5.660630E-4
8948.  0.0016471
8950.  0.00283762
8952.  -3.431410E-4
8954.  -2.584900E-4
8956.  0.00312515
8958.  0.00322354
8960.  -0.00333832
8962.  -0.00146036
8964.  0.00117717
8966.  0.0012817
8968.  0.00190097
8970.  8.740930E-4
8972.  0.00258703
8974.  0.00273348
8976.  0.00126712
8978.  6.087300E-5
8980.  5.772990E-4
8982.  0.00281042
8984.  3.275360E-4
8986.  -7.563430E-4
8988.  -0.00163311
8990.  0.00192147
8992.  7.754080E-4
8994.  0.00147876
8996.  0.00327307
8998.  0.00529554
9000.  0.002995
9002.  0.00386063
9004.  0.00297362
9006.  0.00188867
9008.  -6.605290E-5
9010.  0.00167526
9012.  0.00232679
9014.  0.0020707
9016.  0.00214775
9018.  0.00151705
9020.  9.431710E-4
9022.  -9.483130E-5
9024.  4.121620E-4
9026.  0.00205209
9028.  0.00250267
9030.  0.0017683
9032.  0.00173464
9034.  0.00176768
9036.  -8.404890E-5
9038.  0.001801
9040.  4.712620E-4
9042.  8.674700E-4
9044.  0.00399302
9046.  0.00294416
9048.  0.00123491
9050.  -1.180640E-4
9052.  -2.253070E-4
9054.  0.00140036
9056.  0.0018146
9058.  0.00234133
9060.  8.466720E-4
9062.  -8.965240E-4
9064.  0.00269401
9066.  7.278990E-4
9068.  2.658520E-4
9070.  0.00281784
9072.  0.00376098
9074.  0.00283302
9076.  0.00207252
9078.  0.00160862
9080.  0.00264296
9082.  0.0018774
9084.  0.00113135
9086.  5.857580E-4
9088.  2.606540E-4
9090.  0.00146656
9092.  4.597100E-4
9094.  1.328560E-4
9096.  -3.429760E-4
9098.  0.00116544
9100.  0.00468826
9102.  0.00185315
9104.  -0.0010815
9106.  0.00104025
9108.  0.00105579
9110.  0.00117875
9112.  0.00187365
9114.  -9.421800E-4
9116.  -1.443240E-4
9118.  0.00156883
9120.  0.00322609
9122.  0.00304959
9124.  0.00282305
9126.  0.0026568
9128.  1.654110E-4
9130.  0.00127806
9132.  0.00259902
9134.  0.00130904
9136.  0.0019481
9138.  0.00229958
9140.  0.00235463
9142.  0.00180582
9144.  4.845550E-4
9146.  -5.340570E-5
9148.  0.00139027
9150.  0.0024563
9152.  0.00237751
9154.  0.00153017
9156.  5.760530E-4
9158.  -5.281710E-5
9160.  -5.962460E-4
9162.  0.00241968
9164.  0.00125356
9166.  0.00103069
9168.  0.0037412
9170.  0.00258539
9172.  0.00194241
9174.  0.00233069
9176.  0.00277248
9178.  0.00228415
9180.  0.00229885
9182.  0.00373246
9184.  0.00260056
9186.  4.728960E-4
9188.  0.00123602
9190.  0.00162778
9192.  0.00138741
9194.  0.00125214
9196.  1.362250E-4
9198.  0.00187342
9200.  0.00260579
9202.  7.314550E-4
9204.  0.00105998
9206.  0.00373748
9208.  0.00265921
9210.  0.00246219
9212.  7.491690E-4
9214.  0.00155537
9216.  0.00142261
9218.  1.807080E-4
9220.  0.00244625
9222.  0.00337608
9224.  0.00318913
9226.  0.00329912
9228.  0.00133225
9230.  0.00304388
9232.  0.00324648
9234.  0.00141554
9236.  0.00100559
9238.  0.00208537
9240.  0.00168394
