3600.  -8.981495E-18
3602.42142941183  4.460890E-17
3604.84285882367  -1.222290E-18
3607.2642882355  -8.149372E-17
3609.68571764733  -1.177889E-16
3612.10714705917  7.564141E-17
3614.528576471  9.694894E-17
3616.95000588283  -1.742331E-17
3619.37143529467  5.203461E-18
3621.7928647065  1.468185E-17
3624.21429411834  -1.504670E-17
3626.63572353017  -6.117583E-17
3629.057152942  -1.072986E-16
3631.47858235384  4.471127E-17
3633.90001176567  1.472547E-16
3636.3214411775  6.638551E-17
3638.74287058934  2.123791E-16
3641.16430000117  1.844632E-16
3643.585729413  -2.727497E-17
3646.00715882484  -3.547839E-18
3648.42858823667  1.228660E-16
3650.8500176485  1.769103E-16
3653.27144706034  2.895570E-17
3655.69287647217  -5.521942E-17
3658.114305884  -6.065609E-17
3660.53573529584  -3.454876E-17
3662.95716470767  3.384578E-17
3665.37859411951  2.185603E-18
3667.80002353134  -3.587590E-17
3670.22145294317  3.255363E-17
3672.64288235501  3.329670E-17
3675.06431176684  2.544552E-17
3677.48574117867  4.597267E-17
3679.90717059051  5.481027E-17
3682.32860000234  6.392324E-17
3684.75002941417  3.747503E-17
3687.17145882601  -2.328497E-17
3689.59288823784  -3.990559E-17
3692.01431764967  3.148417E-17
3694.43574706151  4.056872E-17
3696.85717647334  7.208171E-17
3699.27860588517  5.034453E-17
3701.70003529701  -5.084163E-18
3704.12146470884  6.518331E-18
3706.54289412067  3.812308E-17
3708.96432353251  1.948050E-17
3711.38575294434  5.818607E-18
3713.80718235618  2.221849E-17
3716.22861176801  7.028738E-18
3718.65004117984  2.337436E-17
3721.07147059168  2.400608E-17
3723.49290000351  -2.186240E-18
3725.91432941534  6.805491E-18
3728.33575882718  2.153651E-17
3730.75718823901  3.227471E-17
3733.17861765084  3.070727E-17
3735.60004706268  3.329595E-17
3738.02147647451  -7.973722E-19
3740.44290588634  5.146267E-18
3742.86433529818  4.657024E-17
3745.28576471001  3.647878E-17
3747.70719412184  8.968118E-18
3750.12862353368  1.759565E-17
3752.55005294551  1.072772E-17
3754.97148235734  1.622702E-17
3757.39291176918  8.587939E-18
3759.81434118101  1.693095E-17
3762.23577059284  1.978135E-17
3764.65720000468  2.546829E-17
3767.07862941651  9.696802E-18
3769.50005882835  1.282773E-17
3771.92148824018  1.170939E-17
3774.34291765201  9.127604E-18
3776.76434706385  2.839662E-17
3779.18577647568  2.469381E-17
3781.60720588751  1.746735E-17
3784.02863529935  3.015020E-18
3786.45006471118  1.045447E-18
3788.87149412301  2.740521E-17
3791.29292353485  3.521768E-17
3793.71435294668  1.175868E-17
3796.13578235851  1.204132E-17
3798.55721177035  1.602160E-17
3800.97864118218  -1.405876E-18
3803.40007059401  1.641375E-17
3805.82150000585  2.239514E-17
3808.24292941768  1.062120E-17
3810.66435882952  9.154610E-18
3813.08578824135  1.384027E-17
3815.50721765318  2.870549E-17
3817.92864706502  3.856099E-18
3820.35007647685  2.353534E-19
3822.77150588868  2.505066E-17
3825.19293530052  2.629668E-17
3827.61436471235  3.399736E-17
3830.03579412418  2.616970E-17
3832.45722353602  1.855092E-17
3834.87865294785  2.473986E-17
3837.30008235968  9.443152E-18
3839.72151177152  8.353810E-18
3842.14294118335  1.310349E-17
3844.56437059518  2.849729E-17
3846.98580000702  2.131865E-17
3849.40722941885  2.641808E-17
3851.82865883068  2.331458E-17
3854.25008824252  1.636729E-17
3856.67151765435  1.646721E-17
3859.09294706618  3.189928E-17
3861.51437647802  2.588398E-17
3863.93580588985  2.749167E-17
3866.35723530169  3.506232E-17
3868.77866471352  2.657977E-17
3871.20009412535  1.465065E-17
3873.62152353719  2.372915E-17
3876.04295294902  1.808569E-17
3878.46438236085  -1.725937E-18
3880.88581177269  1.324819E-18
3883.30724118452  8.768143E-18
3885.72867059635  2.023026E-17
3888.15010000819  2.348216E-17
3890.57152942002  1.451415E-17
3892.99295883185  8.564068E-18
3895.41438824369  1.136826E-17
3897.83581765552  3.251309E-17
3900.25724706735  2.194929E-17
3902.67867647919  1.679384E-17
3905.10010589102  3.887866E-18
3907.52153530286  2.917052E-18
3909.94296471469  1.850319E-17
3912.36439412652  1.764725E-17
3914.78582353836  1.435700E-17
3917.20725295019  1.580487E-17
3919.62868236202  2.020184E-17
3922.05011177386  2.566445E-17
3924.47154118569  1.347804E-17
3926.89297059752  7.290159E-18
3929.31440000936  2.136792E-17
3931.73582942119  2.997608E-17
3934.15725883302  2.940584E-17
3936.57868824486  1.916274E-17
3939.00011765669  2.172621E-17
3941.42154706852  2.656558E-17
3943.84297648036  1.432417E-17
3946.26440589219  1.448987E-17
3948.68583530402  2.411147E-17
3951.10726471586  2.217562E-17
3953.52869412769  2.244264E-17
3955.95012353952  1.635904E-17
3958.37155295136  7.484321E-18
3960.79298236319  8.668372E-18
3963.21441177503  1.699981E-17
3965.63584118686  2.045020E-17
3968.05727059869  1.673206E-17
3970.47870001053  2.283642E-17
3972.90012942236  2.988204E-17
3975.32155883419  1.920645E-17
3977.74298824603  2.080407E-17
3980.16441765786  1.913120E-17
3982.58584706969  2.101378E-17
3985.00727648153  3.127448E-17
3987.42870589336  2.634799E-17
3989.85013530519  1.885669E-17
3992.27156471703  2.663239E-17
3994.69299412886  3.086030E-17
3997.11442354069  3.561601E-17
3999.53585295253  2.948366E-17
4001.95728236436  1.797298E-17
4004.3787117762  2.512031E-17
4006.80014118803  2.964754E-17
4009.22157059986  3.514775E-17
4011.6430000117  3.405500E-17
4014.06442942353  2.526732E-17
4016.48585883536  2.926270E-17
4018.9072882472  2.930048E-17
4021.32871765903  3.061252E-17
4023.75014707086  3.187887E-17
4026.1715764827  3.131339E-17
4028.59300589453  2.850367E-17
4031.01443530636  2.872082E-17
4033.4358647182  2.016504E-17
4035.85729413003  2.517673E-17
4038.27872354187  2.928934E-17
4040.7001529537  1.887690E-17
4043.12158236553  2.528199E-17
4045.54301177736  3.341894E-17
4047.9644411892  2.809871E-17
4050.38587060103  3.488553E-17
4052.80730001287  3.315826E-17
4055.2287294247  2.056072E-17
4057.65015883653  1.916598E-17
4060.07158824837  1.484690E-17
4062.4930176602  1.579824E-17
4064.91444707203  1.826103E-17
4067.33587648387  1.317762E-17
4069.7573058957  1.376443E-17
4072.17873530753  1.330586E-17
4074.60016471937  1.061813E-17
4077.0215941312  1.638455E-17
4079.44302354303  2.587772E-17
4081.86445295487  2.488523E-17
4084.2858823667  2.636075E-17
4086.70731177853  3.578658E-17
4089.12874119037  2.377321E-17
4091.5501706022  1.703668E-17
4093.97160001404  2.474968E-17
4096.39302942587  2.293871E-17
4098.8144588377  1.199885E-17
4101.23588824954  1.718212E-17
4103.65731766137  2.990991E-17
4106.0787470732  2.502948E-17
4108.50017648504  2.199958E-17
4110.92160589687  2.122814E-17
4113.3430353087  1.593877E-17
4115.76446472054  1.992566E-17
4118.18589413237  1.646454E-17
4120.6073235442  1.113728E-17
4123.02875295604  1.220698E-17
4125.45018236787  1.693161E-17
4127.8716117797  1.619658E-17
4130.29304119154  1.746217E-17
4132.71447060337  1.866743E-17
4135.1359000152  2.249326E-17
4137.55732942704  1.207449E-17
4139.97875883887  1.787718E-17
4142.40018825071  2.421894E-17
4144.82161766254  1.458469E-17
4147.24304707437  1.569779E-17
4149.66447648621  8.104570E-18
4152.08590589804  8.045778E-18
4154.50733530987  1.619746E-17
4156.92876472171  1.332581E-17
4159.35019413354  2.007548E-17
4161.77162354537  1.921742E-17
4164.19305295721  2.456090E-17
4166.61448236904  2.875598E-17
4169.03591178087  1.850797E-17
4171.45734119271  1.594259E-17
4173.87877060454  1.697997E-17
4176.30020001637  1.335030E-17
4178.72162942821  1.108404E-17
4181.14305884004  1.930191E-17
4183.56448825187  2.566410E-17
4185.98591766371  3.008807E-17
4188.40734707554  2.409803E-17
4190.82877648737  2.014132E-17
4193.25020589921  2.881744E-17
4195.67163531104  2.774372E-17
4198.09306472288  2.373146E-17
4200.51449413471  1.858678E-17
4202.93592354654  2.526083E-17
4205.35735295838  2.958942E-17
4207.77878237021  2.589709E-17
4210.20021178204  3.334848E-17
4212.62164119388  3.259108E-17
4215.04307060571  3.304340E-17
4217.46450001754  3.850258E-17
4219.88592942938  3.420907E-17
4222.30735884121  3.833368E-17
4224.72878825304  3.618401E-17
4227.15021766488  2.992210E-17
4229.57164707671  3.434733E-17
4231.99307648854  3.498878E-17
4234.41450590038  3.922128E-17
4236.83593531221  4.796073E-17
4239.25736472405  5.299841E-17
4241.67879413588  4.408401E-17
4244.10022354771  4.386410E-17
4246.52165295955  4.632967E-17
4248.94308237138  4.512318E-17
4251.36451178321  4.341858E-17
4253.78594119505  3.607761E-17
4256.20737060688  3.871953E-17
4258.62880001871  4.232142E-17
4261.05022943055  3.951914E-17
4263.47165884238  2.985929E-17
4265.89308825421  3.161135E-17
4268.31451766605  3.933658E-17
4270.73594707788  4.341244E-17
4273.15737648971  4.330985E-17
4275.57880590155  4.018920E-17
4278.00023531338  4.439268E-17
4280.42166472521  3.953089E-17
4282.84309413705  3.899443E-17
4285.26452354888  5.137733E-17
4287.68595296072  5.693844E-17
4290.10738237255  4.785379E-17
4292.52881178438  4.943630E-17
4294.95024119622  5.188140E-17
4297.37167060805  4.721542E-17
4299.79310001988  4.493207E-17
4302.21452943172  5.423772E-17
4304.63595884355  6.376718E-17
4307.05738825538  5.684689E-17
4309.47881766722  4.296220E-17
4311.90024707905  5.074905E-17
4314.32167649088  5.763280E-17
4316.74310590272  4.690106E-17
4319.16453531455  5.448859E-17
4321.58596472638  5.489641E-17
4324.00739413822  5.439853E-17
4326.42882355005  5.117374E-17
4328.85025296188  4.879234E-17
4331.27168237372  5.824226E-17
4333.69311178555  5.306433E-17
4336.11454119739  5.488503E-17
4338.53597060922  5.357278E-17
4340.95740002105  5.091116E-17
4343.37882943289  4.724698E-17
4345.80025884472  4.680071E-17
4348.22168825655  5.429922E-17
4350.64311766839  5.223445E-17
4353.06454708022  5.629619E-17
4355.48597649205  5.964652E-17
4357.90740590389  4.900412E-17
4360.32883531572  4.777195E-17
4362.75026472755  4.908032E-17
4365.17169413939  4.726066E-17
4367.59312355122  4.821652E-17
4370.01455296305  5.078143E-17
4372.43598237489  5.082588E-17
4374.85741178672  4.749398E-17
4377.27884119856  5.002993E-17
4379.70027061039  5.091808E-17
4382.12170002222  5.391313E-17
4384.54312943406  5.272645E-17
4386.96455884589  5.331912E-17
4389.38598825772  5.734770E-17
4391.80741766956  5.707528E-17
4394.22884708139  5.238648E-17
4396.65027649322  4.874869E-17
4399.07170590506  4.877556E-17
4401.49313531689  5.378634E-17
4403.91456472872  5.536312E-17
4406.33599414056  5.586481E-17
4408.75742355239  6.104376E-17
4411.17885296422  6.083221E-17
4413.60028237606  6.249855E-17
4416.02171178789  5.463904E-17
4418.44314119973  5.909468E-17
4420.86457061156  6.544343E-17
4423.28600002339  6.121297E-17
4425.70742943522  5.270701E-17
4428.12885884706  5.769111E-17
4430.55028825889  6.769811E-17
4432.97171767073  6.722863E-17
4435.39314708256  5.922243E-17
4437.81457649439  5.243083E-17
4440.23600590622  5.614852E-17
4442.65743531806  6.115104E-17
4445.07886472989  6.059089E-17
4447.50029414173  5.285997E-17
4449.92172355356  5.670167E-17
4452.34315296539  5.988990E-17
4454.76458237723  5.720395E-17
4457.18601178906  5.655578E-17
4459.60744120089  6.109522E-17
4462.02887061273  5.787738E-17
4464.45030002456  6.284217E-17
4466.87172943639  5.973055E-17
4469.29315884823  5.016324E-17
4471.71458826006  5.940913E-17
4474.1360176719  6.009936E-17
4476.55744708373  5.757740E-17
4478.97887649556  5.690360E-17
4481.4003059074  5.570502E-17
4483.82173531923  5.507646E-17
4486.24316473106  5.747661E-17
4488.6645941429  5.707764E-17
4491.08602355473  5.902398E-17
4493.50745296656  6.725424E-17
4495.9288823784  6.165994E-17
4498.35031179023  5.596151E-17
4500.77174120206  6.232733E-17
4503.1931706139  5.891133E-17
4505.61460002573  6.056931E-17
4508.03602943756  6.480833E-17
4510.4574588494  5.867622E-17
4512.87888826123  5.829268E-17
4515.30031767306  6.089856E-17
4517.7217470849  6.088614E-17
4520.14317649673  6.430137E-17
4522.56460590857  5.871998E-17
4524.9860353204  5.680851E-17
4527.40746473223  6.448138E-17
4529.82889414407  6.712511E-17
4532.2503235559  6.493233E-17
4534.67175296773  6.455511E-17
4537.09318237957  6.542609E-17
4539.5146117914  6.947333E-17
4541.93604120323  6.743760E-17
4544.35747061507  6.414989E-17
4546.7789000269  6.227796E-17
4549.20032943874  6.419988E-17
4551.62175885057  6.984432E-17
4554.0431882624  7.313255E-17
4556.46461767423  6.318667E-17
4558.88604708607  6.198653E-17
4561.3074764979  7.264123E-17
4563.72890590974  7.254031E-17
4566.15033532157  6.780360E-17
4568.5717647334  6.394636E-17
4570.99319414523  6.069963E-17
4573.41462355707  5.731362E-17
4575.8360529689  5.648103E-17
4578.25748238074  5.934454E-17
4580.67891179257  6.361412E-17
4583.1003412044  6.878543E-17
4585.52177061624  7.387410E-17
4587.94320002807  6.863350E-17
4590.3646294399  6.303806E-17
4592.78605885174  6.332508E-17
4595.20748826357  7.295814E-17
4597.6289176754  6.852461E-17
4600.05034708724  6.352977E-17
4602.47177649907  7.090794E-17
4604.8932059109  6.996047E-17
4607.31463532274  6.498107E-17
4609.73606473457  7.150644E-17
4612.15749414641  7.378047E-17
4614.57892355824  7.057208E-17
4617.00035297007  6.663839E-17
4619.42178238191  6.704804E-17
4621.84321179374  6.410779E-17
4624.26464120557  5.939061E-17
4626.68607061741  6.268803E-17
4629.10750002924  6.942887E-17
4631.52892944107  6.483230E-17
4633.95035885291  6.227313E-17
4636.37178826474  6.812993E-17
4638.79321767657  6.915816E-17
4641.21464708841  6.461896E-17
4643.63607650024  6.695027E-17
4646.05750591207  6.624499E-17
4648.47893532391  6.277208E-17
4650.90036473574  6.044654E-17
4653.32179414757  6.153753E-17
4655.74322355941  5.937090E-17
4658.16465297124  6.135205E-17
4660.58608238307  6.898328E-17
4663.00751179491  6.735436E-17
4665.42894120674  6.789995E-17
4667.85037061857  6.189452E-17
4670.27180003041  6.145689E-17
4672.69322944224  6.794132E-17
4675.11465885408  5.574276E-17
4677.53608826591  5.709510E-17
4679.95751767774  6.699351E-17
4682.37894708958  7.064836E-17
4684.80037650141  6.914705E-17
4687.22180591324  6.473726E-17
4689.64323532508  7.116463E-17
4692.06466473691  7.259145E-17
4694.48609414874  6.810332E-17
4696.90752356058  6.592545E-17
4699.32895297241  7.376661E-17
4701.75038238425  7.025782E-17
4704.17181179608  6.568177E-17
4706.59324120791  6.946397E-17
4709.01467061974  6.715437E-17
4711.43610003158  7.255220E-17
4713.85752944341  7.233070E-17
4716.27895885525  6.957050E-17
4718.70038826708  7.509390E-17
4721.12181767891  6.845741E-17
4723.54324709075  6.155765E-17
4725.96467650258  5.848737E-17
4728.38610591441  6.479261E-17
4730.80753532625  6.681348E-17
4733.22896473808  6.513925E-17
4735.65039414991  7.480291E-17
4738.07182356175  7.242755E-17
4740.49325297358  7.021522E-17
4742.91468238541  6.674843E-17
4745.33611179725  6.694160E-17
4747.75754120908  6.510523E-17
4750.17897062092  6.259725E-17
4752.60040003275  6.209796E-17
4755.02182944458  5.839744E-17
4757.44325885641  6.033727E-17
4759.86468826825  6.085574E-17
4762.28611768008  5.580410E-17
4764.70754709191  6.493490E-17
4767.12897650375  6.358036E-17
4769.55040591558  5.929650E-17
4771.97183532742  6.816532E-17
4774.39326473925  6.346854E-17
4776.81469415108  5.591470E-17
4779.23612356292  5.391371E-17
4781.65755297475  5.929280E-17
4784.07898238658  6.927258E-17
4786.50041179842  6.712009E-17
4788.92184121025  6.760401E-17
4791.34327062208  6.535651E-17
4793.76470003392  6.104374E-17
4796.18612944575  6.968638E-17
4798.60755885759  7.163194E-17
4801.02898826942  6.551978E-17
4803.45041768125  6.790725E-17
4805.87184709308  6.536344E-17
4808.29327650492  6.852155E-17
4810.71470591675  7.069563E-17
4813.13613532859  6.661713E-17
4815.55756474042  7.065549E-17
4817.97899415225  6.881797E-17
4820.40042356409  6.598979E-17
4822.82185297592  6.608574E-17
4825.24328238775  6.529921E-17
4827.66471179959  7.097032E-17
4830.08614121142  6.915849E-17
4832.50757062325  6.736384E-17
4834.92900003509  6.671824E-17
4837.35042944692  6.558137E-17
4839.77185885875  6.887989E-17
4842.19328827059  6.893632E-17
4844.61471768242  6.510551E-17
4847.03614709425  6.496665E-17
4849.45757650609  7.105080E-17
4851.87900591792  8.174314E-17
4854.30043532976  8.278179E-17
4856.72186474159  7.080918E-17
4859.14329415342  6.425556E-17
4861.56472356526  7.521151E-17
4863.98615297709  7.586842E-17
4866.40758238892  7.186237E-17
4868.82901180076  7.236959E-17
4871.25044121259  7.803049E-17
4873.67187062442  7.939213E-17
4876.09330003626  7.797523E-17
4878.51472944809  8.381560E-17
4880.93615885992  7.603395E-17
4883.35758827176  7.794245E-17
4885.77901768359  8.410554E-17
4888.20044709542  8.221619E-17
4890.62187650726  8.391340E-17
4893.04330591909  8.456567E-17
4895.46473533092  8.186021E-17
4897.88616474276  8.386735E-17
4900.30759415459  8.682265E-17
4902.72902356642  7.840637E-17
4905.15045297826  7.711715E-17
4907.57188239009  8.692069E-17
4909.99331180192  8.734635E-17
4912.41474121376  8.482665E-17
4914.83617062559  8.619395E-17
4917.25760003743  8.791738E-17
4919.67902944926  8.274634E-17
4922.10045886109  8.990964E-17
4924.52188827293  9.609673E-17
4926.94331768476  9.700487E-17
4929.36474709659  9.451065E-17
4931.78617650843  8.884648E-17
4934.20760592026  9.037689E-17
4936.62903533209  9.695726E-17
4939.05046474393  9.756013E-17
4941.47189415576  9.352612E-17
4943.8933235676  9.029024E-17
4946.31475297943  9.933884E-17
4948.73618239126  1.033106E-16
4951.15761180309  1.046988E-16
4953.57904121493  1.080837E-16
4956.00047062676  1.022387E-16
4958.4219000386  9.643528E-17
4960.84332945043  1.033774E-16
4963.26475886226  1.018810E-16
4965.6861882741  9.522376E-17
4968.10761768593  1.052883E-16
4970.52904709776  1.068438E-16
4972.9504765096  1.081606E-16
4975.37190592143  1.075985E-16
4977.79333533326  1.141982E-16
4980.2147647451  1.103574E-16
4982.63619415693  1.087511E-16
4985.05762356876  1.109650E-16
4987.4790529806  1.081111E-16
4989.90048239243  1.156738E-16
4992.32191180427  1.156458E-16
4994.7433412161  1.120452E-16
4997.16477062793  1.098607E-16
4999.58620003977  1.087488E-16
5002.0076294516  1.164277E-16
5004.42905886343  1.174469E-16
5006.85048827527  1.149433E-16
5009.2719176871  1.171852E-16
5011.69334709893  1.164442E-16
5014.11477651077  1.074574E-16
5016.5362059226  1.114817E-16
5018.95763533443  1.260386E-16
5021.37906474627  1.222394E-16
5023.8004941581  1.162066E-16
5026.22192356993  1.178235E-16
5028.64335298177  1.128925E-16
5031.0647823936  1.080531E-16
5033.48621180544  1.078691E-16
5035.90764121727  1.120812E-16
5038.3290706291  1.144148E-16
5040.75050004093  1.146363E-16
5043.17192945277  1.116075E-16
5045.5933588646  1.055728E-16
5048.01478827644  1.062769E-16
5050.43621768827  1.014915E-16
5052.8576471001  1.010840E-16
5055.27907651194  1.021947E-16
5057.70050592377  1.061195E-16
5060.1219353356  1.002459E-16
5062.54336474744  9.578898E-17
5064.96479415927  1.015245E-16
5067.38622357111  9.594744E-17
5069.80765298294  9.765054E-17
5072.22908239477  9.961617E-17
5074.6505118066  9.597737E-17
5077.07194121844  9.251808E-17
5079.49337063027  9.272058E-17
5081.91480004211  9.692151E-17
5084.33622945394  9.220455E-17
5086.75765886577  9.580335E-17
5089.17908827761  9.427535E-17
5091.60051768944  9.528501E-17
5094.02194710127  1.000740E-16
5096.44337651311  9.251339E-17
5098.86480592494  9.772423E-17
5101.28623533677  9.687597E-17
5103.70766474861  8.506459E-17
5106.12909416044  9.458574E-17
5108.55052357227  9.648871E-17
5110.97195298411  8.676182E-17
5113.39338239594  8.781208E-17
5115.81481180777  8.549807E-17
5118.23624121961  7.782453E-17
5120.65767063144  8.246405E-17
5123.07910004327  9.021439E-17
5125.50052945511  8.176895E-17
5127.92195886694  8.499483E-17
5130.34338827877  9.516323E-17
5132.76481769061  9.648918E-17
5135.18624710244  9.407227E-17
5137.60767651428  9.017774E-17
5140.02910592611  8.649087E-17
5142.45053533794  8.989841E-17
5144.87196474978  8.308054E-17
5147.29339416161  8.192484E-17
5149.71482357344  8.581970E-17
5152.13625298528  8.113588E-17
5154.55768239711  8.223382E-17
5156.97911180894  8.493574E-17
5159.40054122078  8.299714E-17
5161.82197063261  8.226541E-17
5164.24340004444  7.596383E-17
5166.66482945628  7.836571E-17
5169.08625886811  8.656504E-17
5171.50768827994  8.947419E-17
5173.92911769178  8.263931E-17
5176.35054710361  7.546871E-17
5178.77197651544  7.564230E-17
5181.19340592728  7.985648E-17
5183.61483533911  7.998563E-17
5186.03626475094  8.523323E-17
5188.45769416278  7.610374E-17
5190.87912357461  7.828564E-17
5193.30055298645  8.682011E-17
5195.72198239828  8.270344E-17
5198.14341181011  7.932560E-17
5200.56484122195  8.368705E-17
5202.98627063378  7.615021E-17
5205.40770004561  7.378269E-17
5207.82912945745  7.782855E-17
5210.25055886928  8.192968E-17
5212.67198828112  8.329377E-17
5215.09341769295  8.547674E-17
5217.51484710478  8.938747E-17
5219.93627651661  8.687074E-17
5222.35770592845  8.265970E-17
5224.77913534028  8.716538E-17
5227.20056475212  8.327621E-17
5229.62199416395  8.652952E-17
5232.04342357578  8.988491E-17
5234.46485298762  7.931433E-17
5236.88628239945  8.169586E-17
5239.30771181128  9.206250E-17
5241.72914122312  9.597728E-17
5244.15057063495  9.182414E-17
5246.57200004678  8.982618E-17
5248.99342945862  8.556851E-17
5251.41485887045  8.133292E-17
5253.83628828228  8.815906E-17
5256.25771769412  8.672553E-17
5258.67914710595  7.905928E-17
5261.10057651778  7.561357E-17
5263.52200592962  7.730192E-17
5265.94343534145  8.350629E-17
5268.36486475329  8.395570E-17
5270.78629416512  8.212072E-17
5273.20772357695  7.462203E-17
5275.62915298878  7.136772E-17
5278.05058240062  7.583764E-17
5280.47201181245  7.775782E-17
5282.89344122429  8.310122E-17
5285.31487063612  8.335151E-17
5287.73630004795  8.146041E-17
5290.15772945979  7.872040E-17
5292.57915887162  7.298133E-17
5295.00058828345  6.875642E-17
5297.42201769529  6.397444E-17
5299.84344710712  7.245947E-17
5302.26487651895  7.264689E-17
5304.68630593079  7.553162E-17
5307.10773534262  7.734530E-17
5309.52916475445  6.927098E-17
5311.95059416629  7.670754E-17
5314.37202357812  8.082043E-17
5316.79345298995  7.213462E-17
5319.21488240179  7.296850E-17
5321.63631181362  7.881397E-17
5324.05774122546  8.241404E-17
5326.47917063729  7.176015E-17
5328.90060004912  7.578952E-17
5331.32202946096  8.743588E-17
5333.74345887279  8.470991E-17
5336.16488828462  8.483535E-17
5338.58631769646  8.417865E-17
5341.00774710829  7.876819E-17
5343.42917652012  8.189279E-17
5345.85060593196  7.982327E-17
5348.27203534379  7.075718E-17
5350.69346475562  8.396445E-17
5353.11489416746  9.374335E-17
5355.53632357929  8.431515E-17
5357.95775299113  8.359784E-17
5360.37918240296  7.590554E-17
5362.80061181479  8.618599E-17
5365.22204122662  9.130453E-17
5367.64347063846  8.818571E-17
5370.06490005029  8.940742E-17
5372.48632946213  8.954523E-17
5374.90775887396  8.448815E-17
5377.32918828579  9.270772E-17
5379.75061769763  9.303502E-17
5382.17204710946  8.344735E-17
5384.59347652129  7.283393E-17
5387.01490593313  7.361106E-17
5389.43633534496  7.998067E-17
5391.85776475679  8.117264E-17
5394.27919416863  8.610995E-17
5396.70062358046  8.736230E-17
5399.1220529923  7.816035E-17
5401.54348240413  7.978896E-17
5403.96491181596  8.073571E-17
5406.38634122779  8.001264E-17
5408.80777063963  7.454733E-17
5411.22920005146  7.259533E-17
5413.65062946329  6.561013E-17
5416.07205887513  6.595886E-17
5418.49348828696  8.209211E-17
5420.91491769879  7.613420E-17
5423.33634711063  7.707687E-17
5425.75777652246  8.541455E-17
5428.1792059343  7.806655E-17
5430.60063534613  6.652429E-17
5433.02206475796  6.450670E-17
5435.4434941698  6.312706E-17
5437.86492358163  5.306450E-17
5440.28635299346  5.724736E-17
5442.7077824053  7.875451E-17
5445.12921181713  8.160208E-17
5447.55064122896  7.973355E-17
5449.9720706408  7.380870E-17
5452.39350005263  6.082258E-17
5454.81492946446  5.645708E-17
5457.2363588763  7.167433E-17
5459.65778828813  6.336352E-17
5462.07921769997  7.393023E-17
5464.5006471118  5.988185E-17
5466.92207652363  6.263157E-17
5469.34350593546  7.836692E-17
5471.7649353473  5.758750E-17
5474.18636475913  6.322804E-17
5476.60779417097  6.730986E-17
5479.0292235828  6.154729E-17
5481.45065299463  6.220827E-17
5483.87208240647  6.805055E-17
5486.2935118183  6.534031E-17
5488.71494123013  6.739934E-17
5491.13637064197  6.803831E-17
5493.5578000538  5.702624E-17
5495.97922946563  6.536645E-17
5498.40065887747  7.575843E-17
5500.8220882893  6.719270E-17
5503.24351770114  5.941480E-17
5505.66494711297  6.536438E-17
5508.0863765248  7.151943E-17
5510.50780593663  7.496158E-17
5512.92923534847  7.219471E-17
5515.3506647603  7.771092E-17
5517.77209417214  6.747593E-17
5520.19352358397  5.563238E-17
5522.6149529958  6.736542E-17
5525.03638240764  6.678060E-17
5527.45781181947  7.168982E-17
5529.8792412313  7.319701E-17
5532.30067064314  6.427819E-17
5534.72210005497  6.778613E-17
5537.1435294668  7.550788E-17
5539.56495887864  7.155772E-17
5541.98638829047  5.508491E-17
5544.4078177023  5.568774E-17
5546.82924711414  6.723334E-17
5549.25067652597  5.756636E-17
5551.6721059378  7.150559E-17
5554.09353534964  8.112434E-17
5556.51496476147  6.379201E-17
5558.9363941733  6.242268E-17
5561.35782358514  6.013082E-17
5563.77925299697  6.577596E-17
5566.20068240881  6.840787E-17
5568.62211182064  6.783785E-17
5571.04354123247  5.874506E-17
5573.46497064431  6.205166E-17
5575.88640005614  7.228042E-17
5578.30782946797  6.125400E-17
5580.72925887981  4.789872E-17
5583.15068829164  7.402103E-17
5585.57211770347  4.356541E-17
5587.99354711531  6.209799E-17
5590.41497652714  7.898765E-17
5592.83640593897  6.447218E-17
5595.25783535081  7.901056E-17
5597.67926476264  7.491125E-17
5600.10069417447  6.247458E-17
5602.52212358631  7.581183E-17
5604.94355299814  8.656534E-17
5607.36498240998  7.259703E-17
5609.78641182181  6.442510E-17
5612.20784123364  6.469000E-17
5614.62927064548  6.876106E-17
5617.05070005731  5.885577E-17
5619.47212946914  6.005631E-17
5621.89355888098  6.371410E-17
5624.31498829281  5.514268E-17
5626.73641770464  5.436651E-17
5629.15784711648  5.999983E-17
5631.57927652831  6.004374E-17
5634.00070594014  7.741128E-17
5636.42213535198  7.251926E-17
5638.84356476381  6.322836E-17
5641.26499417564  5.979482E-17
5643.68642358748  6.176764E-17
5646.10785299931  7.095227E-17
5648.52928241114  8.164066E-17
5650.95071182298  7.521825E-17
5653.37214123481  6.503903E-17
5655.79357064665  6.228797E-17
5658.21500005848  6.151231E-17
5660.63642947031  7.020089E-17
5663.05785888215  7.547042E-17
5665.47928829398  7.891503E-17
5667.90071770581  7.900029E-17
5670.32214711765  7.318309E-17
5672.74357652948  7.672539E-17
5675.16500594131  7.862403E-17
5677.58643535315  7.430544E-17
5680.00786476498  6.051585E-17
5682.42929417681  7.261487E-17
5684.85072358865  8.806969E-17
5687.27215300048  8.373432E-17
5689.69358241231  8.147203E-17
5692.11501182415  7.647620E-17
5694.53644123598  7.398819E-17
5696.95787064781  8.225847E-17
5699.37930005965  8.278152E-17
5701.80072947148  6.895168E-17
5704.22215888332  7.686070E-17
5706.64358829515  8.292152E-17
5709.06501770698  8.030511E-17
5711.48644711882  8.391060E-17
5713.90787653065  7.723583E-17
5716.32930594248  7.393923E-17
5718.75073535432  7.697632E-17
5721.17216476615  7.105198E-17
5723.59359417798  7.484562E-17
5726.01502358982  7.220970E-17
5728.43645300165  7.462418E-17
5730.85788241348  7.610406E-17
5733.27931182532  8.015489E-17
5735.70074123715  7.921956E-17
5738.12217064898  7.678753E-17
5740.54360006082  6.824486E-17
5742.96502947265  6.886948E-17
5745.38645888448  7.613256E-17
5747.80788829632  7.103101E-17
5750.22931770815  7.269468E-17
5752.65074711999  7.581702E-17
5755.07217653182  7.642994E-17
5757.49360594365  8.408209E-17
5759.91503535549  7.922676E-17
5762.33646476732  7.366163E-17
5764.75789417915  6.709694E-17
5767.17932359099  7.493501E-17
5769.60075300282  7.159640E-17
5772.02218241465  8.196792E-17
5774.44361182649  8.339961E-17
5776.86504123832  8.315907E-17
5779.28647065015  8.447597E-17
5781.70790006199  8.526216E-17
5784.12932947382  7.872824E-17
5786.55075888566  7.920968E-17
5788.97218829749  8.469079E-17
5791.39361770932  8.159427E-17
5793.81504712116  6.951450E-17
5796.23647653299  6.928588E-17
5798.65790594482  7.076136E-17
5801.07933535666  7.324340E-17
5803.50076476849  6.906953E-17
5805.92219418032  6.268059E-17
5808.34362359216  7.689423E-17
5810.76505300399  8.117137E-17
5813.18648241582  7.425839E-17
5815.60791182766  7.340264E-17
5818.02934123949  6.879624E-17
5820.45077065132  7.184340E-17
5822.87220006316  7.550188E-17
5825.29362947499  7.236107E-17
5827.71505888682  7.135192E-17
5830.13648829866  7.079773E-17
5832.55791771049  6.818358E-17
5834.97934712232  7.114648E-17
5837.40077653416  8.632461E-17
5839.82220594599  9.014578E-17
5842.24363535783  7.944196E-17
5844.66506476966  7.837076E-17
5847.08649418149  7.684894E-17
5849.50792359332  7.315101E-17
5851.92935300516  6.954480E-17
5854.35078241699  6.964170E-17
5856.77221182883  7.462512E-17
5859.19364124066  7.996274E-17
5861.61507065249  7.523762E-17
5864.03650006433  7.241590E-17
5866.45792947616  7.052008E-17
5868.87935888799  7.080532E-17
5871.30078829983  7.680148E-17
5873.72221771166  8.297302E-17
5876.14364712349  7.989260E-17
5878.56507653533  7.069363E-17
5880.98650594716  6.982708E-17
5883.40793535899  7.082046E-17
5885.82936477083  7.283202E-17
5888.25079418266  7.209731E-17
5890.67222359449  8.322506E-17
5893.09365300633  7.656329E-17
5895.51508241816  7.799747E-17
5897.93651183  7.193415E-17
5900.35794124183  7.464481E-17
5902.77937065366  6.752872E-17
5905.2008000655  7.514642E-17
5907.62222947733  7.698445E-17
5910.04365888916  6.702584E-17
5912.465088301  7.225461E-17
5914.88651771283  7.605386E-17
5917.30794712466  6.835445E-17
5919.7293765365  7.259466E-17
5922.15080594833  7.072828E-17
5924.57223536016  7.321184E-17
5926.993664772  6.401694E-17
5929.41509418383  6.743319E-17
5931.83652359566  6.429434E-17
5934.2579530075  5.653393E-17
5936.67938241933  6.794146E-17
5939.10081183117  7.939512E-17
5941.522241243  7.263327E-17
5943.94367065483  6.882132E-17
5946.36510006667  6.626082E-17
5948.7865294785  7.580942E-17
5951.20795889033  7.290757E-17
5953.62938830217  6.370878E-17
5956.050817714  6.431654E-17
5958.47224712583  6.699439E-17
5960.89367653767  7.089185E-17
5963.3151059495  6.571092E-17
5965.73653536133  6.336262E-17
5968.15796477317  6.612056E-17
5970.579394185  6.791167E-17
5973.00082359684  5.721522E-17
5975.42225300867  6.622366E-17
5977.8436824205  7.042628E-17
5980.26511183233  7.047598E-17
5982.68654124417  7.062980E-17
5985.107970656  7.871432E-17
5987.52940006784  7.445118E-17
5989.95082947967  7.615031E-17
5992.3722588915  7.284073E-17
5994.79368830334  7.196474E-17
5997.21511771517  7.287171E-17
5999.636547127  8.117029E-17
6002.05797653884  8.268150E-17
6004.47940595067  7.601666E-17
6006.9008353625  6.922117E-17
6009.32226477434  6.988772E-17
6011.74369418617  6.665116E-17
6014.165123598  6.860056E-17
6016.58655300984  6.966049E-17
6019.00798242167  7.053022E-17
6021.4294118335  6.720667E-17
6023.85084124534  6.459172E-17
6026.27227065717  6.815675E-17
6028.693700069  7.093277E-17
6031.11512948084  7.366532E-17
6033.53655889267  7.582836E-17
6035.95798830451  6.786256E-17
6038.37941771634  7.317079E-17
6040.80084712817  7.582646E-17
6043.22227654001  7.558279E-17
6045.64370595184  8.044014E-17
6048.06513536367  8.170302E-17
6050.48656477551  7.991862E-17
6052.90799418734  7.186308E-17
6055.32942359917  6.048942E-17
6057.75085301101  6.913883E-17
6060.17228242284  7.394498E-17
6062.59371183467  7.937401E-17
6065.01514124651  7.459426E-17
6067.43657065834  7.011503E-17
6069.85800007017  6.506219E-17
6072.27942948201  6.626986E-17
6074.70085889384  6.929837E-17
6077.12228830568  6.634453E-17
6079.54371771751  7.214317E-17
6081.96514712934  7.688308E-17
6084.38657654118  7.646777E-17
6086.80800595301  7.134081E-17
6089.22943536484  6.885995E-17
6091.65086477668  7.351772E-17
6094.07229418851  7.636797E-17
6096.49372360034  7.398527E-17
6098.91515301218  7.164519E-17
6101.33658242401  6.867406E-17
6103.75801183584  6.935587E-17
6106.17944124768  7.359875E-17
6108.60087065951  7.092585E-17
6111.02230007134  7.544664E-17
6113.44372948318  7.039330E-17
6115.86515889501  6.378913E-17
6118.28658830684  7.202362E-17
6120.70801771868  7.783009E-17
6123.12944713051  7.991630E-17
6125.55087654235  7.641784E-17
6127.97230595418  7.554865E-17
6130.39373536601  6.740981E-17
6132.81516477785  6.310960E-17
6135.23659418968  6.959481E-17
6137.65802360151  7.376612E-17
6140.07945301335  6.322885E-17
6142.50088242518  6.091412E-17
6144.92231183701  6.867649E-17
6147.34374124885  7.175200E-17
6149.76517066068  6.580498E-17
6152.18660007251  6.171057E-17
6154.60802948435  6.417122E-17
6157.02945889618  6.229799E-17
6159.45088830801  7.106738E-17
6161.87231771985  7.028283E-17
6164.29374713168  6.917864E-17
6166.71517654351  7.127467E-17
6169.13660595535  7.363196E-17
6171.55803536718  7.390617E-17
6173.97946477902  7.295257E-17
6176.40089419085  7.154775E-17
6178.82232360268  7.037831E-17
6181.24375301452  6.936846E-17
6183.66518242635  6.855883E-17
6186.08661183818  6.311061E-17
6188.50804125002  6.344674E-17
6190.92947066185  6.665541E-17
6193.35090007368  5.611224E-17
6195.77232948552  5.903986E-17
6198.19375889735  6.227144E-17
6200.61518830918  7.880230E-17
6203.03661772102  6.921696E-17
6205.45804713285  7.265489E-17
6207.87947654468  7.638247E-17
6210.30090595652  7.458199E-17
6212.72233536835  7.108021E-17
6215.14376478018  7.388985E-17
6217.56519419202  7.305872E-17
6219.98662360385  7.109793E-17
6222.40805301569  7.394923E-17
6224.82948242752  7.353712E-17
6227.25091183935  7.208557E-17
6229.67234125119  7.421930E-17
6232.09377066302  7.232978E-17
6234.51520007485  6.616233E-17
6236.93662948669  7.500006E-17
6239.35805889852  7.652302E-17
6241.77948831035  6.566994E-17
6244.20091772219  5.941516E-17
6246.62234713402  7.135288E-17
6249.04377654585  6.703161E-17
6251.46520595769  6.507107E-17
6253.88663536952  6.747468E-17
6256.30806478135  7.317193E-17
6258.72949419319  7.217549E-17
6261.15092360502  7.046055E-17
6263.57235301686  6.923466E-17
6265.99378242869  6.700526E-17
6268.41521184052  7.005042E-17
6270.83664125235  6.686678E-17
6273.25807066419  6.733535E-17
6275.67950007602  6.694526E-17
6278.10092948786  6.601223E-17
6280.52235889969  8.143837E-17
6282.94378831152  7.139333E-17
6285.36521772336  6.348507E-17
6287.78664713519  7.202295E-17
6290.20807654702  6.696776E-17
6292.62950595886  6.117394E-17
6295.05093537069  7.019283E-17
6297.47236478252  7.282626E-17
6299.89379419436  7.001306E-17
6302.31522360619  6.689888E-17
6304.73665301802  6.867555E-17
6307.15808242986  8.274289E-17
6309.57951184169  8.182868E-17
6312.00094125352  7.726200E-17
6314.42237066536  7.073245E-17
6316.84380007719  7.951058E-17
6319.26522948903  8.294821E-17
6321.68665890086  7.682969E-17
6324.10808831269  7.543820E-17
6326.52951772453  8.208694E-17
6328.95094713636  7.132146E-17
6331.37237654819  8.052549E-17
6333.79380596003  8.355017E-17
6336.21523537186  8.227364E-17
6338.63666478369  8.568246E-17
6341.05809419553  7.897349E-17
6343.47952360736  7.664976E-17
6345.90095301919  8.074770E-17
6348.32238243103  8.420460E-17
6350.74381184286  8.009293E-17
6353.1652412547  7.001637E-17
6355.58667066653  6.919693E-17
6358.00810007836  7.653512E-17
6360.4295294902  8.910542E-17
6362.85095890203  7.895305E-17
6365.27238831386  7.546606E-17
6367.6938177257  7.870180E-17
6370.11524713753  7.470290E-17
6372.53667654936  8.168602E-17
6374.9581059612  7.756858E-17
6377.37953537303  7.747767E-17
6379.80096478486  8.246067E-17
6382.2223941967  8.450424E-17
6384.64382360853  8.442586E-17
6387.06525302036  8.680067E-17
6389.4866824322  8.601092E-17
6391.90811184403  8.775584E-17
6394.32954125586  9.084612E-17
6396.7509706677  8.640968E-17
6399.17240007953  7.577872E-17
6401.59382949136  7.894992E-17
6404.0152589032  7.381535E-17
6406.43668831503  7.196311E-17
6408.85811772687  6.498461E-17
6411.2795471387  7.394486E-17
6413.70097655053  7.771499E-17
6416.12240596237  7.461047E-17
6418.5438353742  7.604189E-17
6420.96526478603  7.621352E-17
6423.38669419786  8.216553E-17
6425.8081236097  7.716672E-17
6428.22955302153  7.691880E-17
6430.65098243337  8.186076E-17
6433.0724118452  8.207666E-17
6435.49384125703  8.360573E-17
6437.91527066887  7.790380E-17
6440.3367000807  8.037302E-17
6442.75812949253  8.633474E-17
6445.17955890437  8.218166E-17
6447.6009883162  7.748444E-17
6450.02241772803  7.682638E-17
6452.44384713987  8.085673E-17
6454.8652765517  7.137479E-17
6457.28670596353  7.754440E-17
6459.70813537537  7.459415E-17
6462.1295647872  7.301558E-17
6464.55099419904  7.204723E-17
6466.97242361087  7.264397E-17
6469.3938530227  7.372718E-17
6471.81528243454  7.149886E-17
6474.23671184637  7.474659E-17
6476.6581412582  8.151059E-17
6479.07957067004  7.800025E-17
6481.50100008187  7.356439E-17
6483.9224294937  7.464385E-17
6486.34385890554  7.632822E-17
6488.76528831737  7.699135E-17
6491.1867177292  8.233484E-17
6493.60814714104  8.221634E-17
6496.02957655287  7.370345E-17
6498.4510059647  7.410486E-17
6500.87243537654  7.612498E-17
6503.29386478837  7.990673E-17
6505.71529420021  7.517999E-17
6508.13672361204  7.261281E-17
6510.55815302387  7.246941E-17
6512.97958243571  7.983006E-17
6515.40101184754  8.138160E-17
6517.82244125937  7.578870E-17
6520.24387067121  7.970587E-17
6522.66530008304  7.819839E-17
6525.08672949487  6.892658E-17
6527.50815890671  7.336787E-17
6529.92958831854  7.735446E-17
6532.35101773037  7.286457E-17
6534.77244714221  6.995291E-17
6537.19387655404  7.920376E-17
6539.61530596587  7.678968E-17
6542.03673537771  8.253599E-17
6544.45816478954  7.455557E-17
6546.87959420137  6.852533E-17
6549.30102361321  7.138510E-17
6551.72245302504  6.872295E-17
6554.14388243687  7.087323E-17
6556.56531184871  7.507765E-17
6558.98674126054  7.606226E-17
6561.40817067238  7.470301E-17
6563.82960008421  7.216438E-17
6566.25102949604  7.755809E-17
6568.67245890787  7.699784E-17
6571.09388831971  7.469819E-17
6573.51531773154  7.208023E-17
6575.93674714338  7.724089E-17
6578.35817655521  7.900272E-17
6580.77960596704  8.256159E-17
6583.20103537888  7.435731E-17
6585.62246479071  7.864374E-17
6588.04389420255  7.721370E-17
6590.46532361438  7.630178E-17
6592.88675302621  8.099231E-17
6595.30818243804  8.134920E-17
6597.72961184988  7.978986E-17
6600.15104126171  7.689135E-17
6602.57247067355  7.562847E-17
6604.99390008538  7.915314E-17
6607.41532949721  8.155025E-17
6609.83675890904  7.809081E-17
6612.25818832088  7.484832E-17
6614.67961773271  7.432866E-17
6617.10104714455  8.323963E-17
6619.52247655638  8.012932E-17
6621.94390596821  7.967618E-17
6624.36533538005  7.066237E-17
6626.78676479188  6.674311E-17
6629.20819420371  6.080743E-17
6631.62962361555  6.726179E-17
6634.05105302738  6.641934E-17
6636.47248243921  6.498803E-17
6638.89391185105  6.381557E-17
6641.31534126288  6.642951E-17
6643.73677067471  7.084532E-17
6646.15820008655  7.036960E-17
6648.57962949838  6.885744E-17
6651.00105891022  6.689748E-17
6653.42248832205  6.263311E-17
6655.84391773388  6.319064E-17
6658.26534714572  7.272955E-17
6660.68677655755  7.201483E-17
6663.10820596938  6.664100E-17
6665.52963538121  6.244804E-17
6667.95106479305  6.794471E-17
6670.37249420488  7.214133E-17
6672.79392361672  7.111411E-17
6675.21535302855  6.439114E-17
6677.63678244038  6.187376E-17
6680.05821185222  6.693330E-17
6682.47964126405  6.656961E-17
6684.90107067588  6.571239E-17
6687.32250008772  6.542738E-17
6689.74392949955  6.691274E-17
6692.16535891138  6.732312E-17
6694.58678832322  6.297900E-17
6697.00821773505  5.989373E-17
6699.42964714688  5.972821E-17
6701.85107655872  6.528609E-17
6704.27250597055  6.712598E-17
6706.69393538239  6.416041E-17
6709.11536479422  5.838903E-17
6711.53679420605  6.633896E-17
6713.95822361789  6.176515E-17
6716.37965302972  7.140297E-17
6718.80108244155  6.156009E-17
6721.22251185339  6.961115E-17
6723.64394126522  7.649201E-17
6726.06537067705  6.724626E-17
6728.48680008889  6.288243E-17
6730.90822950072  6.881994E-17
6733.32965891256  6.521131E-17
6735.75108832439  6.253945E-17
6738.17251773622  6.679982E-17
6740.59394714805  6.809017E-17
6743.01537655989  6.875951E-17
6745.43680597172  7.256386E-17
6747.85823538356  7.174405E-17
6750.27966479539  6.336685E-17
6752.70109420722  6.276406E-17
6755.12252361906  7.364914E-17
6757.54395303089  6.773897E-17
6759.96538244272  6.592577E-17
6762.38681185456  6.962783E-17
6764.80824126639  6.935898E-17
6767.22967067822  6.883450E-17
6769.65110009006  6.669868E-17
6772.07252950189  6.915053E-17
6774.49395891372  6.985364E-17
6776.91538832556  7.211954E-17
6779.33681773739  6.989029E-17
6781.75824714922  6.803698E-17
6784.17967656106  6.462138E-17
6786.60110597289  6.948234E-17
6789.02253538472  6.753009E-17
6791.44396479656  6.812080E-17
6793.86539420839  7.206021E-17
6796.28682362022  6.883996E-17
6798.70825303206  6.472506E-17
6801.12968244389  7.392077E-17
6803.55111185573  7.424643E-17
6805.97254126756  7.754177E-17
6808.39397067939  6.427865E-17
6810.81540009123  6.485288E-17
6813.23682950306  6.708983E-17
6815.65825891489  7.645701E-17
6818.07968832673  7.683104E-17
6820.50111773856  7.409044E-17
6822.92254715039  7.549984E-17
6825.34397656223  7.938136E-17
6827.76540597406  7.519432E-17
6830.18683538589  7.345943E-17
6832.60826479773  7.896145E-17
6835.02969420956  7.584238E-17
6837.45112362139  8.080827E-17
6839.87255303323  6.784937E-17
6842.29398244506  6.846115E-17
6844.71541185689  7.484303E-17
6847.13684126873  8.168895E-17
6849.55827068056  8.205545E-17
6851.9797000924  8.345726E-17
6854.40112950423  7.421517E-17
6856.82255891606  7.127932E-17
6859.2439883279  7.355265E-17
6861.66541773973  7.967222E-17
6864.08684715156  8.257816E-17
6866.5082765634  8.129924E-17
6868.92970597523  8.214903E-17
6871.35113538706  7.579555E-17
6873.7725647989  6.869182E-17
6876.19399421073  6.849346E-17
6878.61542362257  6.780871E-17
6881.0368530344  8.261394E-17
6883.45828244623  8.649809E-17
6885.87971185806  8.051423E-17
6888.3011412699  7.657576E-17
6890.72257068173  7.961102E-17
6893.14400009357  8.398539E-17
6895.5654295054  7.608800E-17
6897.98685891723  7.346603E-17
6900.40828832907  8.192816E-17
6902.8297177409  7.941006E-17
6905.25114715273  7.596995E-17
6907.67257656457  7.707458E-17
6910.0940059764  7.616508E-17
6912.51543538823  7.220183E-17
6914.93686480007  7.084117E-17
6917.3582942119  8.147403E-17
6919.77972362373  7.952474E-17
6922.20115303557  7.722560E-17
6924.6225824474  7.565929E-17
6927.04401185924  8.462330E-17
6929.46544127107  8.287585E-17
6931.8868706829  8.063808E-17
6934.30830009473  8.592639E-17
6936.72972950657  8.570980E-17
6939.1511589184  8.175120E-17
6941.57258833023  8.598013E-17
6943.99401774207  7.753920E-17
6946.4154471539  7.249922E-17
6948.83687656574  7.226348E-17
6951.25830597757  7.446444E-17
6953.6797353894  8.038492E-17
6956.10116480124  8.124360E-17
6958.52259421307  7.435084E-17
6960.9440236249  7.848920E-17
6963.36545303674  7.865373E-17
6965.78688244857  7.676890E-17
6968.20831186041  8.138302E-17
6970.62974127224  7.542943E-17
6973.05117068407  7.466252E-17
6975.4726000959  7.470265E-17
6977.89402950774  8.218587E-17
6980.31545891957  8.031682E-17
6982.73688833141  7.731927E-17
6985.15831774324  8.119838E-17
6987.57974715507  7.340102E-17
6990.0011765669  7.753673E-17
6992.42260597874  8.175173E-17
6994.84403539057  8.223800E-17
6997.26546480241  8.019294E-17
6999.68689421424  7.630600E-17
7002.10832362607  7.604114E-17
7004.52975303791  7.715652E-17
7006.95118244974  7.961887E-17
7009.37261186157  8.208888E-17
7011.79404127341  8.539723E-17
7014.21547068524  8.051110E-17
7016.63690009707  7.019167E-17
7019.05832950891  7.710231E-17
7021.47975892074  7.576759E-17
7023.90118833258  7.038711E-17
7026.32261774441  7.321724E-17
7028.74404715624  8.087839E-17
7031.16547656807  7.800393E-17
7033.58690597991  8.110442E-17
7036.00833539174  8.364331E-17
7038.42976480358  7.981996E-17
7040.85119421541  7.720150E-17
7043.27262362724  8.606610E-17
7045.69405303908  8.654382E-17
7048.11548245091  8.113348E-17
7050.53691186274  8.100950E-17
7052.95834127458  7.899891E-17
7055.37977068641  7.797704E-17
7057.80120009824  8.014313E-17
7060.22262951008  7.319997E-17
7062.64405892191  7.399695E-17
7065.06548833374  7.811600E-17
7067.48691774558  7.733018E-17
7069.90834715741  8.240591E-17
7072.32977656924  7.939577E-17
7074.75120598108  8.135107E-17
7077.17263539291  8.625544E-17
7079.59406480475  8.770297E-17
7082.01549421658  8.610884E-17
7084.43692362841  8.112158E-17
7086.85835304024  8.405735E-17
7089.27978245208  8.861591E-17
7091.70121186391  7.656564E-17
7094.12264127575  7.339049E-17
7096.54407068758  8.132608E-17
7098.96550009941  8.427490E-17
7101.38692951125  8.339013E-17
7103.80835892308  8.539774E-17
7106.22978833491  8.236667E-17
7108.65121774675  8.031594E-17
7111.07264715858  8.060295E-17
7113.49407657042  8.005802E-17
7115.91550598225  8.275534E-17
7118.33693539408  7.981655E-17
7120.75836480591  7.732983E-17
7123.17979421775  8.072806E-17
7125.60122362958  8.846660E-17
7128.02265304142  9.108221E-17
7130.44408245325  9.250443E-17
7132.86551186508  9.326873E-17
7135.28694127692  9.256982E-17
7137.70837068875  8.926018E-17
7140.12980010058  7.948401E-17
7142.55122951242  7.561370E-17
7144.97265892425  8.300907E-17
7147.39408833608  8.446151E-17
7149.81551774792  9.119532E-17
7152.23694715975  8.800879E-17
7154.65837657158  9.357407E-17
7157.07980598342  9.892740E-17
7159.50123539525  9.119041E-17
7161.92266480708  8.966740E-17
7164.34409421892  9.043264E-17
7166.76552363075  8.004737E-17
7169.18695304259  6.956961E-17
7171.60838245442  6.401655E-17
7174.02981186625  6.718717E-17
7176.45124127809  7.442202E-17
7178.87267068992  7.328867E-17
7181.29410010175  7.299140E-17
7183.71552951359  7.293395E-17
7186.13695892542  7.423482E-17
7188.55838833725  7.583696E-17
7190.97981774909  7.124027E-17
7193.40124716092  6.773025E-17
7195.82267657275  6.995618E-17
7198.24410598459  7.077918E-17
7200.66553539642  8.003980E-17
7203.08696480825  7.750614E-17
7205.50839422009  7.490572E-17
7207.92982363192  7.424344E-17
7210.35125304375  7.023440E-17
7212.77268245559  6.692922E-17
7215.19411186742  7.031867E-17
7217.61554127925  7.613325E-17
7220.03697069109  7.549312E-17
7222.45840010292  7.133149E-17
7224.87982951476  7.518963E-17
7227.30125892659  7.594953E-17
7229.72268833842  7.090681E-17
7232.14411775026  6.968785E-17
7234.56554716209  7.312504E-17
7236.98697657392  7.412260E-17
7239.40840598576  7.111892E-17
7241.82983539759  6.669548E-17
7244.25126480942  7.724242E-17
7246.67269422126  7.827429E-17
7249.09412363309  8.748664E-17
7251.51555304492  7.555875E-17
7253.93698245676  7.175976E-17
7256.35841186859  7.173537E-17
7258.77984128042  6.927546E-17
7261.20127069226  6.780541E-17
7263.62270010409  7.343539E-17
7266.04412951592  6.327334E-17
7268.46555892776  6.412699E-17
7270.88698833959  6.403997E-17
7273.30841775143  6.694041E-17
7275.72984716326  6.368045E-17
7278.15127657509  7.502867E-17
7280.57270598693  8.100899E-17
7282.99413539876  6.511407E-17
7285.41556481059  7.086399E-17
7287.83699422243  7.126884E-17
7290.25842363426  7.021830E-17
7292.67985304609  6.850605E-17
7295.10128245793  7.182061E-17
7297.52271186976  7.691860E-17
7299.94414128159  7.713933E-17
7302.36557069343  6.780959E-17
7304.78700010526  6.861306E-17
7307.20842951709  6.774776E-17
7309.62985892893  6.691478E-17
7312.05128834076  7.141821E-17
7314.47271775259  7.501882E-17
7316.89414716443  8.677139E-17
7319.31557657626  8.794940E-17
7321.7370059881  7.320626E-17
7324.15843539993  7.609631E-17
7326.57986481176  6.800953E-17
7329.0012942236  7.381092E-17
7331.42272363543  8.034252E-17
7333.84415304726  7.786675E-17
7336.2655824591  7.417979E-17
7338.68701187093  7.570125E-17
7341.10844128276  7.231828E-17
7343.5298706946  7.052097E-17
7345.95130010643  6.303122E-17
7348.37272951826  5.573618E-17
7350.7941589301  6.606862E-17
7353.21558834193  7.419790E-17
7355.63701775376  7.149971E-17
7358.0584471656  7.102854E-17
7360.47987657743  6.571095E-17
7362.90130598927  5.963529E-17
7365.3227354011  7.678243E-17
7367.74416481293  7.512854E-17
7370.16559422477  6.355010E-17
7372.5870236366  6.252716E-17
7375.00845304843  6.100959E-17
7377.42988246027  5.877359E-17
7379.8513118721  6.356874E-17
7382.27274128393  6.173397E-17
7384.69417069577  6.904293E-17
7387.1156001076  7.316632E-17
7389.53702951944  7.099779E-17
7391.95845893127  6.955986E-17
7394.3798883431  7.812283E-17
7396.80131775493  7.741318E-17
7399.22274716677  6.918200E-17
7401.6441765786  7.208878E-17
7404.06560599043  7.616773E-17
7406.48703540227  7.105416E-17
7408.9084648141  7.174414E-17
7411.32989422593  7.053966E-17
7413.75132363777  6.769301E-17
7416.1727530496  6.371056E-17
7418.59418246144  6.635489E-17
7421.01561187327  7.230050E-17
7423.4370412851  6.917616E-17
7425.85847069694  6.376746E-17
7428.27990010877  6.718276E-17
7430.7013295206  6.722472E-17
7433.12275893244  6.903877E-17
7435.54418834427  7.173435E-17
7437.9656177561  6.868564E-17
7440.38704716794  6.990597E-17
7442.80847657977  7.169059E-17
7445.22990599161  6.975608E-17
7447.65133540344  7.704348E-17
7450.07276481527  7.693494E-17
7452.4941942271  7.146539E-17
7454.91562363894  6.766711E-17
7457.33705305077  7.297212E-17
7459.75848246261  7.337363E-17
7462.17991187444  7.010667E-17
7464.60134128627  7.387391E-17
7467.02277069811  8.015757E-17
7469.44420010994  7.770715E-17
7471.86562952177  7.154244E-17
7474.28705893361  6.887470E-17
7476.70848834544  7.176870E-17
7479.12991775727  7.708260E-17
7481.55134716911  7.124841E-17
7483.97277658094  6.716830E-17
7486.39420599277  6.375916E-17
7488.81563540461  5.912535E-17
7491.23706481644  7.031660E-17
7493.65849422827  7.288567E-17
7496.07992364011  7.153148E-17
7498.50135305194  6.965383E-17
7500.92278246378  6.546882E-17
7503.34421187561  7.558275E-17
7505.76564128744  8.021857E-17
7508.18707069928  7.587900E-17
7510.60850011111  8.551584E-17
7513.02992952294  9.255728E-17
7515.45135893478  8.906707E-17
7517.87278834661  8.091256E-17
7520.29421775844  7.286025E-17
7522.71564717028  7.669542E-17
7525.13707658211  7.662379E-17
7527.55850599394  6.838419E-17
7529.97993540578  5.442382E-17
7532.40136481761  5.491664E-17
7534.82279422944  6.156002E-17
7537.24422364128  8.016934E-17
7539.66565305311  7.696002E-17
7542.08708246494  6.935381E-17
7544.50851187678  7.456798E-17
7546.92994128861  8.156495E-17
7549.35137070044  7.339139E-17
7551.77280011228  7.385603E-17
7554.19422952411  7.455671E-17
7556.61565893595  7.566573E-17
7559.03708834778  7.182133E-17
7561.45851775961  6.373714E-17
7563.87994717145  5.889539E-17
7566.30137658328  6.247379E-17
7568.72280599511  7.017129E-17
7571.14423540695  8.123531E-17
7573.56566481878  8.321909E-17
7575.98709423061  7.434366E-17
7578.40852364245  8.720773E-17
7580.82995305428  7.195307E-17
7583.25138246611  6.762905E-17
7585.67281187795  7.549720E-17
7588.09424128978  7.002900E-17
7590.51567070161  7.435026E-17
7592.93710011345  7.184111E-17
7595.35852952528  6.350424E-17
7597.77995893711  6.529140E-17
7600.20138834895  6.430141E-17
7602.62281776078  7.134885E-17
7605.04424717261  7.186490E-17
7607.46567658445  6.394943E-17
7609.88710599628  5.716063E-17
7612.30853540812  8.362261E-17
7614.72996481995  7.495387E-17
7617.15139423178  6.275901E-17
7619.57282364362  6.340046E-17
7621.99425305545  9.282085E-17
7624.41568246728  8.592056E-17
7626.83711187912  7.206131E-17
7629.25854129095  6.431391E-17
7631.67997070278  6.899209E-17
7634.10140011462  5.287049E-17
7636.52282952645  5.911496E-17
7638.94425893828  6.420182E-17
7641.36568835012  7.081354E-17
7643.78711776195  7.254517E-17
7646.20854717379  7.561107E-17
7648.62997658562  7.204816E-17
7651.05140599745  6.963414E-17
7653.47283540929  7.006758E-17
7655.89426482112  6.851781E-17
7658.31569423295  8.010731E-17
7660.73712364478  8.395894E-17
7663.15855305662  7.861345E-17
7665.57998246845  6.415025E-17
7668.00141188029  6.117159E-17
7670.42284129212  5.416566E-17
7672.84427070395  6.025558E-17
7675.26570011579  6.711085E-17
7677.68712952762  7.356809E-17
7680.10855893945  7.366553E-17
7682.52998835129  7.066344E-17
7684.95141776312  6.946010E-17
7687.37284717495  6.903523E-17
7689.79427658679  6.919049E-17
7692.21570599862  6.178330E-17
7694.63713541045  5.840469E-17
7697.05856482229  6.767203E-17
7699.47999423412  7.478820E-17
7701.90142364596  7.210585E-17
7704.32285305779  6.782154E-17
7706.74428246962  6.965920E-17
7709.16571188146  6.507472E-17
7711.58714129329  5.604835E-17
7714.00857070512  6.282143E-17
7716.43000011696  6.824480E-17
7718.85142952879  7.237247E-17
7721.27285894062  6.670220E-17
7723.69428835246  6.820785E-17
7726.11571776429  7.345646E-17
7728.53714717613  7.072334E-17
7730.95857658796  7.044991E-17
7733.38000599979  7.319069E-17
7735.80143541163  7.632670E-17
7738.22286482346  7.350089E-17
7740.64429423529  6.582642E-17
7743.06572364713  6.616457E-17
7745.48715305896  6.634536E-17
7747.90858247079  7.198333E-17
7750.33001188262  8.821600E-17
7752.75144129446  7.210323E-17
7755.17287070629  5.059176E-17
7757.59430011813  5.957652E-17
7760.01572952996  6.201892E-17
7762.43715894179  6.837130E-17
7764.85858835363  7.613399E-17
7767.28001776546  7.123767E-17
7769.70144717729  6.570953E-17
7772.12287658913  6.257395E-17
7774.54430600096  6.269469E-17
7776.96573541279  6.348026E-17
7779.38716482463  6.139951E-17
7781.80859423646  6.036300E-17
7784.2300236483  5.993689E-17
7786.65145306013  5.215977E-17
7789.07288247196  4.495146E-17
7791.4943118838  4.886515E-17
7793.91574129563  6.201789E-17
7796.33717070746  7.382537E-17
7798.7586001193  6.885910E-17
7801.18002953113  6.284537E-17
7803.60145894296  6.180338E-17
7806.02288835479  6.880579E-17
7808.44431776663  7.236602E-17
7810.86574717846  7.567737E-17
7813.2871765903  7.364726E-17
7815.70860600213  6.345725E-17
7818.13003541396  6.547395E-17
7820.5514648258  6.764728E-17
7822.97289423763  5.643123E-17
7825.39432364946  5.323026E-17
7827.8157530613  5.260952E-17
7830.23718247313  4.227149E-17
7832.65861188496  5.059247E-17
7835.0800412968  5.487680E-17
7837.50147070863  5.906676E-17
7839.92290012047  5.668941E-17
7842.3443295323  4.935987E-17
7844.76575894413  5.616149E-17
7847.18718835597  7.593294E-17
7849.6086177678  7.490091E-17
7852.03004717963  6.835381E-17
7854.45147659147  8.160896E-17
7856.8729060033  9.060469E-17
7859.29433541514  8.859204E-17
7861.71576482697  9.101347E-17
7864.1371942388  8.994032E-17
7866.55862365063  7.971162E-17
7868.98005306247  7.404742E-17
7871.4014824743  7.427885E-17
7873.82291188614  6.140357E-17
7876.24434129797  5.974687E-17
7878.6657707098  5.906692E-17
7881.08720012163  6.585245E-17
7883.50862953347  6.325999E-17
7885.9300589453  5.915855E-17
7888.35148835714  5.897717E-17
7890.77291776897  5.939481E-17
7893.1943471808  6.077112E-17
7895.61577659264  6.845568E-17
7898.03720600447  6.890047E-17
7900.4586354163  6.688406E-17
7902.88006482814  7.712076E-17
7905.30149423997  8.118011E-17
7907.7229236518  7.647934E-17
7910.14435306364  7.463290E-17
7912.56578247547  6.695932E-17
7914.9872118873  7.758591E-17
7917.40864129914  6.154319E-17
7919.83007071097  5.985381E-17
7922.2515001228  4.750218E-17
7924.67292953464  5.929424E-17
7927.09435894647  4.181995E-17
7929.51578835831  4.428991E-17
7931.93721777014  6.066979E-17
7934.35864718197  6.827048E-17
7936.7800765938  6.075358E-17
7939.20150600564  5.800191E-17
7941.62293541747  6.391942E-17
7944.04436482931  7.032267E-17
7946.46579424114  6.903229E-17
7948.88722365297  6.831916E-17
7951.30865306481  7.851016E-17
7953.73008247664  8.168307E-17
7956.15151188847  9.083845E-17
7958.57294130031  8.963244E-17
7960.99437071214  8.143019E-17
7963.41580012397  6.612545E-17
7965.83722953581  6.204777E-17
7968.25865894764  5.113876E-17
7970.68008835947  5.244148E-17
7973.10151777131  5.534703E-17
7975.52294718314  6.263136E-17
7977.94437659498  7.158248E-17
7980.36580600681  7.057347E-17
7982.78723541864  5.607433E-17
7985.20866483048  4.893951E-17
7987.63009424231  5.336748E-17
7990.05152365414  6.390731E-17
7992.47295306598  7.489614E-17
7994.89438247781  8.386487E-17
7997.31581188964  8.753804E-17
7999.73724130148  9.506902E-17
8002.15867071331  8.864972E-17
8004.58010012514  8.004150E-17
8007.00152953698  7.126076E-17
8009.42295894881  7.263400E-17
8011.84438836064  8.176007E-17
8014.26581777248  8.023007E-17
8016.68724718431  6.925172E-17
8019.10867659614  6.714550E-17
8021.53010600798  6.964793E-17
8023.95153541981  7.205284E-17
8026.37296483164  6.870595E-17
8028.79439424348  6.969739E-17
8031.21582365531  6.258075E-17
8033.63725306715  5.391538E-17
8036.05868247898  5.581830E-17
8038.48011189081  6.617627E-17
8040.90154130265  7.755154E-17
8043.32297071448  7.572733E-17
8045.74440012631  7.490679E-17
8048.16582953815  7.371403E-17
8050.58725894998  6.538560E-17
8053.00868836181  6.993076E-17
8055.43011777365  5.681343E-17
8057.85154718548  4.267453E-17
8060.27297659731  5.182108E-17
8062.69440600915  6.466376E-17
8065.11583542098  6.451186E-17
8067.53726483281  6.327439E-17
8069.95869424465  6.322585E-17
8072.38012365648  7.469654E-17
8074.80155306832  8.653428E-17
8077.22298248015  9.262784E-17
8079.64441189198  8.867016E-17
8082.06584130381  7.795179E-17
8084.48727071565  7.070782E-17
8086.90870012748  7.130755E-17
8089.33012953932  7.694491E-17
8091.75155895115  7.111846E-17
8094.17298836298  6.658389E-17
8096.59441777482  6.461672E-17
8099.01584718665  6.773415E-17
8101.43727659848  6.749185E-17
8103.85870601032  6.854764E-17
8106.28013542215  8.145268E-17
8108.70156483398  8.605605E-17
8111.12299424582  7.655278E-17
8113.54442365765  6.135417E-17
8115.96585306949  5.565305E-17
8118.38728248132  6.373846E-17
8120.80871189315  6.587109E-17
8123.23014130498  6.980385E-17
8125.65157071682  6.603292E-17
8128.07300012865  7.507258E-17
8130.49442954049  7.579186E-17
8132.91585895232  7.431543E-17
8135.33728836415  7.343473E-17
8137.75871777598  7.426151E-17
8140.18014718782  7.962945E-17
8142.60157659965  6.937116E-17
8145.02300601149  6.622525E-17
8147.44443542332  7.552438E-17
8149.86586483515  6.844600E-17
8152.28729424699  6.998845E-17
8154.70872365882  5.907195E-17
8157.13015307065  5.811149E-17
8159.55158248249  5.433519E-17
8161.97301189432  6.333214E-17
8164.39444130615  7.589551E-17
8166.81587071799  7.271151E-17
8169.23730012982  7.477280E-17
8171.65872954166  8.341277E-17
8174.08015895349  7.864076E-17
8176.50158836532  8.608144E-17
8178.92301777716  8.572401E-17
8181.34444718899  9.027045E-17
8183.76587660082  8.032659E-17
8186.18730601266  6.563877E-17
8188.60873542449  7.997373E-17
8191.03016483632  7.626251E-17
8193.45159424816  5.151779E-17
8195.87302365999  5.646499E-17
8198.29445307182  7.675877E-17
8200.71588248366  7.659237E-17
8203.13731189549  7.909692E-17
8205.55874130733  7.966925E-17
8207.98017071916  8.619185E-17
8210.40160013099  8.537859E-17
8212.82302954282  8.740982E-17
8215.24445895466  9.786156E-17
8217.66588836649  8.619759E-17
8220.08731777833  6.730833E-17
8222.50874719016  7.691645E-17
8224.93017660199  8.972146E-17
8227.35160601383  6.365367E-17
8229.77303542566  5.424634E-17
8232.19446483749  6.940939E-17
8234.61589424933  6.574169E-17
8237.03732366116  6.559330E-17
8239.45875307299  5.824344E-17
8241.88018248483  6.333539E-17
8244.30161189666  7.637998E-17
8246.72304130849  7.878844E-17
8249.14447072033  7.144314E-17
8251.56590013216  6.656150E-17
8253.98732954399  7.837926E-17
8256.40875895583  7.256347E-17
8258.83018836766  6.418658E-17
8261.2516177795  6.717646E-17
8263.67304719133  7.136190E-17
8266.09447660316  8.577124E-17
8268.51590601499  7.419854E-17
8270.93733542683  6.530265E-17
8273.35876483866  8.305801E-17
8275.7801942505  7.972909E-17
8278.20162366233  6.275341E-17
8280.62305307416  6.549744E-17
8283.044482486  7.338322E-17
8285.46591189783  6.324310E-17
8287.88734130966  5.680756E-17
8290.3087707215  5.174598E-17
8292.73020013333  5.467935E-17
8295.15162954516  6.660536E-17
8297.573058957  7.535597E-17
8299.99448836883  9.579235E-17
8302.41591778067  9.919133E-17
8304.8373471925  7.917940E-17
8307.25877660433  6.537723E-17
8309.68020601616  7.491284E-17
8312.101635428  6.189933E-17
8314.52306483983  5.684602E-17
8316.94449425167  7.272074E-17
8319.3659236635  7.058748E-17
8321.78735307533  6.570463E-17
8324.20878248717  7.038993E-17
8326.630211899  7.612295E-17
8329.05164131083  6.779924E-17
8331.47307072267  6.307675E-17
8333.8945001345  6.657276E-17
8336.31592954633  6.614008E-17
8338.73735895817  6.126863E-17
8341.15878837  6.314451E-17
8343.58021778183  7.426106E-17
8346.00164719367  9.034201E-17
8348.4230766055  1.016383E-16
8350.84450601734  9.555830E-17
8353.26593542917  7.056042E-17
8355.687364841  7.186024E-17
8358.10879425284  7.606458E-17
8360.53022366467  7.412580E-17
8362.9516530765  6.014699E-17
8365.37308248834  6.889222E-17
8367.79451190017  7.580158E-17
8370.215941312  7.068904E-17
8372.63737072384  6.881190E-17
8375.05880013567  6.565888E-17
8377.4802295475  5.238984E-17
8379.90165895934  6.349843E-17
8382.32308837117  7.258999E-17
8384.744517783  6.823365E-17
8387.16594719484  7.536274E-17
8389.58737660667  7.568358E-17
8392.00880601851  7.223742E-17
8394.43023543034  7.549024E-17
8396.85166484217  7.655336E-17
8399.273094254  7.450966E-17
8401.69452366584  8.299516E-17
8404.11595307767  7.336432E-17
8406.53738248951  6.626187E-17
8408.95881190134  6.014942E-17
8411.38024131317  6.449418E-17
8413.801670725  7.700979E-17
8416.22310013684  7.036614E-17
8418.64452954867  6.184358E-17
8421.06595896051  6.130320E-17
8423.48738837234  5.620461E-17
8425.90881778417  6.262655E-17
8428.33024719601  8.251467E-17
8430.75167660784  9.894484E-17
8433.17310601967  7.453872E-17
8435.59453543151  5.978326E-17
8438.01596484334  6.056808E-17
8440.43739425517  5.698216E-17
8442.85882366701  8.325321E-17
8445.28025307884  8.423761E-17
8447.70168249068  9.559591E-17
8450.12311190251  8.966452E-17
8452.54454131434  8.401272E-17
8454.96597072617  9.413876E-17
8457.38740013801  7.406311E-17
8459.80882954984  4.598888E-17
8462.23025896168  6.378444E-17
8464.65168837351  8.479509E-17
8467.07311778534  6.850710E-17
8469.49454719718  5.770636E-17
8471.91597660901  4.825682E-17
8474.33740602084  5.518218E-17
8476.75883543268  7.214546E-17
8479.18026484451  7.030507E-17
8481.60169425634  6.320081E-17
8484.02312366818  6.176007E-17
8486.44455308001  6.197074E-17
8488.86598249184  7.658759E-17
8491.28741190368  8.155105E-17
8493.70884131551  7.474709E-17
8496.13027072735  6.721177E-17
8498.55170013918  7.899588E-17
8500.97312955101  7.383699E-17
8503.39455896285  5.439140E-17
8505.81598837468  7.879664E-17
8508.23741778651  7.774589E-17
8510.65884719834  4.910815E-17
8513.08027661018  3.326005E-17
8515.50170602201  3.949654E-17
8517.92313543385  4.810004E-17
8520.34456484568  6.532617E-17
8522.76599425751  7.640982E-17
8525.18742366935  7.922204E-17
8527.60885308118  6.808592E-17
8530.03028249301  6.680275E-17
8532.45171190485  6.571275E-17
8534.87314131668  6.491905E-17
8537.29457072851  7.639469E-17
8539.71600014035  7.298468E-17
8542.13742955218  6.124673E-17
8544.55885896401  6.529179E-17
8546.98028837585  8.033728E-17
8549.40171778768  8.432705E-17
8551.82314719952  7.052185E-17
8554.24457661135  6.410684E-17
8556.66600602318  6.773265E-17
8559.08743543502  7.324719E-17
8561.50886484685  8.583033E-17
8563.93029425868  7.928823E-17
8566.35172367052  6.748351E-17
8568.77315308235  5.927359E-17
8571.19458249418  7.603401E-17
8573.61601190602  6.280884E-17
8576.03744131785  6.306709E-17
8578.45887072969  6.726047E-17
8580.88030014152  5.678182E-17
8583.30172955335  5.981319E-17
8585.72315896518  6.632916E-17
8588.14458837702  6.710014E-17
8590.56601778885  6.976246E-17
8592.98744720068  6.593858E-17
8595.40887661252  5.852056E-17
8597.83030602435  6.071143E-17
8600.25173543619  6.966743E-17
8602.67316484802  7.232701E-17
8605.09459425985  7.156298E-17
8607.51602367169  7.064341E-17
8609.93745308352  7.344384E-17
8612.35888249535  7.044044E-17
8614.78031190719  8.676542E-17
8617.20174131902  7.243194E-17
8619.62317073085  6.976584E-17
8622.04460014269  7.813979E-17
8624.46602955452  7.301515E-17
8626.88745896636  6.140983E-17
8629.30888837819  6.801775E-17
8631.73031779002  7.093608E-17
8634.15174720186  6.392542E-17
8636.57317661369  6.481888E-17
8638.99460602552  6.918718E-17
8641.41603543735  6.896577E-17
8643.83746484919  5.855028E-17
8646.25889426102  5.992916E-17
8648.68032367285  7.908176E-17
8651.10175308469  8.216756E-17
8653.52318249652  6.382143E-17
8655.94461190836  6.470694E-17
8658.36604132019  7.553053E-17
8660.78747073202  6.998535E-17
8663.20890014386  6.185779E-17
8665.63032955569  5.673517E-17
8668.05175896753  6.179546E-17
8670.47318837936  6.353304E-17
8672.89461779119  7.124571E-17
8675.31604720302  7.189019E-17
8677.73747661486  6.757345E-17
8680.15890602669  6.687316E-17
8682.58033543853  6.981743E-17
8685.00176485036  6.637000E-17
8687.42319426219  5.132402E-17
8689.84462367403  6.563994E-17
8692.26605308586  8.297792E-17
8694.68748249769  8.359853E-17
8697.10891190952  6.570804E-17
8699.53034132136  6.197022E-17
8701.95177073319  7.158798E-17
8704.37320014502  7.025236E-17
8706.79462955686  5.976271E-17
8709.21605896869  5.424540E-17
8711.63748838053  6.143137E-17
8714.05891779236  6.394644E-17
8716.48034720419  6.703728E-17
8718.90177661603  6.988665E-17
8721.32320602786  7.377313E-17
8723.7446354397  7.262754E-17
8726.16606485153  6.828043E-17
8728.58749426336  6.786585E-17
8731.00892367519  6.759540E-17
8733.43035308703  7.314812E-17
8735.85178249886  7.080994E-17
8738.2732119107  7.170855E-17
8740.69464132253  7.184770E-17
8743.11607073436  5.281980E-17
8745.5375001462  6.532210E-17
8747.95892955803  7.287112E-17
8750.38035896986  7.307237E-17
8752.8017883817  7.472779E-17
8755.22321779353  5.402983E-17
8757.64464720536  6.457822E-17
8760.0660766172  7.838661E-17
8762.48750602903  8.035374E-17
8764.90893544086  8.336456E-17
8767.3303648527  9.427776E-17
8769.75179426453  9.062155E-17
8772.17322367637  8.528595E-17
8774.5946530882  9.261620E-17
8777.01608250003  7.082312E-17
8779.43751191187  7.223636E-17
8781.8589413237  4.466907E-17
8784.28037073553  9.980268E-18
8786.70180014736  2.834419E-17
8789.1232295592  5.248371E-17
8791.54465897103  5.743455E-17
8793.96608838287  6.353263E-17
8796.3875177947  4.656945E-17
8798.80894720653  5.618250E-17
8801.23037661837  7.099982E-17
8803.6518060302  7.408341E-17
8806.07323544203  6.394376E-17
8808.49466485387  6.143894E-17
8810.9160942657  8.445563E-17
8813.33752367753  8.300111E-17
8815.75895308937  7.727372E-17
8818.1803825012  6.152192E-17
8820.60181191303  5.953219E-17
8823.02324132487  5.761106E-17
8825.4446707367  7.257763E-17
8827.86610014854  1.007058E-16
8830.28752956037  1.094890E-16
8832.7089589722  9.168322E-17
8835.13038838404  5.095194E-17
8837.55181779587  6.130332E-17
8839.9732472077  6.734253E-17
8842.39467661954  8.103485E-17
8844.81610603137  7.160130E-17
8847.2375354432  6.179777E-17
8849.65896485504  5.761825E-17
8852.08039426687  7.225947E-17
8854.50182367871  6.344588E-17
8856.92325309054  5.206828E-17
8859.34468250237  6.224969E-17
8861.7661119142  6.733320E-17
8864.18754132604  7.000734E-17
8866.60897073787  6.436829E-17
8869.0304001497  7.079523E-17
8871.45182956154  8.494411E-17
8873.87325897337  7.564696E-17
8876.2946883852  6.118801E-17
8878.71611779704  5.912804E-17
8881.13754720887  6.894226E-17
8883.55897662071  7.130400E-17
8885.98040603254  8.149419E-17
8888.40183544437  1.191854E-16
8890.82326485621  1.111906E-16
8893.24469426804  8.283352E-17
8895.66612367987  6.444266E-17
8898.08755309171  6.771009E-17
8900.50898250354  6.258177E-17
8902.93041191537  6.497629E-17
8905.35184132721  8.324815E-17
8907.77327073904  7.181551E-17
8910.19470015088  5.556824E-17
8912.61612956271  4.356001E-17
8915.03755897454  5.699437E-17
8917.45898838637  4.840155E-17
8919.88041779821  7.615506E-17
8922.30184721004  7.842146E-17
8924.72327662187  4.372146E-17
8927.14470603371  3.328685E-17
8929.56613544554  3.088789E-17
8931.98756485737  5.969381E-17
8934.40899426921  6.704787E-17
8936.83042368104  6.918501E-17
8939.25185309288  5.422913E-17
8941.67328250471  6.052313E-17
8944.09471191654  8.828700E-17
8946.51614132838  8.328562E-17
8948.93757074021  7.653766E-17
8951.35900015204  6.093286E-17
8953.78042956388  6.437104E-17
8956.20185897571  5.386257E-17
8958.62328838754  5.357389E-17
8961.04471779938  8.833061E-17
8963.46614721121  7.578026E-17
8965.88757662305  3.125236E-17
8968.30900603488  4.300842E-17
8970.73043544671  6.106141E-17
8973.15186485854  6.834489E-17
8975.57329427038  7.550556E-17
8977.99472368221  6.514235E-17
8980.41615309404  7.231270E-17
8982.83758250588  8.120187E-17
8985.25901191771  8.304645E-17
8987.68044132954  8.032610E-17
8990.10187074138  7.130452E-17
8992.52330015321  5.482474E-17
8994.94472956505  4.929125E-17
8997.36615897688  4.920372E-17
8999.78758838871  6.002636E-17
9002.20901780055  7.977764E-17
9004.63044721238  8.069091E-17
9007.05187662421  6.997817E-17
9009.47330603605  4.311296E-17
9011.89473544788  5.697836E-17
9014.31616485971  5.757133E-17
9016.73759427155  6.174772E-17
9019.15902368338  6.974438E-17
9021.58045309522  7.366483E-17
9024.00188250705  5.718496E-17
9026.42331191888  5.971126E-17
9028.84474133072  6.484369E-17
9031.26617074255  6.052711E-17
9033.68760015438  6.613736E-17
9036.10902956622  7.668497E-17
9038.53045897805  4.215564E-17
9040.95188838988  3.571477E-17
9043.37331780171  4.519398E-17
9045.79474721355  5.025338E-17
9048.21617662538  5.884600E-17
9050.63760603722  5.257003E-17
9053.05903544905  8.360314E-17
9055.48046486088  6.680892E-17
9057.90189427272  5.812292E-17
9060.32332368455  7.415210E-17
9062.74475309638  6.254486E-17
9065.16618250822  6.368698E-17
9067.58761192005  7.198461E-17
9070.00904133188  7.119643E-17
9072.43047074372  6.887374E-17
9074.85190015555  5.954213E-17
9077.27332956739  5.987358E-17
9079.69475897922  7.988807E-17
9082.11618839105  7.618738E-17
9084.53761780289  6.049303E-17
9086.95904721472  5.601337E-17
9089.38047662655  6.103196E-17
9091.80190603839  7.069510E-17
9094.22333545022  7.750181E-17
9096.64476486205  5.715251E-17
9099.06619427388  7.105863E-17
9101.48762368572  7.307686E-17
9103.90905309755  6.455010E-17
9106.33048250939  6.320230E-17
9108.75191192122  5.239433E-17
9111.17334133305  5.844417E-17
9113.59477074489  7.062300E-17
9116.01620015672  6.587234E-17
9118.43762956856  6.585945E-17
9120.85905898039  6.718951E-17
9123.28048839222  7.191833E-17
9125.70191780406  7.175646E-17
9128.12334721589  6.182119E-17
9130.54477662772  8.646862E-17
9132.96620603956  6.959224E-17
9135.38763545139  1.963008E-17
9137.80906486322  6.535916E-18
9140.23049427506  2.781156E-17
9142.65192368689  7.839662E-17
9145.07335309872  9.005409E-17
9147.49478251056  6.240525E-17
9149.91621192239  5.459044E-17
9152.33764133422  7.861142E-17
9154.75907074606  8.103808E-17
9157.18050015789  5.371466E-17
9159.60192956972  6.727667E-17
9162.02335898156  7.561085E-17
9164.44478839339  6.176077E-17
9166.86621780523  6.360465E-17
9169.28764721706  9.497452E-17
9171.70907662889  1.140044E-16
9174.13050604073  8.040453E-17
9176.55193545256  2.381083E-17
9178.97336486439  6.829034E-17
9181.39479427623  8.238873E-17
9183.81622368806  6.780386E-17
9186.23765309989  5.334774E-17
9188.65908251173  6.663514E-17
9191.08051192356  8.063970E-17
9193.50194133539  5.824182E-17
9195.92337074723  3.973809E-17
9198.34480015906  5.900770E-17
9200.76622957089  9.192603E-17
9203.18765898273  8.677041E-17
9205.60908839456  7.318880E-17
9208.03051780639  7.813539E-17
9210.45194721823  6.698439E-17
9212.87337663006  6.906573E-17
9215.29480604189  1.005140E-16
9217.71623545373  8.918774E-17
9220.13766486556  6.453386E-17
9222.5590942774  5.701991E-17
9224.98052368923  8.262247E-17
9227.40195310106  8.400642E-17
9229.8233825129  6.617209E-17
9232.24481192473  7.520231E-17
9234.66624133656  6.914116E-17
9237.0876707484  5.360283E-17
9239.50910016023  6.264138E-17
9241.93052957206  7.239403E-17
9244.3519589839  7.903034E-17
9246.77338839573  9.468281E-17
9249.19481780756  8.435888E-17
9251.6162472194  7.212956E-17
9254.03767663123  9.009885E-17
9256.45910604306  1.029888E-16
9258.8805354549  9.055452E-17
9261.30196486673  9.636327E-17
9263.72339427856  1.003484E-16
9266.1448236904  8.031942E-17
9268.56625310223  8.058401E-17
9270.98768251407  8.771133E-17
9273.4091119259  7.256422E-17
9275.83054133773  5.105490E-17
9278.25197074957  6.884798E-17
9280.6734001614  7.904486E-17
9283.09482957323  8.565377E-17
9285.51625898507  6.266379E-17
9287.9376883969  5.200686E-17
9290.35911780873  7.541082E-17
9292.78054722057  4.396758E-17
9295.2019766324  4.796469E-17
9297.62340604423  6.474127E-17
9300.04483545607  6.666560E-17
9302.4662648679  8.687120E-17
9304.88769427974  8.522963E-17
9307.30912369157  6.437238E-17
9309.7305531034  3.826654E-17
9312.15198251524  6.574354E-17
9314.57341192707  7.451507E-17
9316.9948413389  6.495863E-17
9319.41627075073  6.613141E-17
9321.83770016257  2.263702E-17
9324.2591295744  3.645390E-17
9326.68055898624  7.049631E-17
9329.10198839807  5.372254E-17
9331.5234178099  3.452951E-17
9333.94484722174  4.509210E-17
9336.36627663357  5.765060E-17
9338.7877060454  5.408860E-17
9341.20913545724  3.671472E-17
9343.63056486907  2.334002E-17
9346.0519942809  5.379075E-17
9348.47342369274  4.682907E-17
9350.89485310457  1.865787E-18
9353.31628251641  6.934889E-18
9355.73771192824  3.572103E-17
9358.15914134007  5.056112E-17
9360.58057075191  7.137250E-17
9363.00200016374  5.723056E-17
9365.42342957557  6.177648E-17
9367.84485898741  6.549814E-17
9370.26628839924  5.712407E-17
9372.68771781107  7.679658E-17
9375.1091472229  9.603534E-17
9377.53057663474  1.134633E-16
9379.95200604657  6.091766E-17
9382.37343545841  -5.191688E-17
9384.79486487024  -6.321265E-17
9387.21629428207  1.332510E-17
9389.63772369391  4.591020E-17
9392.05915310574  6.186440E-17
9394.48058251757  7.622239E-17
9396.90201192941  4.809663E-17
9399.32344134124  7.879188E-17
9401.74487075307  1.311340E-16
9404.16630016491  8.975596E-17
9406.58772957674  2.200178E-17
9409.00915898858  6.738580E-17
9411.43058840041  6.807680E-17
9413.85201781224  6.915588E-17
9416.27344722408  1.016210E-16
9418.69487663591  1.148481E-16
9421.11630604774  9.293872E-17
9423.53773545958  5.852221E-17
9425.95916487141  7.776249E-17
9428.38059428324  8.024325E-17
9430.80202369508  3.696445E-17
9433.22345310691  6.159211E-17
9435.64488251874  6.867175E-17
9438.06631193058  8.082590E-17
9440.48774134241  1.504181E-16
9442.90917075425  1.340058E-16
9445.33060016608  1.008917E-16
9447.75202957791  4.750083E-17
9450.17345898974  4.425190E-17
9452.59488840158  5.440542E-17
9455.01631781341  7.880178E-17
9457.43774722525  8.561072E-17
9459.85917663708  2.094124E-17
9462.28060604891  1.315741E-17
9464.70203546075  5.112536E-17
9467.12346487258  3.574426E-17
9469.54489428441  8.607864E-18
9471.96632369625  5.602127E-18
9474.38775310808  5.360106E-17
9476.80918251991  9.612095E-17
9479.23061193175  1.240551E-16
9481.65204134358  7.194690E-17
9484.07347075542  7.595632E-17
9486.49490016725  2.474218E-17
9488.91632957908  5.916566E-18
9491.33775899091  7.380812E-17
9493.75918840275  7.954266E-17
9496.18061781458  5.711942E-17
9498.60204722642  5.290674E-17
9501.02347663825  5.581048E-17
9503.44490605008  9.531552E-17
9505.86633546191  1.133583E-16
9508.28776487375  7.139886E-17
9510.70919428558  5.217244E-17
9513.13062369742  6.546916E-17
9515.55205310925  6.735066E-17
9517.97348252108  7.035382E-17
9520.39491193292  7.682047E-17
9522.81634134475  9.821260E-17
9525.23777075658  1.520758E-17
9527.65920016842  8.689106E-18
9530.08062958025  -2.888438E-18
9532.50205899208  1.294181E-17
9534.92348840392  2.356710E-17
9537.34491781575  4.516003E-17
9539.76634722759  6.237126E-17
9542.18777663942  7.690360E-17
9544.60920605125  5.723415E-17
9547.03063546308  3.751898E-17
9549.45206487492  3.532112E-17
9551.87349428675  6.718610E-17
9554.29492369859  1.048963E-16
9556.71635311042  9.297241E-17
9559.13778252225  4.048435E-17
9561.55921193409  4.758170E-17
9563.98064134592  6.113489E-17
9566.40207075775  5.786694E-17
9568.82350016959  9.566083E-17
9571.24492958142  7.522368E-17
9573.66635899325  2.615857E-17
9576.08778840509  1.532352E-17
9578.50921781692  1.768557E-17
9580.93064722875  7.831329E-18
9583.35207664059  2.334101E-17
9585.77350605242  5.975948E-17
9588.19493546426  3.556308E-17
9590.61636487609  2.766555E-17
9593.03779428792  8.616492E-17
9595.45922369976  8.416270E-17
