3484.  0.0466807
3486.  0.0154019
3488.  0.00485013
3490.  0.0274851
3492.  0.025711
3494.  0.0251623
3496.  0.0265059
3498.  0.0307724
3500.  0.0126193
3502.  0.0153042
3504.  0.00856707
3506.  0.0309924
3508.  0.0220986
3510.  0.00693954
3512.  0.024366
3514.  0.0185602
3516.  0.0216445
3518.  0.0226423
3520.  0.0329943
3522.  0.0306625
3524.  0.0265346
3526.  0.0229522
3528.  0.0319992
3530.  0.0163456
3532.  0.0296516
3534.  0.0180152
3536.  0.0208395
3538.  0.0294193
3540.  0.0134634
3542.  0.0320529
3544.  0.0334326
3546.  0.0272093
3548.  0.0122179
3550.  0.0290036
3552.  0.0217631
3554.  0.0161316
3556.  0.0315022
3558.  0.0160006
3560.  0.023772
3562.  0.0218413
3564.  0.0268381
3566.  0.0120954
3568.  0.0226363
3570.  0.0182172
3572.  0.0257147
3574.  0.017444
3576.  0.0227621
3578.  0.020104
3580.  0.0251573
3582.  0.0129779
3584.  0.0258756
3586.  0.0234606
3588.  0.0158988
3590.  0.021321
3592.  0.0127058
3594.  0.0148542
3596.  0.015871
3598.  0.0157985
3600.  0.0206722
3602.  0.0176495
3604.  0.0201486
3606.  0.020282
3608.  0.0160988
3610.  0.0129321
3612.  0.0249243
3614.  0.0205164
3616.  0.012533
3618.  0.0185091
3620.  0.02985
3622.  0.0209083
3624.  0.00997839
3626.  0.00902061
3628.  0.0241386
3630.  0.0170684
3632.  0.0155587
3634.  0.00589162
3636.  0.017636
3638.  0.0185687
3640.  0.0165777
3642.  0.0206816
3644.  0.0124712
3646.  0.0110058
3648.  0.0230951
3650.  0.0183162
3652.  0.0168725
3654.  0.0213859
3656.  0.0212176
3658.  0.012024
3660.  0.0214234
3662.  0.01156
3664.  0.0237937
3666.  0.0189127
3668.  0.0124211
3670.  0.00748201
3672.  0.0203376
3674.  0.0162436
3676.  0.0145123
3678.  0.0160033
3680.  0.0114887
3682.  0.0165731
3684.  0.0130639
3686.  0.0139755
3688.  0.0162968
3690.  0.0247783
3692.  0.0097183
3694.  0.0169327
3696.  0.0137648
3698.  0.0238385
3700.  0.0144896
3702.  0.0193337
3704.  0.0138587
3706.  0.0127431
3708.  0.0147244
3710.  0.0188296
3712.  0.0114637
3714.  0.00942576
3716.  0.0174967
3718.  0.0142982
3720.  0.016325
3722.  0.0150567
3724.  0.0155206
3726.  0.0150976
3728.  0.0151236
3730.  0.0143358
3732.  0.0116003
3734.  0.0136145
3736.  0.0178614
3738.  0.0165581
3740.  0.0171685
3742.  0.0131609
3744.  0.0164211
3746.  0.0178019
3748.  0.015983
3750.  0.0139483
3752.  0.0179769
3754.  0.0196815
3756.  0.0184239
3758.  0.0173723
3760.  0.0139879
3762.  0.011873
3764.  0.0154227
3766.  0.0165334
3768.  0.0101745
3770.  0.0165466
3772.  0.0175434
3774.  0.0183347
3776.  0.0163859
3778.  0.0152897
3780.  0.0178197
3782.  0.0170131
3784.  0.015844
3786.  0.016611
3788.  0.0168469
3790.  0.0119504
3792.  0.0192786
3794.  0.0177519
3796.  0.0219467
3798.  0.0209351
3800.  0.0181405
3802.  0.0197849
3804.  0.0211404
3806.  0.0211508
3808.  0.0215638
3810.  0.0253358
3812.  0.0195473
3814.  0.0167512
3816.  0.0194478
3818.  0.0212664
3820.  0.0254879
3822.  0.0215268
3824.  0.0241537
3826.  0.0167005
3828.  0.0195147
3830.  0.0210273
3832.  0.0204974
3834.  0.0194256
3836.  0.02409
3838.  0.0195624
3840.  0.0217305
3842.  0.018947
3844.  0.0172959
3846.  0.0172461
3848.  0.0206
3850.  0.0235301
3852.  0.0210906
3854.  0.0205369
3856.  0.0184736
3858.  0.0173688
3860.  0.0197928
3862.  0.0201997
3864.  0.020152
3866.  0.0189648
3868.  0.0156967
3870.  0.017737
3872.  0.0211185
3874.  0.0216494
3876.  0.0209765
3878.  0.0180657
3880.  0.0198774
3882.  0.0197757
3884.  0.0165174
3886.  0.0185432
3888.  0.0166983
3890.  0.0157222
3892.  0.0121098
3894.  0.0146712
3896.  0.0133135
3898.  0.0162353
3900.  0.014708
3902.  0.0151802
3904.  0.0154207
3906.  0.0203619
3908.  0.0156887
3910.  0.0155884
3912.  0.0157485
3914.  0.0115565
3916.  0.0126041
3918.  0.0109377
3920.  0.0121292
3922.  0.0137599
3924.  0.01294
3926.  0.0139898
3928.  0.0114759
3930.  0.0120439
3932.  0.0133201
3934.  0.0126321
3936.  0.0119282
3938.  0.0139501
3940.  0.0153215
3942.  0.0145487
3944.  0.0134668
3946.  0.0147198
3948.  0.0109574
3950.  0.0115095
3952.  0.0105929
3954.  0.0140235
3956.  0.0119093
3958.  0.0115197
3960.  0.00900227
3962.  0.0122019
3964.  0.0126992
3966.  0.0109446
3968.  0.0123995
3970.  0.0103889
3972.  0.0124081
3974.  0.0123065
3976.  0.0108564
3978.  0.0104297
3980.  0.012308
3982.  0.0118018
3984.  0.0126103
3986.  0.0140107
3988.  0.0121308
3990.  0.0101716
3992.  0.0107173
3994.  0.0104359
3996.  0.0131131
3998.  0.0119148
4000.  0.0130843
4002.  0.0141379
4004.  0.0126879
4006.  0.0128836
4008.  0.0123218
4010.  0.0118637
4012.  0.0136808
4014.  0.0118892
4016.  0.0137306
4018.  0.0138069
4020.  0.01479
4022.  0.0157431
4024.  0.0106341
4026.  0.0106971
4028.  0.0164014
4030.  0.0156584
4032.  0.0144094
4034.  0.0133508
4036.  0.0150465
4038.  0.0141186
4040.  0.0173795
4042.  0.0134119
4044.  0.0148445
4046.  0.0130842
4048.  0.0143143
4050.  0.0137765
4052.  0.0134933
4054.  0.0152988
4056.  0.0146581
4058.  0.0173156
4060.  0.0161037
4062.  0.0114652
4064.  0.0181444
4066.  0.0174294
4068.  0.013507
4070.  0.0165473
4072.  0.0126993
4074.  0.0129419
4076.  0.0177756
4078.  0.0147256
4080.  0.0166176
4082.  0.0127529
4084.  0.0169695
4086.  0.0169542
4088.  0.0181468
4090.  0.0135044
4092.  0.0154325
4094.  0.014545
4096.  0.0154425
4098.  0.0163826
4100.  0.0127979
4102.  0.014323
4104.  0.0126539
4106.  0.0187135
4108.  0.0143179
4110.  0.0161019
4112.  0.0143179
4114.  0.0135299
4116.  0.0165018
4118.  0.0193707
4120.  0.0154125
4122.  0.0156308
4124.  0.0140938
4126.  0.0148684
4128.  0.0149786
4130.  0.0156837
4132.  0.0148604
4134.  0.0158051
4136.  0.0148157
4138.  0.0164725
4140.  0.0140169
4142.  0.0151213
4144.  0.0166276
4146.  0.0140108
4148.  0.0149344
4150.  0.0158477
4152.  0.0158503
4154.  0.0157071
4156.  0.0139039
4158.  0.0130517
4160.  0.0178789
4162.  0.0161912
4164.  0.016219
4166.  0.0159254
4168.  0.016236
4170.  0.014478
4172.  0.0148518
4174.  0.0150076
4176.  0.0135074
4178.  0.0155704
4180.  0.0147329
4182.  0.016764
4184.  0.0157395
4186.  0.0169425
4188.  0.0164427
4190.  0.0171882
4192.  0.0151823
4194.  0.0173069
4196.  0.0169776
4198.  0.0170837
4200.  0.0170817
4202.  0.0167005
4204.  0.0160252
4206.  0.0153874
4208.  0.0160079
4210.  0.0177639
4212.  0.0166517
4214.  0.0177983
4216.  0.0171312
4218.  0.0201285
4220.  0.0172398
4222.  0.0158578
4224.  0.0178593
4226.  0.020119
4228.  0.0178966
4230.  0.0181756
4232.  0.0177072
4234.  0.0192829
4236.  0.0185094
4238.  0.0189501
4240.  0.0189527
4242.  0.0209829
4244.  0.0197679
4246.  0.0216835
4248.  0.0206813
4250.  0.0185978
4252.  0.0223382
4254.  0.0200343
4256.  0.0208585
4258.  0.0225866
4260.  0.0235422
4262.  0.0252583
4264.  0.0219553
4266.  0.0217995
4268.  0.02475
4270.  0.0216752
4272.  0.0247662
4274.  0.024607
4276.  0.0229099
4278.  0.0226741
4280.  0.025112
4282.  0.0223314
4284.  0.022948
4286.  0.0252319
4288.  0.024911
4290.  0.0250944
4292.  0.0218148
4294.  0.0216332
4296.  0.0247075
4298.  0.0251017
4300.  0.0256461
4302.  0.0229065
4304.  0.0237535
4306.  0.0245743
4308.  0.02798
4310.  0.0243743
4312.  0.0242767
4314.  0.0259566
4316.  0.0247987
4318.  0.0258147
4320.  0.0251915
4322.  0.0258472
4324.  0.0270822
4326.  0.0249084
4328.  0.0251651
4330.  0.0255847
4332.  0.0243756
4334.  0.0248873
4336.  0.026161
4338.  0.0259604
4340.  0.0275701
4342.  0.0237515
4344.  0.0243031
4346.  0.0263125
4348.  0.024762
4350.  0.0264669
4352.  0.0243168
4354.  0.0254459
4356.  0.0255098
4358.  0.0287187
4360.  0.026331
4362.  0.0242266
4364.  0.0256953
4366.  0.0257821
4368.  0.025095
4370.  0.0268139
4372.  0.0257579
4374.  0.0239055
4376.  0.0253669
4378.  0.0240542
4380.  0.0229097
4382.  0.0246886
4384.  0.0242421
4386.  0.0246775
4388.  0.0226725
4390.  0.0206138
4392.  0.0249542
4394.  0.0244412
4396.  0.0217288
4398.  0.0220258
4400.  0.0223194
4402.  0.0249746
4404.  0.026888
4406.  0.0244128
4408.  0.0250863
4410.  0.0230139
4412.  0.0257314
4414.  0.0266592
4416.  0.0263679
4418.  0.0252649
4420.  0.0254435
4422.  0.0260525
4424.  0.0253773
4426.  0.0258924
4428.  0.0267245
4430.  0.0249738
4432.  0.0250431
4434.  0.0263281
4436.  0.0244801
4438.  0.0247548
4440.  0.0249332
4442.  0.0241365
4444.  0.027411
4446.  0.0252926
4448.  0.0263757
4450.  0.0260149
4452.  0.025856
4454.  0.0281978
4456.  0.0234266
4458.  0.0224356
4460.  0.0232774
4462.  0.0240011
4464.  0.0227805
4466.  0.0220224
4468.  0.0226954
4470.  0.0214105
4472.  0.0218909
4474.  0.0226831
4476.  0.0220989
4478.  0.0186701
4480.  0.0217668
4482.  0.0187336
4484.  0.0181748
4486.  0.0188676
4488.  0.0184036
4490.  0.0189515
4492.  0.0156482
4494.  0.0167052
4496.  0.0187038
4498.  0.0158089
4500.  0.0164541
4502.  0.0149881
4504.  0.0169339
4506.  0.0148873
4508.  0.0143285
4510.  0.0150475
4512.  0.0123678
4514.  0.0106698
4516.  0.0130865
4518.  0.0125042
4520.  0.0137031
4522.  0.0191253
4524.  0.0227274
4526.  0.0255433
4528.  0.0180509
4530.  0.0103487
4532.  0.0130484
4534.  0.0109859
4536.  0.0119417
4538.  0.0114887
4540.  0.0123804
4542.  0.0107119
4544.  0.0102334
4546.  0.013222
4548.  0.0114416
4550.  0.0121971
4552.  0.0108477
4554.  0.0103002
4556.  0.0115345
4558.  0.00937415
4560.  0.0105586
4562.  0.0108596
4564.  0.0114963
4566.  0.0107894
4568.  0.00923184
4570.  0.00874203
4572.  0.00827725
4574.  0.00978475
4576.  0.00958255
4578.  0.00866893
4580.  0.00965609
4582.  0.0107746
4584.  0.00912319
4586.  0.00898334
4588.  0.0102042
4590.  0.0113671
4592.  0.0126778
4594.  0.0109324
4596.  0.0115825
4598.  0.0103342
4600.  0.0108307
4602.  0.00985415
4604.  0.010611
4606.  0.0104814
4608.  0.0101907
4610.  0.00985518
4612.  0.010028
4614.  0.0108371
4616.  0.011992
4618.  0.0131641
4620.  0.0110244
4622.  0.012216
4624.  0.0123177
4626.  0.0124244
4628.  0.0104019
4630.  0.00911966
4632.  0.0125411
4634.  0.0143591
4636.  0.0112311
4638.  0.011723
4640.  0.0138128
4642.  0.0123177
4644.  0.0123462
4646.  0.013826
4648.  0.0130702
4650.  0.0145024
4652.  0.0134297
4654.  0.0173007
4656.  0.014308
4658.  0.0145979
4660.  0.0173562
4662.  0.015481
4664.  0.0156907
4666.  0.0151931
4668.  0.0174081
4670.  0.017035
4672.  0.0183397
4674.  0.0184432
4676.  0.0196369
4678.  0.0173986
4680.  0.018693
4682.  0.0202383
4684.  0.0195762
4686.  0.0190864
4688.  0.0216319
4690.  0.0243167
4692.  0.0224555
4694.  0.0235436
4696.  0.0227619
4698.  0.0254093
4700.  0.0232881
4702.  0.0254089
4704.  0.0253802
4706.  0.024465
4708.  0.024573
4710.  0.0274367
4712.  0.0256721
4714.  0.0252063
4716.  0.0266588
4718.  0.0263503
4720.  0.0257714
4722.  0.0270022
4724.  0.0265158
4726.  0.0282609
4728.  0.0298723
4730.  0.0289789
4732.  0.0283969
4734.  0.0275108
4736.  0.0304215
4738.  0.028538
4740.  0.0276242
4742.  0.0276141
4744.  0.0303315
4746.  0.029212
4748.  0.0289711
4750.  0.0311015
4752.  0.0301621
4754.  0.0315016
4756.  0.0286964
4758.  0.0289985
4760.  0.0286468
4762.  0.0308928
4764.  0.0308033
4766.  0.0325867
4768.  0.0343898
4770.  0.0315585
4772.  0.0313915
4774.  0.030538
4776.  0.0307899
4778.  0.0295268
4780.  0.0324237
4782.  0.0307623
4784.  0.0326479
4786.  0.0307479
4788.  0.0308795
4790.  0.0329323
4792.  0.0319481
4794.  0.0307864
4796.  0.0318843
4798.  0.0288347
4800.  0.0320671
4802.  0.033703
4804.  0.0323079
4806.  0.0326234
4808.  0.0293064
4810.  0.0304052
4812.  0.0306871
4814.  0.0293464
4816.  0.0282828
4818.  0.0303253
4820.  0.030234
4822.  0.0281633
4824.  0.0284082
4826.  0.0268469
4828.  0.029606
4830.  0.0279433
4832.  0.0281514
4834.  0.0263189
4836.  0.0255049
4838.  0.0248963
4840.  0.0250199
4842.  0.0259614
4844.  0.0243684
4846.  0.0254483
4848.  0.0246072
4850.  0.0252208
4852.  0.0227195
4854.  0.0244484
4856.  0.0237168
4858.  0.0225455
4860.  0.0263219
4862.  0.0257093
4864.  0.023064
4866.  0.0239094
4868.  0.0236307
4870.  0.0243587
4872.  0.0241009
4874.  0.0235364
4876.  0.0214528
4878.  0.0240595
4880.  0.0246931
4882.  0.0259969
4884.  0.0275274
4886.  0.0239623
4888.  0.023966
4890.  0.0257608
4892.  0.025533
4894.  0.0248221
4896.  0.0248696
4898.  0.0254959
4900.  0.0244024
4902.  0.0256441
4904.  0.0273501
4906.  0.0273397
4908.  0.0260636
4910.  0.0255725
4912.  0.0286889
4914.  0.0291447
4916.  0.0264792
4918.  0.0263431
4920.  0.026511
4922.  0.0278561
4924.  0.0283616
4926.  0.0285678
4928.  0.0278532
4930.  0.0284193
4932.  0.0309061
4934.  0.0287913
4936.  0.0279739
4938.  0.0297737
4940.  0.0294275
4942.  0.0278345
4944.  0.0287326
4946.  0.0281909
4948.  0.0287645
4950.  0.0299324
4952.  0.0298467
4954.  0.0273023
4956.  0.0288579
4958.  0.0312966
4960.  0.0304022
4962.  0.029935
4964.  0.0291514
4966.  0.0299147
4968.  0.0284067
4970.  0.0281326
4972.  0.0279437
4974.  0.0287882
4976.  0.0293562
4978.  0.0281804
4980.  0.0302322
4982.  0.0295199
4984.  0.0295116
4986.  0.0277593
4988.  0.0288757
4990.  0.0280124
4992.  0.0297849
4994.  0.0277032
4996.  0.0291904
4998.  0.0302091
5000.  0.0298892
5002.  0.0275108
5004.  0.0288504
5006.  0.0276637
5008.  0.0280193
5010.  0.0297728
5012.  0.0302354
5014.  0.0268682
5016.  0.0293839
5018.  0.0290345
5020.  0.0294016
5022.  0.0273571
5024.  0.02794
5026.  0.0286812
5028.  0.0257429
5030.  0.0274804
5032.  0.0273125
5034.  0.0283207
5036.  0.0265183
5038.  0.027745
5040.  0.0264115
5042.  0.0277053
5044.  0.0257163
5046.  0.0275431
5048.  0.026436
5050.  0.0284373
5052.  0.0270124
5054.  0.0278336
5056.  0.028058
5058.  0.0255377
5060.  0.026366
5062.  0.023889
5064.  0.024346
5066.  0.0239937
5068.  0.0253857
5070.  0.0276854
5072.  0.0239483
5074.  0.0255677
5076.  0.026963
5078.  0.024329
5080.  0.0249163
5082.  0.0242677
5084.  0.0260152
5086.  0.0246758
5088.  0.0263131
5090.  0.0245867
5092.  0.0244752
5094.  0.0249273
5096.  0.0249021
5098.  0.0231386
5100.  0.0230463
5102.  0.0254194
5104.  0.0242487
5106.  0.0236432
5108.  0.0235688
5110.  0.0234358
5112.  0.0214414
5114.  0.0237631
5116.  0.0254658
5118.  0.0236006
5120.  0.0231445
5122.  0.0237501
5124.  0.0237764
5126.  0.0220047
5128.  0.0238775
5130.  0.0202854
5132.  0.0220721
5134.  0.0200629
5136.  0.0218348
5138.  0.0207136
5140.  0.0217048
5142.  0.0223812
5144.  0.0207336
5146.  0.0214884
5148.  0.0207065
5150.  0.0210382
5152.  0.0229743
5154.  0.0205936
5156.  0.018615
5158.  0.0189821
5160.  0.0190091
5162.  0.0205308
5164.  0.0197922
5166.  0.0200073
5168.  0.0182056
5170.  0.0192446
5172.  0.0204637
5174.  0.0178337
5176.  0.0198885
5178.  0.0196378
5180.  0.0205573
5182.  0.0185813
5184.  0.0210339
5186.  0.0200235
5188.  0.0203963
5190.  0.0185439
5192.  0.0186334
5194.  0.0165816
5196.  0.0172151
5198.  0.0162778
5200.  0.0176653
5202.  0.0189504
5204.  0.0187924
5206.  0.0175734
5208.  0.0167866
5210.  0.0165448
5212.  0.0166841
5214.  0.0155623
5216.  0.0147734
5218.  0.0172349
5220.  0.0147204
5222.  0.0151627
5224.  0.0156527
5226.  0.0160952
5228.  0.0160066
5230.  0.0160054
5232.  0.0145255
5234.  0.0147488
5236.  0.0152777
5238.  0.0142027
5240.  0.0144225
5242.  0.013021
5244.  0.0151035
5246.  0.0142474
5248.  0.0138212
5250.  0.0152342
5252.  0.0147959
5254.  0.0163948
5256.  0.0142787
5258.  0.0158966
5260.  0.0145782
5262.  0.0151499
5264.  0.0146334
5266.  0.015871
5268.  0.0161533
5270.  0.0179404
5272.  0.0139413
5274.  0.0133953
5276.  0.0151477
5278.  0.0151513
5280.  0.0151519
5282.  0.0152406
5284.  0.0161789
5286.  0.014511
5288.  0.0149949
5290.  0.0153843
5292.  0.0160191
5294.  0.016246
5296.  0.0162211
5298.  0.0159581
5300.  0.0167606
5302.  0.0173572
5304.  0.0157981
5306.  0.0159356
5308.  0.0182447
5310.  0.0160618
5312.  0.0172327
5314.  0.0182065
5316.  0.0187754
5318.  0.0158553
5320.  0.0175438
5322.  0.0177449
5324.  0.0166075
5326.  0.0198247
5328.  0.0219851
5330.  0.0178681
5332.  0.017458
5334.  0.0181031
5336.  0.0197822
5338.  0.0177329
5340.  0.0198193
5342.  0.0186611
5344.  0.0169173
5346.  0.0184101
5348.  0.0190392
5350.  0.0173779
5352.  0.0175232
5354.  0.0174233
5356.  0.0175611
5358.  0.02037
5360.  0.01991
5362.  0.0179859
5364.  0.0190346
5366.  0.0192969
5368.  0.01688
5370.  0.0157471
5372.  0.0189917
5374.  0.0182771
5376.  0.0173687
5378.  0.0170035
5380.  0.0172723
5382.  0.0157233
5384.  0.016652
5386.  0.0157073
5388.  0.0190717
5390.  0.0175378
5392.  0.0167955
5394.  0.0168705
5396.  0.0172295
5398.  0.0182631
5400.  0.0170288
5402.  0.0165543
5404.  0.0158441
5406.  0.0167193
5408.  0.016517
5410.  0.0169176
5412.  0.0166267
5414.  0.0172999
5416.  0.0159324
5418.  0.0166366
5420.  0.0167948
5422.  0.0169535
5424.  0.0191784
5426.  0.0179291
5428.  0.0174301
5430.  0.0180335
5432.  0.0186911
5434.  0.0200989
5436.  0.0170436
5438.  0.0185014
5440.  0.0175792
5442.  0.0195942
5444.  0.0204052
5446.  0.0191708
5448.  0.0194183
5450.  0.0207169
5452.  0.0198024
5454.  0.0177904
5456.  0.0216933
5458.  0.0194134
5460.  0.0211481
5462.  0.0211738
5464.  0.0214663
5466.  0.0193875
5468.  0.0181133
5470.  0.0195297
5472.  0.0205413
5474.  0.0208362
5476.  0.01944
5478.  0.0191221
5480.  0.0196471
5482.  0.0187188
5484.  0.0230165
5486.  0.0203268
5488.  0.0218821
5490.  0.0220335
5492.  0.0211911
5494.  0.0213125
5496.  0.0172645
5498.  0.018976
5500.  0.0202525
5502.  0.02216
5504.  0.0207995
5506.  0.0226615
5508.  0.021324
5510.  0.0191438
5512.  0.0230895
5514.  0.020318
5516.  0.021001
5518.  0.0210553
5520.  0.02046
5522.  0.0196477
5524.  0.0204923
5526.  0.020654
5528.  0.0213595
5530.  0.0190468
5532.  0.0167908
5534.  0.0197106
5536.  0.0184036
5538.  0.0191649
5540.  0.0198201
5542.  0.0203974
5544.  0.016879
5546.  0.017508
5548.  0.0222283
5550.  0.0185349
5552.  0.0200396
5554.  0.0199917
5556.  0.0201694
5558.  0.0190914
5560.  0.0198816
5562.  0.0193306
5564.  0.019507
5566.  0.0193653
5568.  0.0178168
5570.  0.0177831
5572.  0.016914
5574.  0.0172626
5576.  0.0201403
5578.  0.0226412
5580.  0.0228962
5582.  0.0190369
5584.  0.0187543
5586.  0.019575
5588.  0.0190258
5590.  0.0177383
5592.  0.0179621
5594.  0.0190751
5596.  0.0185401
5598.  0.0183684
5600.  0.0193451
5602.  0.0198794
5604.  0.0193295
5606.  0.0181097
5608.  0.0177099
5610.  0.0202602
5612.  0.0192818
5614.  0.0190504
5616.  0.01754
5618.  0.0182281
5620.  0.0179895
5622.  0.0169319
5624.  0.0170687
5626.  0.0163523
5628.  0.0178191
5630.  0.0178344
5632.  0.0174361
5634.  0.0155111
5636.  0.0155532
5638.  0.0163986
5640.  0.0172986
5642.  0.0180769
5644.  0.016035
5646.  0.0143163
5648.  0.0160747
5650.  0.0144195
5652.  0.0129288
5654.  0.0148093
5656.  0.0150411
5658.  0.0142956
5660.  0.0134288
5662.  0.0146218
5664.  0.016909
5666.  0.0170821
5668.  0.0156672
5670.  0.0145998
5672.  0.0133798
5674.  0.0144651
5676.  0.0144382
5678.  0.014957
5680.  0.0135336
5682.  0.0120293
5684.  0.013053
5686.  0.0135315
5688.  0.0137647
5690.  0.0130182
5692.  0.0129932
5694.  0.0132402
5696.  0.0131115
5698.  0.0130263
5700.  0.0125927
5702.  0.0132815
5704.  0.0131915
5706.  0.0127769
5708.  0.0128173
5710.  0.0117994
5712.  0.0104027
5714.  0.0126384
5716.  0.0149754
5718.  0.0133983
5720.  0.0127405
5722.  0.0122198
5724.  0.0118572
5726.  0.0118993
5728.  0.0125285
5730.  0.0131944
5732.  0.0133352
5734.  0.0130877
5736.  0.0134365
5738.  0.013699
5740.  0.012956
5742.  0.0133395
5744.  0.0122804
5746.  0.0120812
5748.  0.0124987
5750.  0.0122244
5752.  0.0122339
5754.  0.0130759
5756.  0.0122926
5758.  0.0118024
5760.  0.0130812
5762.  0.0130802
5764.  0.0121216
5766.  0.011668
5768.  0.0111399
5770.  0.0123684
5772.  0.0125142
5774.  0.0104233
5776.  0.0111723
5778.  0.0114237
5780.  0.0110195
5782.  0.0108822
5784.  0.010891
5786.  0.0117287
5788.  0.0115362
5790.  0.0107056
5792.  0.0102079
5794.  0.0106782
5796.  0.0117073
5798.  0.0107616
5800.  0.0105518
5802.  0.0110054
5804.  0.0115599
5806.  0.0108072
5808.  0.0115007
5810.  0.0127436
5812.  0.0119736
5814.  0.0116176
5816.  0.0111637
5818.  0.0108032
5820.  0.0110949
5822.  0.0121776
5824.  0.0123544
5826.  0.0115011
5828.  0.0114902
5830.  0.0112272
5832.  0.0113858
5834.  0.0116995
5836.  0.0121589
5838.  0.0116056
5840.  0.011286
5842.  0.0127688
5844.  0.0128528
5846.  0.0119576
5848.  0.0123917
5850.  0.011537
5852.  0.0116133
5854.  0.0118948
5856.  0.011039
5858.  0.0111643
5860.  0.0110239
5862.  0.0103686
5864.  0.0100088
5866.  0.0110938
5868.  0.0120321
5870.  0.0114487
5872.  0.0102525
5874.  0.0090406
5876.  0.0106103
5878.  0.0104267
5880.  0.00898414
5882.  0.0103493
5884.  0.00991874
5886.  0.00816806
5888.  0.0104312
5890.  0.0102373
5892.  0.00955928
5894.  0.0092619
5896.  0.00867382
5898.  0.00936359
5900.  0.00805824
5902.  0.0113004
5904.  0.0123608
5906.  0.0108665
5908.  0.00982239
5910.  0.00954778
5912.  0.00809409
5914.  0.00954946
5916.  0.00950829
5918.  0.00819195
5920.  0.00857373
5922.  0.00807122
5924.  0.00832179
5926.  0.00899082
5928.  0.0091565
5930.  0.00929096
5932.  0.00891765
5934.  0.00746616
5936.  0.00801073
5938.  0.00874279
5940.  0.00955832
5942.  0.00920969
5944.  0.0090553
5946.  0.0102968
5948.  0.00972627
5950.  0.00893579
5952.  0.00990284
5954.  0.00868276
5956.  0.0101616
5958.  0.0111283
5960.  0.0104316
5962.  0.00964405
5964.  0.00974342
5966.  0.0101459
5968.  0.0101117
5970.  0.00900504
5972.  0.0103187
5974.  0.00906467
5976.  0.00969074
5978.  0.0104517
5980.  0.0102452
5982.  0.00988282
5984.  0.00986722
5986.  0.0114353
5988.  0.0099209
5990.  0.00842419
5992.  0.00937133
5994.  0.0100825
5996.  0.0102262
5998.  0.0108463
6000.  0.010879
6002.  0.0104921
6004.  0.0115979
6006.  0.0111697
6008.  0.010895
6010.  0.0103156
6012.  0.0108
6014.  0.0108867
6016.  0.0105074
6018.  0.0116193
6020.  0.0124653
6022.  0.013071
6024.  0.0135821
6026.  0.0111118
6028.  0.0108885
6030.  0.0108146
6032.  0.0102554
6034.  0.00974165
6036.  0.0103602
6038.  0.0107549
6040.  0.00970885
6042.  0.0100439
6044.  0.0102775
6046.  0.0103402
6048.  0.0106077
6050.  0.0108287
6052.  0.0101566
6054.  0.00963621
6056.  0.0096358
6058.  0.0108688
6060.  0.0108736
6062.  0.0104438
6064.  0.010054
6066.  0.0104062
6068.  0.0106451
6070.  0.0106941
6072.  0.0115311
6074.  0.0116327
6076.  0.0126994
6078.  0.0159636
6080.  0.018255
6082.  0.0162284
6084.  0.0122092
6086.  0.0116221
6088.  0.0110892
6090.  0.0126259
6092.  0.0117523
6094.  0.0109885
6096.  0.0114914
6098.  0.0112453
6100.  0.010826
6102.  0.0107041
6104.  0.0108217
6106.  0.0104047
6108.  0.0112885
6110.  0.0106159
6112.  0.0112931
6114.  0.0113042
6116.  0.0115154
6118.  0.011197
6120.  0.0116077
6122.  0.0112282
6124.  0.0113478
6126.  0.0110944
6128.  0.0106346
6130.  0.010918
6132.  0.0118071
6134.  0.0122773
6136.  0.0128376
6138.  0.011874
6140.  0.0110049
6142.  0.0108066
6144.  0.0118173
6146.  0.012149
6148.  0.0129028
6150.  0.0119442
6152.  0.0116623
6154.  0.0126886
6156.  0.0122253
6158.  0.0117197
6160.  0.0118227
6162.  0.0120865
6164.  0.0118527
6166.  0.0115565
6168.  0.0119462
6170.  0.0117126
6172.  0.0115026
6174.  0.0131218
6176.  0.013544
6178.  0.0127296
6180.  0.0129077
6182.  0.01335
6184.  0.0125392
6186.  0.0118849
6188.  0.0126735
6190.  0.0126951
6192.  0.0132857
6194.  0.0133825
6196.  0.0124599
6198.  0.0125241
6200.  0.0126531
6202.  0.0128044
6204.  0.0126251
6206.  0.0120839
6208.  0.0121537
6210.  0.0126917
6212.  0.0129553
6214.  0.0128715
6216.  0.013414
6218.  0.0133291
6220.  0.0130003
6222.  0.0124385
6224.  0.0131339
6226.  0.0135311
6228.  0.0127072
6230.  0.0126779
6232.  0.0129889
6234.  0.0136584
6236.  0.0116714
6238.  0.011438
6240.  0.0125502
6242.  0.0134665
6244.  0.0122721
6246.  0.0125733
6248.  0.0128716
6250.  0.0122203
6252.  0.0126495
6254.  0.0131397
6256.  0.0129126
6258.  0.0122834
6260.  0.0129773
6262.  0.0131251
6264.  0.0122715
6266.  0.0119278
6268.  0.0119615
6270.  0.0128743
6272.  0.0122837
6274.  0.0113288
6276.  0.0116888
6278.  0.0108628
6280.  0.0111016
6282.  0.0116846
6284.  0.0124232
6286.  0.0126418
6288.  0.0119145
6290.  0.0117177
6292.  0.0113877
6294.  0.0123852
6296.  0.0107956
6298.  0.0118165
6300.  0.0147537
6302.  0.012174
6304.  0.0112022
6306.  0.0131387
6308.  0.0130147
6310.  0.0123973
6312.  0.0126228
6314.  0.0117945
6316.  0.0120711
6318.  0.0119733
6320.  0.0123629
6322.  0.0132784
6324.  0.0125205
6326.  0.0123346
6328.  0.0129286
6330.  0.0128494
6332.  0.0128286
6334.  0.0127812
6336.  0.0130709
6338.  0.0124655
6340.  0.0112527
6342.  0.0116382
6344.  0.0130502
6346.  0.012928
6348.  0.0120168
6350.  0.011391
6352.  0.0116933
6354.  0.0107528
6356.  0.011286
6358.  0.0110594
6360.  0.0103889
6362.  0.0104699
6364.  0.011055
6366.  0.0121272
6368.  0.0111561
6370.  0.0102325
6372.  0.0100696
6374.  0.00975593
6376.  0.0100499
6378.  0.00990329
6380.  0.0103539
6382.  0.0103761
6384.  0.0103369
6386.  0.0102571
6388.  0.0101568
6390.  0.00988316
6392.  0.00993844
6394.  0.0091815
6396.  0.00959316
6398.  0.0101251
6400.  0.00898587
6402.  0.00896549
6404.  0.00805902
6406.  0.00825332
6408.  0.00805311
6410.  0.00802242
6412.  0.00898556
6414.  0.00846964
6416.  0.00843019
6418.  0.00861187
6420.  0.00831377
6422.  0.00884325
6424.  0.00832902
6426.  0.0086362
6428.  0.00829115
6430.  0.00893316
6432.  0.00925426
6434.  0.00882795
6436.  0.00780013
6438.  0.0084066
6440.  0.00823818
6442.  0.00783748
6444.  0.0085698
6446.  0.00796755
6448.  0.00818636
6450.  0.00766524
6452.  0.00817162
6454.  0.00860979
6456.  0.00907473
6458.  0.00866021
6460.  0.00847335
6462.  0.00755379
6464.  0.0082496
6466.  0.00995691
6468.  0.00938316
6470.  0.00866055
6472.  0.00896033
6474.  0.00895848
6476.  0.00801426
6478.  0.00890182
6480.  0.00929121
6482.  0.00833769
6484.  0.00889486
6486.  0.00826962
6488.  0.00812643
6490.  0.00845819
6492.  0.00921154
6494.  0.00942008
6496.  0.009384
6498.  0.00999613
6500.  0.0104192
6502.  0.00913845
6504.  0.00893669
6506.  0.00826061
6508.  0.0095458
6510.  0.00930564
6512.  0.00857311
6514.  0.00936082
6516.  0.00919647
6518.  0.00914977
6520.  0.00891776
6522.  0.00908856
6524.  0.00962864
6526.  0.00999724
6528.  0.00957499
6530.  0.0093694
6532.  0.00974478
6534.  0.00952268
6536.  0.00952493
6538.  0.0102049
6540.  0.0104362
6542.  0.0101044
6544.  0.010227
6546.  0.00964839
6548.  0.009657
6550.  0.0107444
6552.  0.0105778
6554.  0.00983039
6556.  0.00949151
6558.  0.0100189
6560.  0.00947832
6562.  0.00993181
6564.  0.00927471
6566.  0.00860939
6568.  0.00855777
6570.  0.00903337
6572.  0.00891712
6574.  0.0079291
6576.  0.00790822
6578.  0.00946997
6580.  0.0101814
6582.  0.00900281
6584.  0.00919527
6586.  0.00977171
6588.  0.00957428
6590.  0.00880635
6592.  0.0083967
6594.  0.00855866
6596.  0.00747016
6598.  0.00805967
6600.  0.00890807
6602.  0.00794722
6604.  0.00738521
6606.  0.00766082
6608.  0.0086311
6610.  0.00888219
6612.  0.00836048
6614.  0.0083657
6616.  0.00826916
6618.  0.00764291
6620.  0.00760264
6622.  0.00823641
6624.  0.00818178
6626.  0.00729541
6628.  0.006667
6630.  0.00734865
6632.  0.00792714
6634.  0.00816055
6636.  0.00781493
6638.  0.00650852
6640.  0.0069858
6642.  0.00773893
6644.  0.00806633
6646.  0.00890788
6648.  0.00789298
6650.  0.00773965
6652.  0.00724822
6654.  0.00711436
6656.  0.00801623
6658.  0.00744052
6660.  0.00723427
6662.  0.0075472
6664.  0.00733847
6666.  0.00801751
6668.  0.0082432
6670.  0.00714228
6672.  0.00779691
6674.  0.00773443
6676.  0.00750135
6678.  0.0079034
6680.  0.00852434
6682.  0.00818343
6684.  0.00773918
6686.  0.00807346
6688.  0.00833381
6690.  0.00805237
6692.  0.00854897
6694.  0.0082161
6696.  0.00780858
6698.  0.00864604
6700.  0.00913921
6702.  0.00967245
6704.  0.00902441
6706.  0.00884103
6708.  0.00921998
6710.  0.0101101
6712.  0.00992576
6714.  0.00947396
6716.  0.00944828
6718.  0.00931926
6720.  0.00945256
6722.  0.0096257
6724.  0.0106488
6726.  0.010198
6728.  0.00960133
6730.  0.00977933
6732.  0.00938145
6734.  0.0104903
6736.  0.0105933
6738.  0.0105198
6740.  0.00964274
6742.  0.00918251
6744.  0.010384
6746.  0.0115615
6748.  0.011544
6750.  0.0096704
6752.  0.00937193
6754.  0.0109069
6756.  0.0108397
6758.  0.00989308
6760.  0.0095575
6762.  0.0109578
6764.  0.0108525
6766.  0.0104234
6768.  0.0109946
6770.  0.00983497
6772.  0.0100147
6774.  0.0106938
6776.  0.0108339
6778.  0.0101945
6780.  0.0106548
6782.  0.0109026
6784.  0.0108221
6786.  0.0105358
6788.  0.0106015
6790.  0.0101028
6792.  0.00990288
6794.  0.0115735
6796.  0.010411
6798.  0.0104477
6800.  0.00993663
6802.  0.00918588
6804.  0.0104986
6806.  0.010691
6808.  0.0103241
6810.  0.00972047
6812.  0.0096269
6814.  0.00974899
6816.  0.00937359
6818.  0.00969161
6820.  0.0100785
6822.  0.00970837
6824.  0.00929819
6826.  0.0102969
6828.  0.0103882
6830.  0.00989466
6832.  0.00971363
6834.  0.010539
6836.  0.010795
6838.  0.0107369
6840.  0.0101803
6842.  0.0105292
6844.  0.0100839
6846.  0.0102228
6848.  0.0102215
6850.  0.011031
6852.  0.010076
6854.  0.00961548
6856.  0.00980455
6858.  0.0101342
6860.  0.00979602
6862.  0.0100781
6864.  0.0110397
6866.  0.0110745
6868.  0.00994074
6870.  0.00952808
6872.  0.00966857
6874.  0.00940446
6876.  0.00779184
6878.  0.00908876
6880.  0.01045
6882.  0.00939442
6884.  0.00966657
6886.  0.0103737
6888.  0.00956576
6890.  0.0088319
6892.  0.00959712
6894.  0.0101484
6896.  0.0097067
6898.  0.0108538
6900.  0.0106665
6902.  0.0107093
6904.  0.0110928
6906.  0.0103536
6908.  0.01015
6910.  0.0107971
6912.  0.0100393
6914.  0.0102685
6916.  0.0101255
6918.  0.00957197
6920.  0.0103556
6922.  0.0104596
6924.  0.00987951
6926.  0.00908525
6928.  0.00886622
6930.  0.0099209
6932.  0.00893531
6934.  0.00975999
6936.  0.0102724
6938.  0.0109736
6940.  0.0102965
6942.  0.00996619
6944.  0.00949823
6946.  0.00985418
6948.  0.0101465
6950.  0.00945229
6952.  0.00923294
6954.  0.00954338
6956.  0.00963343
6958.  0.00977223
6960.  0.0100102
6962.  0.00915597
6964.  0.00920255
6966.  0.00944503
6968.  0.00976861
6970.  0.00926826
6972.  0.00861653
6974.  0.00917148
6976.  0.0098481
6978.  0.00929541
6980.  0.00986306
6982.  0.00884639
6984.  0.00879034
6986.  0.00976569
6988.  0.00922692
6990.  0.00877891
6992.  0.00851725
6994.  0.00826341
6996.  0.00811623
6998.  0.00890137
7000.  0.00867205
7002.  0.00817148
7004.  0.00920857
7006.  0.00865255
7008.  0.0084659
7010.  0.00890265
7012.  0.0085031
7014.  0.00804309
7016.  0.00822707
7018.  0.00864995
7020.  0.00890013
7022.  0.00818223
7024.  0.00863668
7026.  0.00884942
7028.  0.00924261
7030.  0.00858973
7032.  0.00868204
7034.  0.00825537
7036.  0.00754611
7038.  0.00871106
7040.  0.00876149
7042.  0.00799345
7044.  0.00855402
7046.  0.00817535
7048.  0.00835628
7050.  0.00897517
7052.  0.0091237
7054.  0.00941329
7056.  0.00837584
7058.  0.00817267
7060.  0.00860493
7062.  0.00972542
7064.  0.00926279
7066.  0.00838107
7068.  0.00913119
7070.  0.00923595
7072.  0.00924175
7074.  0.00986545
7076.  0.00980141
7078.  0.00877397
7080.  0.00846282
7082.  0.00862599
7084.  0.00915752
7086.  0.00918408
7088.  0.00850999
7090.  0.0084864
7092.  0.00887912
7094.  0.0088861
7096.  0.00894314
7098.  0.00886583
7100.  0.00876887
7102.  0.00907531
7104.  0.00896073
7106.  0.00939927
7108.  0.00951163
7110.  0.00936046
7112.  0.00917722
7114.  0.00917128
7116.  0.00938279
7118.  0.00806452
7120.  0.00809899
7122.  0.00857649
7124.  0.00874156
7126.  0.00899307
7128.  0.00879072
7130.  0.0091151
7132.  0.00966084
7134.  0.0095157
7136.  0.00904812
7138.  0.00871859
7140.  0.00894698
7142.  0.00877255
7144.  0.00845916
7146.  0.00926701
7148.  0.00955263
7150.  0.00933693
7152.  0.00927775
7154.  0.00861424
7156.  0.00874872
7158.  0.00871628
7160.  0.00962676
7162.  0.0100156
7164.  0.0092688
7166.  0.00961861
7168.  0.00928753
7170.  0.00878928
7172.  0.00940974
7174.  0.00904894
7176.  0.00895534
7178.  0.00871356
7180.  0.00915629
7182.  0.00918614
7184.  0.00839747
7186.  0.00891097
7188.  0.00827753
7190.  0.00891505
7192.  0.00866903
7194.  0.00831646
7196.  0.00919881
7198.  0.00830902
7200.  0.00853502
7202.  0.00850952
7204.  0.007955
7206.  0.00834414
7208.  0.00897023
7210.  0.00952762
7212.  0.00863933
7214.  0.00909748
7216.  0.0100637
7218.  0.00955372
7220.  0.00876031
7222.  0.00908367
7224.  0.00895951
7226.  0.00931349
7228.  0.00950979
7230.  0.00905502
7232.  0.00857987
7234.  0.00915604
7236.  0.00895631
7238.  0.0087645
7240.  0.00903379
7242.  0.00851664
7244.  0.00825993
7246.  0.00882612
7248.  0.00850884
7250.  0.00850657
7252.  0.00850072
7254.  0.00899343
7256.  0.00845148
7258.  0.00861133
7260.  0.00867035
7262.  0.00818868
7264.  0.00801056
7266.  0.00865825
7268.  0.0089111
7270.  0.00789241
7272.  0.00811849
7274.  0.00924438
7276.  0.00864955
7278.  0.00814194
7280.  0.00801938
7282.  0.00783963
7284.  0.00735019
7286.  0.0087098
7288.  0.00764789
7290.  0.00785661
7292.  0.00809057
7294.  0.00751223
7296.  0.00815688
7298.  0.00819328
7300.  0.00783875
7302.  0.0077967
7304.  0.00877328
7306.  0.00822225
7308.  0.00799409
7310.  0.00765713
7312.  0.00708882
7314.  0.00793809
7316.  0.00770545
7318.  0.00811557
7320.  0.00860041
7322.  0.00865829
7324.  0.00719866
7326.  0.00730006
7328.  0.00755227
7330.  0.00878279
7332.  0.00800518
7334.  0.00702724
7336.  0.00782801
7338.  0.00876207
7340.  0.00910968
7342.  0.00923704
7344.  0.00675673
7346.  0.00654282
7348.  0.00695384
7350.  0.00646128
7352.  0.0071935
7354.  0.0072993
7356.  0.00713849
7358.  0.00742222
7360.  0.00744221
7362.  0.00673411
7364.  0.00625245
7366.  0.00578376
7368.  0.00717047
7370.  0.00777319
7372.  0.00697886
7374.  0.00697535
7376.  0.0056542
7378.  0.00575465
7380.  0.00595095
7382.  0.00564314
7384.  0.00531083
7386.  0.00521789
7388.  0.00496528
7390.  0.00468644
7392.  0.00419619
7394.  0.00520628
7396.  0.00559481
7398.  0.00423146
7400.  0.00407495
7402.  0.005359
7404.  0.00553005
7406.  0.00462092
7408.  0.00443157
7410.  0.00387125
7412.  0.00428318
7414.  0.00473438
7416.  0.00429746
7418.  0.00441867
7420.  0.00376916
7422.  0.00387753
7424.  0.00426226
7426.  0.00354389
7428.  0.00375084
7430.  0.00390781
7432.  0.00314532
7434.  0.00325803
7436.  0.0038137
7438.  0.00419259
7440.  0.00391635
7442.  0.00362
7444.  0.00379288
7446.  0.0035476
7448.  0.00352409
7450.  0.0034245
7452.  0.00311475
7454.  0.00273384
7456.  0.00311763
7458.  0.00372128
7460.  0.00255187
7462.  0.00242951
7464.  0.00295825
7466.  0.00330268
7468.  0.004062
7470.  0.00428324
7472.  0.00327217
7474.  0.00353741
7476.  0.00404124
7478.  0.00455435
7480.  0.00382855
7482.  0.00295561
7484.  0.00306102
7486.  0.00302127
7488.  0.00350783
7490.  0.0036921
7492.  0.00343734
7494.  0.00390493
7496.  0.00322348
7498.  0.00341373
7500.  0.00423279
7502.  0.00428653
7504.  0.00357096
7506.  0.0036136
7508.  0.0044964
7510.  0.00482481
7512.  0.0055184
7514.  0.00523034
7516.  0.00436512
7518.  0.00435962
7520.  0.00527168
7522.  0.00462916
7524.  0.00518769
7526.  0.00524294
7528.  0.00477099
7530.  0.00421241
7532.  0.00472656
7534.  0.00499285
7536.  0.00461906
7538.  0.0046612
7540.  0.00514439
7542.  0.00482836
7544.  0.00489853
7546.  0.00580751
7548.  0.00486925
7550.  0.00559075
7552.  0.00555794
7554.  0.00552596
7556.  0.00546657
7558.  0.00564686
7560.  0.00607923
7562.  0.00632238
7564.  0.00541845
7566.  0.00508177
7568.  0.0063176
7570.  0.005746
7572.  0.00583433
7574.  0.00619912
7576.  0.00673595
7578.  0.00632085
7580.  0.00661077
7582.  0.00758893
7584.  0.0072553
7586.  0.00647951
7588.  0.00721999
7590.  0.0077568
7592.  0.00782718
7594.  0.00867088
7596.  0.00743753
7598.  0.00641585
7600.  0.00650344
7602.  0.00609281
7604.  0.00579629
7606.  0.00482042
7608.  0.00641644
7610.  0.00715203
7612.  0.00674499
7614.  0.00706472
7616.  0.00844866
7618.  0.00832538
7620.  0.00847199
7622.  0.00772923
7624.  0.00794668
7626.  0.00772579
7628.  0.00792415
7630.  0.00964197
7632.  0.00867427
7634.  0.0067056
7636.  0.00644084
7638.  0.00744916
7640.  0.00716867
7642.  0.0070166
7644.  0.00734419
7646.  0.00877628
7648.  0.00914949
7650.  0.00803153
7652.  0.00893569
7654.  0.00879727
7656.  0.0078944
7658.  0.0078563
7660.  0.00884289
7662.  0.00953025
7664.  0.00821627
7666.  0.00759363
7668.  0.00811903
7670.  0.00844796
7672.  0.0079428
7674.  0.00775393
7676.  0.00828725
7678.  0.00854584
7680.  0.00828778
7682.  0.00815713
7684.  0.00773706
7686.  0.00770028
7688.  0.00662572
7690.  0.00728918
7692.  0.00833074
7694.  0.00798637
7696.  0.00868795
7698.  0.00992611
7700.  0.00891078
7702.  0.00838565
7704.  0.00804689
7706.  0.00719754
7708.  0.00653867
7710.  0.0067149
7712.  0.00721035
7714.  0.00890468
7716.  0.00882151
7718.  0.00989393
7720.  0.00831811
7722.  0.00761676
7724.  0.00844488
7726.  0.00840655
7728.  0.00788905
7730.  0.0084618
7732.  0.00830083
7734.  0.007187
7736.  0.00821988
7738.  0.00735022
7740.  0.00660925
7742.  0.007943
7744.  0.00747359
7746.  0.00680051
7748.  0.00633731
7750.  0.00701494
7752.  0.0101169
7754.  0.00927125
7756.  0.00887037
7758.  0.00923251
7760.  0.00975055
7762.  0.00895679
7764.  0.00859452
7766.  0.00901478
7768.  0.00761554
7770.  0.0083929
7772.  0.0085297
7774.  0.00837279
7776.  0.00731224
7778.  0.00737113
7780.  0.00633342
7782.  0.0069901
7784.  0.00710019
7786.  0.00741174
7788.  0.00669379
7790.  0.0069422
7792.  0.00756544
7794.  0.00865621
7796.  0.00940007
7798.  0.00817649
7800.  0.0079727
7802.  0.00735128
7804.  0.00661977
7806.  0.00671306
7808.  0.00641802
7810.  0.00675363
7812.  0.00713206
7814.  0.00764058
7816.  0.00619893
7818.  0.00748714
7820.  0.00850592
7822.  0.01061
7824.  0.0098502
7826.  0.00768264
7828.  0.00757022
7830.  0.00886181
7832.  0.00804728
7834.  0.00826439
7836.  0.00811599
7838.  0.00774753
7840.  0.00788248
7842.  0.00702368
7844.  0.0061734
7846.  0.00633205
7848.  0.00754393
7850.  0.00750978
7852.  0.00691666
7854.  0.00820115
7856.  0.00727258
7858.  0.00534769
7860.  0.00567804
7862.  0.00674939
7864.  0.00616476
7866.  0.0067828
7868.  0.00761505
7870.  0.00646358
7872.  0.006456
7874.  0.00577306
7876.  0.00625689
7878.  0.00657811
7880.  0.00609265
7882.  0.00728753
7884.  0.00553033
7886.  0.00428849
7888.  0.00600691
7890.  0.00708129
7892.  0.00644159
7894.  0.00645945
7896.  0.00605774
7898.  0.00723492
7900.  0.00682533
7902.  0.00625778
7904.  0.00656763
7906.  0.00556269
7908.  0.00488185
7910.  0.00613117
7912.  0.00486683
7914.  0.00688333
7916.  0.0063067
7918.  0.00750277
7920.  0.00629
7922.  0.00638727
7924.  0.0050635
7926.  0.00541897
7928.  0.00652116
7930.  0.00693368
7932.  0.0057068
7934.  0.00582633
7936.  0.00691061
7938.  0.00615429
7940.  0.00577262
7942.  0.00656486
7944.  0.00653066
7946.  0.00648822
7948.  0.00600458
7950.  0.00669445
7952.  0.00664651
7954.  0.0063308
7956.  0.00639806
7958.  0.00488536
7960.  0.00498879
7962.  0.00721876
7964.  0.00955912
7966.  0.0140095
7968.  0.0127996
7970.  0.00895595
7972.  0.00749708
7974.  0.00705108
7976.  0.00858197
7978.  0.00792907
7980.  0.00646439
7982.  0.00611735
7984.  0.00534823
7986.  0.00534914
7988.  0.00535303
7990.  0.00626296
7992.  0.0070713
7994.  0.00654326
7996.  0.00693346
7998.  0.00752821
8000.  0.00685623
8002.  0.00587529
8004.  0.00554955
8006.  0.00544567
8008.  0.00640342
8010.  0.00738196
8012.  0.00659102
8014.  0.00646886
8016.  0.00690641
8018.  0.00791552
8020.  0.00584917
8022.  0.00573205
8024.  0.00538268
8026.  0.00516717
8028.  0.00530723
8030.  0.00400323
8032.  0.00471281
8034.  0.00568174
8036.  0.00515377
8038.  0.00588549
8040.  0.00635045
8042.  0.00582681
8044.  0.00539682
8046.  0.00485781
8048.  0.00438696
8050.  0.00480937
8052.  0.00495069
8054.  0.00609578
8056.  0.00550168
8058.  0.005068
8060.  0.00605284
8062.  0.00646743
8064.  0.00452725
8066.  0.00481953
8068.  0.0052183
8070.  0.00540632
8072.  0.00532796
8074.  0.00481347
8076.  0.00555643
8078.  0.00539608
8080.  0.00590123
8082.  0.00604592
8084.  0.00537761
8086.  0.00529737
8088.  0.00525371
8090.  0.00510276
8092.  0.0060409
8094.  0.00607662
8096.  0.00527318
8098.  0.00578148
8100.  0.00520139
8102.  0.00488412
8104.  0.00536514
8106.  0.00514167
8108.  0.00435499
8110.  0.0051198
8112.  0.00654216
8114.  0.00627422
8116.  0.00520769
8118.  0.00529568
8120.  0.00488181
8122.  0.00421109
8124.  0.0040914
8126.  0.00513743
8128.  0.00537376
8130.  0.00408608
8132.  0.00467152
8134.  0.00484467
8136.  0.00499517
8138.  0.00595254
8140.  0.00636828
8142.  0.00549603
8144.  0.00597459
8146.  0.0060261
8148.  0.00700012
8150.  0.00672736
8152.  0.00613597
8154.  0.00538367
8156.  0.00581653
8158.  0.00631441
8160.  0.00548496
8162.  0.00428733
8164.  0.00454471
8166.  0.00490377
8168.  0.00555836
8170.  0.00564983
8172.  0.00656213
8174.  0.0060898
8176.  0.00442623
8178.  0.0053082
8180.  0.00601303
8182.  0.00515987
8184.  0.00610981
8186.  0.00614292
8188.  0.00531012
8190.  0.00491908
8192.  0.00501134
8194.  0.00600593
8196.  0.00497858
8198.  0.00462451
8200.  0.00501126
8202.  0.00497052
8204.  0.0051274
8206.  0.00516642
8208.  0.00489887
8210.  0.00490174
8212.  0.00413084
8214.  0.00352499
8216.  0.00392547
8218.  0.00482274
8220.  0.00447806
8222.  0.00352476
8224.  0.00427169
8226.  0.00473808
8228.  0.00389437
8230.  0.00375181
8232.  0.00396575
8234.  0.00370328
8236.  0.00474684
8238.  0.00488834
8240.  0.0041363
8242.  0.0033909
8244.  0.00440079
8246.  0.00538991
8248.  0.00505731
8250.  0.00467171
8252.  0.00463648
8254.  0.00468281
8256.  0.00423721
8258.  0.00492473
8260.  0.0047187
8262.  0.00492795
8264.  0.00457494
8266.  0.00442284
8268.  0.00424985
8270.  0.00529176
8272.  0.00499389
8274.  0.0040881
8276.  0.00565917
8278.  0.00496827
8280.  0.00572733
8282.  0.00241752
8284.  0.00316105
8286.  0.00236062
8288.  0.00130828
8290.  0.00273582
8292.  0.00251437
8294.  0.00359541
8296.  0.00487992
8298.  0.00432263
8300.  0.0060116
8302.  0.00400285
8304.  0.00544576
8306.  0.00651182
8308.  0.00401528
8310.  0.00487816
8312.  0.0052756
8314.  0.00414062
8316.  0.0048624
8318.  0.00518043
8320.  0.00468023
8322.  0.00489046
8324.  0.0052925
8326.  0.00478447
8328.  0.00504674
8330.  0.00370382
8332.  0.00387638
8334.  0.00428027
8336.  0.00403284
8338.  0.00260328
8340.  -4.172660E-4
8342.  9.826630E-4
8344.  0.0022391
8346.  6.674520E-4
8348.  0.00369121
8350.  0.00388587
8352.  0.00224924
8354.  0.00246219
8356.  0.00386862
8358.  0.00525646
8360.  0.00490453
8362.  0.00316438
8364.  0.00311595
8366.  0.00532016
8368.  0.00556539
8370.  0.00413918
8372.  0.00417656
8374.  0.00427946
8376.  0.00406164
8378.  0.00398172
8380.  0.00381985
8382.  0.00580738
8384.  0.00572724
8386.  0.00474953
8388.  0.00490031
8390.  0.00544437
8392.  0.00313191
8394.  0.00104268
8396.  0.00197333
8398.  0.00494478
8400.  0.0068636
8402.  0.00581377
8404.  0.00347484
8406.  0.00458059
8408.  0.0041056
8410.  0.0037029
8412.  0.00439751
8414.  0.00305453
8416.  0.00605912
8418.  0.0033473
8420.  0.00331433
8422.  0.00406426
8424.  0.00325931
8426.  0.00484474
8428.  0.00703716
8430.  0.00717126
8432.  0.00285325
8434.  0.0017655
8436.  0.00331339
8438.  0.00479555
8440.  0.00461128
8442.  0.00373705
8444.  0.00349829
8446.  0.00400699
8448.  0.0034071
8450.  0.00406141
8452.  0.00494057
8454.  0.00420411
8456.  0.00415228
8458.  0.00390575
8460.  0.00500883
8462.  0.00427611
8464.  0.00401365
8466.  0.00405315
8468.  0.00400709
8470.  0.00529334
8472.  0.00372493
8474.  0.00393005
8476.  0.00405355
8478.  0.00408735
8480.  0.00442904
8482.  0.00393027
8484.  0.00364331
8486.  0.00368556
8488.  0.00417132
8490.  0.00352543
8492.  0.00313031
8494.  0.00257533
8496.  0.00263757
8498.  0.00455762
8500.  0.00321333
8502.  0.00264339
8504.  0.00342271
8506.  0.00517792
8508.  0.00556113
8510.  0.00300823
8512.  0.00336112
8514.  0.00400664
8516.  0.00448809
8518.  0.00454543
8520.  0.00339209
8522.  0.00408095
8524.  0.00385303
8526.  0.0042451
8528.  0.00504562
8530.  0.00485974
8532.  0.0035075
8534.  0.00313877
8536.  0.00444754
8538.  0.0047954
8540.  0.00474971
8542.  0.00450114
8544.  0.00297145
8546.  0.00465269
8548.  0.0045446
8550.  0.00481914
8552.  0.00512626
8554.  0.00421808
8556.  0.00366971
8558.  0.00416629
8560.  0.00444312
8562.  0.00439324
8564.  0.00456611
8566.  0.00369936
8568.  0.00339714
8570.  0.00391595
8572.  0.00372764
8574.  0.00402903
8576.  0.00424961
8578.  0.00374829
8580.  0.00365219
8582.  0.00483123
8584.  0.00494361
8586.  0.00476719
8588.  0.00486592
8590.  0.0041889
8592.  0.00371448
8594.  0.00496588
8596.  0.00474884
8598.  0.00403486
8600.  0.00346897
8602.  0.00414301
8604.  0.00434297
8606.  0.00355686
8608.  0.00345159
8610.  0.00361226
8612.  0.00460775
8614.  0.00494847
8616.  0.00464908
8618.  0.00449091
8620.  0.00426244
8622.  0.00444314
8624.  0.00404384
8626.  0.00379272
8628.  0.0037231
8630.  0.0038013
8632.  0.00506526
8634.  0.00306952
8636.  0.00307712
8638.  0.0047553
8640.  0.00508766
8642.  0.00301252
8644.  0.00309523
8646.  0.00327923
8648.  0.00353871
8650.  0.00276964
8652.  0.00336439
8654.  0.00213567
8656.  0.001435
8658.  0.00386825
8660.  0.00371573
8662.  6.533360E-4
8664.  0.00369104
8666.  0.00442764
8668.  0.00106288
8670.  0.00409363
8672.  0.00485951
8674.  0.00338168
8676.  0.00392488
8678.  0.00399345
8680.  0.00405274
8682.  0.00482227
8684.  0.00455955
8686.  0.00343906
8688.  0.00399761
8690.  0.00341341
8692.  0.00305326
8694.  0.00287856
8696.  0.00251102
8698.  0.00361326
8700.  0.00511384
8702.  0.00505896
8704.  0.00513689
8706.  0.00545871
8708.  0.00331414
8710.  0.00416968
8712.  0.00446741
8714.  0.00304568
8716.  0.00384047
8718.  0.00317465
8720.  0.00325121
8722.  0.00429136
8724.  0.00461287
8726.  0.00510918
8728.  0.00410014
8730.  0.00482382
8732.  0.00481384
8734.  0.00417801
8736.  0.00369915
8738.  0.00456459
8740.  0.00452532
8742.  0.00415981
8744.  0.0034524
8746.  0.00421839
8748.  0.00426188
8750.  0.00300671
8752.  0.00194036
8754.  0.00120211
8756.  0.00196544
8758.  4.274340E-4
8760.  6.587700E-4
8762.  0.00281523
8764.  0.00408992
8766.  0.00158632
8768.  0.00291566
8770.  0.0019427
8772.  0.00258159
8774.  0.00108205
8776.  -6.799910E-4
8778.  0.00239231
8780.  4.682010E-4
8782.  0.00158846
8784.  0.00325
8786.  0.0043016
8788.  0.00425696
8790.  0.00355492
8792.  0.00251782
8794.  0.0033693
8796.  0.00401038
8798.  0.00526844
8800.  0.00684129
8802.  0.00428101
8804.  0.00302012
8806.  0.00519134
8808.  0.00491798
8810.  0.00425541
8812.  0.00320149
8814.  0.00458946
8816.  0.00591541
8818.  0.00463097
8820.  0.00135596
8822.  -1.188570E-4
8824.  0.00188644
8826.  -7.898730E-4
8828.  -0.001181
8830.  -0.0013782
8832.  0.00542251
8834.  0.00470322
8836.  0.00395852
8838.  0.0036153
8840.  0.00467403
8842.  0.00573624
8844.  0.00310319
8846.  0.00424066
8848.  0.00241267
8850.  0.00390967
8852.  0.00491968
8854.  0.00342781
8856.  0.00482188
8858.  0.00464397
8860.  0.00601964
8862.  0.00190502
8864.  -1.032640E-4
8866.  0.00154484
8868.  0.00279242
8870.  0.00441412
8872.  0.00333529
8874.  0.00198555
8876.  0.00340654
8878.  0.00326906
8880.  0.00318124
8882.  0.00299204
8884.  -5.757880E-4
8886.  0.00194792
8888.  0.00576924
8890.  0.00763209
8892.  0.00550573
8894.  0.00176867
8896.  0.00268681
8898.  0.00401415
8900.  0.00135771
8902.  0.00369681
8904.  0.0058424
8906.  0.00292358
8908.  0.00435237
8910.  0.00650805
8912.  0.00396183
8914.  0.00137545
8916.  0.00527288
8918.  0.00345624
8920.  0.00541056
8922.  0.00428451
8924.  0.00229425
8926.  0.00424642
8928.  0.00398143
8930.  0.00264915
8932.  0.00196525
8934.  0.00385607
8936.  0.00533728
8938.  0.00307844
8940.  0.00296225
8942.  0.00370175
8944.  0.00333282
8946.  0.00299058
8948.  0.00353088
8950.  0.00222522
8952.  0.00122886
8954.  0.00516133
8956.  0.00610811
8958.  0.00680008
8960.  0.00318759
8962.  0.00358307
8964.  0.00366525
8966.  0.00364163
8968.  0.00533007
8970.  0.00372698
8972.  0.00444079
8974.  0.00399177
8976.  0.00410689
8978.  0.00342907
8980.  0.00179118
8982.  0.00255287
8984.  0.00596602
8986.  0.00295418
8988.  0.00395535
8990.  3.170900E-4
8992.  1.656270E-4
8994.  0.00104752
8996.  9.308760E-4
8998.  0.00205952
9000.  0.0041395
9002.  0.00367644
9004.  0.00212574
9006.  0.00338398
9008.  0.00232545
9010.  0.00380395
9012.  0.00576619
9014.  0.00357907
9016.  0.00421557
9018.  0.00524856
9020.  0.002829
9022.  0.00516489
9024.  0.00361047
9026.  0.00217161
9028.  0.00333269
9030.  0.00481304
9032.  0.00519866
9034.  0.00417441
9036.  0.00149498
9038.  0.00142344
9040.  0.0038939
9042.  0.00337876
9044.  0.00184386
9046.  0.00388685
9048.  0.00292613
9050.  0.00402228
9052.  0.00390027
9054.  0.00523276
9056.  0.00497675
9058.  0.00145988
9060.  0.00335227
9062.  0.00281621
9064.  0.00245234
9066.  0.00234937
9068.  0.00340993
9070.  0.00417594
9072.  0.00286682
9074.  0.00304154
9076.  0.00325799
9078.  0.00238136
9080.  0.00349822
9082.  0.00407542
9084.  0.00341656
9086.  0.00279092
9088.  0.00186536
9090.  0.00220511
9092.  0.00485151
9094.  0.00688235
9096.  0.00472395
9098.  0.00295373
9100.  0.00122234
9102.  9.247130E-4
9104.  0.00176451
9106.  0.00272929
9108.  0.0036002
9110.  0.005163
9112.  0.00537988
9114.  0.00428741
9116.  0.00421985
9118.  0.00517935
9120.  0.00525433
9122.  0.00184057
9124.  0.00170835
9126.  0.00468252
9128.  0.00553317
9130.  0.00558946
9132.  0.00366751
9134.  0.003141
9136.  0.00363257
9138.  0.00295315
9140.  0.00225639
9142.  0.00369851
9144.  0.00412756
9146.  0.00202547
9148.  0.00361266
9150.  0.00426553
9152.  0.00457192
9154.  0.00319327
9156.  0.0021603
9158.  0.00397643
9160.  0.00586385
9162.  0.00450975
9164.  7.704900E-4
9166.  0.00148903
9168.  0.00574475
9170.  0.00358308
9172.  0.00452104
9174.  0.00361546
9176.  0.0047822
9178.  0.00629379
9180.  0.00544076
9182.  0.00342795
9184.  0.00262502
9186.  0.00395618
9188.  0.00305337
9190.  0.00663965
9192.  0.00866432
9194.  0.00662741
9196.  0.00241469
9198.  0.00200932
9200.  9.533410E-4
9202.  6.962190E-4
9204.  0.00284296
9206.  0.00635082
9208.  0.00434356
9210.  0.00361442
9212.  3.620850E-4
9214.  0.00235515
9216.  0.0104575
9218.  0.0132374
9220.  0.00945063
9222.  0.00869226
9224.  0.00583142
9226.  0.00312788
9228.  0.00294371
9230.  0.00192273
9232.  0.00573848
9234.  0.00299526
9236.  -2.647240E-4
9238.  0.00536894
9240.  0.00560451
