4250.  -2.972285E-18
4254.50980392157  -4.872923E-18
4259.01960784314  3.036359E-18
4263.52941176471  1.596266E-17
4268.03921568627  1.951024E-17
4272.54901960784  -1.032593E-17
4277.05882352941  -3.637350E-18
4281.56862745098  2.449469E-18
4286.07843137255  2.055323E-18
4290.58823529412  3.863954E-18
4295.09803921569  5.361573E-18
4299.60784313726  8.117185E-18
4304.11764705882  3.670936E-18
4308.62745098039  1.593060E-17
4313.13725490196  7.980526E-18
4317.64705882353  7.894211E-18
4322.1568627451  2.076361E-17
4326.66666666667  9.129769E-18
4331.17647058823  -1.014516E-18
4335.6862745098  1.199759E-18
4340.19607843137  -9.398745E-19
4344.70588235294  -7.340034E-20
4349.21568627451  -2.150182E-18
4353.72549019608  1.083745E-17
4358.23529411765  8.480960E-18
4362.74509803922  1.322393E-18
4367.25490196078  3.801038E-18
4371.76470588235  1.154124E-17
4376.27450980392  3.394559E-18
4380.78431372549  -3.912895E-18
4385.29411764706  1.013518E-17
4389.80392156863  1.060041E-17
4394.3137254902  1.511223E-17
4398.82352941176  1.484976E-17
4403.33333333333  1.031096E-17
4407.8431372549  1.361727E-17
4412.35294117647  2.888232E-18
4416.86274509804  7.931930E-18
4421.37254901961  8.403839E-18
4425.88235294118  8.978419E-19
4430.39215686274  1.464094E-19
4434.90196078431  5.927331E-18
4439.41176470588  2.803301E-18
4443.92156862745  -1.159576E-18
4448.43137254902  3.614781E-18
4452.94117647059  5.214499E-18
4457.45098039216  8.709507E-18
4461.96078431373  8.108591E-18
4466.47058823529  9.782932E-18
4470.98039215686  7.384928E-18
4475.49019607843  -3.993974E-20
4480.  -2.741151E-18
4484.50980392157  3.979207E-18
4489.01960784314  1.055003E-17
4493.52941176471  9.393203E-18
4498.03921568627  7.827477E-18
4502.54901960784  -1.440207E-18
4507.05882352941  5.430902E-18
4511.56862745098  1.242896E-17
4516.07843137255  2.859665E-18
4520.58823529412  8.384508E-19
4525.09803921569  6.089779E-18
4529.60784313725  5.452749E-18
4534.11764705882  4.500789E-18
4538.62745098039  4.431860E-18
4543.13725490196  2.626745E-18
4547.64705882353  3.948374E-19
4552.1568627451  8.303508E-18
4556.66666666667  8.919748E-18
4561.17647058824  3.290157E-18
4565.6862745098  2.068161E-18
4570.19607843137  2.077699E-18
4574.70588235294  6.861301E-18
4579.21568627451  4.866707E-18
4583.72549019608  3.616017E-18
4588.23529411765  4.309226E-18
4592.74509803922  9.662712E-18
4597.25490196078  6.083150E-18
4601.76470588235  6.385350E-18
4606.27450980392  7.092686E-18
4610.78431372549  3.875110E-18
4615.29411764706  2.698924E-18
4619.80392156863  -1.549208E-19
4624.3137254902  4.558946E-18
4628.82352941176  2.887414E-18
4633.33333333333  4.247304E-18
4637.8431372549  9.206512E-18
4642.35294117647  5.204703E-18
4646.86274509804  6.925866E-18
4651.37254901961  8.991626E-18
4655.88235294118  8.743525E-18
4660.39215686275  2.175649E-18
4664.90196078431  1.623290E-18
4669.41176470588  2.138653E-18
4673.92156862745  8.438949E-18
4678.43137254902  6.331565E-18
4682.94117647059  -1.690120E-19
4687.45098039216  3.066884E-18
4691.96078431373  6.270339E-18
4696.47058823529  6.135714E-18
4700.98039215686  3.084166E-18
4705.49019607843  4.136442E-18
4710.  8.075351E-19
4714.50980392157  9.263688E-18
4719.01960784314  1.117848E-17
4723.52941176471  4.093367E-18
4728.03921568627  4.617979E-18
4732.54901960784  5.377850E-18
4737.05882352941  -8.648039E-19
4741.56862745098  1.230414E-18
4746.07843137255  3.411563E-18
4750.58823529412  3.567366E-18
4755.09803921568  7.179197E-18
4759.60784313725  4.270657E-18
4764.11764705882  2.578358E-18
4768.62745098039  3.657664E-18
4773.13725490196  3.911760E-18
4777.64705882353  3.258902E-19
4782.1568627451  -5.453713E-19
4786.66666666667  8.290936E-18
4791.17647058823  8.464366E-18
4795.6862745098  3.550239E-18
4800.19607843137  3.568399E-18
4804.70588235294  4.011105E-18
4809.21568627451  5.727563E-18
4813.72549019608  2.623440E-18
4818.23529411765  -1.111692E-19
4822.74509803921  4.347050E-18
4827.25490196078  3.886622E-18
4831.76470588235  1.610572E-18
4836.27450980392  2.463954E-18
4840.78431372549  4.299205E-18
4845.29411764706  1.834508E-19
4849.80392156863  1.252280E-18
4854.3137254902  3.045415E-18
4858.82352941176  2.795964E-18
4863.33333333333  5.317072E-18
4867.8431372549  4.048927E-18
4872.35294117647  4.677895E-18
4876.86274509804  6.361832E-18
4881.37254901961  6.324360E-18
4885.88235294118  5.714671E-18
4890.39215686274  5.648225E-18
4894.90196078431  3.493685E-18
4899.41176470588  1.084392E-18
4903.92156862745  4.053581E-18
4908.43137254902  4.680206E-18
4912.94117647059  1.842423E-18
4917.45098039216  7.640389E-19
4921.96078431372  2.486202E-18
4926.47058823529  6.623482E-18
4930.98039215686  6.632214E-18
4935.49019607843  -2.383430E-19
4940.  -9.199994E-19
4944.50980392157  4.251085E-18
4949.01960784314  -6.817659E-19
4953.5294117647  2.310211E-18
4958.03921568627  5.606451E-18
4962.54901960784  4.706183E-18
4967.05882352941  2.530726E-18
4971.56862745098  5.187089E-18
4976.07843137255  4.785544E-18
4980.58823529412  6.031103E-18
4985.09803921568  8.740977E-18
4989.60784313725  1.340395E-17
4994.11764705882  7.340427E-18
4998.62745098039  -3.813336E-19
5003.13725490196  2.112009E-18
5007.64705882353  4.334847E-18
5012.1568627451  5.133517E-18
5016.66666666667  5.862833E-18
5021.17647058824  4.263827E-18
5025.6862745098  4.898956E-18
5030.19607843137  5.109458E-18
5034.70588235294  2.460699E-18
5039.21568627451  1.693532E-18
5043.72549019608  9.772500E-19
5048.23529411765  2.698973E-18
5052.74509803922  7.080945E-18
5057.25490196078  5.820674E-18
5061.76470588235  3.981092E-18
5066.27450980392  4.474485E-18
5070.78431372549  4.433068E-18
5075.29411764706  2.171220E-18
5079.80392156863  4.394775E-18
5084.3137254902  2.749935E-18
5088.82352941176  3.813276E-18
5093.33333333333  4.730586E-18
5097.8431372549  3.462348E-18
5102.35294117647  6.198333E-18
5106.86274509804  4.885531E-18
5111.37254901961  4.545221E-18
5115.88235294118  1.598377E-18
5120.39215686274  2.190627E-18
5124.90196078431  5.967897E-18
5129.41176470588  4.799570E-18
5133.92156862745  2.203924E-18
5138.43137254902  8.370992E-19
5142.94117647059  1.625719E-20
5147.45098039216  1.215042E-18
5151.96078431372  6.480417E-19
5156.47058823529  3.550090E-18
5160.98039215686  5.017669E-18
5165.49019607843  3.627797E-18
5170.  4.036951E-18
5174.50980392157  5.199898E-18
5179.01960784314  5.227516E-18
5183.52941176471  3.603386E-18
5188.03921568627  4.430118E-18
5192.54901960784  2.144047E-18
5197.05882352941  1.794538E-18
5201.56862745098  3.496733E-18
5206.07843137255  2.421986E-18
5210.58823529412  2.706979E-18
5215.09803921568  2.693969E-18
5219.60784313725  3.029006E-18
5224.11764705882  2.204430E-18
5228.62745098039  1.788472E-18
5233.13725490196  2.474537E-18
5237.64705882353  3.838569E-18
5242.1568627451  2.459955E-18
5246.66666666667  5.106669E-18
5251.17647058823  4.809493E-18
5255.6862745098  4.445659E-18
5260.19607843137  5.137234E-18
5264.70588235294  4.380471E-18
5269.21568627451  2.759145E-18
5273.72549019608  5.692037E-18
5278.23529411765  6.365891E-18
5282.74509803921  6.335963E-18
5287.25490196078  4.868242E-18
5291.76470588235  2.308361E-18
5296.27450980392  3.623616E-18
5300.78431372549  2.651074E-18
5305.29411764706  4.130599E-18
5309.80392156863  6.103314E-18
5314.31372549019  4.898966E-18
5318.82352941176  4.906808E-18
5323.33333333333  3.201161E-18
5327.8431372549  2.119672E-18
5332.35294117647  5.899676E-18
5336.86274509804  6.294914E-18
5341.37254901961  3.965174E-18
5345.88235294117  4.010613E-18
5350.39215686274  3.502926E-18
5354.90196078431  2.424918E-18
5359.41176470588  1.682400E-18
5363.92156862745  2.860786E-18
5368.43137254902  3.217704E-18
5372.94117647059  2.131084E-18
5377.45098039215  1.750746E-18
5381.96078431372  3.226920E-19
5386.47058823529  2.391758E-18
5390.98039215686  3.071541E-18
5395.49019607843  4.453142E-18
5400.  2.321880E-18
5404.50980392157  2.367053E-18
5409.01960784314  6.959932E-18
5413.5294117647  5.059232E-18
5418.03921568627  5.811681E-18
5422.54901960784  3.216406E-18
5427.05882352941  2.635344E-18
5431.56862745098  4.897160E-18
5436.07843137255  5.050505E-18
5440.58823529412  3.061440E-18
5445.09803921568  5.820845E-18
5449.60784313725  7.261769E-18
5454.11764705882  3.204390E-18
5458.62745098039  3.356627E-19
5463.13725490196  2.693347E-18
5467.64705882353  5.176559E-18
5472.1568627451  5.990172E-18
5476.66666666667  4.389577E-18
5481.17647058823  2.782076E-18
5485.6862745098  4.280785E-18
5490.19607843137  5.078660E-18
5494.70588235294  3.366489E-18
5499.21568627451  3.181574E-18
5503.72549019608  4.702980E-18
5508.23529411765  7.158149E-18
5512.74509803921  3.805333E-18
5517.25490196078  3.417241E-18
5521.76470588235  6.996835E-18
5526.27450980392  4.548196E-18
5530.78431372549  2.076644E-18
5535.29411764706  1.906177E-18
5539.80392156863  3.213821E-18
5544.3137254902  3.052070E-18
5548.82352941176  3.074066E-18
5553.33333333333  4.700223E-18
5557.8431372549  4.496431E-18
5562.35294117647  4.348400E-18
5566.86274509804  2.206645E-18
5571.3725490196  2.967128E-19
5575.88235294117  1.129440E-19
5580.39215686274  4.155280E-18
5584.90196078431  -7.990517E-19
5589.41176470588  5.374418E-18
5593.92156862745  6.396941E-18
5598.43137254902  3.502433E-18
5602.94117647059  6.379869E-18
5607.45098039215  5.903793E-18
5611.96078431372  2.939653E-18
5616.47058823529  8.159018E-18
5620.98039215686  6.712469E-18
5625.49019607843  3.175821E-18
5630.  2.337495E-18
5634.50980392157  2.626154E-18
5639.01960784313  3.757969E-18
5643.5294117647  9.517564E-18
5648.03921568627  5.509289E-18
5652.54901960784  3.357225E-18
5657.05882352941  2.991736E-18
5661.56862745098  3.609831E-18
5666.07843137255  3.142631E-18
5670.58823529411  6.024464E-18
5675.09803921569  4.606707E-18
5679.60784313725  3.543053E-18
5684.11764705882  6.384017E-18
5688.62745098039  5.623372E-18
5693.13725490196  3.699418E-18
5697.64705882353  4.336325E-18
5702.1568627451  3.336098E-18
5706.66666666666  -7.880684E-19
5711.17647058823  2.752073E-19
5715.6862745098  5.600111E-18
5720.19607843137  6.400135E-18
5724.70588235294  1.247844E-18
5729.21568627451  -3.492846E-19
5733.72549019607  2.574077E-18
5738.23529411764  3.746370E-18
5742.74509803921  1.895686E-18
5747.25490196078  2.498030E-18
5751.76470588235  2.406897E-18
5756.27450980392  1.964692E-18
5760.78431372549  8.683236E-19
5765.29411764706  9.682897E-19
5769.80392156863  3.576375E-18
5774.31372549019  6.649161E-18
5778.82352941176  5.301690E-18
5783.33333333333  3.482240E-18
5787.8431372549  2.485192E-18
5792.35294117647  2.687178E-18
5796.86274509804  2.803913E-18
5801.3725490196  3.090148E-18
5805.88235294117  1.867800E-18
5810.39215686274  2.589807E-18
5814.90196078431  1.862090E-18
5819.41176470588  -1.539419E-18
5823.92156862745  3.660212E-19
5828.43137254902  1.893558E-18
5832.94117647059  5.733039E-18
5837.45098039215  4.665134E-18
5841.96078431372  1.694932E-18
5846.47058823529  5.850432E-19
5850.98039215686  3.318810E-18
5855.49019607843  3.763990E-18
5860.  5.944175E-18
5864.50980392157  9.076629E-18
5869.01960784313  5.471797E-18
5873.5294117647  3.845860E-18
5878.03921568627  -1.335102E-18
5882.54901960784  6.193047E-19
5887.05882352941  1.079517E-18
5891.56862745098  -5.981400E-18
5896.07843137255  -3.964850E-18
5900.58823529412  2.488279E-19
5905.09803921568  6.653555E-18
5909.60784313725  5.077917E-18
5914.11764705882  3.112538E-18
5918.62745098039  2.601436E-18
5923.13725490196  4.310421E-18
5927.64705882353  3.121877E-18
5932.15686274509  -2.174406E-18
5936.66666666666  -4.218240E-18
5941.17647058823  4.718610E-19
5945.6862745098  4.003343E-18
5950.19607843137  4.477520E-18
5954.70588235294  2.831298E-18
5959.21568627451  4.596366E-20
5963.72549019608  2.066053E-18
5968.23529411764  3.859556E-18
5972.74509803921  4.249463E-18
5977.25490196078  2.862164E-18
5981.76470588235  2.191877E-18
5986.27450980392  3.591551E-18
5990.78431372549  6.623386E-18
5995.29411764706  5.781273E-18
5999.80392156862  1.204019E-18
6004.31372549019  1.705491E-18
6008.82352941176  2.047681E-18
6013.33333333333  6.903590E-19
6017.8431372549  2.835943E-18
6022.35294117647  2.097332E-18
6026.86274509804  7.454341E-19
6031.37254901961  3.378318E-18
6035.88235294117  2.549229E-18
6040.39215686274  -2.389470E-19
6044.90196078431  1.093237E-18
6049.41176470588  2.025094E-18
6053.92156862745  1.762848E-18
6058.43137254902  2.481098E-18
6062.94117647058  1.643743E-18
6067.45098039215  9.235899E-19
6071.96078431372  5.715484E-19
6076.47058823529  1.170556E-18
6080.98039215686  2.994000E-18
6085.49019607843  5.623800E-18
6090.  3.076137E-18
6094.50980392156  1.453046E-20
6099.01960784314  1.248926E-18
6103.5294117647  2.247021E-18
6108.03921568627  3.500250E-18
6112.54901960784  3.883087E-18
6117.05882352941  2.672733E-18
6121.56862745098  9.814095E-19
6126.07843137255  -3.669104E-19
6130.58823529411  1.706164E-18
6135.09803921568  2.772120E-18
6139.60784313725  1.152724E-18
6144.11764705882  1.245802E-18
6148.62745098039  5.069503E-18
6153.13725490196  7.017765E-18
6157.64705882352  2.958404E-18
6162.15686274509  2.401106E-18
6166.66666666666  6.139627E-18
6171.17647058823  5.316902E-18
6175.6862745098  3.910243E-18
6180.19607843137  5.330016E-18
6184.70588235294  6.125961E-18
6189.21568627451  5.799224E-18
6193.72549019607  3.731743E-18
6198.23529411764  4.020385E-18
6202.74509803921  4.059882E-18
6207.25490196078  3.106741E-18
6211.76470588235  2.496729E-18
6216.27450980392  1.601540E-18
6220.78431372549  2.177882E-18
6225.29411764705  3.761531E-18
6229.80392156862  3.445575E-18
6234.31372549019  2.370038E-18
6238.82352941176  2.578396E-18
6243.33333333333  5.318707E-18
6247.8431372549  6.076544E-18
6252.35294117647  3.859511E-18
6256.86274509804  7.907380E-19
6261.3725490196  2.224974E-18
6265.88235294117  6.816383E-18
6270.39215686274  6.732858E-18
6274.90196078431  4.114049E-18
6279.41176470588  2.003451E-18
6283.92156862745  1.768070E-18
6288.43137254902  7.426921E-18
6292.94117647058  8.143329E-18
6297.45098039215  1.873172E-18
6301.96078431372  -3.055834E-18
6306.47058823529  -1.903663E-18
6310.98039215686  1.983783E-18
6315.49019607843  3.168561E-18
6320.  3.197204E-18
6324.50980392157  6.312138E-19
6329.01960784313  1.126931E-18
6333.5294117647  4.772190E-18
6338.03921568627  2.282373E-18
6342.54901960784  1.701151E-18
6347.05882352941  4.214958E-18
6351.56862745098  3.618078E-18
6356.07843137255  3.061635E-18
6360.58823529411  3.051856E-18
6365.09803921568  1.124942E-18
6369.60784313725  2.972483E-18
6374.11764705882  6.143585E-18
6378.62745098039  4.200291E-18
6383.13725490196  5.226285E-18
6387.64705882353  4.316161E-18
6392.1568627451  2.052139E-18
6396.66666666666  4.755188E-18
6401.17647058823  5.862315E-18
6405.6862745098  3.242990E-18
6410.19607843137  4.705213E-18
6414.70588235294  4.175920E-18
6419.21568627451  2.621945E-18
6423.72549019607  2.323025E-18
6428.23529411764  1.231852E-18
6432.74509803921  2.028227E-18
6437.25490196078  3.761402E-18
6441.76470588235  5.582768E-18
6446.27450980392  4.892988E-18
6450.78431372549  3.090048E-18
6455.29411764706  5.623501E-18
6459.80392156862  5.587340E-18
6464.31372549019  2.614669E-18
6468.82352941176  1.104363E-18
6473.33333333333  3.064378E-18
6477.8431372549  3.938342E-18
6482.35294117647  3.164870E-18
6486.86274509804  5.309535E-18
6491.3725490196  2.942589E-18
6495.88235294117  2.681035E-18
6500.39215686274  1.618145E-18
6504.90196078431  1.541951E-18
6509.41176470588  1.639415E-18
6513.92156862745  1.257348E-18
6518.43137254901  8.960478E-19
6522.94117647058  7.408215E-19
6527.45098039215  1.879794E-19
6531.96078431372  2.597763E-18
6536.47058823529  3.712365E-18
6540.98039215686  4.410981E-18
6545.49019607843  2.400693E-18
6550.  -6.038854E-19
6554.50980392156  1.834442E-18
6559.01960784313  5.160106E-18
6563.5294117647  1.384128E-18
6568.03921568627  1.499229E-18
6572.54901960784  2.135409E-18
6577.05882352941  8.245568E-19
6581.56862745098  2.116524E-18
6586.07843137254  2.136534E-18
6590.58823529411  2.666320E-18
6595.09803921568  3.481342E-18
6599.60784313725  3.238674E-18
6604.11764705882  2.884939E-18
6608.62745098039  1.816026E-18
6613.13725490196  6.863865E-19
6617.64705882353  2.076756E-18
6622.15686274509  2.821522E-18
6626.66666666666  9.334870E-19
6631.17647058823  1.968279E-18
6635.6862745098  5.932693E-18
6640.19607843137  5.163277E-18
6644.70588235294  3.307102E-18
6649.2156862745  3.119801E-18
6653.72549019607  1.210541E-18
6658.23529411764  4.537002E-19
6662.74509803921  2.743527E-18
6667.25490196078  1.541888E-18
6671.76470588235  1.166879E-18
6676.27450980392  1.303727E-18
6680.78431372549  4.722441E-18
6685.29411764705  5.729787E-18
6689.80392156862  2.974675E-18
6694.31372549019  1.151672E-18
6698.82352941176  3.442833E-18
6703.33333333333  3.435964E-18
6707.8431372549  3.083174E-18
6712.35294117647  4.440401E-19
6716.86274509803  1.932731E-18
6721.3725490196  3.776685E-18
6725.88235294117  3.858983E-18
6730.39215686274  4.428893E-18
6734.90196078431  3.951092E-18
6739.41176470588  5.377811E-18
6743.92156862745  2.350345E-18
6748.43137254901  7.620370E-19
6752.94117647058  2.135495E-18
6757.45098039215  1.452166E-18
6761.96078431372  2.381155E-19
6766.47058823529  1.973289E-18
6770.98039215686  2.049529E-18
6775.49019607843  1.018750E-18
6779.99999999999  2.598098E-18
6784.50980392156  4.357830E-18
6789.01960784313  3.624503E-18
6793.5294117647  4.152002E-20
6798.03921568627  4.897896E-19
6802.54901960784  4.291457E-18
6807.05882352941  3.046197E-18
6811.56862745098  1.266875E-18
6816.07843137254  3.507872E-18
6820.58823529411  5.571847E-18
6825.09803921568  2.002409E-18
6829.60784313725  -2.868883E-19
6834.11764705882  1.974415E-18
6838.62745098039  3.629997E-18
6843.13725490196  2.625418E-18
6847.64705882352  8.504053E-19
6852.15686274509  2.065221E-18
6856.66666666666  2.584967E-18
6861.17647058823  4.384684E-19
6865.6862745098  1.474764E-18
6870.19607843137  3.756873E-18
6874.70588235293  -6.363018E-19
6879.2156862745  3.751038E-18
6883.72549019607  2.159197E-18
6888.23529411764  2.648379E-18
6892.74509803921  4.938341E-18
6897.25490196078  2.419494E-18
6901.76470588235  9.906945E-19
6906.27450980392  1.880250E-18
6910.78431372548  -3.258434E-19
6915.29411764705  -2.757012E-18
6919.80392156862  -7.761012E-19
6924.31372549019  2.727991E-18
6928.82352941176  2.469418E-18
6933.33333333333  5.868943E-19
6937.8431372549  7.190591E-19
6942.35294117646  -5.281364E-19
6946.86274509803  -5.430355E-20
6951.3725490196  3.697938E-18
6955.88235294117  3.475742E-18
6960.39215686274  1.977799E-18
6964.90196078431  1.132836E-18
6969.41176470588  8.556692E-19
6973.92156862744  1.332058E-18
6978.43137254901  3.544679E-18
6982.94117647058  3.731449E-18
6987.45098039215  2.397018E-18
6991.96078431372  5.159884E-18
6996.47058823529  4.295646E-18
7000.98039215686  1.720102E-18
7005.49019607842  3.351742E-18
7009.99999999999  3.752291E-18
7014.50980392156  2.147307E-18
7019.01960784313  2.166375E-18
7023.5294117647  2.359344E-18
7028.03921568627  3.188847E-18
7032.54901960784  3.420901E-18
7037.05882352941  1.814171E-18
7041.56862745097  6.399695E-19
7046.07843137254  7.592572E-19
7050.58823529411  -3.275261E-19
7055.09803921568  4.518892E-19
7059.60784313725  5.719823E-19
7064.11764705882  1.093998E-18
7068.62745098039  2.327935E-18
7073.13725490195  4.152323E-18
7077.64705882352  2.428835E-18
7082.15686274509  5.820643E-19
7086.66666666666  -1.535085E-19
7091.17647058823  -2.441803E-19
7095.6862745098  1.021417E-18
7100.19607843137  2.099681E-18
7104.70588235294  4.127015E-18
7109.2156862745  2.437413E-18
7113.72549019607  1.008704E-18
7118.23529411764  2.140623E-18
7122.74509803921  3.384227E-18
7127.25490196078  1.688250E-18
7131.76470588235  2.473205E-18
7136.27450980391  3.663314E-18
7140.78431372549  2.210879E-18
7145.29411764705  2.408064E-18
7149.80392156862  1.726075E-18
7154.31372549019  3.295690E-18
7158.82352941176  3.751663E-18
7163.33333333333  1.572148E-18
7167.8431372549  3.584389E-18
7172.35294117647  2.719826E-18
7176.86274509803  3.119250E-18
7181.3725490196  6.127313E-18
7185.88235294117  2.301491E-18
7190.39215686274  -2.367729E-19
7194.90196078431  7.040674E-19
7199.41176470588  1.596470E-18
7203.92156862745  2.744496E-18
7208.43137254901  2.349964E-18
7212.94117647058  7.192619E-19
7217.45098039215  1.337949E-18
7221.96078431372  3.421024E-18
7226.47058823529  5.755314E-18
7230.98039215686  2.331733E-18
7235.49019607843  -3.583624E-18
7239.99999999999  -7.128592E-18
7244.50980392156  -4.031950E-18
7249.01960784313  -5.417012E-19
7253.5294117647  3.332825E-18
7258.03921568627  1.836947E-18
7262.54901960784  4.154162E-18
7267.05882352941  8.909740E-18
7271.56862745097  1.362674E-18
7276.07843137254  1.937341E-18
7280.58823529411  -5.433301E-19
7285.09803921568  1.048270E-18
7289.60784313725  3.040183E-18
7294.11764705882  3.478086E-18
7298.62745098039  3.267357E-18
7303.13725490196  1.293814E-18
7307.64705882352  9.494458E-19
7312.15686274509  -1.904217E-18
7316.66666666666  -9.746521E-19
7321.17647058823  1.078533E-18
7325.6862745098  1.573843E-18
7330.19607843137  1.762731E-19
7334.70588235294  1.052292E-18
7339.2156862745  3.835261E-18
7343.72549019607  1.122246E-18
7348.23529411764  1.926760E-18
7352.74509803921  4.029626E-18
7357.25490196078  5.227645E-18
7361.76470588235  7.789324E-18
7366.27450980391  4.583744E-18
7370.78431372548  4.265213E-18
7375.29411764705  6.943137E-18
7379.80392156862  6.205808E-18
7384.31372549019  3.990450E-18
7388.82352941176  -1.489374E-20
7393.33333333333  2.333527E-18
7397.8431372549  -2.501095E-18
7402.35294117646  -4.164093E-18
7406.86274509803  2.100283E-18
7411.3725490196  4.467095E-18
7415.88235294117  4.207538E-18
7420.39215686274  1.532629E-18
7424.90196078431  1.107148E-18
7429.41176470588  1.327320E-18
7433.92156862744  2.857129E-18
7438.43137254901  4.408533E-18
7442.94117647058  4.897631E-19
7447.45098039215  7.494111E-19
7451.96078431372  -1.221833E-19
7456.47058823529  -1.741265E-19
7460.98039215686  2.414738E-18
7465.49019607843  3.672835E-18
7469.99999999999  6.550521E-18
7474.50980392156  6.118424E-18
7479.01960784313  4.247899E-18
7483.5294117647  1.155961E-18
7488.03921568627  5.089837E-18
7492.54901960784  4.011730E-18
7497.0588235294  2.455789E-18
7501.56862745097  2.940644E-18
7506.07843137254  1.507881E-18
7510.58823529411  -2.220925E-18
7515.09803921568  -2.509062E-19
7519.60784313725  4.592445E-19
7524.11764705882  -1.779382E-19
7528.62745098039  1.100454E-18
7533.13725490195  9.900050E-19
7537.64705882352  2.760871E-18
7542.15686274509  3.275586E-18
7546.66666666666  1.152536E-18
7551.17647058823  -3.206045E-19
7555.6862745098  -8.665516E-19
7560.19607843137  3.649699E-18
7564.70588235293  8.168753E-18
7569.2156862745  2.244126E-18
7573.72549019607  2.828567E-19
7578.23529411764  5.150437E-18
7582.74509803921  -3.961558E-19
7587.25490196078  -1.487542E-18
7591.76470588235  1.348172E-18
7596.27450980391  3.027060E-19
7600.78431372548  6.987427E-19
7605.29411764705  2.415387E-19
7609.80392156862  -7.563665E-20
7614.31372549019  -2.643765E-18
7618.82352941176  -3.671651E-18
7623.33333333333  -2.655557E-18
7627.8431372549  1.058109E-18
7632.35294117646  2.951639E-18
7636.86274509803  3.224236E-18
7641.3725490196  -2.764519E-19
7645.88235294117  -1.994456E-18
7650.39215686274  1.083777E-18
7654.90196078431  2.127628E-18
7659.41176470588  2.994680E-18
7663.92156862744  3.326418E-18
7668.43137254901  4.747029E-18
7672.94117647058  1.359689E-18
7677.45098039215  3.778004E-18
7681.96078431372  5.100116E-18
7686.47058823529  4.218432E-18
7690.98039215686  5.392526E-18
7695.49019607842  6.555450E-18
7699.99999999999  3.974879E-18
7704.50980392156  4.306714E-19
7709.01960784313  -3.158885E-18
7713.5294117647  -2.683963E-18
7718.03921568627  -1.245648E-18
7722.54901960784  4.209323E-18
7727.0588235294  6.646838E-18
7731.56862745097  2.861718E-18
7736.07843137254  7.912113E-18
7740.58823529411  -2.980116E-18
7745.09803921568  -9.696970E-18
7749.60784313725  -5.209397E-18
7754.11764705882  -1.948986E-19
7758.62745098038  6.662661E-18
7763.13725490195  1.686850E-18
7767.64705882352  3.743825E-18
7772.15686274509  3.801608E-19
7776.66666666666  1.145215E-18
7781.17647058823  2.442068E-18
7785.6862745098  -3.731049E-18
7790.19607843137  -1.485126E-18
7794.70588235293  -9.769920E-19
7799.2156862745  3.287228E-18
7803.72549019607  7.654826E-18
7808.23529411764  3.254230E-18
7812.74509803921  -3.402939E-18
7817.25490196078  -6.704878E-18
7821.76470588234  -1.017644E-17
7826.27450980391  -5.458894E-18
7830.78431372548  2.628922E-18
7835.29411764705  2.760947E-18
7839.80392156862  4.762714E-18
7844.31372549019  2.424304E-19
7848.82352941176  -1.108352E-17
7853.33333333332  -8.075725E-18
7857.84313725489  -3.628899E-19
7862.35294117646  3.595384E-18
7866.86274509803  1.110792E-19
7871.3725490196  7.611250E-18
7875.88235294117  6.100800E-18
7880.39215686274  -9.308957E-18
7884.90196078431  -1.134890E-17
7889.41176470587  -3.134556E-18
7893.92156862744  2.906310E-18
7898.43137254901  2.093102E-18
7902.94117647058  3.310224E-18
7907.45098039215  -2.255905E-18
7911.96078431372  -9.536410E-18
7916.47058823529  -6.183999E-18
7920.98039215686  -2.138493E-18
7925.49019607842  1.656767E-18
7929.99999999999  4.709415E-18
7934.50980392156  5.620502E-18
7939.01960784313  6.709289E-18
7943.5294117647  3.268156E-18
7948.03921568627  1.190391E-18
7952.54901960784  -5.814601E-18
7957.0588235294  6.222523E-18
7961.56862745097  4.843418E-18
7966.07843137254  -2.834530E-18
7970.58823529411  9.471744E-18
7975.09803921568  5.705573E-18
7979.60784313725  1.000130E-18
7984.11764705882  -5.987697E-19
7988.62745098038  -4.866653E-19
7993.13725490195  3.218660E-18
7997.64705882352  -7.379791E-20
8002.15686274509  -2.192633E-18
8006.66666666666  2.201374E-19
8011.17647058823  1.996135E-18
8015.6862745098  1.692530E-19
8020.19607843137  1.463981E-18
8024.70588235293  -2.171783E-18
8029.2156862745  -6.052886E-19
8033.72549019607  4.826566E-18
8038.23529411764  -1.428194E-19
8042.74509803921  3.340783E-18
8047.25490196078  2.293149E-18
8051.76470588235  5.591390E-18
8056.27450980391  1.087318E-18
8060.78431372548  4.619108E-18
8065.29411764705  6.261147E-18
8069.80392156862  1.866566E-18
8074.31372549019  2.707870E-18
8078.82352941176  6.421362E-19
8083.33333333333  1.219813E-19
8087.84313725489  4.834296E-19
8092.35294117646  2.419391E-18
8096.86274509803  7.099579E-18
8101.3725490196  6.122760E-18
8105.88235294117  1.837261E-18
8110.39215686274  4.733661E-18
8114.90196078431  1.048122E-18
8119.41176470587  3.779117E-18
8123.92156862744  5.231385E-18
8128.43137254901  3.798152E-18
8132.94117647058  2.667125E-18
8137.45098039215  4.560505E-18
8141.96078431372  2.162180E-18
8146.47058823529  3.394530E-18
8150.98039215686  3.740082E-18
8155.49019607842  2.532086E-19
8159.99999999999  8.822994E-19
8164.50980392156  2.982743E-18
8169.01960784313  4.385255E-18
8173.5294117647  4.082845E-18
8178.03921568627  1.749986E-18
8182.54901960783  4.467024E-18
8187.0588235294  5.784846E-18
8191.56862745097  3.743269E-18
8196.07843137254  2.507434E-18
8200.58823529411  1.967361E-18
8205.09803921568  3.006841E-18
8209.60784313725  4.556242E-19
8214.11764705881  1.182688E-18
8218.62745098038  2.116587E-19
8223.13725490195  1.801262E-18
8227.64705882352  5.763028E-18
8232.15686274509  3.823866E-18
8236.66666666666  -2.285918E-18
8241.17647058823  -5.466171E-19
8245.6862745098  1.741411E-18
8250.19607843136  2.346754E-18
8254.70588235293  2.842912E-18
8259.2156862745  1.524373E-18
8263.72549019607  1.852616E-18
8268.23529411764  -2.101478E-18
8272.74509803921  -8.011184E-18
8277.25490196078  -6.811336E-18
8281.76470588234  -2.259369E-18
8286.27450980391  7.630037E-20
8290.78431372548  1.079958E-17
8295.29411764705  1.143631E-17
8299.80392156862  1.281270E-18
8304.31372549019  4.492633E-18
8308.82352941175  -1.320299E-18
8313.33333333332  5.512277E-19
8317.84313725489  2.409907E-20
8322.35294117646  3.229293E-18
8326.86274509803  5.247012E-18
8331.3725490196  5.792187E-18
8335.88235294117  6.171816E-18
8340.39215686274  4.762963E-18
8344.9019607843  -1.153572E-17
8349.41176470587  -1.644654E-17
8353.92156862744  -1.527986E-18
8358.43137254901  2.119484E-18
8362.94117647058  6.315419E-18
8367.45098039215  3.286087E-18
8371.96078431372  1.934492E-18
8376.47058823528  1.401684E-18
8380.98039215685  4.466079E-18
8385.49019607842  -3.612394E-18
8389.99999999999  -1.154794E-18
8394.50980392156  -1.421361E-18
8399.01960784313  -1.478825E-18
8403.5294117647  2.642091E-18
8408.03921568626  1.637687E-18
8412.54901960783  3.326986E-18
8417.0588235294  3.290655E-18
8421.56862745097  1.082434E-19
8426.07843137254  1.205794E-18
8430.58823529411  -7.935533E-19
8435.09803921568  -5.903673E-19
8439.60784313724  8.022804E-18
8444.11764705881  2.529601E-18
8448.62745098038  1.876512E-18
8453.13725490195  7.510370E-20
8457.64705882352  -9.309559E-19
8462.15686274509  -2.340278E-18
8466.66666666666  -3.594726E-18
8471.17647058823  2.588031E-18
8475.68627450979  -1.373600E-18
8480.19607843136  1.250369E-18
8484.70588235293  1.170071E-19
8489.2156862745  -2.260728E-18
8493.72549019607  1.349803E-18
8498.23529411764  -1.116415E-18
8502.74509803921  3.614203E-18
8507.25490196077  1.602912E-18
8511.76470588234  -3.506970E-18
8516.27450980391  5.685759E-18
8520.78431372548  6.757459E-18
8525.29411764705  2.819130E-18
8529.80392156862  4.827077E-19
8534.31372549019  -1.760534E-18
8538.82352941175  1.260895E-18
8543.33333333333  2.510696E-18
8547.84313725489  2.006039E-18
8552.35294117646  7.117683E-19
8556.86274509803  1.150099E-18
8561.3725490196  7.645663E-19
8565.88235294117  1.691285E-18
8570.39215686273  2.009104E-18
8574.9019607843  3.600603E-18
8579.41176470587  3.712746E-18
8583.92156862744  5.479348E-18
8588.43137254901  5.841820E-18
8592.94117647058  4.167320E-18
8597.45098039215  3.237859E-18
8601.96078431372  2.128099E-18
8606.47058823529  -2.307017E-18
8610.98039215685  -5.228407E-18
8615.49019607842  -2.075104E-18
8619.99999999999  1.381488E-18
8624.50980392156  4.880777E-18
8629.01960784313  8.234559E-18
8633.52941176469  -1.225021E-19
8638.03921568627  1.159530E-18
8642.54901960783  3.355252E-18
8647.0588235294  -7.404595E-18
8651.56862745097  -6.459090E-18
8656.07843137254  -2.991823E-18
8660.58823529411  1.290384E-18
8665.09803921568  4.333170E-18
8669.60784313724  3.948882E-18
8674.11764705881  2.037206E-18
8678.62745098038  3.114571E-18
8683.13725490195  3.351052E-18
8687.64705882352  1.337392E-18
8692.15686274509  -9.681086E-19
8696.66666666666  3.935392E-18
8701.17647058823  2.297484E-18
8705.68627450979  3.794463E-18
8710.19607843136  2.702818E-18
8714.70588235293  1.736417E-18
8719.2156862745  5.526591E-18
8723.72549019607  3.797830E-18
8728.23529411764  1.264790E-18
8732.74509803921  1.585744E-18
8737.25490196077  6.683529E-19
8741.76470588234  1.015338E-18
8746.27450980391  5.953189E-18
8750.78431372548  2.622748E-18
8755.29411764705  -3.408565E-18
8759.80392156862  -5.045319E-18
8764.31372549019  -4.637565E-18
8768.82352941176  -6.584935E-18
8773.33333333332  2.531147E-18
8777.84313725489  9.751677E-18
8782.35294117646  3.233292E-18
8786.86274509803  5.897126E-18
8791.3725490196  -3.772557E-20
8795.88235294117  -1.684819E-18
8800.39215686273  1.716782E-19
8804.9019607843  4.193003E-18
8809.41176470587  4.300008E-18
8813.92156862744  3.669344E-18
8818.43137254901  2.854030E-18
8822.94117647058  1.482829E-17
8827.45098039215  2.881426E-17
8831.96078431372  1.818196E-18
8836.47058823528  -6.679546E-19
8840.98039215685  5.979655E-18
8845.49019607842  1.876335E-18
8849.99999999999  1.912106E-18
8854.50980392156  1.404690E-17
8859.01960784313  2.269022E-17
8863.5294117647  1.568888E-17
8868.03921568626  8.813024E-18
8872.54901960783  -1.732642E-17
8877.0588235294  -4.231074E-17
8881.56862745097  -2.846309E-17
8886.07843137254  -1.927932E-17
8890.58823529411  2.047297E-18
8895.09803921568  2.848859E-17
8899.60784313724  1.662280E-17
8904.11764705881  -6.501698E-18
8908.62745098038  -2.926743E-17
8913.13725490195  -5.024400E-17
8917.64705882352  -3.335122E-17
8922.15686274509  -3.585386E-18
8926.66666666666  9.605421E-18
8931.17647058822  1.066173E-17
8935.68627450979  8.131653E-18
8940.19607843136  1.232478E-17
8944.70588235293  2.006717E-17
8949.2156862745  7.927156E-18
8953.72549019607  -9.353644E-18
8958.23529411764  -1.580123E-18
8962.74509803921  4.739166E-18
8967.25490196077  9.003968E-18
8971.76470588234  6.454468E-18
8976.27450980391  1.623097E-17
8980.78431372548  1.710716E-17
8985.29411764705  9.571307E-18
8989.80392156862  3.238909E-18
8994.31372549019  -2.038551E-17
8998.82352941176  -2.085321E-17
9003.33333333332  -3.085811E-18
9007.84313725489  1.790926E-18
9012.35294117646  4.513267E-18
9016.86274509803  8.316677E-18
9021.3725490196  7.563779E-18
9025.88235294117  4.734276E-18
9030.39215686273  -3.577665E-18
9034.9019607843  -1.897277E-17
9039.41176470587  -2.024235E-17
9043.92156862744  -5.412835E-18
9048.43137254901  -1.041327E-18
9052.94117647058  1.328419E-17
9057.45098039215  1.887320E-17
9061.96078431372  2.310438E-18
9066.47058823528  -6.826294E-18
9070.98039215685  -1.264618E-18
9075.49019607842  3.700170E-18
9079.99999999999  -2.777872E-19
9084.50980392156  2.967289E-18
9089.01960784313  9.974143E-18
9093.5294117647  9.450268E-18
9098.03921568626  9.114629E-18
9102.54901960783  3.236207E-18
9107.0588235294  -8.524823E-19
9111.56862745097  3.105773E-18
9116.07843137254  7.343518E-18
9120.58823529411  1.128496E-17
9125.09803921568  1.150257E-17
9129.60784313724  9.998842E-18
9134.11764705881  6.294754E-18
9138.62745098038  4.553817E-18
9143.13725490195  -1.581436E-18
9147.64705882352  -4.765603E-18
9152.15686274509  -4.062782E-18
9156.66666666666  6.309328E-18
9161.17647058822  7.400796E-18
9165.68627450979  9.488804E-18
9170.19607843136  4.395929E-17
9174.70588235293  4.368916E-17
9179.2156862745  1.407163E-17
9183.72549019607  8.216140E-18
9188.23529411764  2.337609E-18
9192.7450980392  -3.500240E-18
9197.25490196077  -3.274157E-18
9201.76470588234  -1.479431E-18
9206.27450980391  -2.362047E-18
9210.78431372548  6.901128E-19
9215.29411764705  1.676397E-18
9219.80392156862  5.755901E-18
9224.31372549019  4.210601E-19
9228.82352941175  -7.167614E-19
9233.33333333332  -4.661968E-18
9237.84313725489  8.913837E-19
9242.35294117646  3.504618E-18
9246.86274509803  4.015758E-18
9251.3725490196  2.629846E-18
9255.88235294116  5.598167E-18
9260.39215686273  4.233538E-18
9264.9019607843  2.413470E-18
9269.41176470587  1.138982E-18
9273.92156862744  -5.047912E-19
9278.43137254901  -6.675636E-18
9282.94117647058  -1.027960E-17
9287.45098039215  -6.328218E-18
9291.96078431371  -6.272023E-18
9296.47058823528  1.158973E-18
9300.98039215685  3.123239E-17
9305.49019607842  4.031201E-17
9309.99999999999  2.015626E-17
9314.50980392156  -3.607517E-18
9319.01960784313  -2.694812E-17
9323.5294117647  -3.409285E-17
9328.03921568626  -5.236471E-17
9332.54901960783  -2.817367E-17
9337.0588235294  7.689014E-18
9341.56862745097  8.470510E-18
9346.07843137254  1.591562E-17
9350.58823529411  1.746673E-17
9355.09803921567  1.927153E-17
9359.60784313724  8.274972E-17
9364.11764705881  1.328668E-16
9368.62745098038  5.714160E-17
9373.13725490195  4.415259E-18
9377.64705882352  5.355213E-17
9382.15686274509  6.427653E-17
9386.66666666665  1.792716E-17
9391.17647058822  2.069536E-18
9395.68627450979  3.338681E-18
9400.19607843136  1.973355E-18
9404.70588235293  2.153645E-17
9409.2156862745  3.397117E-17
9413.72549019607  1.384750E-17
9418.23529411764  -1.334628E-17
9422.7450980392  -2.390002E-17
9427.25490196077  -4.108867E-17
9431.76470588234  -1.295445E-17
9436.27450980391  1.598640E-17
9440.78431372548  2.129883E-17
9445.29411764705  3.239970E-17
9449.80392156861  3.464084E-17
9454.31372549018  2.925458E-18
9458.82352941175  -2.161608E-17
9463.33333333332  -3.240623E-17
9467.84313725489  -3.724722E-17
9472.35294117646  -9.502107E-18
9476.86274509803  1.839528E-17
9481.37254901959  3.249502E-17
9485.88235294116  3.264676E-17
9490.39215686273  2.325358E-17
9494.9019607843  8.988185E-18
9499.41176470587  -7.449383E-18
9503.92156862744  -1.336023E-17
9508.43137254901  -1.455404E-17
9512.94117647058  -1.558374E-17
9517.45098039214  -2.550648E-18
9521.96078431371  3.121295E-18
9526.47058823528  2.717447E-18
9530.98039215685  1.006783E-17
9535.49019607842  1.058538E-17
9539.99999999999  5.419881E-18
9544.50980392156  3.893048E-18
9549.01960784312  1.222653E-17
9553.52941176469  1.222139E-17
9558.03921568626  -7.684807E-18
9562.54901960783  -3.662770E-18
9567.0588235294  1.942786E-17
9571.56862745097  1.632424E-17
9576.07843137254  5.578733E-18
9580.58823529411  9.059148E-18
9585.09803921567  1.152474E-17
9589.60784313724  5.983504E-18
9594.11764705881  -2.016992E-19
9598.62745098038  1.020223E-18
9603.13725490195  -1.907957E-18
9607.64705882352  1.498277E-18
9612.15686274509  -2.252867E-18
9616.66666666666  -4.588865E-19
9621.17647058822  7.984063E-18
9625.68627450979  1.249582E-17
9630.19607843136  1.390496E-17
9634.70588235293  1.398729E-17
9639.2156862745  7.292324E-18
9643.72549019607  6.018934E-19
9648.23529411764  -2.253164E-18
9652.7450980392  -2.824385E-18
9657.25490196077  2.130796E-19
9661.76470588234  1.951694E-18
9666.27450980391  1.669115E-18
9670.78431372548  -6.417148E-18
9675.29411764705  -1.341639E-17
9679.80392156862  -2.350731E-18
9684.31372549019  2.225408E-18
9688.82352941175  -2.413191E-18
9693.33333333332  -9.720285E-19
9697.84313725489  4.923493E-18
9702.35294117646  8.804566E-18
9706.86274509803  1.436391E-17
9711.3725490196  1.031292E-17
9715.88235294117  1.362155E-17
9720.39215686273  9.195745E-18
9724.9019607843  -1.308203E-17
9729.41176470587  -1.554023E-17
9733.92156862744  -6.516443E-19
9738.43137254901  2.948197E-19
9742.94117647058  5.811295E-19
9747.45098039215  3.156421E-19
9751.96078431371  -3.983533E-18
9756.47058823528  -5.524649E-18
9760.98039215685  -7.016268E-18
9765.49019607842  -4.735532E-18
9769.99999999999  -4.496585E-18
9774.50980392156  -7.622750E-18
9779.01960784313  -1.525961E-17
9783.52941176469  -9.398621E-18
9788.03921568626  -6.070157E-18
9792.54901960783  -1.394087E-18
9797.0588235294  -8.584207E-18
9801.56862745097  -1.521579E-18
9806.07843137254  4.853695E-18
9810.58823529411  -1.400261E-19
9815.09803921568  -9.957012E-20
9819.60784313724  -2.375811E-18
9824.11764705881  -1.619759E-18
9828.62745098038  7.238113E-19
9833.13725490195  -2.633877E-18
9837.64705882352  4.813740E-19
9842.15686274509  5.566763E-18
9846.66666666665  -1.898387E-18
9851.17647058822  -4.135506E-18
9855.68627450979  1.517843E-18
9860.19607843136  8.621601E-18
9864.70588235293  1.788194E-18
9869.2156862745  -1.567438E-17
9873.72549019607  -1.600119E-17
9878.23529411763  -4.725647E-18
9882.7450980392  -1.886121E-18
9887.25490196077  5.987668E-18
9891.76470588234  5.993137E-18
9896.27450980391  2.807551E-19
9900.78431372548  -9.948781E-18
9905.29411764705  -6.357096E-18
9909.80392156862  -2.444056E-18
9914.31372549018  -5.386228E-18
9918.82352941175  3.005644E-20
9923.33333333332  1.592689E-18
9927.84313725489  -6.302334E-18
9932.35294117646  -6.946128E-18
9936.86274509803  6.603999E-18
9941.37254901959  1.129710E-17
9945.88235294117  -1.383046E-18
9950.39215686273  -4.046298E-18
9954.9019607843  5.883262E-18
9959.41176470587  6.445070E-18
9963.92156862744  -7.611645E-18
9968.43137254901  -7.635658E-18
9972.94117647058  -1.453110E-18
9977.45098039214  -2.507197E-18
9981.96078431371  -1.205203E-18
9986.47058823528  -2.964744E-18
9990.98039215685  -6.054954E-18
9995.49019607842  -5.109253E-18
9999.99999999999  -4.362237E-19
