3857.0041040391  5.973473E-17
3860.07045577249  4.251675E-17
3863.13680750587  1.467203E-16
3866.20315923926  2.214177E-17
3869.26951097264  3.693055E-17
3872.33586270603  4.921407E-17
3875.40221443941  1.151576E-16
3878.4685661728  1.299898E-16
3881.53491790618  4.839140E-17
3884.60126963957  7.284522E-17
3887.66762137295  3.354391E-17
3890.73397310633  -9.090715E-18
3893.80032483972  1.880646E-17
3896.8666765731  1.188919E-16
3899.93302830649  1.656239E-16
3902.99938003987  1.584184E-16
3906.06573177326  1.137238E-16
3909.13208350664  1.051186E-16
3912.19843524003  1.171551E-16
3915.26478697341  1.023391E-16
3918.3311387068  8.764067E-17
3921.39749044018  1.124257E-16
3924.46384217357  9.359775E-17
3927.53019390695  1.277265E-16
3930.59654564033  6.009460E-17
3933.66289737372  1.781223E-17
3936.7292491071  -2.734742E-18
3939.79560084049  -4.505835E-18
3942.86195257387  3.214408E-17
3945.92830430726  6.291647E-17
3948.99465604064  1.278888E-16
3952.06100777403  7.571358E-17
3955.12735950741  5.710924E-18
3958.1937112408  5.778826E-17
3961.26006297418  9.470728E-17
3964.32641470757  1.556286E-16
3967.39276644095  7.483124E-17
3970.45911817433  3.801277E-17
3973.52546990772  1.039670E-16
3976.5918216411  1.461656E-16
3979.65817337449  1.501702E-16
3982.72452510787  -1.045036E-17
3985.79087684126  8.991635E-17
3988.85722857464  1.652630E-16
3991.92358030803  8.211182E-17
3994.98993204141  1.351973E-16
3998.0562837748  2.012108E-16
4001.12263550818  1.782576E-16
4004.18898724156  7.518184E-17
4007.25533897495  9.778050E-17
4010.32169070833  1.634397E-16
4013.38804244172  1.379975E-16
4016.4543941751  1.126963E-16
4019.52074590849  1.382668E-16
4022.58709764187  1.081811E-16
4025.65344937526  4.146820E-17
4028.71980110864  1.831637E-16
4031.78615284203  2.134956E-16
4034.85250457541  1.486865E-16
4037.9188563088  1.306117E-16
4040.98520804218  1.947465E-16
4044.05155977557  1.902387E-16
4047.11791150895  1.129392E-16
4050.18426324233  5.379921E-17
4053.25061497572  -2.550305E-17
4056.3169667091  1.456277E-16
4059.38331844249  1.019308E-16
4062.44967017587  1.907251E-16
4065.51602190926  1.860274E-16
4068.58237364264  1.001151E-16
4071.64872537603  1.426733E-16
4074.71507710941  1.229370E-16
4077.7814288428  6.043537E-17
4080.84778057618  1.065487E-16
4083.91413230957  7.268346E-17
4086.98048404295  6.857476E-17
4090.04683577633  1.602565E-16
4093.11318750972  2.447904E-16
4096.1795392431  1.199007E-16
4099.24589097649  1.564887E-16
4102.31224270987  7.523255E-17
4105.37859444326  4.599077E-17
4108.44494617664  2.944101E-17
4111.51129791003  4.930954E-17
4114.57764964341  1.076908E-16
4117.6440013768  5.334850E-17
4120.71035311018  -1.401021E-17
4123.77670484356  7.748466E-17
4126.84305657695  1.791604E-16
4129.90940831033  2.501016E-16
4132.97576004372  1.139692E-16
4136.0421117771  6.335108E-17
4139.10846351049  1.851936E-16
4142.17481524387  1.318843E-16
4145.24116697726  9.575598E-17
4148.30751871064  7.887405E-17
4151.37387044403  1.374587E-16
4154.44022217741  1.622407E-16
4157.5065739108  1.210924E-16
4160.57292564418  1.351926E-16
4163.63927737756  6.145198E-17
4166.70562911095  -1.055292E-17
4169.77198084433  4.574045E-17
4172.83833257772  5.135813E-17
4175.9046843111  1.309279E-16
4178.97103604449  1.963678E-16
4182.03738777787  1.127793E-17
4185.10373951126  6.089376E-18
4188.17009124464  6.882804E-17
4191.23644297803  6.948701E-17
4194.30279471141  7.594472E-18
4197.36914644479  1.420579E-16
4200.43549817818  1.498196E-16
4203.50184991156  1.395708E-16
4206.56820164495  1.659861E-16
4209.63455337833  1.826267E-16
4212.70090511172  2.177297E-16
4215.7672568451  1.824162E-16
4218.83360857849  1.428045E-16
4221.89996031187  1.392414E-16
4224.96631204526  1.019086E-16
4228.03266377864  1.687668E-16
4231.09901551203  1.315663E-16
4234.16536724541  1.135507E-16
4237.23171897879  5.651420E-17
4240.29807071218  5.253298E-17
4243.36442244556  1.187736E-16
4246.43077417895  1.005991E-16
4249.49712591233  1.171303E-16
4252.56347764572  1.646213E-16
4255.6298293791  1.827979E-16
4258.69618111249  7.642263E-17
4261.76253284587  1.429696E-16
4264.82888457926  1.009924E-16
4267.89523631264  7.011603E-17
4270.96158804603  8.490302E-17
4274.02793977941  9.126253E-17
4277.0942915128  2.826710E-17
4280.16064324618  1.164924E-16
4283.22699497956  1.737298E-16
4286.29334671295  9.589954E-17
4289.35969844633  3.728914E-17
4292.42605017972  2.030689E-17
4295.4924019131  1.325805E-16
4298.55875364649  8.378448E-17
4301.62510537987  -6.919719E-19
4304.69145711326  7.884962E-17
4307.75780884664  7.751470E-17
4310.82416058003  6.934559E-17
4313.89051231341  8.603967E-17
4316.9568640468  8.453066E-17
4320.02321578018  7.200395E-17
4323.08956751356  1.147181E-16
4326.15591924695  1.396973E-16
4329.22227098033  4.383249E-17
4332.28862271372  4.282312E-17
4335.3549744471  9.852900E-17
4338.42132618049  1.358559E-16
4341.48767791387  5.810049E-17
4344.55402964726  6.291294E-17
4347.62038138064  1.584366E-16
4350.68673311403  1.426740E-16
4353.75308484741  9.994819E-17
4356.81943658079  1.245422E-16
4359.88578831418  1.386043E-16
4362.95214004756  1.056350E-16
4366.01849178095  1.592738E-16
4369.08484351433  2.079997E-16
4372.15119524772  1.531248E-16
4375.2175469811  1.156040E-16
4378.28389871449  1.734262E-16
4381.35025044787  1.800217E-16
4384.41660218126  1.500705E-16
4387.48295391464  8.769937E-17
4390.54930564802  1.543885E-16
4393.61565738141  1.884654E-16
4396.68200911479  1.433895E-16
4399.74836084818  1.156789E-16
4402.81471258156  1.111538E-16
4405.88106431495  1.537782E-16
4408.94741604833  1.624031E-16
4412.01376778172  1.107913E-16
4415.0801195151  8.833922E-17
4418.14647124849  1.334372E-16
4421.21282298187  1.332849E-16
4424.27917471526  6.216622E-17
4427.34552644864  7.538638E-17
4430.41187818202  1.404473E-16
4433.47822991541  9.408761E-17
4436.54458164879  9.384344E-17
4439.61093338218  1.071769E-16
4442.67728511556  1.140660E-16
4445.74363684895  1.682024E-16
4448.80998858233  1.428735E-16
4451.87634031572  1.023898E-16
4454.9426920491  8.485965E-17
4458.00904378249  1.209474E-16
4461.07539551587  1.395984E-16
4464.14174724926  2.466472E-16
4467.20809898264  2.445720E-16
4470.27445071603  1.598077E-16
4473.34080244941  1.522309E-16
4476.40715418279  1.566264E-16
4479.47350591618  1.567482E-16
4482.53985764956  1.398766E-16
4485.60620938295  1.263423E-16
4488.67256111633  1.161469E-16
4491.73891284972  9.721161E-17
4494.8052645831  1.678164E-16
4497.87161631649  1.332352E-16
4500.93796804987  9.741331E-17
4504.00431978326  1.582296E-16
4507.07067151664  1.193956E-16
4510.13702325003  1.050197E-16
4513.20337498341  8.677549E-17
4516.26972671679  1.213730E-16
4519.33607845018  1.448226E-16
4522.40243018356  7.523288E-17
4525.46878191695  7.647277E-17
4528.53513365033  1.205764E-16
4531.60148538372  1.003673E-16
4534.6678371171  8.591830E-17
4537.73418885049  4.767472E-17
4540.80054058387  1.563096E-16
4543.86689231726  1.425602E-16
4546.93324405064  8.769623E-17
4549.99959578402  8.595262E-17
4553.06594751741  1.223762E-16
4556.13229925079  1.257308E-16
4559.19865098418  1.130420E-16
4562.26500271756  7.232089E-17
4565.33135445095  8.088553E-17
4568.39770618433  1.199603E-16
4571.46405791772  1.062744E-16
4574.5304096511  1.356929E-16
4577.59676138449  1.692971E-16
4580.66311311787  1.453617E-16
4583.72946485125  1.392642E-16
4586.79581658464  1.476127E-16
4589.86216831802  1.531763E-16
4592.92852005141  1.003789E-16
4595.99487178479  1.220924E-16
4599.06122351818  1.252037E-16
4602.12757525156  1.949831E-16
4605.19392698495  1.823985E-16
4608.26027871833  1.175323E-16
4611.32663045172  8.868144E-17
4614.3929821851  1.363300E-16
4617.45933391848  7.538674E-17
4620.52568565187  9.857856E-17
4623.59203738525  1.316843E-16
4626.65838911864  1.161439E-16
4629.72474085202  1.000908E-16
4632.79109258541  1.220574E-16
4635.85744431879  1.308840E-16
4638.92379605218  8.410706E-17
4641.99014778556  1.143746E-16
4645.05649951895  1.203179E-16
4648.12285125233  1.287479E-16
4651.18920298572  1.339854E-16
4654.2555547191  1.726923E-16
4657.32190645249  1.413356E-16
4660.38825818587  1.644473E-16
4663.45460991925  1.494678E-16
4666.52096165264  1.022690E-16
4669.58731338602  1.150622E-16
4672.65366511941  6.931501E-17
4675.72001685279  1.044791E-16
4678.78636858618  9.635180E-17
4681.85272031956  1.113243E-16
4684.91907205295  1.673380E-16
4687.98542378633  1.326535E-16
4691.05177551972  7.483612E-17
4694.1181272531  1.139450E-16
4697.18447898649  1.378225E-16
4700.25083071987  1.284369E-16
4703.31718245325  1.054162E-16
4706.38353418664  1.209661E-16
4709.44988592002  1.430830E-16
4712.51623765341  1.317861E-16
4715.58258938679  1.001842E-16
4718.64894112018  6.624496E-17
4721.71529285356  1.503677E-16
4724.78164458695  1.408824E-16
4727.84799632033  1.077493E-16
4730.91434805372  1.116006E-16
4733.9806997871  1.011941E-16
4737.04705152049  1.178240E-16
4740.11340325387  1.365421E-16
4743.17975498726  1.323395E-16
4746.24610672064  1.147548E-16
4749.31245845402  1.017039E-16
4752.37881018741  1.225391E-16
4755.44516192079  1.517669E-16
4758.51151365418  1.614856E-16
4761.57786538756  1.432471E-16
4764.64421712095  1.209834E-16
4767.71056885433  1.311543E-16
4770.77692058772  1.594323E-16
4773.8432723211  1.652533E-16
4776.90962405449  1.557432E-16
4779.97597578787  1.445148E-16
4783.04232752125  1.327353E-16
4786.10867925464  1.143579E-16
4789.17503098802  1.455773E-16
4792.24138272141  1.364088E-16
4795.30773445479  1.259098E-16
4798.37408618818  1.234570E-16
4801.44043792156  1.280725E-16
4804.50678965495  1.469566E-16
4807.57314138833  1.127686E-16
4810.63949312172  1.559477E-16
4813.7058448551  1.289012E-16
4816.77219658849  9.832177E-17
4819.83854832187  1.519185E-16
4822.90490005525  1.403858E-16
4825.97125178864  1.053863E-16
4829.03760352202  1.218599E-16
4832.10395525541  1.158365E-16
4835.17030698879  1.523336E-16
4838.23665872218  1.351542E-16
4841.30301045556  1.427791E-16
4844.36936218895  1.646946E-16
4847.43571392233  1.495701E-16
4850.50206565572  1.111965E-16
4853.5684173891  1.249016E-16
4856.63476912249  1.285653E-16
4859.70112085587  1.021352E-16
4862.76747258925  1.089868E-16
4865.83382432264  1.600338E-16
4868.90017605602  1.402315E-16
4871.96652778941  1.214196E-16
4875.03287952279  1.274266E-16
4878.09923125618  1.106144E-16
4881.16558298956  9.009770E-17
4884.23193472295  1.353538E-16
4887.29828645633  1.328233E-16
4890.36463818972  1.310604E-16
4893.4309899231  1.748756E-16
4896.49734165649  1.686088E-16
4899.56369338987  1.442214E-16
4902.63004512326  1.704631E-16
4905.69639685664  1.672507E-16
4908.76274859002  1.376931E-16
4911.82910032341  1.642526E-16
4914.89545205679  1.478788E-16
4917.96180379018  1.473817E-16
4921.02815552356  1.481809E-16
4924.09450725695  1.396181E-16
4927.16085899033  1.818860E-16
4930.22721072372  1.970168E-16
4933.2935624571  1.680395E-16
4936.35991419049  1.399968E-16
4939.42626592387  1.679662E-16
4942.49261765726  1.638277E-16
4945.55896939064  1.612960E-16
4948.62532112402  1.588839E-16
4951.69167285741  1.431865E-16
4954.75802459079  1.433607E-16
4957.82437632418  1.301286E-16
4960.89072805756  1.498713E-16
4963.95707979095  1.392361E-16
4967.02343152433  1.569593E-16
4970.08978325771  1.667662E-16
4973.1561349911  1.326780E-16
4976.22248672448  1.635208E-16
4979.28883845787  1.752628E-16
4982.35519019126  1.795719E-16
4985.42154192464  1.696691E-16
4988.48789365802  1.533515E-16
4991.55424539141  1.883928E-16
4994.62059712479  2.049670E-16
4997.68694885818  1.828535E-16
5000.75330059156  1.632182E-16
5003.81965232495  1.886836E-16
5006.88600405833  1.800585E-16
5009.95235579172  1.611237E-16
5013.0187075251  1.591160E-16
5016.08505925849  1.778459E-16
5019.15141099187  2.005010E-16
5022.21776272525  1.601965E-16
5025.28411445864  1.457566E-16
5028.35046619202  1.604287E-16
5031.41681792541  1.866797E-16
5034.48316965879  1.847349E-16
5037.54952139218  1.744397E-16
5040.61587312556  1.896834E-16
5043.68222485895  2.066916E-16
5046.74857659233  2.134198E-16
5049.81492832571  1.917765E-16
5052.8812800591  1.941176E-16
5055.94763179249  2.073993E-16
5059.01398352587  1.792279E-16
5062.08033525925  1.897436E-16
5065.14668699264  1.922369E-16
5068.21303872602  1.781914E-16
5071.27939045941  1.677717E-16
5074.34574219279  1.643510E-16
5077.41209392618  1.715292E-16
5080.47844565956  1.681489E-16
5083.54479739295  1.467537E-16
5086.61114912633  1.507837E-16
5089.67750085972  1.756271E-16
5092.7438525931  1.689139E-16
5095.81020432649  1.572498E-16
5098.87655605987  1.478580E-16
5101.94290779325  1.595589E-16
5105.00925952664  1.472101E-16
5108.07561126002  1.675374E-16
5111.14196299341  1.930620E-16
5114.20831472679  1.615276E-16
5117.27466646018  1.693229E-16
5120.34101819356  1.699945E-16
5123.40736992695  1.803697E-16
5126.47372166033  1.775968E-16
5129.54007339371  1.625445E-16
5132.6064251271  1.631436E-16
5135.67277686048  1.780846E-16
5138.73912859387  1.668557E-16
5141.80548032725  1.610967E-16
5144.87183206064  1.703646E-16
5147.93818379402  1.349537E-16
5151.00453552741  1.582734E-16
5154.07088726079  1.949984E-16
5157.13723899418  1.879235E-16
5160.20359072756  1.864331E-16
5163.26994246094  1.707200E-16
5166.33629419433  1.730390E-16
5169.40264592772  1.925773E-16
5172.4689976611  1.760883E-16
5175.53534939449  1.795164E-16
5178.60170112787  1.697910E-16
5181.66805286125  1.431650E-16
5184.73440459464  1.655688E-16
5187.80075632802  1.503856E-16
5190.86710806141  1.705861E-16
5193.93345979479  2.010236E-16
5196.99981152818  2.042976E-16
5200.06616326156  1.770016E-16
5203.13251499495  1.749233E-16
5206.19886672833  1.780678E-16
5209.26521846172  1.891131E-16
5212.3315701951  1.856094E-16
5215.39792192848  1.658696E-16
5218.46427366187  1.381571E-16
5221.53062539525  1.576697E-16
5224.59697712864  2.126668E-16
5227.66332886202  1.781913E-16
5230.72968059541  1.634020E-16
5233.79603232879  1.453634E-16
5236.86238406218  1.729453E-16
5239.92873579556  1.820831E-16
5242.99508752895  1.627907E-16
5246.06143926233  1.617980E-16
5249.12779099572  1.663054E-16
5252.1941427291  1.707876E-16
5255.26049446248  1.725835E-16
5258.32684619587  1.829371E-16
5261.39319792925  1.949128E-16
5264.45954966264  1.932377E-16
5267.52590139602  1.867116E-16
5270.59225312941  1.820373E-16
5273.65860486279  1.636856E-16
5276.72495659618  1.789666E-16
5279.79130832956  1.766559E-16
5282.85766006295  1.856024E-16
5285.92401179633  1.944464E-16
5288.99036352972  1.755045E-16
5292.0567152631  1.539654E-16
5295.12306699648  1.540985E-16
5298.18941872987  1.765930E-16
5301.25577046325  1.856298E-16
5304.32212219664  1.841679E-16
5307.38847393002  1.481444E-16
5310.45482566341  1.547477E-16
5313.52117739679  1.442695E-16
5316.58752913018  1.488786E-16
5319.65388086356  1.404941E-16
5322.72023259695  1.518126E-16
5325.78658433033  1.346096E-16
5328.85293606371  1.541303E-16
5331.9192877971  1.548242E-16
5334.98563953048  1.830288E-16
5338.05199126387  1.971801E-16
5341.11834299725  2.183795E-16
5344.18469473064  2.151529E-16
5347.25104646402  2.297924E-16
5350.31739819741  1.923379E-16
5353.38374993079  1.583147E-16
5356.45010166417  2.048348E-16
5359.51645339756  1.799798E-16
5362.58280513095  1.775850E-16
5365.64915686433  1.638492E-16
5368.71550859771  1.860045E-16
5371.7818603311  1.708640E-16
5374.84821206448  1.622685E-16
5377.91456379787  1.750052E-16
5380.98091553125  1.804443E-16
5384.04726726464  1.821484E-16
5387.11361899802  1.763781E-16
5390.17997073141  1.803974E-16
5393.24632246479  1.992948E-16
5396.31267419818  1.874072E-16
5399.37902593156  1.502885E-16
5402.44537766495  1.847741E-16
5405.51172939833  1.824153E-16
5408.57808113172  1.873878E-16
5411.6444328651  1.778431E-16
5414.71078459848  1.672988E-16
5417.77713633187  1.824022E-16
5420.84348806525  1.868160E-16
5423.90983979864  1.781587E-16
5426.97619153202  1.941767E-16
5430.04254326541  1.701954E-16
5433.10889499879  1.814219E-16
5436.17524673217  1.458873E-16
5439.24159846556  1.425128E-16
5442.30795019895  1.645549E-16
5445.37430193233  1.702937E-16
5448.44065366571  2.005532E-16
5451.5070053991  1.978668E-16
5454.57335713248  1.844218E-16
5457.63970886587  1.803434E-16
5460.70606059925  1.845618E-16
5463.77241233264  1.415539E-16
5466.83876406602  1.775701E-16
5469.90511579941  1.804455E-16
5472.97146753279  1.610262E-16
5476.03781926618  1.810598E-16
5479.10417099956  1.894204E-16
5482.17052273295  1.649072E-16
5485.23687446633  1.561941E-16
5488.30322619972  1.521445E-16
5491.3695779331  1.588094E-16
5494.43592966648  1.606316E-16
5497.50228139987  1.657382E-16
5500.56863313325  1.377774E-16
5503.63498486664  1.452441E-16
5506.70133660002  1.685622E-16
5509.76768833341  1.700280E-16
5512.83404006679  1.646201E-16
5515.90039180018  1.682497E-16
5518.96674353356  1.475002E-16
5522.03309526695  1.908406E-16
5525.09944700033  1.832615E-16
5528.16579873371  1.862502E-16
5531.2321504671  1.674034E-16
5534.29850220048  1.911052E-16
5537.36485393387  1.960371E-16
5540.43120566725  1.954383E-16
5543.49755740064  1.623442E-16
5546.56390913402  1.304378E-16
5549.63026086741  1.519365E-16
5552.69661260079  1.496202E-16
5555.76296433418  1.499835E-16
5558.82931606756  1.625358E-16
5561.89566780095  1.904756E-16
5564.96201953433  1.737073E-16
5568.02837126771  1.592471E-16
5571.0947230011  1.386802E-16
5574.16107473448  1.672507E-16
5577.22742646787  1.406340E-16
5580.29377820125  1.773622E-16
5583.36012993464  1.945921E-16
5586.42648166802  1.888151E-16
5589.49283340141  1.788761E-16
5592.55918513479  1.626794E-16
5595.62553686818  1.460444E-16
5598.69188860156  1.550496E-16
5601.75824033494  1.819312E-16
5604.82459206833  1.896324E-16
5607.89094380171  1.699899E-16
5610.9572955351  1.597424E-16
5614.02364726848  1.618869E-16
5617.08999900187  1.548886E-16
5620.15635073525  1.370895E-16
5623.22270246864  1.607931E-16
5626.28905420202  1.796875E-16
5629.35540593541  1.820230E-16
5632.42175766879  1.942944E-16
5635.48810940217  1.759867E-16
5638.55446113556  1.594863E-16
5641.62081286894  1.498903E-16
5644.68716460233  1.590186E-16
5647.75351633571  1.627591E-16
5650.8198680691  1.740143E-16
5653.88621980248  1.607715E-16
5656.95257153587  1.478356E-16
5660.01892326925  1.558190E-16
5663.08527500264  1.696677E-16
5666.15162673602  1.699396E-16
5669.21797846941  1.646919E-16
5672.28433020279  1.731159E-16
5675.35068193618  1.568177E-16
5678.41703366956  1.650113E-16
5681.48338540294  1.661107E-16
5684.54973713633  1.646991E-16
5687.61608886971  1.355047E-16
5690.6824406031  1.518885E-16
5693.74879233648  1.899997E-16
5696.81514406987  1.934673E-16
5699.88149580325  2.029200E-16
5702.94784753664  1.555163E-16
5706.01419927002  1.429084E-16
5709.08055100341  1.718591E-16
5712.14690273679  1.856554E-16
5715.21325447018  1.756717E-16
5718.27960620356  1.752734E-16
5721.34595793694  1.704232E-16
5724.41230967033  1.876479E-16
5727.47866140371  1.908675E-16
5730.5450131371  1.880600E-16
5733.61136487048  2.007239E-16
5736.67771660387  1.754573E-16
5739.74406833725  1.905315E-16
5742.81042007064  2.085101E-16
5745.87677180402  1.871890E-16
5748.94312353741  1.892844E-16
5752.00947527079  1.683507E-16
5755.07582700418  1.557759E-16
5758.14217873756  1.613245E-16
5761.20853047094  1.649251E-16
5764.27488220433  1.756968E-16
5767.34123393771  1.827976E-16
5770.4075856711  1.774980E-16
5773.47393740448  1.575356E-16
5776.54028913787  1.712221E-16
5779.60664087125  2.168182E-16
5782.67299260464  2.201257E-16
5785.73934433802  1.930298E-16
5788.80569607141  1.911328E-16
5791.87204780479  2.007651E-16
5794.93839953817  1.950813E-16
5798.00475127156  1.943152E-16
5801.07110300494  2.258328E-16
5804.13745473833  2.190336E-16
5807.20380647171  1.859106E-16
5810.2701582051  1.926352E-16
5813.33650993848  1.863808E-16
5816.40286167187  1.909324E-16
5819.46921340525  1.764684E-16
5822.53556513864  1.807426E-16
5825.60191687202  1.749942E-16
5828.6682686054  1.604102E-16
5831.73462033879  1.668390E-16
5834.80097207217  1.929091E-16
5837.86732380556  1.930717E-16
5840.93367553894  2.024722E-16
5844.00002727233  1.986318E-16
5847.06637900571  1.983770E-16
5850.1327307391  1.975046E-16
5853.19908247248  1.969982E-16
5856.26543420587  1.860984E-16
5859.33178593925  1.704191E-16
5862.39813767264  1.877726E-16
5865.46448940602  2.017987E-16
5868.53084113941  2.082063E-16
5871.59719287279  1.983707E-16
5874.66354460617  2.083059E-16
5877.72989633956  1.978206E-16
5880.79624807294  1.961614E-16
5883.86259980633  1.760994E-16
5886.92895153971  1.931394E-16
5889.9953032731  1.938555E-16
5893.06165500648  1.874772E-16
5896.12800673987  1.684724E-16
5899.19435847325  1.682298E-16
5902.26071020664  1.793193E-16
5905.32706194002  1.608892E-16
5908.3934136734  1.581751E-16
5911.45976540679  1.531278E-16
5914.52611714017  1.634352E-16
5917.59246887356  1.835433E-16
5920.65882060694  1.814646E-16
5923.72517234033  1.878288E-16
5926.79152407371  1.754297E-16
5929.8578758071  1.526409E-16
5932.92422754048  1.642821E-16
5935.99057927387  1.828496E-16
5939.05693100725  1.962127E-16
5942.12328274064  1.841330E-16
5945.18963447402  2.038065E-16
5948.25598620741  1.950449E-16
5951.32233794079  1.805815E-16
5954.38868967417  1.818612E-16
5957.45504140756  1.727737E-16
5960.52139314094  1.925413E-16
5963.58774487433  1.967433E-16
5966.65409660771  1.880754E-16
5969.7204483411  1.624078E-16
5972.78680007448  1.685155E-16
5975.85315180787  1.897246E-16
5978.91950354125  1.692789E-16
5981.98585527464  1.736761E-16
5985.05220700802  1.797292E-16
5988.1185587414  1.844361E-16
5991.18491047479  1.782009E-16
5994.25126220817  1.752350E-16
5997.31761394156  1.863331E-16
6000.38396567494  1.761881E-16
6003.45031740833  1.649446E-16
6006.51666914171  1.796067E-16
6009.5830208751  1.813863E-16
6012.64937260848  1.766064E-16
6015.71572434187  1.700266E-16
6018.78207607525  1.733406E-16
6021.84842780863  1.899311E-16
6024.91477954202  1.706526E-16
6027.9811312754  1.657577E-16
6031.04748300879  1.659613E-16
6034.11383474217  1.587514E-16
6037.18018647556  1.537157E-16
6040.24653820894  1.304428E-16
6043.31288994233  1.516066E-16
6046.37924167571  1.585614E-16
6049.4455934091  1.509091E-16
6052.51194514248  1.710862E-16
6055.57829687587  1.563922E-16
6058.64464860925  1.694526E-16
6061.71100034264  1.659086E-16
6064.77735207602  1.603726E-16
6067.8437038094  1.799539E-16
6070.91005554279  1.883039E-16
6073.97640727617  1.950085E-16
6077.04275900956  2.003163E-16
6080.10911074294  1.870807E-16
6083.17546247633  1.661043E-16
6086.24181420971  1.818202E-16
6089.3081659431  1.874303E-16
6092.37451767648  1.743449E-16
6095.44086940987  1.762102E-16
6098.50722114325  1.725076E-16
6101.57357287663  1.987389E-16
6104.63992461002  1.899614E-16
6107.7062763434  1.633216E-16
6110.77262807679  1.837030E-16
6113.83897981017  1.962663E-16
6116.90533154356  1.867191E-16
6119.97168327694  1.715526E-16
6123.03803501033  1.650960E-16
6126.10438674371  1.797163E-16
6129.1707384771  1.766392E-16
6132.23709021048  1.728051E-16
6135.30344194387  1.657321E-16
6138.36979367725  1.639780E-16
6141.43614541064  1.813171E-16
6144.50249714402  1.664456E-16
6147.5688488774  1.797271E-16
6150.63520061079  1.924505E-16
6153.70155234417  1.787338E-16
6156.76790407756  1.768283E-16
6159.83425581094  1.737406E-16
6162.90060754433  1.783722E-16
6165.96695927771  1.745714E-16
6169.0333110111  1.801295E-16
6172.09966274448  1.843822E-16
6175.16601447787  1.948865E-16
6178.23236621125  1.959736E-16
6181.29871794463  1.766871E-16
6184.36506967802  1.920223E-16
6187.4314214114  2.127026E-16
6190.49777314479  1.926042E-16
6193.56412487817  1.580857E-16
6196.63047661156  1.706666E-16
6199.69682834494  1.893010E-16
6202.76318007833  1.801402E-16
6205.82953181171  1.779688E-16
6208.8958835451  1.861793E-16
6211.96223527848  1.826156E-16
6215.02858701187  1.833335E-16
6218.09493874525  1.809855E-16
6221.16129047863  1.858144E-16
6224.22764221202  1.817626E-16
6227.2939939454  1.682113E-16
6230.36034567879  1.761576E-16
6233.42669741217  1.746224E-16
6236.49304914556  1.649383E-16
6239.55940087894  1.796639E-16
6242.62575261233  1.860268E-16
6245.69210434571  1.684732E-16
6248.7584560791  1.765032E-16
6251.82480781248  1.796180E-16
6254.89115954587  1.852316E-16
6257.95751127925  1.781757E-16
6261.02386301264  1.729319E-16
6264.09021474602  1.866639E-16
6267.1565664794  1.940901E-16
6270.22291821279  1.860946E-16
6273.28926994617  1.622566E-16
6276.35562167956  1.602617E-16
6279.42197341294  1.708957E-16
6282.48832514633  1.639439E-16
6285.55467687971  1.681398E-16
6288.6210286131  1.550217E-16
6291.68738034648  1.677805E-16
6294.75373207986  1.909322E-16
6297.82008381325  1.869056E-16
6300.88643554663  1.781167E-16
6303.95278728002  1.663803E-16
6307.0191390134  1.767777E-16
6310.08549074679  1.864802E-16
6313.15184248017  1.759881E-16
6316.21819421356  1.734039E-16
6319.28454594694  1.873357E-16
6322.35089768033  1.781269E-16
6325.41724941371  1.917293E-16
6328.4836011471  1.933555E-16
6331.54995288048  1.816085E-16
6334.61630461387  1.948110E-16
6337.68265634725  1.898137E-16
6340.74900808063  1.868288E-16
6343.81535981402  1.818358E-16
6346.8817115474  1.732939E-16
6349.94806328079  1.938420E-16
6353.01441501417  2.072643E-16
6356.08076674756  2.056213E-16
6359.14711848094  1.894805E-16
6362.21347021433  1.892596E-16
6365.27982194771  1.768096E-16
6368.3461736811  2.003986E-16
6371.41252541448  2.172243E-16
6374.47887714786  2.127958E-16
6377.54522888125  2.051009E-16
6380.61158061463  2.018852E-16
6383.67793234802  2.138412E-16
6386.7442840814  2.031974E-16
6389.81063581479  1.841582E-16
6392.87698754817  1.986402E-16
6395.94333928156  1.858949E-16
6399.00969101494  1.817196E-16
6402.07604274833  1.711855E-16
6405.14239448171  1.731013E-16
6408.2087462151  2.091942E-16
6411.27509794848  1.890525E-16
6414.34144968186  1.954785E-16
6417.40780141525  2.019892E-16
6420.47415314864  1.887985E-16
6423.54050488202  1.894851E-16
6426.6068566154  1.866840E-16
6429.67320834879  2.017234E-16
6432.73956008217  1.873060E-16
6435.80591181556  1.544338E-16
6438.87226354894  1.436985E-16
6441.93861528233  1.683462E-16
6445.00496701571  1.730249E-16
6448.0713187491  1.379346E-16
6451.13767048248  1.717127E-16
6454.20402221587  1.833820E-16
6457.27037394925  1.724607E-16
6460.33672568263  1.804373E-16
6463.40307741602  1.864450E-16
6466.4694291494  1.807813E-16
6469.53578088279  2.001117E-16
6472.60213261617  1.822809E-16
6475.66848434956  1.893478E-16
6478.73483608294  1.829196E-16
6481.80118781633  1.897552E-16
6484.86753954971  1.943830E-16
6487.93389128309  1.945453E-16
6491.00024301648  1.785669E-16
6494.06659474986  1.788268E-16
6497.13294648325  1.761138E-16
6500.19929821663  1.812651E-16
6503.26564995002  1.647223E-16
6506.3320016834  1.779015E-16
6509.39835341679  1.854484E-16
6512.46470515017  1.832017E-16
6515.53105688356  1.806603E-16
6518.59740861694  1.768106E-16
6521.66376035033  1.306008E-16
6524.73011208371  1.301254E-16
6527.7964638171  1.657259E-16
6530.86281555048  1.891156E-16
6533.92916728386  1.701917E-16
6536.99551901725  1.687164E-16
6540.06187075063  1.852914E-16
6543.12822248402  1.745958E-16
6546.1945742174  1.873179E-16
6549.26092595079  1.865893E-16
6552.32727768417  1.914284E-16
6555.39362941756  1.953940E-16
6558.45998115094  1.956883E-16
6561.52633288433  1.947703E-16
6564.59268461771  1.777481E-16
6567.65903635109  1.586118E-16
6570.72538808448  1.752862E-16
6573.79173981786  1.798286E-16
6576.85809155125  1.827221E-16
6579.92444328463  1.853874E-16
6582.99079501802  1.840099E-16
6586.0571467514  1.897891E-16
6589.12349848479  1.769391E-16
6592.18985021817  1.783096E-16
6595.25620195156  1.771800E-16
6598.32255368494  1.806419E-16
6601.38890541833  1.833946E-16
6604.45525715171  1.895039E-16
6607.52160888509  2.005745E-16
6610.58796061848  1.835627E-16
6613.65431235187  1.968818E-16
6616.72066408525  2.150706E-16
6619.78701581863  1.924007E-16
6622.85336755202  1.942021E-16
6625.9197192854  1.947043E-16
6628.98607101879  1.912463E-16
6632.05242275217  1.831081E-16
6635.11877448556  1.977338E-16
6638.18512621894  1.860340E-16
6641.25147795233  1.682883E-16
6644.31782968571  1.884330E-16
6647.3841814191  1.955224E-16
6650.45053315248  1.848102E-16
6653.51688488586  2.019540E-16
6656.58323661925  1.920226E-16
6659.64958835263  1.691468E-16
6662.71594008602  1.729341E-16
6665.7822918194  1.631134E-16
6668.84864355279  1.680889E-16
6671.91499528617  1.845527E-16
6674.98134701956  1.910578E-16
6678.04769875294  1.771717E-16
6681.11405048632  1.800544E-16
6684.18040221971  1.917245E-16
6687.24675395309  1.807147E-16
6690.31310568648  1.557676E-16
6693.37945741986  1.643843E-16
6696.44580915325  1.818581E-16
6699.51216088663  1.709081E-16
6702.57851262002  1.747424E-16
6705.6448643534  1.612751E-16
6708.71121608679  1.553373E-16
6711.77756782017  1.762537E-16
6714.84391955356  1.856554E-16
6717.91027128694  1.788775E-16
6720.97662302033  1.842377E-16
6724.04297475371  1.695483E-16
6727.10932648709  1.545194E-16
6730.17567822048  1.821156E-16
6733.24202995386  1.806387E-16
6736.30838168725  1.808525E-16
6739.37473342063  1.833395E-16
6742.44108515402  1.755440E-16
6745.5074368874  1.648011E-16
6748.57378862079  1.597816E-16
6751.64014035417  1.791240E-16
6754.70649208756  1.931195E-16
6757.77284382094  1.958191E-16
6760.83919555432  1.862914E-16
6763.90554728771  1.648090E-16
6766.97189902109  1.573951E-16
6770.03825075448  1.846396E-16
6773.10460248786  1.832081E-16
6776.17095422125  1.717951E-16
6779.23730595463  1.734016E-16
6782.30365768802  1.710870E-16
6785.3700094214  1.747340E-16
6788.43636115479  1.763370E-16
6791.50271288817  1.836680E-16
6794.56906462156  1.763975E-16
6797.63541635494  1.772606E-16
6800.70176808832  1.841689E-16
6803.76811982171  1.791437E-16
6806.8344715551  1.687350E-16
6809.90082328848  1.761855E-16
6812.96717502186  1.555416E-16
6816.03352675525  1.590250E-16
6819.09987848863  1.589424E-16
6822.16623022202  1.449916E-16
6825.2325819554  1.726257E-16
6828.29893368879  1.959293E-16
6831.36528542217  1.791246E-16
6834.43163715556  1.802522E-16
6837.49798888894  2.067339E-16
6840.56434062233  1.794860E-16
6843.63069235571  1.749553E-16
6846.69704408909  1.874497E-16
6849.76339582248  1.765875E-16
6852.82974755586  1.682980E-16
6855.89609928925  1.656036E-16
6858.96245102263  1.751502E-16
6862.02880275602  1.488956E-16
6865.0951544894  1.528550E-16
6868.16150622279  1.421983E-16
6871.22785795617  1.540457E-16
6874.29420968955  1.795918E-16
6877.36056142294  1.581131E-16
6880.42691315633  1.669494E-16
6883.49326488971  1.700417E-16
6886.55961662309  1.708180E-16
6889.62596835648  1.551955E-16
6892.69232008986  1.531708E-16
6895.75867182325  1.679433E-16
6898.82502355663  1.641331E-16
6901.89137529002  1.708195E-16
6904.9577270234  1.686450E-16
6908.02407875679  1.551784E-16
6911.09043049017  1.708805E-16
6914.15678222356  1.855601E-16
6917.22313395694  1.644706E-16
6920.28948569032  1.751955E-16
6923.35583742371  1.897233E-16
6926.42218915709  1.726242E-16
6929.48854089048  1.621109E-16
6932.55489262386  1.620523E-16
6935.62124435725  1.649939E-16
6938.68759609063  1.713327E-16
6941.75394782402  1.855263E-16
6944.8202995574  1.729495E-16
6947.88665129078  1.515891E-16
6950.95300302417  1.831835E-16
6954.01935475755  1.779787E-16
6957.08570649094  1.761420E-16
6960.15205822432  1.992300E-16
6963.21840995771  2.003780E-16
6966.28476169109  1.961387E-16
6969.35111342448  1.982187E-16
6972.41746515786  1.955282E-16
6975.48381689125  1.839205E-16
6978.55016862463  1.865773E-16
6981.61652035802  1.724109E-16
6984.6828720914  2.069791E-16
6987.74922382479  1.735858E-16
6990.81557555817  1.753955E-16
6993.88192729155  1.626933E-16
6996.94827902494  1.533826E-16
7000.01463075833  1.604894E-16
7003.08098249171  1.751591E-16
7006.14733422509  1.798558E-16
7009.21368595848  1.757931E-16
7012.28003769186  1.771017E-16
7015.34638942525  1.761574E-16
7018.41274115863  1.749501E-16
7021.47909289202  1.966132E-16
7024.5454446254  1.851358E-16
7027.61179635879  1.893357E-16
7030.67814809217  1.978293E-16
7033.74449982556  1.947685E-16
7036.81085155894  1.969931E-16
7039.87720329232  1.911752E-16
7042.94355502571  1.767711E-16
7046.00990675909  1.586458E-16
7049.07625849248  1.897626E-16
7052.14261022586  1.880233E-16
7055.20896195925  1.780928E-16
7058.27531369263  1.863670E-16
7061.34166542602  1.714646E-16
7064.4080171594  1.804003E-16
7067.47436889278  1.867826E-16
7070.54072062617  1.729609E-16
7073.60707235955  1.585283E-16
7076.67342409294  1.832606E-16
7079.73977582632  1.733533E-16
7082.80612755971  1.761161E-16
7085.87247929309  1.729848E-16
7088.93883102648  1.941750E-16
7092.00518275986  2.070267E-16
7095.07153449325  1.837953E-16
7098.13788622663  1.651412E-16
7101.20423796002  1.750801E-16
7104.2705896934  1.656501E-16
7107.33694142679  1.768569E-16
7110.40329316017  2.024095E-16
7113.46964489355  1.840668E-16
7116.53599662694  1.776130E-16
7119.60234836032  1.913224E-16
7122.66870009371  2.005121E-16
7125.73505182709  2.047597E-16
7128.80140356048  1.976489E-16
7131.86775529386  1.988343E-16
7134.93410702725  1.984023E-16
7138.00045876063  2.020289E-16
7141.06681049402  2.113057E-16
7144.1331622274  1.921280E-16
7147.19951396078  1.826022E-16
7150.26586569417  1.851987E-16
7153.33221742755  1.985057E-16
7156.39856916094  1.950607E-16
7159.46492089432  1.872470E-16
7162.53127262771  2.089877E-16
7165.59762436109  2.098443E-16
7168.66397609448  2.074918E-16
7171.73032782786  2.037513E-16
7174.79667956125  1.895786E-16
7177.86303129463  1.665909E-16
7180.92938302802  1.603756E-16
7183.9957347614  1.713956E-16
7187.06208649479  1.734682E-16
7190.12843822817  2.016981E-16
7193.19478996156  2.186980E-16
7196.26114169494  2.073806E-16
7199.32749342832  1.985608E-16
7202.39384516171  1.825909E-16
7205.46019689509  1.819382E-16
7208.52654862848  1.909331E-16
7211.59290036186  1.938628E-16
7214.65925209525  1.932534E-16
7217.72560382863  1.981565E-16
7220.79195556202  1.986618E-16
7223.8583072954  1.883942E-16
7226.92465902879  1.606406E-16
7229.99101076217  1.589284E-16
7233.05736249555  2.018503E-16
7236.12371422894  1.973079E-16
7239.19006596232  1.765822E-16
7242.25641769571  1.903768E-16
7245.32276942909  1.836920E-16
7248.38912116248  1.921572E-16
7251.45547289586  1.804573E-16
7254.52182462925  1.596012E-16
7257.58817636263  1.615933E-16
7260.65452809601  1.501411E-16
7263.7208798294  1.776259E-16
7266.78723156279  1.922104E-16
7269.85358329617  1.920612E-16
7272.91993502955  1.596549E-16
7275.98628676294  1.720054E-16
7279.05263849632  1.683699E-16
7282.11899022971  1.557717E-16
7285.18534196309  1.627378E-16
7288.25169369648  1.699713E-16
7291.31804542986  2.013962E-16
7294.38439716325  1.831367E-16
7297.45074889663  1.966534E-16
7300.51710063002  1.947628E-16
7303.5834523634  1.790646E-16
7306.64980409678  1.813471E-16
7309.71615583017  1.614390E-16
7312.78250756355  1.700708E-16
7315.84885929694  1.947056E-16
